57965255
209723455
-696753183
1636451721
-2098909064
-834571108
-831634526
793038974
-1081404247
1089618408
2034946635
1646463393
-669052275
-777535682
-505937734
576917688
-1975830661
15351463
1394879279
1681812012
605243634
-389765936
-996947734
-227598372
-1240320292
539437053
57405970
-1197106386
191229462
-1220376003
-605757479
951684199
-1726525648
18891487
1931594460
1194423100
-924562063
2047822628
-245511217
560045225
334395933
1338278453
1316201049
-1843615232
430997497
176741463
1960871484
1727853892
-707702002
901697884
1321232056
-1058052425
-476833619
-55853476
-1622918095
1948094385
1007684531
-972476763
-1610002417
1860050610
1833689358
1756184559
784506597
170918074
269250687
-1931962925
1259583700
-642399272
1759421857
-743731074
-1198603215
-2106847487
316734761
137083553
-1279424923
-676379869
1079054958
-1235377493
-717777131
-623797896
975569196
1283887930
-381279870
-1413197025
222863236
1408032462
-1078470607
1181470183
-1115237306
1084535487
-1131544882
1767871086
1685032307
-295525007
1498787404
-447434902
-1726407940
-1439927355
1317975889
427947590
-1515458096
-380395054
-424425775
-1640829712
-190309611
-1129516332
260944120
1018661105
-763636812
380824676
1152779853
-802420803
-194633701
-76490519
-171223276
-1770686388
67655741
1022819662
-971257613
-1182479896
-743051299
99612148
145810135
1740338248
2059534092
-520458518
1693561624
-60158754
-822194448
1441377115
1002353626
1611816301
-375918906
-2126344121
1966936502
-1600401443
1304007977
225584758
-88262502
-1790819502
253514132
-1147811928
-1870476563
1307876986
-231517660
-1300468975
-1225627914
-1017531610
-416824926
1225508099
67886718
1090995996
-1331297855
480980461
996000947
-270510550
-1077033565
1476494467
-1509329330
-1471356546
-743780191
-378372290
-1942159368
1280237621
1152671051
-1902436089
-1745189143
-1382210255
-533892947
-2116795090
-1671751726
-584692177
606117332
-339904864
653590525
1827344407
-1621754480
474056281
820778161
-62884714
1229610618
-810969833
-1397453606
2122308841
823849272
745178191
-487108375
1177804284
-943131393
-1331428764
244376825
-2010232397
-294836135
1644668438
1267880243
-471533178
2083193384
1666305336
968731762
2117611091
238024426
-1360711002
242101545
1788778863
369839677
1773498228
-965352316
-639606019
1953451173
-876881046
-1535539251
-1102331517
-1204505203
1861583024
-1108022255
283309753
-813307509
1520441029
2123962370
2058143140
-1683544856
-245942091
1499402271
105756132
723886686
353520267
1454948625
1772206153
714057251
521585155
1912319064
41091243
1836299558
1794754180
1270299430
1977886970
-662340456
369581132
1164106635
-51318381
-961860179
-1760260372
-1293005871
1523200725
-1784786525
153439991
578861097
-1459170316
-134784509
1957033718
1616481926
183294732
439054630
1250143134
-1903153976
-1045239175
2054704890
1366166340
-2070033123
1758183269
1899107845
-616570736
1936676004
-2007857759
-73171798
-1909207951
645064786
1976046776
401655467
-295363760
-219190247
1170106945
1483887343
527186311
-1422766010
-1928268427
-1056718460
-1091994860
-1929227990
-484603904
1024521702
-423089527
-661910276
-1722089445
1241151873
875500359
1625789437
1558708186
-755039628
1840446187
933517021
1971144130
-1167056233
330481159
1941641053
-405505378
1943298751
-1072954348
-937705675
-783447918
871976512
-372064601
285688119
480890736
723268274
94693347
2143545523
89508426
-1837590536
1725379630
-1942176995
1697577543
-302533507
5155623
704827373
960309946
481059265
-1465492521
-466500922
833839728
-746892013
-1015046106
-668556326
570299977
218603679
-858872945
202050188
870936841
1157087403
-774102761
975973974
1715717232
-349718243
835751035
-416273940
-116557945
295765824
1277958824
-440808287
1753810492
-1501991993
30563695
1479384586
-1030560207
-1924804335
75982456
-950994976
-808295216
585028014
-64510601
480664106
1775358626
1711842081
398652830
-1208459877
-1457680415
1885890791
-162099630
-1833506760
1886309963
-1454558280
644401952
2011203645
1692408888
930296076
948240114
-294905535
477564142
-2075406624
1707394685
482678680
1160745524
-88221767
-1401451011
-667990536
-1536500956
-1459827991
-1999618524
1493993822
174902341
-1320749808
-779336625
-414572750
-55548712
-464646939
-268015110
-555183703
-846420622
-502900682
-1956958346
-303821206
-852964406
1590992172
-1502896679
-1996946572
5765076
-606903341
736543796
-1776605634
1927384590
896289754
1901155339
-533509857
2101144345
-603293034
-1920593663
1645912815
-1222886262
-1820891828
-1616836653
219180271
1770754818
-154960977
-1410154361
-1152320795
304513403
1018197671
1421336548
1078178187
1849155045
1537953620
-282792924
1596423977
-440633616
-2134891951
-1038276376
628865664
1954206507
584221500
1172749931
568167402
401558862
-418839434
580755450
15746238
-1527963181
620951335
1095361955
-1301722887
-590724662
2103158660
1351978284
-1363251430
-520814867
-2089903788
-1654073786
-998245812
1244652786
-1736144721
-2139902462
-648703286
1335972896
1791570696
119397764
-936910722
-2035699419
31861870
-4263947
1651944428
-531874266
1310672142
2040136638
544581965
19132694
26297084
-668402958
680022527
-694232246
1308357682
1107672843
-1655214053
617608781
1888279768
-579367976
138494055
-1932498448
-1062206011
-1835698762
-695251345
1772527526
54570821
-61956354
954953453
-1707428082
-657724388
-1849962307
-398492559
2001022927
1211328715
-1759155542
-406734275
1973279915
924771089
-43786668
-72744591
1293841358
1804539316
1576020378
1160387687
2074955879
-842195840
-849542048
-117050272
138033530
-1407347568
1414051199
214857055
-71286285
-632357685
-1151155459
-1181987755
-335735299
-1834018127
-1457524354
-271195267
-1916843628
-462723241
980043513
320749833
-927826856
1763494064
-1706949459
784378878
2108253860
-1602282739
840944726
556219227
-1210899489
576278246
-583572324
514372481
-1974841839
1268981466
-960638772
1083987406
1799470777
-515792396
-296964151
1273529994
-1912862499
-1736163793
-1868032444
1329294598
-101187487
-1876967621
902518826
1785393666
-376577380
-1946315391
-361466530
-529809329
702411816
-2028895899
715988392
1243950005
-1297438727
-1194840374
1733001196
1147281942
-1278893136
331711706
2035570846
-1803711790
-1202178767
567389702
382399349
1886042221
-473625230
-784327604
-1139600290
765513839
1768576150
-1425273417
-153879629
293227915
1164471097
580539692
-2104821332
-1291321341
-1979519731
1757965154
-688962283
1416179786
-1065957211
-806548430
1009781057
-1229928470
1853456528
1307501584
-63905986
964273320
-1472009814
-1193668136
427304521
80378341
591657646
-1314553650
130412420
-1693719482
-993885938
-865771808
511799525
2010747799
-2101686522
-449301715
-40488078
1772203756
1239791342
-99591990
1899589802
-1651255543
-1160615985
-1689001534
-878488762
26438403
115932985
-1670830497
1682902817
-1258884314
774104147
837190823
1578108019
-384248295
-728022989
-243264471
-545693115
1549515840
-320919696
137777657
519633952
-1215871647
1859274996
-1846212360
-1931655416
-1668811639
998258198
-352191912
-1131826776
1625781808
1921488871
2072971870
-1566848050
-603937637
-1100880437
1220277610
855044377
-1555763583
794259788
814731572
919825135
-1407253519
-360195286
1345510999
1665744309
-581374606
1482442166
-1590333933
-878832326
1336537451
1295636575
1413013582
-215939981
678620101
1705011341
287047132
668339309
1358298062
357194669
-820235521
-857825666
700492896
-1533012340
-294556111
-1599369794
2077096514
170036712
688039712
1524114357
-1319641907
-1953117116
-1657974279
-1353364395
363214034
-974290693
-193314071
-2088301270
-408730181
-527766376
-1933654560
224771023
1021058288
-1719878044
-1395593577
2144839587
2081786747
-1436108993
-1964874540
-1718670659
-301689362
-104847949
570765548
-536586724
37977731
-1351250106
714230921
-169824989
1284164997
-1209328881
-1503528019
1990632515
1825045487
2049085835
1111634422
667277049
1914807378
-1902049872
-1038645213
1827154171
1603493371
2044558147
-119962154
-2125248851
919184980
-1077731738
-1453112421
1979529434
-444040054
-614014860
-1793218264
-1029046368
426611568
-1749447151
-233255962
-212637526
-276218462
553431676
1199452592
-1317301084
-1353222163
-1403921370
228457433
-568467477
-447433234
1478563464
1920286324
1543053956
-956279560
-1769165519
-592705586
1982430032
2061031739
133532702
-1980900289
-608757124
-1191421663
-1208692403
1248307746
153272126
-287720709
-1738251372
2120383009
-1269834563
939895005
1431937710
1017274293
-1598580144
-770679099
-7175018
-861573652
-657513749
1332197122
-234441705
1331082349
155121621
2015566035
-128744284
-1215985479
-97502562
625814861
1607651172
-1045323853
1842356816
1041858178
-509997679
-457131167
7933924
-2068683553
1772110850
-1287982860
-1175194121
-466753835
-1407282171
-1829319931
2000422845
687763132
1462273394
1341049889
207217462
1394506483
-390701572
-494004857
1166715550
1132768331
-903013942
-765839825
-918896343
1197463205
521460037
935093774
1084432111
-1183778855
-1637361613
1393340824
1179873317
-2032977703
301023748
-1876567674
132281229
652238102
-2032896148
888203993
-1650373585
2011317281
2060097841
-1027353826
533051977
-903323243
472738885
-1637976846
-280334461
723668789
348384023
84279496
1896084070
412015952
-239724507
-688482839
1046201615
719406445
-2091719211
-1134596164
671793951
-470523101
246171525
-1835130041
524741365
-1371662521
-1095057440
-1749962507
1885865503
-1489815219
-604307341
707161753
-1572215539
531544807
898461311
675810738
-1360387577
-986390030
789094672
-2106113552
1059757920
1091943570
-1079169970
-1235956745
-1400818453
1157641115
-1682289134
-347345822
183517358
-1714856142
-729264196
-652049655
-1691676971
-616431181
-1593396925
-1898619257
730090729
1160662229
864645517
1869316086
-42730431
-535669492
-1800271872
601052924
1348835256
-1429743826
1391846232
-259442165
1079402655
637023321
1812824506
1945542371
-220789003
585091091
1991538185
-1284647077
1182998741
-2056389455
-1596723591
-258058655
1127490863
220709373
1169592417
-1264991937
995941818
1449675283
2055060820
4346143
-195722199
1760964747
301831537
-1736488751
-1020264804
-6197284
-173651206
-417561910
-1993412775
-1862219521
-864642269
604396399
91327419
967541074
1549565996
769883028
1678863978
1454807743
-886673231
690112318
487512268
-1576343011
1668857920
833090736
-1707403334
1536929749
492827948
-240414811
840433526
-1059350840
1246898080
405236953
2040443613
826817904
654228982
-2031103538
-548460072
-1312641723
191699529
-1138371380
-1039324392
2062378081
-1595929272
-794183384
-1922650879
925816166
637346381
1168133065
-836054554
92373407
-367781715
1783825383
486011767
489230693
-380363183
166390806
1272607095
-1913254205
-897474683
973248387
-1887619151
2000168541
1956167695
763772
-1358418132
-1223093619
1693831555
1212720437
1591217821
1930990798
-832677163
-1914424376
1023295004
-2096881315
467305776
347790973
-634469861
810230045
-1862794747
-1292040373
1772970387
2117791162
-1727218074
-1490896482
774536063
1253829649
-1449068653
-1643944613
1133723533
-1394906929
-24279851
-377502176
-1243595245
-1929110697
-1848350070
-1974699312
-701988033
880898793
-2096690559
1800409422
-789663342
-1928850944
997098887
1525648007
-1107243121
-1346364422
1650467393
-1966040394
-1030046545
-873187074
-1586442948
-917952029
-1526300265
307393561
400033346
623368364
217378700
1356486570
-1870410001
620334407
8143654
124120064
1281650307
1521241286
1381088835
-1687061439
-1013965064
-1817189219
900623678
-1113569907
-1051986089
-1464260511
111053665
985298018
-502749370
2002044882
1031682711
650318913
-1003038746
-1765605093
559776358
1233835409
1187005915
560313175
-97465829
-888222268
1731193003
2023658839
-1873657274
-1858038344
-1218135220
1116968098
-1238634136
1925671519
-867173897
1412145340
1646876651
421540769
1576593730
-1779013973
-1383407791
310154624
1376615021
-858406730
2141489328
1998548861
1726505211
526900847
397708893
-1728614854
1382706564
329083124
1360391399
1293849440
-1618066999
-187226255
-513931449
2012207042
1954198024
1050339304
-583804331
-70104126
1380542354
-223891404
715289468
48978419
1157404826
388856650
-980443471
-1159720961
1719134542
-345176382
-1474625632
166171083
-402798037
1648915605
70847016
-202433832
2079582093
-610941656
958434825
1739731436
986087045
-493851255
1968753116
-189795599
1391176430
1775734263
1621178690
-1777298660
-1434123582
-667251545
114004576
-904101039
1378816681
-2056382267
-785144182
-1139223355
1500745683
-1897932360
-553117122
1567802340
1733055238
1132416682
-397268909
358518133
-378375942
-1648975289
-338041743
-1179913732
-854195228
892761796
-941117245
47516511
1750104656
-622596574
280681195
-1234020148
2121039667
1349022387
-1197960138
-1870060327
1731972928
-1495858211
-1680492272
601336300
1013223290
752028445
-1569645638
-1114335012
1008007434
551615822
-1074051527
-129112616
405106258
-934720469
-1260132463
1575812999
-929149631
175795218
-1860935629
-257633167
1645744872
1012855306
-901635661
-1029475
-389962675
-1696002553
1742394813
-2012344966
-1186869121
-798694036
-1374191543
-640625150
-697933846
1228378576
-1595731699
745115932
-1226554132
-1698117628
823400499
1698891841
1720828327
-1632539819
1648398924
425521250
1539086104
1965658381
-529662077
-99712247
13341032
2018818112
1917794837
1391920574
-176421502
1588804036
1239728128
1784996779
-1761537051
-1175702400
829121530
-824033918
-1403796294
-2003600919
-254764636
1579160478
-1319087831
1505967818
2007159039
-110662040
1236151783
815371331
2078774558
-330684164
-689591533
-668603117
1856528925
1774404107
309280066
508769049
782394961
-1131358462
949339096
-1440796393
2140447424
-946852501
-1068080999
255349945
1953177299
-863605100
-1969376129
-618197802
322773834
-1723401875
-1084516915
-1632090124
520073327
-825069898
1674810211
766695185
858563470
-233317543
-719201964
1060747424
-55427164
-55335660
1364282037
1322880977
277220693
-1147265702
1104733368
-1453339627
-1770961373
477486715
153337592
1165903073
358366941
-1506781438
992492821
-1088008783
952206676
1908221789
-867678845
565347919
1816700244
-1597033021
1526567327
1084681044
-434911022
1187552338
359820035
356707055
-649418911
401921399
1029204506
-661028380
1948285162
-1072772463
659818998
-1969249064
1446633372
549890264
292365664
-152995381
-516752095
-1244290949
-362696400
-2087508508
609560337
611054088
1404651487
-1480969356
-510726485
1638395409
-817014182
-2055678924
-340234302
-1786066165
1071847960
374637521
-1067902220
-943032967
414281838
-1662660950
281243426
-1204961719
-897673439
-1309196072
-223455717
-418215043
61220413
-1896496786
-1631905638
-1970016499
470919972
-51061247
651304306
-473937909
-1002758935
581814890
103802887
1806553608
-1745763874
-452454198
748620288
-1807857994
806312555
-1993904690
1962081338
843609550
1926538529
619296051
-811396353
283703091
1048678414
1333107340
-1130102409
103373655
-1104237742
-1758377405
-1634623394
708804061
993177842
-243941667
-1809716233
1922883200
-1766312469
-1831657855
-1493865153
-215997390
-1529554806
419359930
2137555558
-667341176
-709591046
1640830075
1598831226
-554542764
931168542
-786362781
-794511259
-1713908077
1037286561
-1563121854
1425428761
1306542729
-1895167414
2036738780
76142857
520607274
-1647671916
-283642132
-1230777126
-1014899780
588353405
289913451
858882394
209340857
-872900194
1835263249
2133452464
1855694841
466030203
-2008413412
1846569685
-517233904
-1346835684
339820879
-672557246
450032117
-1550000676
460305725
-1429600789
2102096355
-969605504
1020986823
1160948075
528063619
-412978294
1828134882
1240261760
-165364662
-1311401777
-792747107
1380721848
1624474400
-343835833
-275507870
1608643692
-2138511550
1823129124
-858824837
-1106462739
58157672
-1168687835
1922525144
-1516729859
696201001
-1486553045
199867918
-1674777727
61702302
887378956
414623139
1572420211
-1959088058
-1212539738
1277952136
2059215901
2095935017
-62081993
-949625370
-1972795773
-1432813761
978250732
701673757
1583969568
266204689
2145518007
687174920
-2031463211
-1347726944
897621861
1527791494
1400193822
2138580614
951203567
-1343878858
2006662278
973878875
463949839
-798315135
1687729756
1345329497
-2133550314
-1507563812
170696615
-1476141501
-2069111556
2104642382
69860694
-297450367
1106184376
924814640
-1358260805
-977472369
-670361134
1977844787
1463574330
-1566811496
-340949963
-1880440153
-867523011
788318
1772113225
-1148863750
1570709098
1740946268
-1071242687
-1528972930
1772507928
1686863917
-1127153743
-1856424338
-1528419586
-2096401362
-1989984670
-396049358
2085385005
1863199842
-1158407831
1759911394
266773824
-1614950250
948830581
1123228168
1217617105
-492153403
-1425125015
-2034334295
1062285358
217938621
-999081942
-397857914
1188421708
-1293980927
-1573000263
1267043231
1398019067
-1463276559
-631473789
981534456
-1744498085
1335375912
-177223689
-1492286562
292499598
-183177947
-1720214183
-946680596
1572398766
2097917740
-298336298
-1688259574
-186400767
-836180114
-1639546153
-1841089354
952736363
1052655719
-1511631463
-574873018
1399449891
998622343
416360189
1135485165
-927207767
1126548244
1932898972
-1813123267
-1961483785
-552362162
-2053895394
-1763752980
1166684918
-1414402605
-936905268
-462109734
563634739
-1737980859
-429593758
1277875282
882122706
54222633
-1225731543
-1872310897
-666950206
206537233
96978245
909660546
-926973647
-1290062339
-1778090677
370330322
-77054142
-487503361
1684942358
2129745956
-1257000707
1299003933
1688595930
-340285540
-1622574457
-1186963334
-304416391
382109346
408543634
-1858169673
-1567725035
971188712
255528726
-192225898
1986277350
1560048044
-1349765055
598415584
1183344204
491367994
1877861035
-514605687
1376605479
1945282740
-1407338547
-1758782447
1628943206
-534186987
2016910259
-925515476
150208222
1620494963
1650785008
-2137792860
-1047986852
-880280956
794723283
-221127042
1263057661
141928802
-2085372201
126649435
-1526556228
686156946
-753976737
-611630815
-871479733
1578926146
-1092272734
-1770414886
275818023
-852877870
1650865891
1074977499
-1759964442
-1883490667
1902991590
203504680
-144279853
233248471
-826860642
88376343
-871817540
-666847966
-1976396758
394896178
-1152428791
1380102589
2113656834
1746381921
1698175504
-1488041355
-558047379
886339656
-544698968
-1995094369
-1642751178
1478859502
-690627076
819404636
-92065378
404262814
138334112
-1374558178
-1018587500
1468481298
-542297367
423279467
-547228893
830227405
2066274936
805941217
1872990251
-1116958521
-632625384
-551446151
1166293075
1544707663
1652128970
2057050895
1814578493
-1022394067
981546268
-662254559
-1471558660
-1220833274
61006529
501642966
1342282946
1424259844
-1467909538
346141250
-722204195
546208181
-188402527
251944168
755935716
1009414963
1476803992
950123392
-1088190163
-1031256955
484607296
1148403705
478248577
-683898555
-817396389
2037267648
376477459
-1299723646
-198045563
-2119497662
1366609325
1095186407
1320386185
685528240
2007531819
-1495970020
187484656
2105393153
1789091373
2084771180
1873113819
-385032132
460959751
1673054119
1479359250
-1357885449
-139768580
-363387831
1570049884
2095349530
-1818717780
-1662995493
750563856
-176272408
-1987633206
637842329
1115159275
1490004032
2124895249
-1365539244
-51920860
-25506017
824616824
314494873
474987710
-1958424984
443183011
-1062888173
1412696092
-931108633
38908573
-774946259
924709594
1354142867
1125384644
-1701983749
1829854425
-580773613
205426692
564863834
-205989733
-1427631485
-1112541369
-1343067307
-522178606
-363897737
1015439660
-1877411382
1496980787
-1613420225
-1560606986
-1323756468
-806924402
714951020
-866042682
-775263413
738331171
1486940051
1596881933
983745906
-1311574483
-1293501360
726933819
-2075427504
-360121917
893124237
42651836
358528314
-1198053408
173380612
-709183708
-1721146002
494476736
229983745
-1918166872
-713185157
1355768173
-1473839508
685171664
-1384977952
-573925992
1181110534
2079013738
-1901602061
-738879828
-608381710
290466753
-1812704764
1356584224
275649143
225115918
-1061718078
-234192628
1573783812
1682761007
2026956508
532699903
741052788
-1183325546
-1759927829
-1316405745
1233658002
-829474173
232522638
-1673545936
-945115682
-1050163083
320343254
633355721
-2068594031
-2009072419
1599321573
1530847620
-1623919394
321810709
-1081269039
619282789
-1372695686
1733379728
333377229
-1987190755
1517847902
-1976056495
449103754
1486629280
-2109038133
2107829664
250692314
626245109
1022821518
609284347
-108295018
-59681460
1156227717
726845003
-1498006846
-1819094699
-1532059039
-274051753
-995189266
2146848719
694435244
1893905789
-521784354
-1098952098
2117021197
1312562078
-1737613203
172363681
-528274741
1478398810
1948700846
111296899
-913491313
-1441263747
-73126829
-1897659183
1832508781
2112609720
-1646724782
-704471539
-2015014107
-579753581
446846405
-1129171071
550732197
577583778
913730577
-1848709994
-312393775
1617388022
805815626
-1860389275
666437767
-1474049322
-790569514
-62845554
2146523613
-975789393
202498127
-1026271927
1612399788
368593992
457484974
-709467206
-550768558
801411641
2032763301
-2001552504
1276384946
55970973
712054347
-1321842001
1308933247
723889670
-1834040834
2057421461
-787437126
1354869681
-758637436
2111888731
-1152489864
-770820870
21319795
1805657206
513196008
848670225
-1272458797
1006636157
-231204460
714433006
1982028545
624785987
-2034823449
1590615938
678384597
-1313536728
-801560337
2012575278
-1390082297
-567833940
1254009954
-1575844488
-696170034
-1199839420
-635649050
-1699572740
-1280935479
513992817
1593412236
-1151835744
1172698402
-369112051
1310702237
-1412273909
812019952
-2029461273
-258472807
551715926
1903088093
133766290
-581807492
-1234261756
-286037240
-1784366470
151616323
1013772079
25020204
2014328887
-1968166226
-768845820
-10133503
445268773
39715142
-1077999759
-1999509534
-1845597388
-895471455
-396237540
1365641647
-2126532869
-1602152477
-301410154
-654589196
1265054995
-506551160
485889232
-808862646
2035599010
-1956676767
431367885
1171997693
35905333
-1366086180
725728153
-1472540945
-801020461
-1773535352
564220281
2043225019
-1023712434
2085945303
108939363
-1732668388
-2145039908
-1188594652
1808795056
1313728656
1879089637
1017056759
-1265950961
-755834312
272838686
-532166264
-1222393667
-142051582
-1760499499
-2049552255
-1458322702
1135553545
1699824782
-1075196664
547889822
-1297731013
-1641231921
63183100
-564080300
-757323461
150528056
-1463380611
-462876538
302951561
681918678
-1704560974
-2007118861
2129858272
-1054894153
-214726715
-1258641572
-198907937
1029122753
1471720242
-2053262467
213735403
148085183
-156394687
1900091
734013011
-1016132676
1969598160
-1586990567
1656364468
-1644864108
-1411406250
438679792
-474068322
1617896903
395756836
1360729567
-1918500745
-537353840
125156076
353987199
-783169377
-1619927242
709894535
-698033317
-639131692
760658337
-732982542
-73480289
1525491160
-1897760465
-1156736103
-1758787570
1675797328
-963891768
1407454424
1127590201
-202503697
-1356458449
1888580542
186488045
-9219373
-21256037
870823955
-1940136212
258596654
569315461
1326917532
-700012320
1561640745
-1420806717
2022207900
847892876
918422276
-2026594090
-883140962
-2028018876
-512525695
-717696897
-758116238
-1053756001
46499458
-636955497
1261549172
-168790422
-1167138575
-1483259360
2063606291
505810399
-254378273
-322513770
-1769597039
1922241046
1523249391
2029801611
251180807
488717754
1323886069
-648840334
1746762156
-993354240
-1407929383
-1786037062
620511061
993913813
-997651775
-680903650
1097216063
-2100116394
-193251729
564039995
996308748
1956934789
1350013414
1882216546
-518121717
1759595576
-1533079212
97009839
1846305468
-2117620652
-317127125
-209164454
1085920914
732513339
-6651504
1447498828
-492086278
1289761410
1880553721
1759521781
-926926692
-1222050585
-708570864
290155100
757935584
462394242
-1546341666
-227361929
-2138338125
-364063943
1491980069
1621443772
98517386
-1143653512
194606092
-1086786569
1512250534
-1489974494
1730353409
-994728098
-1961174374
-21022526
1032996058
889340642
1595846922
2131425797
-2027490755
-1346550073
-259234892
-293548436
1074615874
-244335754
1875256756
1476968765
942992726
568493713
-295187709
2027476666
-510594462
-1647608504
2044661312
715708565
616997931
-947337238
2065428146
-1175325278
-1783628549
1458989759
-1998951795
1532766414
1046462593
-187496428
1515657588
-1356424369
-88210443
-1746522218
-715887809
1148679708
-962423681
-1704210717
-730951939
-598550881
-825958439
711825246
102254140
1002429097
-802208974
-118723262
2038114439
1503524774
-1000479659
-1622592519
689576752
-1105456879
-804292342
1769835438
733806926
-756678103
1515233468
866800672
-2028410871
1932824293
1857074267
193661113
-854052076
1027010596
-1827065725
-675657249
1490718075
1779199784
-441508386
-2002442359
-742612322
1777845317
733486021
1053819156
-1858870404
1188900053
-571281107
1760104022
-1169499084
716663918
-1150433344
2136073715
1666112969
431959382
-270371510
-1551198993
-1207435227
1807971383
-129796266
-847373436
-387923872
1021909774
-1649769192
811164470
1844625217
-2030925975
914611085
1234371107
1346528260
-393211951
-572545055
1616600991
1036740445
323798148
461714448
-1357771264
1184664253
565350247
318355918
-1395233355
-798949421
-1585717446
1718026155
-266932835
-426097579
1213747725
-1704188814
2103671958
-390760961
674042610
-1549452078
1828520019
1347642075
-787423501
-195254464
518317426
30071235
1590617414
-1700578789
-2050155315
861994788
-1531251010
-482693104
-965076465
1563142660
-397100923
1183839935
-1204967542
5115205
954125832
-927382626
80388936
411054378
-85316046
910562077
1506736479
718668058
-1306191909
-202541557
2135060361
-1732054620
616585602
1091129656
1150162419
-492600637
1236590650
-1970048166
504983893
434512482
-379665950
-1740397260
1992798786
-327077087
-1115539815
901519348
524324289
2046573401
908211568
1621349852
-1080718565
-768704419
-891836320
-1067116251
-1483875594
1731564035
399731581
658484511
200280994
1934264930
-1851487381
1690156444
2093100722
-263911972
-1367378159
-1180977009
-823245874
503781214
1180309644
-1692785169
-1941832505
385727718
402393447
565877217
1285435116
-1164601275
-949922296
-606657259
-1013217893
1832644646
-322861972
-912922769
1143949850
1082146126
-2106338794
-340743958
-1993059161
-194328540
-167453372
329424057
-1821803827
-1587471756
-1788793500
-129191250
-726135048
1882802543
-147108154
138615519
-223722164
-1867949066
1024161169
16572294
-2145218127
491802903
-1066279941
306755881
-706587854
342526679
1956925364
-973569798
-343973753
1159438641
1109566114
652666240
-733132304
-1756110497
510980820
-1097775755
1991795779
2012740951
108133807
532272370
-1243745976
1213575064
784003693
1696886985
-1509033660
1331189541
1191016392
2143470641
1788389843
-258158639
409196785
2110432424
-15577606
2041842365
-777613881
1450952725
-1118424196
215493407
716280389
-620218068
-851308180
2052074308
302203195
1986342421
-2002205693
-486912553
-1508792768
-1979701936
110391731
-147464349
-530679066
-1095865134
-1847759492
-2115433450
229720879
1038841716
2040294013
-1477980729
712129856
-908286835
-212609843
348993081
-1567090604
1222073821
1209361291
-139945568
625321714
-309284948
749090867
-1208722075
72613986
1844166450
1911889715
912551718
2061026653
432980793
-2074360387
158771200
-1434485757
1606181632
-564332322
-1013997552
-779602159
-798384286
1679770064
68335157
1236073554
-882464201
-519801973
-158576613
508730966
527650810
-1112277599
1324455541
1031863649
1736300460
-1275652021
-1469501047
1852433318
1138064631
1411587518
289720817
-1056640843
-1677203307
-1094736701
722162079
934955056
1534282482
-103075706
-2064623327
360511429
-15926000
-849704531
706016549
-883865513
1484180394
1908151468
-139265984
-1219858818
259739804
-1970685609
1780188394
936267313
967573121
-1505153096
-1501676595
1738884546
1315029661
-1436301790
-1694594498
-985189367
1712021757
1467741317
-487531253
557198820
348319452
859328772
2054273910
927635166
-338292919
888191428
1059393153
81498413
1250088453
1008977927
1410078828
753531106
1306883249
-1754800008
272949372
-350003621
1899042344
1240233160
-2073159939
1240839163
2081459241
-1311421831
1956033928
-1908169955
1269936953
738384632
89186185
1339341893
-1916227385
527966449
770950907
798750360
-905547888
-591436065
814782837
-274582899
-665846203
699722465
232438122
856273893
-960842646
1899457492
-662452308
-361052456
69943680
-39062627
1687175474
1771635856
-1850471834
-1773964602
-1942899430
136571610
-676235013
1321599308
-520104208
-1403208934
979968520
1905318070
1580855600
-2022255488
-2032474787
-1867424919
-1823572983
-143196807
163671097
-19350214
-847324061
-281456537
2058463726
143204677
1347522339
1822211987
-1575009595
714490108
2128954541
-1857133470
-1392116450
1914761346
-2007256918
-2086793786
-900292389
-53078983
1337659915
-1519861257
-414717697
-609297511
-1072580788
918366051
-23958639
536433987
-392756483
-1683420957
1839766470
-1488080811
1043969149
668887342
-2140517794
-259670273
1623423240
718395794
-505067442
1460768342
766904564
-1831139360
-978645090
207431528
-1299819209
-1459898457
1935513236
-441922160
1730054444
1619040933
-745295598
150359562
-1193810794
1894956154
-1000889284
-222087991
1370075620
-720931425
1250480221
-1854866809
794483894
1906842005
1184077067
-138837986
-816321376
604623969
-1535061112
-1365284074
-1247320019
-2006881481
865121130
237975422
-191699931
-1421486988
1856671102
1683952383
658195218
-242230575
-1356455702
-1884760787
1605560577
-1263255595
353400465
551201056
-1314855035
-277278325
357635770
-95404989
1629251072
1740515189
758805747
-1282439573
-224409051
-1055130944
-296045005
341933867
-924359496
10177976
185611582
-1557113754
277325464
654005885
-2034800307
1023014436
457384447
2082693367
-780266771
-1027667031
787012615
-21488634
-1304308953
910403011
554152559
-1516501506
513708256
-679984540
-632563297
-240800686
-726445949
2050422127
1177007849
-615665010
-378904100
-93730090
96049937
-842935158
-478410681
1483519460
-67886834
-303474724
623968521
567189975
-47762158
-474308466
-1218671619
-1329956943
1633945544
906550544
1163647602
-410374833
1075212764
-1343488657
-1369241517
462631354
-942502977
1515481543
-901905527
861719228
-1879212629
662645750
1361970588
-1234815050
1189399525
1209434258
-1779268704
-391402064
-1639472319
1041629980
1754708046
-1753841486
1988749803
-1891047051
-427086736
418778705
-1375659933
-1683225968
-1289428606
568606092
-1840832823
-1436259224
2031223446
-2058246184
763353690
93795636
871251832
266518392
-1119756486
-1182966822
-2027997679
1787332370
-996435341
-1328356448
-423391728
240430719
-625340355
-545853655
117811910
-1397610270
-1807304065
-1895950690
2144147281
843616251
1927695254
-1084789462
-724037380
2019682493
1822054740
-1430787668
-1090989083
1712299293
1751397450
-1895356760
818449888
1489289004
-1901629622
-750539395
-908321893
686352743
-693183705
-737918755
1302656002
-1823977394
664730302
715053688
-253041179
-1585784526
1313682233
634736634
-2140042281
1386564179
321076370
-1535978696
1059494487
278194218
-945121706
1095025061
6581301
-865659902
-1697381205
663516938
900100398
653508556
298539412
1320097654
214131417
357223220
-647491982
-826047374
513500103
-1644061201
911176141
2095968633
-1134138140
-904948906
535129428
-1183069274
1974578467
-1194521800
1215637538
-106305361
-1327448230
194130923
1003161922
-148229871
-34481558
-5250652
1494081141
-551732852
1704091554
-1907489016
-985846990
1552383954
1065577316
-1637833982
-711531539
-426688902
-651932663
-1499645993
-1400432228
2086341690
1374880513
1231560566
1827166582
-1910457771
-567200705
1280463124
377734397
-1861802414
165554131
1966435320
-1339283906
-410455314
1981596119
159718291
935298135
-549364654
-618228593
-162912045
185531450
1964219272
928739532
-1448293192
1181016495
-39809749
51320976
-684124122
1516072095
1357090654
-424871945
1197573373
-884574578
2011876095
-672921516
1316029542
1551830121
1512987675
420168090
140451440
-1835542399
2018315683
1846623741
1124988634
1937877207
1261214816
-363858984
1889749810
1026004377
2078717220
482847184
-1121272290
-1264153620
1774920257
-1831696070
-1228864519
-80985876
-1689068481
-829132103
-210975583
228839664
-60362296
-327091925
-322746738
1240895250
-1692828953
1955309254
1690580775
1544276206
-887223439
-969609091
574170192
-1508212056
-885892926
1692957608
-1835369657
-1349750988
-1115748691
977770979
-582672208
65120465
-1207709779
-398123211
2095642093
-1812402731
329350239
463861364
1774837683
-2011667024
-762880460
-1161029656
-151903782
743387690
-789495455
-219691473
-2029116301
1804095727
-2139223525
-788187809
1217852959
472617292
-1372163840
-215285647
-311287906
733061691
2027852504
1109397724
1434623142
-1185121124
1336166268
-994714496
-15725067
731229637
-337153003
-740418107
-1331267415
-1014479300
-1963406198
27355652
-1218304305
-1348177726
-1182877645
1182681637
-1748992711
-334039660
1089949138
-955336312
-1756898669
-1340133908
-473326910
692858664
-807021640
-858641459
-1396201104
-878144258
-603692735
1434589696
2133195530
-1296772701
-1051995553
-2014504871
319055991
41142328
-921659158
315037758
-1678795130
-788335991
-37141831
812023145
1770105193
-282068624
769274931
965969644
163267428
1797582711
-1832257498
1173800053
-401155392
2009797057
-1714800425
-1801249837
1592886022
-1826737367
615429721
66855608
1911899497
749286827
-500380126
218222784
1660126339
1040594434
-690788390
-15282766
1851090756
-1211937389
-1227596938
-1629036540
-734822618
-273215863
1890952325
-1855504476
-159048283
1625169472
59897546
-347942667
-2031416082
-1433562650
99977226
-509572073
916496342
1532752223
-975363290
-2091740053
72961293
1574765673
-1540695957
-446643114
2105559443
-529871359
-817570008
-1547062972
632477290
-501244
784891008
-1686017041
-1079691892
-292470504
-1501297790
1969586400
-1590855137
2062747340
-1635237258
-548274891
1076799462
-438585859
1515385209
284916645
584177147
-1787076740
1327035980
-1578205759
-1440593734
506224365
-1571778200
1968477564
1442625280
191924721
-485963691
186917613
596717205
57650567
463249723
1432857170
934956006
471203247
-1960442952
-6945192
-882657033
968317775
-939699468
633666200
627386263
-301558694
735057139
-837555611
-1579795756
-914488785
933903146
407156676
1580405681
1263086142
-269295532
1381306043
317748502
1519731953
-283734139
-984964914
429503239
1646841544
1453746303
-1349970746
964813080
310413254
-1420511933
439398068
-407571424
1773307147
-1381186325
-512691148
2020395820
-1052886846
552411062
-995438346
-870755402
1123718205
944269412
-957218950
927612183
-1514035107
-1304265020
-1154106854
1723592505
1921738807
-148588662
-178980787
1722857616
966750707
1675443558
-1293763543
-1982175414
396362231
592113489
-1750911959
-274218556
565081157
104353833
1259517232
-821259712
-653527007
-211985536
-640429874
1494366677
-1751164425
636048304
2012351425
417988262
435357562
798154034
-474285891
-1122399914
1590473232
-734135505
1019722607
1911375291
716321644
1848426839
871184319
-1612473647
-1664771972
-1012347150
392786261
1686056432
-1801685370
-1889474764
1057546079
1478337857
-1135284595
-2070463788
-1771652976
-1152148114
292356857
888288991
-1810400405
-2128230760
-670620810
-393548599
1941780160
-1803395954
965808923
2129749956
1794725494
1574792762
124816591
-1299152044
908589195
-721049506
1990937064
1281365795
1846349401
711890816
1354125076
-982676463
-883175910
1435014435
1374856060
-1682952561
-997902162
445502519
-300165594
-249572819
-977094757
-1800453935
-934349414
1817811568
-551676076
688072478
227990984
1518861544
-393715267
1447220629
-397082584
-1342156670
1294294254
-326914453
783026723
962166298
1963569719
1508596812
-1601958479
1860478548
-335150749
1562779207
-921300926
1370083500
1022977089
1063345929
1315382242
1083701194
399124063
-721679539
-184979817
532219674
-724847336
-1052681325
1367065613
-1624269412
524618705
-1650850545
1671869812
634235384
1648042111
-1427438108
-1627374679
1752183765
584520811
194543761
372072339
759031402
1794649401
1360419499
369853647
363540564
-1325540826
-2141744436
-448710001
-1795158870
-1210693232
-536313397
496023231
-800536242
-400403781
-1450214611
473194344
-111387003
-653805615
-2053996326
-399505831
-1908921398
-1588132822
-42467821
520600323
-1717948962
406489806
1480834467
-1812506971
-826277341
737691959
-1047490732
1372858024
-507360470
-1381453222
-528854876
1047812427
1701399178
1851827688
-514634568
1041109122
1741734899
-580053040
1396385681
263864091
-33653374
-735892471
2036123773
1080407075
2096099670
984599181
-503580721
826079367
-1445395358
1316876200
1121100754
-532290819
748082820
-1367655310
-37158662
-1616640476
-738787369
-805925991
-99419812
1345543402
614780740
139234915
259039071
-923346643
1855151711
408073714
1928763315
2089728164
-1965781392
-827265846
-241258878
-221985792
171590350
1516168336
1278217190
2088426574
891317363
-1098777580
1829878682
1982495390
-879510835
1093992849
445742067
787088873
334628306
-409774797
307496976
-103341265
-497105578
519385048
1950568784
1276339168
-566810208
-1646063078
262298628
-193792388
961980730
-1692229747
2067116901
970145149
951457799
-2036372924
216705224
-334925708
-1812161637
186020506
1700188687
2142743409
-1556410170
-527212754
-1425245342
425267367
880785010
-1153781457
139984927
-843325360
1870213550
-942901031
-20627698
1344973518
1899839242
-738243010
-1643405863
653525266
-424106716
-1668574647
1123176378
1343375169
1452489859
834354175
-844770442
-408187500
-1934876509
-439175672
152231049
-348417153
-1895866800
2062258286
-2056643678
213408021
520598327
2230947
1647549009
-1021058390
1355035321
-58541624
1469029886
1476661945
-1967987710
-1456091348
-709999075
-1251754488
-40981158
1480180498
-597272161
-1399955959
-1867505478
30894006
2120677291
1961493891
1976958370
-585783150
319233933
1114209137
1041464361
-283936291
1383154670
910860330
-554715819
1989327956
-652714683
561217729
-1415398228
-597223109
1816604557
-939344722
-1072546037
2066225830
1500624696
-1479663187
-1292322123
-1061813260
670822755
-371940890
-406870866
1192570524
-1062702262
-1084815283
1749421898
-266604757
169116925
949817163
-2142067200
2091599501
-1647398061
-878527074
822678147
-1259674742
-1326445281
-1908134532
396893971
-142264173
351240097
1211900414
1096231439
-496457281
-2065037761
1202458300
589217487
-60877041
1880203636
-2060814924
579954608
-1810020615
1990215944
2092875631
-1234760337
-209717980
-1429516927
-301993626
-1482786886
348424559
-569975591
-654448991
-1193426172
132627255
1269866096
-839717216
1543757720
2016715993
2016647748
1832253055
-496341520
1504906101
1042734942
-1849450412
209226823
-875831563
-1794400881
-2059997989
773613933
241645133
1718003292
510679893
-2134200103
-516469757
-1052997322
1186243500
1040196612
1847082738
1488371438
-235245862
-533531404
-1616602294
-1674864537
-1599032948
1625732630
1754984410
-198581108
1774030082
-2106657967
2008085393
348422532
-586163656
-2011576233
1379204929
-1603711708
-1206140086
557647933
245817254
-78501723
-130216172
-2143958451
1669153703
-1789525098
-914357480
1997762587
1977436891
-1312087533
-1124335708
765753557
-1939998642
-494202313
-1762051532
1496102367
1263111556
-952367922
-2066925036
1651618975
1986728381
-469074609
720370505
1145270676
-258569862
1983483144
1736825777
544516269
654221887
1889471899
-356993431
613897944
-1638738277
1367641768
-1761816210
-1073266472
-1915924891
1438444235
-1912307322
-619343013
2030567239
-448153655
-1645238176
-2134511541
1894044032
-1544878587
-1955434246
-1564574364
-162738971
-1230560456
998305346
2131871750
-1824091608
-436251552
-1480359936
44208715
-802904996
-698238215
-1628298766
-431039140
-1483716936
-1665672854
-1015871176
1779483904
2101211802
787770050
-646237198
2098790517
-1671124529
1064993187
-122302681
-305128317
-1528714991
-782032258
1986107112
1441317581
344342224
-1840919296
-1709075275
-562126230
1302710837
-948197173
1269882910
-2082288205
1758864995
1478248808
-1468054099
426746206
-1774909953
1567505788
-1070139389
818645195
1722352370
1215618362
-460738752
111358877
-1614977427
1743260697
-173679960
1448677517
421784877
-1250303546
-1214592894
800137594
-237499393
-954634662
2147280963
-1436713789
1351841926
-2145317425
-863401236
1019285465
133954108
1246887600
-1784953425
42170127
1190053814
-832163824
1480219352
-303432012
-389155797
589068988
-308228885
-1852366493
-1258770122
1999813043
-1079771128
1486034840
-1612748582
1241806294
-730526313
-443200378
-407833657
1052514523
2135633440
1236257832
850292699
-1838163065
1487396218
2063269526
-368608533
-849157348
-159998681
787563673
838391234
-1372175857
-730072834
252660097
-1560038551
-1034104835
-23219702
1380392501
1488205992
216009952
-2100808782
-1742638710
-590221364
1655931773
97761049
-2075559464
-1036176213
1438080800
1074641095
-269130806
-2056725275
744630411
-1187928952
-1956226442
563060844
924114475
317053844
-908559187
498665029
77323149
713062640
-823372909
194632079
1754416144
-1725335533
-2095538575
949512900
-813374246
-1029299765
-1102280759
-688053954
151831055
24372065
-1177053270
517742845
-18300096
1083634683
1714288454
-875755353
-190762207
-891065279
1534384577
710020047
213321343
2060301379
2116820555
1579150713
1242308208
523856794
151486320
764190429
-447678005
-1752420404
-77929554
-159218069
437750234
1035724021
1168286535
1253225231
-51241394
-161061726
-588654759
1537245110
654351474
393918208
-547486165
-272274673
717059491
333068853
2038481096
682895253
-1392570113
-270902259
1767704018
1259218893
1798937693
1173735897
221216143
-594597172
1750628476
-1903805805
1783489352
1856408828
1531294846
1330526022
-1458884654
-179412705
1890143382
1378649516
404445548
-2041801326
-1815011328
1808341272
-288178996
1024109014
206426673
1034268054
382370675
-151734196
232786768
-1459982000
875862856
-468133825
1377094628
-345415630
-1245768859
-70509528
1571211213
303642065
-1030753749
1168814124
1252392056
762517896
-1814046565
1486675176
-490342834
1976330468
-380959000
1004728945
1179023724
33047617
1750439495
96886678
49381785
1381155252
-2112291830
-1196525209
1189399924
1871833644
-354539028
1312536314
596404461
-1027152685
1472782254
-252418708
-1315509514
-843320135
2079195618
-1271261146
1577278073
511847604
-1720186362
-940615327
-168563061
-120849023
974775252
363421419
-638575134
1507852846
625069015
1354876714
2096345476
-222187844
-1484586175
-178740639
1330630337
501466367
-20550405
748112946
-63034269
2089989065
-549492738
-2104960669
1918232355
-92060601
-1222411551
1139088868
1041541469
1171536298
-1611094862
-193491184
-240772601
228050697
-449353976
-644118989
-1992374561
1793326981
507174232
333162316
1056898531
-155736915
239760775
1062891539
396708358
468907812
-1506927167
1485189949
-1851816160
-159748735
-2005468280
-2114255875
1971634469
1905489270
-1850474481
-711371314
1894863513
-1511414989
-244650552
1040209007
912389699
-1515392244
-47996101
1258764335
-1656635360
-920649384
-849559783
1807817322
673853850
569859228
-232918639
390794834
1536417018
1582913001
-1018327327
1532789234
271141914
392164226
1966356271
1888365424
13966941
821356993
-1259165799
1221330578
146772451
-1678131654
5965961
1084958339
402582521
-433293024
-1579135666
-391880747
-905874225
-1621391129
2036562152
1002507977
-1511064980
-1350452181
-556803038
240614862
-2102718747
1603106256
-1594580762
1296609351
-587172404
-1926987927
-1424279860
352949649
1779528935
1793596893
1270838515
1138616388
162528290
1356024903
-1748531948
72039863
-553920315
-1517862626
1961290708
-1204876855
-1596692503
1610129814
-2068233640
-2109039905
-1165067224
993134404
1574335774
-2017177048
523659923
-1979270136
837524491
-2058511321
2041672424
-522530778
2097201087
-527340174
-644811004
643034806
-2084233168
1585924023
43857302
1259902014
-230633354
-964490497
-213615595
318344093
-1562133533
681187126
393675763
1228657962
-1797822378
813335018
1900474130
477584412
284821968
-598121389
-98101385
-2032067029
1950268231
1449756051
-971332035
-870471305
-1516769094
1318839613
1624417739
-1876749143
-766609787
-1904219621
1121321801
-1719675561
653824502
573651243
-1650216113
1456347309
845813535
597522667
-1870271009
24216136
-600864787
1229751510
-943147627
557282661
380866681
-478554835
-1267392996
324029498
122647710
167124730
-959052316
2107253155
1769751242
-1087082415
690108177
-1684270847
-1352409063
-1722397479
1559438262
-1894051745
1584284063
-1119973750
1156493634
824166613
-2091358459
1240141495
-1350711494
-875097807
-869799338
-1479451825
2127598888
271380179
-400082662
-117769121
1494008787
228344023
-1673278812
1466043866
546375087
-575964807
1978197928
-539545188
-1023624554
-1456404043
-184101104
885398956
-1654547784
570450734
1084195855
767445697
1609604304
441103440
758051189
-1829140729
315788184
-1978875208
1255607877
-680365790
1676672638
-1265268782
1872478084
-860283021
1903405464
-1027116093
1769288531
-640387175
-1039320876
-1267697014
835440960
-1503462855
1772759667
305352545
-1320002600
-988412158
-1967301449
-63016343
1164449664
1355734251
-2138750246
-1498155899
1081477764
-967517505
1095497026
-982575739
1515694704
-1911503910
-1617194765
-201121657
-703559010
-1917776588
1645517381
-1902040423
1008066576
-447252834
171661014
1531484067
898363007
1597011020
510415553
-1702852221
-230378829
-2024199021
-512260849
-904487559
-1035051499
1426132466
1181009773
1698798533
833976194
-2130689706
1205572895
-229835377
453490017
1508670617
1943225652
-1864602362
945939703
508164427
-992988165
992256970
-1130073351
-1425108043
-851079243
-362198130
1141860706
-343321062
-1090863989
-1847212807
-566233465
-1071582144
583959490
1430321357
1352061288
-1753220306
-1004436948
-821389494
-927985848
1374533942
-1177253407
-1698534956
-1341505922
352264757
-597759185
2060491475
-444343667
-692374503
-666117938
1474303962
1546874226
-1090347101
1437424472
1517974026
-1567624643
885176685
50759671
-2083069768
-1776005917
-294127826
1276505695
1438927437
274852689
-1694204611
-301698561
1437628270
-2049711164
1696825427
-1307835790
-229845924
-751492009
1762295700
1357702971
-1603050340
285312989
760584912
-1010855247
-655045414
-1757223951
-831747835
756822072
404920073
232285258
308409128
-1620024911
-1753803569
-1165506733
1395078948
-1779507149
1408140320
1259163642
-1576347870
873198586
381377064
1196982471
-904390389
-1221265505
-868624274
-1536101327
-1152214454
-694134135
212160566
-1403001300
1194384342
-1460218205
-2058110938
-2144320762
191171183
-1771188913
107116587
-673165453
-1825339609
-1695154279
-1844867171
-1640153626
2106258467
-694086225
-2038924896
2102543649
1057606051
93563281
460485582
412748815
-1889945793
-872363772
404097810
1438285521
-385264270
-653843764
630592214
-796892906
-1366234276
1008161561
661154400
475083183
2125941955
386794305
-623823751
1235170146
1113068634
1118032047
-453548721
-497766659
1172094534
-562024677
-1038497124
568902318
-976328995
-245646853
2018112006
371282578
1073623472
-1284396744
-427519544
-374673781
1713282251
1430740260
1280661394
1122550101
193479738
-1177799252
-1599192658
485219547
-360130097
-868013879
1316546147
530741191
-1102883549
-1416967108
1693076894
1682239575
1226088409
-1670396294
-1895284531
-49305481
1423983145
-1895769372
-1285999346
280366859
786224028
1855653178
-794414199
65825419
1001403412
-1797826479
155739161
-81053483
-282603249
-1544842236
972168753
-39307203
618232620
279553640
2105385981
-1917948439
-1061318675
2119797827
-1958089785
-1824539300
-660898883
845956285
-2091902052
-1048582833
-315762635
-1161966504
-257778898
118617543
-327964006
34034461
716234748
1250857827
-1711765846
-1971183081
-977709136
1875549174
1446353303
567206917
361043143
-32833451
533324115
-767802038
1763647862
1673258865
-1603791858
130228008
1156816076
-1089573209
2017262588
834511405
-1998518765
-717120682
494488411
-1329450004
-746038660
-510635598
651570356
-1587416080
701425914
-1710791465
-677637280
1276517357
-1420885907
19141665
640127053
1604759353
144890883
-1202943558
593506050
17313145
1229418971
-1103548813
-833511712
-2125120353
-628422678
511633111
-1420317526
-1151042029
-1445612766
-1311273603
1582420038
-1245052112
1624777936
-624476514
-2091167036
-552135439
-1945146811
756173030
-841920353
-1205714197
970097336
1096865678
1379933251
-565383810
1409871722
111847850
-781859633
1968881479
-688414197
-1311348033
-384842469
-255669800
-159126180
-828538728
-2022301956
648624555
119692309
-729914791
-1357486394
-1775512237
-2103340536
1016384724
406160146
2124069875
291478405
986736667
576136384
551163636
276451072
-1820872107
-1352254657
-1899973902
1936827633
1181631445
1278863627
1091744758
364718587
26394728
-1697203081
989255914
-180097200
469371374
1921265836
1823998537
1673043283
-1173190613
80394993
-427036651
-388920194
806590942
2096031788
171141902
1550780549
-1580563693
-1245557080
-2032710368
473964987
-1374196555
2146129943
2026446108
1050194101
-293451418
-2058278949
1845834155
976318508
-1854360685
-1654054528
1807716222
-1028304601
88283330
-1510485107
-266078518
311258457
-875510226
-189838724
-1861954573
-1517339705
962570900
-1003417595
2075920263
-1941509203
989716815
-1432724830
658225517
651299234
-886023518
86323535
-562255011
-824388870
-2081737388
735152018
-94716270
-191440021
-1430413950
1303745978
902275262
-2003179278
534529200
-1429933717
960943166
1997023735
265471776
-556651943
2049279887
349514159
190157415
-2088308910
-1173098497
-243325247
-298639044
1078656898
-1410524249
-1414221780
-1896046445
-1613599758
-1915392360
2025630823
-1444195862
-1483739823
1722236755
-1288360247
-1945551135
768627191
942163583
1344257835
888738320
-2079307738
133813717
-1082656821
-1893586668
-59897710
2044791390
-637821582
-322751509
-1624464093
-1507627552
-828795431
-1379994239
-1739128840
1636285333
-378576824
589035914
1240247983
-917390306
-762121088
-613854318
-723300893
1066101942
-295621669
1002945361
1726679285
979166634
-1444472656
-176711100
-997369329
794276872
645853180
-1396580744
-1154922906
1085381270
1042245950
1025156776
1153473214
565571078
-1201227615
-54912118
-725750733
1483997287
-1655142560
1490618981
689135925
-1205579811
1616416357
277091559
42895059
-1054511980
-1973307596
1070697012
-1036143043
-871577103
538175239
-1250738878
1283968643
1146547978
758175801
-1570837405
-178305374
805681752
901948903
1541213731
403037121
993176747
1135406547
2096568147
1483104183
344354653
2014555276
1648070245
677276625
686164426
1896953803
-2090893318
-794166319
2092530175
401013536
648685753
-138463944
926327984
275438285
-74389406
17358536
1532416111
-1305648910
1370935842
-120435645
-2117328869
1022564585
1894018600
1830797945
1118814358
-1898070797
1925283959
769300353
1677245882
-1723327981
1633937662
-1754754234
240562828
-467546566
325316837
-1506126779
-334837582
-1127856989
-1470654167
-2007712620
-1878213854
-149121920
-593772950
-543839451
779145244
344204758
-227858941
481592651
350158425
-34848603
1169213531
-1140632450
1916449156
1941105227
-117183366
838696026
-1969364503
-1194740439
-1978537761
-1157804819
398553964
-2056952186
-1683841649
1195504945
689442747
-764963149
1352792945
1728289239
-1451233337
-805326992
795487449
1911264326
-977057681
972221582
-2077281438
1982012898
-1100591490
13714133
-2044326144
-1786057839
1673332183
-749252313
1510916692
-271417990
875712494
-996425755
1063897154
-1504827633
625798522
212382352
1763102400
-958983347
-812226712
-2012729421
-274478351
1576061250
2136150802
567583488
7387761
-1172048689
2134484400
424467897
-1975671310
859207599
1917586190
436025681
-1560430329
-68876617
1440379775
1250279506
1159955263
-1807558817
-1747661551
-736132735
-1454918026
304619904
-820110335
1652650303
-582158746
1549826398
114845297
-890798799
-1858564732
-1596570135
433530712
1610921507
-1121903863
