1019145380
-512918997
328878779
1872297598
1461246009
-722086501
1638853577
-633737063
259242346
-691915340
-49152122
691871813
-606216947
-1236144245
-1658661306
223526098
196078137
995170498
-690065192
-1346139949
-248718768
-1288128191
1085039151
1050035440
2128276799
39052325
-555374780
102790138
1421942276
1598614520
2048301371
-606680000
-764880016
-695917022
745233860
379775520
-902035154
-2049117792
-792167996
1464408032
1439927555
-946277133
-234395085
-2134753602
-112530346
172279642
1844012871
1377523013
1911668211
388135234
-1546603054
-1968382238
-218369013
-9850883
-848090393
-1550692170
761152127
-1213183822
-37829180
1332899756
-820763299
-1404717420
1381204971
-920192050
1843481514
-534146986
-1534864495
-1008517932
1517840993
-1244069666
-1711323076
-1587657730
789429179
-1934225608
1633777063
-1786841309
536587953
1384575437
-702999320
274020616
-91977026
-440737580
-944121900
940360437
757337065
1040522247
-452096350
1379632005
1250966274
1287002010
1767867341
-1346988354
-726071765
541459560
1556558399
1295395680
604659098
1040394095
-1662666325
-960370303
1496111260
1024046206
1021031738
694464089
549267164
1305616428
1064523881
1732227418
-650980891
-1929503476
-2016086479
-754817404
1471353572
1172027422
-908437913
-1035095562
286572722
-728151929
-1787331227
-807518009
220633618
-795072892
-2030712342
-943514858
-2087096266
-401121892
-1977053890
-22887585
-670829176
773770773
-1215266407
845313808
1703818406
256274856
30786245
1806197851
-147917907
631551863
-162124542
367716686
927303609
1728719678
-1493154263
1682714656
-453059412
-961553463
1016141075
1839381708
1335670063
834745509
550341435
1459929059
-744331530
-1824702694
2125882529
-1556790626
-1134913721
1123450456
2101322225
-609255374
-1587692612
1547164399
-167575324
1727922280
-1007066298
369643908
-17361178
1959806828
-2847883
1886279873
-760548871
2082156260
86869495
-1431358835
2122712
935148612
-36556194
-1114268547
1079860063
1273071712
-1464102874
-175205495
1852764201
-1896805310
-549327627
706879234
1562313850
764110653
1517237028
-1908844861
1044881759
-1224904126
860429438
-1107158874
12415252
1346188401
-968536762
1196695866
360512421
1809321202
1689623422
662862770
-111375913
515450374
656082534
-2000716513
1480512072
2038138200
-1791876542
-924270879
-1344219948
-983806567
208927840
-1762407333
-1256224710
-2011757237
1878178649
-1031047195
-46645761
1010759387
-584482922
1845037830
1196482705
-1991901707
-993310698
1551091170
1472425904
-661498348
-988487827
2040816113
1752850185
-1593164201
685905167
-909014031
1717680931
-241858917
-1408842034
1074104605
1439381630
1115838917
-1905230175
2144107423
1960939769
-1766074017
-1935824730
103676482
-567684236
2107006566
-1052531351
1081864043
1003981237
-1377930399
30227558
-1833176247
1772279951
672455605
-101764404
-1978690229
-333578688
294861879
707332739
1960003794
-864431333
-1577436925
1172581744
1366485287
1954492518
1896029323
272894199
-1586624337
-2105712251
1910266866
1457380801
-822771875
-2041838761
-1009152870
-1615378498
-869340057
562099679
-608919813
1750516333
-1430118596
-203340761
505901750
-828265126
-1675650124
203302496
-511567895
1308071144
103722377
-1570930099
-1856810555
196264784
-1073430779
-1340109342
-763482532
1781685737
-1238440195
1846114344
-1871657025
823300777
-248389123
-432587677
-1428323768
1081842155
-2106332476
255132533
-6726605
884510834
654779890
1524807556
190259827
-1831637587
1677890815
1133161946
-1356816701
-1895589316
-1736260497
1117686541
2095846138
2123426482
-1924486845
1042007391
-2067950173
-660274532
-1399823950
-37000857
178856908
-660511806
2097728792
-1499003664
-33326050
1899015596
-1526714577
-1159275488
-128116947
497930599
2088587900
1054592220
147050769
400833929
-1555046901
-1745255317
-2105731019
-1495775631
-1329474979
-1701057703
1731442030
1081560787
-1582341727
1046277021
548503887
2013492339
1447532322
914224381
-152134981
-1777941200
501973505
1983570865
-1178275142
-388612029
-725035229
-1642975930
993018256
-1905449016
2133343852
-1184335931
-1796228853
-1645386114
423018284
1101790996
2078279709
681184714
-1298858023
1602120859
-1715895383
-1007865855
175000831
296879402
-1538815839
-256206106
377789299
-1756278503
-1662293168
1113929329
-54658610
-206134608
-846297100
759499730
-1902959335
69934793
239880335
-1464321867
-1081723707
-1411699788
173421566
-1472638266
-2034003491
2137549402
1478580810
-344326282
1065266558
-482370140
-1710378435
-534199297
-1094767994
828056605
-1498596296
-1527426650
-1083543926
-1971263531
601488964
-1932078529
-241119730
-292231032
-1691931290
1875638518
1480902639
-175651840
-97839050
1266998091
-772406236
-1996824393
-1562073422
518182494
-919533147
-1272308033
-1319599281
-147127188
1558175658
-1908067610
1219445073
168560281
-1632170472
1499533333
-2065755045
-1449122065
981315896
-1077148936
-612307639
1663112870
1612092585
420832227
538579005
-1590506331
-1123317353
1774453491
857765879
-1954592696
-1061458899
1657057908
1620154986
1375026276
324963400
-1572039806
811098763
-1374165369
-887329428
1702955250
-1858571413
-1243703677
1856573947
1659991154
-742258552
1988536877
-1718663773
-1207098898
1865615199
-1969028766
783325976
1635910965
1801393733
-1713361334
2027622659
907488732
33672310
-1968904736
-1562406343
-2023746206
1685802862
170554545
1066648880
-2116801644
-232197769
-685687837
-1847796050
-391625422
-997153405
431061625
1015573442
2138951891
-1834001349
-1175918892
-2070722825
651556357
690462295
-2018911108
1573792967
-1904934216
1125054511
-1657200096
-992828594
1019529947
1944980114
1809026011
422717759
973790791
678450390
-1736114760
452255771
-869156644
-176288720
990810744
773596575
-1707978519
2118882373
960621202
-1724854147
656254929
-24154880
-1424758918
-1876163505
-1566818070
-406279770
1057576741
780456136
2041815720
1015891238
264524749
-1457778644
754992634
1014556597
-626959375
1315125505
-1416325133
734654874
-390109537
-1481500922
-1584139859
1145298758
-1614907403
-1249206428
-911562135
919296679
-1170966044
-1060547549
-1091393541
-1214149187
-1047503561
934537951
199627108
-815166868
-132135213
515844794
687343552
-1568941164
1651232064
-1929366124
-729446046
-340159650
-1083864472
-1160990599
340714301
-112104743
-1222408803
1230012251
1489785989
-704723260
1417492960
-2095642624
-1699297131
-915163731
2128755807
-2098122691
-45626605
740047674
-476133569
-8352924
37886545
-293962554
-661148516
826501882
-771326986
1077977903
-895224371
512018093
-2012301347
-1605990931
-817188116
-145870972
90365244
-909741209
-921715052
-223788456
221984264
2116921985
249723372
-513716862
-1773957992
-92120711
-823278364
-263381547
1528473480
-181783053
322483902
-1741412658
150151135
-1711668655
-948184368
-1428063734
-1847003788
2593864
-880347769
-1356185097
1676772749
-1120063312
-1462790737
668251086
-1149122616
1254510746
478213616
-22565696
1147204926
257631143
1172959899
-1665503633
1776025060
-1338940521
-475129946
1855925919
1810919477
1672367392
-588576011
-713396691
-1085556979
-388050432
517199579
818170687
-999960104
2021152853
525850847
-1903148356
1020062443
-78275796
-1568450366
755700990
1999204401
1703444567
2124680128
-962215482
953717258
-1387071614
1528563734
1314901872
1635077231
803616392
-613290812
1779585383
-276406695
-1008146686
1809138068
1891656154
-536226973
1622808865
1379554138
-1039596881
-1292041299
1517293501
-1616834436
-316565064
-1484116476
1257191853
-1001477708
-1065386972
-512552897
-110695336
-2013660396
583679287
551690731
-532237428
-395902646
-1726499779
-331197142
1603816078
1441652517
-384963141
-1957199401
-1814588815
573454167
378960872
-372252946
555948459
-235413892
-2020484517
-131518933
-852162331
478030171
-1011820284
-498434576
1497205009
393960298
-1366998432
232629611
-592120127
641595799
1295659240
1166139127
-1395820873
1089602885
-344471606
1671636163
915455928
-1642830956
2063418075
-1101515855
-986698331
35583205
1119326667
795039872
-136678965
1298145436
-1144393063
-426742996
1003189369
98097447
-396279991
-210985836
1568685010
1864916031
-2004753708
872086109
-1472074779
1161638766
-1886672544
-757936874
-489147398
1140275408
-785522767
-700238692
610581806
912172061
1765373406
904505024
846097986
2144363494
1046878535
585053222
574396591
-1598011618
-1208321594
1920644975
-250649859
-1816806692
1352085028
-1696312678
-507247532
2117083230
-798561330
1033428647
-1337416365
-798228656
1307444679
-1933430403
757922335
-825059250
2044618464
-952934899
47835583
-1536058457
2129951527
-769240394
1137432231
-1888417692
-432751460
-2117436949
-1026532206
-1017546872
1898501930
814366994
83990420
291329944
-499738667
-1025005137
373704815
-654582691
-702932177
1898858689
2109696548
-881023257
1949298448
-1690609556
-1526657843
-2026935851
483597189
1535295447
-193099350
1548422612
-656521464
2139239767
-1100520328
-788784539
312371697
1531043532
1891593737
-588618014
-1300708052
-1651239861
-460719087
-1032169534
-1351806932
-1044633347
-2072032707
-712102885
1220022815
54419014
1312315529
416292712
-1318446493
1075406120
-820323630
467035020
-335016904
248254954
2002521514
-369215722
-763039307
1854940660
1251705963
-1544840250
-380810752
-77769731
-1005304690
-798002864
838633145
-220863897
-176963011
-714213281
-18322250
-1116696599
-1874095579
-360971812
53824501
508141166
-737418095
1166626415
-287227186
-834721732
-1027465804
307421765
-1302069144
-1432673448
-1766318267
-809479916
-1654408595
-154159319
533075793
251348571
1993820673
-1846491045
1777461324
-415183378
637051887
-1512055034
622100072
593502385
-1175838683
-573715698
-1745967575
-1563231837
1965311074
-569922868
765212729
1285011230
-790034899
-1371850771
-1410486664
1974848604
1062516744
1404599962
-115509673
-1260828867
1198790117
-1460313383
-1193831322
-1074106810
-1588976423
-453404622
2027908394
1557314285
1596447247
1990193045
1040762676
1630581779
1365425406
788799355
-269067666
-1051693871
2023160030
-230528438
-429817673
1081518966
208965975
-1474246915
181656498
1332280528
-790712709
898592772
116720603
1295857579
-736152586
1315503208
-1894017830
-845204330
1583355780
-1162320078
1408379675
-732709396
-1480643934
-1370642163
-1443486050
2091645970
-1637332088
1657784362
-1147189493
621601277
-1670565547
-1106935197
-1336118007
-1763549706
-724482164
1308358050
-1199354673
1787712161
-1682748225
-851121532
1511341562
23043130
-1780111223
419210552
-1256827743
1302177314
-1679708992
-1830723411
492765094
1987663002
1913730539
1103419372
1284728910
1803306701
-668115214
876773825
1451241236
756790547
1109933076
724263585
1304797625
-291213453
1778569500
-54355769
1404550815
84525162
-498092329
1978926751
1709873495
-1636222998
-1472846912
1566621544
860353656
-1942904155
550521853
733157908
1124345010
-1959022198
-604287858
-1218015630
-1097494238
-981002865
1163793859
-2041724786
-835492633
332862385
785385711
1726176855
311772660
1981142328
-593543846
-182930558
-671668953
1666578495
801218683
2082412462
-218006629
-516021133
1660642662
1591188169
828868921
-1408063461
-239569021
-1788439631
454191253
1229807959
16639104
-2044791522
-1228338185
1458861996
-1884065400
1423150270
-1145931850
1038395839
-892022860
-472215391
1091620300
357315424
-685956159
-909609
-1670840665
-1109422134
-608774909
1106940759
-852217027
1143053352
-207300710
-244983775
24462434
1991040603
892986850
-561441881
1767756637
1476654074
994401583
-1494197911
-1898719304
-146051686
-2115718726
-441827106
-1587431849
414161486
-1536971307
1618708122
-584567349
-2124609679
-1182470042
-1622598740
889906151
1276819618
53436050
1997096776
1522843796
1057053711
756317368
-1015890267
-602127903
280690422
-424746336
-861219032
1615529310
141231721
-1355333900
111294146
-1122057559
-1894354863
-786326034
-119429483
362697545
-1872715596
1704716114
360639453
89580474
-621723846
-1834891361
520866573
-517824056
-1021581076
1321826432
-439379656
-1048871904
-727008705
-1070588792
-1363279950
-1602107613
1597568337
-1356619233
2024003063
-1341662467
-1684322190
-1668062794
-1473432118
-680460554
1420261605
1731193665
-403296863
1195587079
-1434094106
1270200038
1628026176
1446035632
1104156655
-1402622734
-532100957
-1839765496
124522550
-731268852
812502304
-1765743083
2069875834
-1122837332
1962845389
-636420259
140464895
1203860685
-624815074
889397693
1735088855
-283138336
-1804378670
1193450616
252912738
1616980228
280574224
1933952402
-1730357737
-390407820
1058244045
-855269281
1162895747
259512640
-691707024
-1309615786
73217169
-382132672
183995831
-1244517590
-728548596
-1203261371
883499995
508526875
-601099166
-944700016
1807957490
413690504
1265148330
1315451527
520483988
-1582320695
479645672
-1273110363
-1395933503
1569011771
-480460145
640434354
654985729
1196573083
-1761377722
-686592972
-1983500083
-1298397033
579638255
165014052
513880877
-454743390
1438489572
-1555281179
-662645342
9447687
-466849405
293736305
-1983542715
-830323391
-2030410004
194858965
-999765969
2082950792
731236617
-822749985
1742386459
-999541585
-1178281010
-686319340
-1294056118
1833923629
1169020609
-1716001561
-1708329562
369340280
465806780
-60589528
93946922
613550489
-1531481614
723485370
-285521280
716117500
-1827981521
1151219337
-1767760149
1632530824
-1830688413
1162046650
-1565728921
1051613423
57536096
1967426595
-140834035
-1672097722
1344729058
-755855620
-82571844
655699927
-889435696
-403436073
879043061
-1010685386
1883871425
-903838259
2061561095
1566941073
-2052641599
-972206599
391788907
-165490100
1443390547
493875242
228946801
1753534669
1949709242
360765651
-1281176549
-1269290861
2027183220
885297734
1997350472
-167496051
1996757254
1666252577
1214788116
-759650135
-1163968257
-1207482360
1110071934
-1678179158
1764960566
529690772
1709533516
727271486
1938998357
-226113654
1744504107
1222374991
-850671717
-1376410033
-1684509159
-1265424999
29546460
-1197984869
-427353081
-601136004
678888141
-987554451
-585751623
673220115
-1691547522
-2072609218
-1942321679
1070181508
499595558
-160145031
960679115
-664066919
-661198042
1919392553
1297914730
-1622022513
1463864648
517203700
1978733524
-1427779538
-266495673
-541818297
-1815660774
131918873
-1902843245
281916882
-1607883844
1871403623
-561496748
-1291255241
457135690
-806310287
-1816110673
-15014915
-1482862514
-153299475
-827347127
-1070832950
387008873
-1533813445
67134729
238149585
-1442591045
1492722942
-426958559
1278990216
-1882033016
-37757713
2144324941
-89814370
-1452737000
-643311635
1103223645
1926283820
577413085
162205015
-1830957583
-245554390
111853531
-1234084962
1235880323
264029476
-1949902780
-744136683
758198699
-1913716692
1068064866
-182552565
-884173155
-599415278
-1227366471
-2004795621
-2132183307
1923619538
518819692
-96919871
599398838
-1576337331
1421749727
1069728560
1414530192
353003836
-1061230435
1214810467
-1683172767
-1056979103
1631944828
-1643169166
1546350077
684460286
-1878914049
1254271014
-1820609230
-920544886
1477573627
-90767665
-24721402
-1969145438
-1556265348
1970069588
1890748482
-1814568387
1226890216
1853070474
-228651725
-1420089564
-1331115419
1495669449
1457590191
472173728
1837020024
1513375933
-1930915242
1126532212
641169390
2140414585
-1787606503
1343358477
1465204222
2064820177
828279552
-2081622537
-790547025
124670696
1554300199
956518547
1521663863
-1635130361
1150197257
423119879
-458237660
14653104
-1142894080
601417077
1454175487
1615467506
965904908
50236782
626040622
2075768319
606224851
-452221015
-1732143782
599912699
-915809816
-1069297169
1697395857
307492118
-1457286577
-265476519
781607276
-1481056804
728082752
1300688062
-1891152268
2100232907
74621483
-1116377242
-1669675839
666058021
815298812
843704066
-160574748
1689794312
-306625121
-481775136
-1723005434
-65333317
2025591750
943671898
-1301638832
935731530
-1278414103
1558098063
581240717
258413396
-1824554354
1843805013
1783466766
1185441570
576159434
-1300888467
-161048626
1270462716
-1016131321
-979409928
151178197
-1008405833
-1473582842
448605994
1092440544
1504906130
1256743463
-108745155
2143015489
-1795395261
1653749992
945520039
449056260
-1502712245
-1848863573
1536020110
-403863469
248521106
707881403
-909919621
1037689371
-1410933969
1080194960
-523526578
216321006
-763170170
-28940462
2092609649
1055306283
-465868393
1645923995
96749136
-1556904101
15724949
861739649
440106248
1825657054
-1517411146
-165108013
557463902
980965830
-468711095
-1698134623
1789113074
1823027202
1635201548
-434128127
1508376243
1145229246
-18280513
1886581008
-2058269547
-1782210294
1749436404
927655991
-1157968767
1628842937
769664297
1020733359
-1172541811
224175499
1569485848
1873588806
-766119315
-2100511090
579428940
20235106
-430507480
-1561112640
11022839
-1814308794
-622259186
1507708921
256825090
-195982956
-767823896
2034873095
-917647002
-684852974
-1264372879
-246933734
-930555718
-832972880
653828613
-1717279646
491138316
333596617
-758346856
1394787062
-102653709
582098857
-1464224023
-1449817353
-1847742236
1698582607
-657376522
-1911090443
1344158660
-1899269005
-1553597518
497516688
-1061310273
-909194295
-725172748
2051309410
-1599682985
-1790105977
-470743373
1837826588
-1255534913
-2009168603
-432653968
709980654
694680938
-718966685
728738291
11202604
-606260770
762662288
-1493854919
195726894
-51897395
-330091768
-1000852052
-1001939081
-1392751515
1592852733
-619092332
1462929944
-1884747546
-1099251078
-979858739
-1636058794
-52563339
1753914021
-1001805126
-1713072502
624023344
127386180
-1704198791
1003269192
-40042367
1629051265
-201109161
-886351933
-1940286793
459149809
-1726281850
120106096
-2135830062
-39455534
-1617914099
-1662095896
867000221
1914423700
-837891329
1987331090
-183777534
