-1919312319
1678815884
426653587
1160276445
1223761624
26094203
1199631270
-229637445
-254174671
-703707596
1173165321
1717034522
863056120
-1730763720
1336831763
2065337754
-1778476667
847562027
-514414179
1284228048
-1515263460
1883652810
-900987163
409757277
32457584
-1528233445
-1380355147
1399139643
-44556439
713020645
-1918534204
1599824730
1161316391
-1037353374
1645726811
-484245
-467027131
-329429198
42663739
1083667450
1509621089
770362515
862132157
-1219188286
2128323036
-324331825
1241436219
1025847100
-1855780130
-192183563
41715118
2009528953
-2097896036
-1827529781
682727320
694923825
880092893
-2036924926
341664292
-1336309989
-2106029127
792380331
-1919994230
-1750086018
1682498211
-1525435670
-70715976
-2025704953
-392027990
-1468881944
786313518
1280739549
-167803141
431739405
640284201
2101259762
-1759814486
-2057368465
-407656701
1334372252
2131361969
-918685307
1333626585
1628877923
-815425480
1384538655
901634926
1225986332
110091542
-1997424742
-76691122
-205616074
409194647
-1111865010
1973898806
-728188333
-653699457
615112011
-201458253
1926488090
473496655
-1280532411
1117021192
1702421835
-883003194
747544780
-1200999596
2087642387
250376106
1815693759
-1417830668
586870688
-753064505
1982435330
-1189312219
1686229240
176574776
-1724987538
-949459218
-560008954
966304228
-1223863543
937033276
557883638
-241820085
-627071882
-1883217330
-408196671
-670855038
1120091823
-1517759917
1766535179
-715833476
856076272
-833397168
139608364
-1160284022
-1058490634
1630697031
2073271691
-1864913628
1959266153
1521600405
1778848819
1125853417
-1549377131
-836563813
1312490399
1190962148
-1982271136
-654986591
2011223000
1549415696
1105930360
-783779338
-1898021439
-1257150179
93882315
-1439533989
388019121
-1503690380
-1139471300
-399309408
-200376510
-665313415
-1474088301
-988886385
-1221040024
-2113609713
1022478004
911837705
-588613179
954510176
1504375315
-1152674705
-873875910
-928400163
-1136575129
394474819
555406273
1216456580
-1415677539
1194924814
1029263225
-1776100768
589546511
7920003
1084436226
-1466996394
480844277
1516038628
992936714
-181068259
-1776406757
-1184903772
-666435800
-703654514
869628884
-859162803
-1457702168
1861053725
-1281509842
1197497763
1551527974
-1353988953
106768998
2062474505
208259743
1969723501
-920279394
762956580
-1575379772
-2100054176
-487658036
-707338050
2068975057
1658214814
1552999925
111533548
-1453320930
-608986308
-1401555557
-1473737615
-1872472395
1306419013
-367967116
-575798171
1960490276
187031299
-441724068
408622865
-852972397
1150708092
1658232715
290718749
1934478104
-2077747393
-1912650486
-1091969812
682809929
-1749125536
-880290718
95435335
684297746
2041082560
-1214656617
-41539528
-1074279223
-1073742191
1425506900
1575447608
1348920447
-734183656
764291431
-1568044660
-1090502247
256459189
1824431470
-73783317
-1520010594
-2137490144
-1736870702
1244315748
-1554856623
-795499788
-1901670156
-1951419266
-542365438
1277789553
1327581862
-583584864
-382795232
-1330309763
319730141
-94465357
886090515
27180268
1742247076
55769605
242507336
1256495360
-776879790
-1030451856
-599546484
993614131
-1363855361
1560375994
-1756501346
2085209651
863911731
-1356834241
-1439171330
1831154989
-606040096
-537367091
1778229515
-1314690226
962776210
1312737742
-766215092
-28920442
-997410844
-1098914644
1751184141
-1161742194
289267253
174950512
1214434094
-500122324
1213769372
-656391508
-1492604874
-812352331
223936280
-1784320357
41333934
188002771
1814894603
-702464634
50203820
1525412232
907666153
375284072
-1790460499
935235698
1792821292
-1482998315
546271144
-819161008
953370763
1342096151
1085737823
309268932
-2096202390
1763530649
247329271
1100588634
702524563
-761760888
-2017748533
1487265480
-247110874
1168757430
-467229572
-922910345
1802488782
404054210
-600915380
-1083321022
-738184139
1191920502
-1417611604
-1530540931
230094265
1463134063
-1137503726
-1694671816
-1354058401
-1127992573
-552831728
31753155
677326599
-1090436258
-600870750
-516110219
-465502239
890984430
-2088249401
-888657495
7283743
-1081126911
-1650944430
-66793207
-1202578452
-649699669
-1400151807
1375535886
1225517980
-12265235
537055950
67572678
2001431332
1542799890
-715093115
-934714408
1891670219
-1645397412
-1355406442
1771219397
-763960543
-1883229216
45156652
1834421104
-1204445648
1900941742
775854717
-995701792
-564783119
691672372
312938851
280727875
-1031667711
-115819037
1689457707
-2113566923
-138144108
648642322
-94830675
124903746
1786795689
-497323997
-1062453604
1731756457
1753747327
-710255901
-258325985
-82392990
-338583225
349424694
891678624
1941556834
-626863846
1966738163
-1349806109
175804701
-646453203
1858410764
1506069337
2041762380
-1998515646
15737586
126132149
-1961250832
-281890975
-2043412169
-700826945
-452773738
-1568895801
-932859788
-147802519
1531871195
-2046346977
11133804
1891676703
-1954416846
-2032801809
336401265
1576609123
491654884
1470011476
1424077574
-865450088
229270360
1435595506
1056728773
655794461
-482215276
1197708069
335571075
20683165
1126651395
-828330117
1533835441
2095323044
-854500232
462050662
708510213
-1119025802
1794007154
-1526551507
-1376890024
760008476
-659896671
1802236708
-519302191
-1955844674
1524437161
910503708
161043779
-378547144
-1377742811
-1948271844
-816125741
821547238
-1224063506
269529168
1572067806
1943189698
2133766556
-310617791
1312174873
-772804687
1295881548
-867621818
-1818725895
566075929
820801955
871024954
2063879252
-1351334986
222215699
-1819437458
836348999
1301981102
-657055396
1219827937
1246430810
-500496926
-1158730154
86021038
400977378
2037547398
1340516588
-818218299
-1334768730
1732904179
1667209067
1518560477
196139717
-371161413
14853116
-1430902615
1880805334
876350462
-766274961
1548622153
-1055273391
1930951675
1445056057
-1166502397
-1341845460
-904095511
-1041935169
621699378
2032329673
181711367
694779861
-1949404546
343860238
-276569359
1111192704
-1103677364
1428754133
1934685237
1625963011
-2077361032
-1159373433
-866307802
-477971175
1516986433
11125763
-56965393
1957839742
-241228924
532855235
-1597931286
-2137123916
1336716077
1649717569
-354257358
-265857789
-2105214230
-1435295337
-1257210762
624847808
-80079328
-1687419291
-1986235376
593057234
-516752350
1399912950
-289291947
1851050865
1747366816
-1162523227
1418757934
541075505
-1829234339
-1666530179
-1431800089
-267362241
-386701788
779932703
-382711481
-801733143
-980836356
-578514968
446903520
-1596284061
-743085414
795714130
-1546717785
1715727559
1761078038
-1234765670
1777482182
84119133
932426465
339739811
-443250768
-1291347172
-812194313
1509800218
1487794550
-619716751
-1314582448
-1132420134
21375321
-413754306
277110427
1015532176
-736638049
1423666724
2121870894
116534690
-1237454423
585032965
-1800001481
-1545923252
1321165381
2114031556
-2066326473
-1773433588
-232000703
-1000243122
-1984295503
-2063748800
1085665344
1279101918
1568024862
-44780788
1266326224
-782906500
1888588835
376878721
1162483642
-88792890
1254804741
-912003333
1198546332
-217595150
-1571582628
-2135384630
-1056573259
-1117841390
-1424530426
-897722605
141080576
2005098138
1870494302
541536504
-672557181
-1913132257
-1369114450
1603911926
1908308968
2094988897
1914617313
-545584241
-1055157428
-801736821
18767484
-1848849880
675376982
-306780488
-968384817
1208265523
847916171
-818756679
-1419977625
903704720
391199457
1038863637
526785222
244387888
-1271489647
-1573858480
-1674598571
1610726139
1274521649
-420055952
477792409
87158260
673494785
-616461380
929574053
-53874279
144453764
2070043078
-800191793
-1821676657
-1188500910
2120984748
-1011536730
2054809214
-315958484
-918458214
773116451
218723386
-1341227951
609140882
-971594467
202559010
-255300593
-341119121
-299487230
-2095147059
1674585500
-680371930
787778499
898607074
-1284644314
1536633935
-1984661232
-187794618
-1763903705
800263139
-1134405435
-15321475
1594181118
145393991
531543971
398842185
413372603
1803532937
475619651
1662945431
-387856326
1119973608
1882598982
1250038427
1876797298
-891759719
687079889
1238569273
95236110
-984653112
-1622037960
-1530245466
-1487545283
1011066588
267622648
-1440001969
-1960535610
-2048716801
449357291
-2063848455
337764958
-2145138211
1444630966
931334953
1279165757
-10385493
-766493819
1796079813
294319598
1126993002
1848229370
1487934714
-1248578458
-1815448724
-327948446
1818798944
1008640600
1423736087
175849769
64530268
-1859626553
1184326632
1172576911
234549958
-1432233764
188022202
1738492572
-2138289461
1642403577
-2113393336
1410637137
-601327853
14702349
421521392
-1922408417
-2011355
-1200927958
-772910151
2002043293
-1435094518
-40739500
-1724563049
-347146124
1889063984
-1139986022
2127136749
1674274205
-15300719
1372763498
-757923502
-1006164530
-208969196
-468824031
-1136184425
201377329
-793319885
635373794
1270407945
-1814491049
-622849571
-2038254168
-1367927309
1658855787
1731262365
-1407416419
211438694
-67092310
751846906
1936165035
-515444677
1583032594
-503226079
-2003116461
-1688714920
-989480359
955904705
1271850430
-300465613
-551992032
-1582951370
-1601209071
299198612
957408872
-310216983
-1506210299
-210037090
-2065914300
-1824117003
444804533
-459923441
1853574608
1066140686
1517610426
863297478
42412129
675638430
-181667212
1621008773
439428093
683644720
-2136882518
-1530764296
938018061
-1784338927
-1607637931
-1539229962
682139985
1911390516
-936605000
-2079737339
851662355
-782966186
1866000820
-624001245
-1418056289
-1056538782
-857595303
-101100093
1000892401
-1512802539
-1790387008
-816201195
-1595712848
653222885
-110023913
-1146280822
1050926171
516536606
-1829795332
2130924951
-1178685759
-1208922546
1475678735
585808312
852794550
-2090091293
-1477136702
796594615
-1984282877
-1882688494
1784966770
-1677292755
-1620927330
233154297
-440713285
-1297296055
2094471706
9664775
-973295609
1870937552
-8754080
-1861022565
-181829784
-322364828
-2072280417
-1843046421
-1241178713
-574356984
-1841783936
1211622439
-2146605923
1713085154
-1381893730
-444867875
-1685904448
995033155
380562229
513148318
1933005056
-1369307932
-1192290023
-2040749086
414839507
1016386930
258822376
-687719640
-70969458
-1684750515
1555578498
861586785
1485794807
-399761525
1815660729
-1646599794
928469783
-95175102
272958789
717679271
-349148845
-1226302970
-472254470
-1174267713
204147901
443115440
517312828
-1723068316
-1030866777
1096108641
-617766990
1136493643
-2091797895
-1105885242
1211607353
1564134701
-762343996
2054110364
1910562587
43883499
1283546518
1460819318
1676976512
-272291336
-1173444849
-543076418
813909540
-707884041
-935892684
679839481
1398937161
1806502562
-1560359421
912560718
-556222481
1416930798
304568518
-649103800
236942914
1462183532
961750444
1745661658
1016405332
-1510579982
187698836
1047156131
-1144365812
217354362
830523692
-862590860
-1309939875
-329913783
1330729530
-1454672882
-1661747782
1593102419
1488337465
-1115281617
-1868734008
-50575907
1499178791
-763850289
-56631979
1387432548
-1843257443
-1707928410
694932872
-1902641475
-749440225
-1933359886
-2099569318
-1498630019
1977832373
2130659446
-853378236
1961977754
935883962
-908300859
137205305
626946642
2138850035
-782203712
-879215145
-36279477
1971751395
489798492
2029486552
-1454946821
-622618020
1791034024
-1504162610
75492681
1014810201
-699973618
1862301199
460726388
-393460213
-1668428072
-136675603
-619529676
-139339215
-59914
-423399638
-1537685986
-2114011220
-2147207683
58033322
-1138882484
1033160786
243340147
-582899094
-1127097540
-505565950
76562761
2104814256
272205816
-1390613257
-910913624
-1301917564
-875070345
-747647391
-137477392
-570626978
1982137411
-1015786447
243152637
-482021344
-2095290533
1997094196
-763268437
2091259462
638292826
858153059
1429467036
247253083
998617815
2045639288
1846647352
-973424466
-87271665
-1425227580
-2013737484
1045095238
678369217
428330303
-429796905
390081042
644533593
-931874848
-1745675974
471138404
1459603792
-1425444561
-736998193
808835488
1493741778
624341528
1821269987
376917808
353492384
-1445391103
-1149291033
-1246481990
-334796489
263859229
1010539564
1889466773
-1989261774
-2141443838
84843501
-212514184
1968114668
-2145392263
442591378
-419725708
-44083095
1476296084
329215539
-443454429
8973429
1259109126
-1972485030
-577709023
-1780750835
1049538990
371951884
-1728486981
255573246
1741493620
876537866
91523814
13428172
-666242728
32428628
377002867
1776238293
1557182408
1783278062
100616063
-382751820
-1489959887
-1163565595
1741234479
-1088584982
-1968201257
239596180
-42095203
-619269701
-1451185175
-827141597
-1165798131
138918485
456858319
-2059746992
-1670798749
-1630867401
-1301851449
1430545521
1265862105
-1402693936
-816871505
-669040455
896962284
-124795290
1766984227
1824556474
-1893772905
1702509369
-1016933942
-761107670
1543137987
684421864
1298847981
-1877661975
-5974019
-34227182
-2012668599
-308625598
-1854040471
2123766848
1948408357
2042051952
324910326
374484993
-1729507419
389219428
310085074
-856594090
-86070432
-1822076987
586152736
1164005456
1373562417
-151445704
161364712
-1725257225
1294576458
33493473
1891010127
265791854
-13067122
541259304
1342083079
1730776916
1912113182
889459135
380354056
1711168364
-1956682956
-1046780444
1748193919
-1632799617
-1947820496
-2121567261
1530900487
-1867748736
-1722931728
-1003928097
-1858523882
582694641
-1719818652
-1194934320
-792450375
-1192648827
-1868635552
-96305969
-1518509437
-625107193
1273312435
-631128943
-1369923646
2145187962
1025740409
-258136784
-107653132
454711424
2073265837
-78553807
75486841
1860741375
692408066
835764674
-1788022903
289241857
1540989426
971226435
-892768665
1645587163
-945553898
1343848967
-235556138
358458001
258261688
539176283
1194930636
1899028088
-709885530
-712010042
-593441435
175806493
-1458628023
635326354
-78235622
1178319717
507015669
1329895051
1093523250
-1017607691
-174465663
468141062
369875064
1108512979
-400060390
66646564
1637379885
-1183198131
-1540709548
710665559
1690725440
1248482841
-353923967
-1956939483
1932436924
1096374717
-2069490874
-1274473172
-512368255
-1635251407
-1758880406
1728376421
-1357236426
-848860222
-1673403407
-516220756
1180704125
-1705793224
-536255127
-224285569
-1545169303
-1081392326
-1041749629
-863173371
-2081607892
-509041935
1975953892
2096847442
-53623020
-1087698708
1296430141
1284062185
-1881714248
134608195
-1869653608
534032258
47581294
-2013499906
614416117
489486348
-932659457
1795147703
-15473899
-121026316
-754298979
-1407200131
516042132
-1130305113
296833556
-1609261829
702536509
-1180463786
-1537764800
-767031335
1068735385
-1497832712
-438437441
-2000153759
565244873
584753557
2128142566
-1896839835
-806421867
-1156803392
-853804296
-635095712
-1673117244
-550867612
1973178773
367285467
-1353482067
-2118427965
347210607
-1492493806
-127806450
1668788156
-886392252
-1483247401
-1910986981
-1288890292
674827271
1189123509
-17393190
-361618602
1750874976
-871055529
-412878675
-547216218
-1558246569
-996099541
482122032
1604760371
-1270638005
595761729
-1302712251
1369720740
199063592
-599267463
1017476460
301186837
725248984
-763369507
-1077565609
1437255194
764255226
1864215627
1089160637
1368485891
173543121
1457242967
-1549003666
-746357151
801420670
1097709167
1437842343
-1306518327
64845425
-546720449
-613574233
-808250153
-538842339
-963177643
-41838207
-2056339851
945800426
401898504
-1706613964
-1103220643
439881072
-1164771178
-991004424
1206613211
-1615088159
-1198431092
1196561882
-1139947817
-457365051
1247104106
6742410
602938130
-1541678867
232141446
1096502643
-1184859728
-1742082911
-1767356880
-740118772
1700588533
-258237413
498309398
-299144339
1333461587
1739772985
1868971754
164874277
-1288489308
1548822125
49693505
1947891018
-2096517453
-1295699209
1060280766
-339401520
690103040
1774715478
-1750045585
-1106722018
-110826044
-814611973
1108634742
1684284638
-147356110
171350080
-1928460053
-1827193324
942337023
1735426967
1268035585
804140658
36095780
855144710
-1655341465
-1665601815
1589657570
350402002
-1824390928
-985871229
450351878
1528264826
-1692996491
787995759
1770628718
-1488612122
951840761
-286677667
-936369717
636327904
-1093925617
-2012792308
1995493287
1547120067
1923605112
-1052417760
1246218921
1462354033
-1167428337
92071480
-1232717032
1660715146
-1506704663
-1223006144
1920772253
-1413394982
-928326472
2127313155
-1563286452
888222482
-151469713
1148592643
672501477
1519937722
604395563
-1914953076
-425296042
-1471474842
965698641
468876038
-177762940
-823447257
262969331
265460107
-687602358
635136580
-1796724617
-1204175943
-978369087
-1514030806
-487290502
-1854973496
-1159442239
364387744
-1990626831
2025762526
269504168
385404734
1443467153
-1416629599
846924377
1777771295
-2045408144
-974972914
141339015
-1180067627
-1529394452
-1917377144
-272620237
702726813
-1338344501
1040611892
319178354
49937619
-76156252
363959427
-1705694348
56305831
14376060
-499700209
-1541629759
-174072303
93928627
-592330581
689412804
859687170
1772442657
-1770010443
-386385011
933307867
1757664891
-1820501843
871518418
-1995566814
1107431931
252367371
337028662
723164786
1732341056
-528099508
-1061156915
-448861517
-656810126
1888930637
-362286881
-1239966325
-399948119
-1274646051
-699342100
1422560788
-1453899633
2146731404
1003530480
482639567
-1494521533
-1350478135
-1327166744
-670948137
1531847808
965330987
1164031380
-1333399975
1529500926
-818529266
-877766019
-172016573
1781048855
252856162
-1745335239
499057467
1071860654
-43237953
321592045
2002847698
125525068
-686232901
37221650
-783275527
2133272971
-1733751680
2087440508
222262195
-1868350793
-1360829544
688955288
1176035084
-1377448527
1060072458
-308930827
645793609
-1190198762
-1396042837
-297613563
168180064
-1316089183
1667170733
-600404445
-93808726
1561739469
1177961339
-2137807145
-243776298
528766654
1171223241
1177802329
-1664890336
-880811167
-1178556186
-173834413
1057500355
1689359569
-213855404
-1300980501
-105158996
907695356
-1557512807
-1718097408
2096707183
-911405946
-843357097
-1232422734
-1051166082
-469291027
472475034
-1257488856
1692306327
-1237157139
-109534607
385177229
-1649849730
-1298366939
1917150655
1710884186
2034226412
1834410745
-1083202478
-137611814
-1979378233
1811777978
-2026231244
1284210667
-465132398
-663886332
-1734424255
-1142557439
-988436442
2093825383
1721654521
956971376
-977358686
-531518391
510441367
550202857
-1567572833
-1667492598
2026228834
-1134842555
1509088680
1050631529
-1917146302
-569761151
1959473128
250846758
1712533
2025716489
1244731685
-1439029017
-478014397
-1900562119
-510655763
1025607775
996402959
1421257504
117376014
-1092165972
-619215568
-197621370
954543434
-1960557056
-1665278176
1046840112
1128885579
110237571
1064104371
-1315227551
-811057196
1952136312
36481642
28142244
-2028430279
419622302
300760328
1998283977
-215165167
786203864
-1038827930
-807051476
1469279017
-587447025
46864515
899507260
-968434246
1318206551
-1425495073
2080602427
-1587858978
-1810979760
-1747111416
1513426754
996843328
595682510
-878070412
443809928
-376799213
-2137219908
677491345
1107926499
1791797829
-656648899
-191580646
-1475440499
1222682611
-1546403053
-2059203412
254317611
-1230273761
-1396524476
1804949401
-1747235573
1541675167
1201420282
-1095230726
-954614099
-1959975336
-221174102
882481418
-1415960956
570788012
-960446343
-111571278
742801149
175790896
-169724966
-1440766625
1195257536
1024323746
1272016507
-1375293925
327460917
-1593715175
933442145
-602408485
-2083586743
560027006
226679121
20144917
257698673
1359817530
-18978190
1366678678
-1570626578
-1897897168
-443816401
393845137
718328915
-2146332434
-1617105822
1441276666
605991748
426956574
-45866834
1854402068
365614463
862351938
1786900780
-227260343
-1199780064
-1618691424
-1316707511
1254599737
-1788156640
-179580550
-1157510419
216912916
1731416862
1275096450
-1114796064
995368236
1121823074
241859212
777413993
-276557627
-679114979
680493189
854726711
-1893915089
-1551878923
1530398115
-1487710587
-1495264746
1524818881
1412194269
-1026746760
1464809240
1835504529
-941053539
1702592203
982322072
1829431024
-1454453324
1656763821
1012566225
1537042028
1759043214
536492521
-1062930642
-1339623338
-29545306
1719642695
-63722537
1302565061
949538875
-949870798
-1292137585
126639585
827103811
-1125352806
-509122884
-1911491491
-1073504096
1263751707
-1186889017
1477984325
-501622383
503273310
-438573914
72957433
1342995051
-2090114369
1356476598
-1588084872
268766599
-1660550096
1985557453
-971914783
2847614
622902876
1482516879
-1762781385
-713407597
1089818639
187896832
-196777884
1469333360
-2106871852
-1979729829
-1645554816
517000725
-86925857
-768731871
296331858
1654698509
-1486950355
1566238068
369235222
-1966379294
-1871708951
-1258682971
113679744
-115797550
1326565137
-1638871798
584640001
-1711058494
-669920935
-371478251
-647753400
625228402
310229839
1141015969
-1109942773
-238561551
-274920257
257945231
-1261585658
-286683309
640799576
-1206528367
-1254860989
-1103286878
-260901233
-1930297531
1086354076
1219411474
-167942718
-876413307
1629975166
784580215
-14187359
-1821426435
1829928687
-2122624773
-269190711
224709117
1148988369
-1628281333
2090550193
-1575872369
-932646297
1724649873
-630212663
243595724
-2115027176
1034780520
-1942368288
-447846293
814487411
941636364
585755077
1872689562
202218611
-349913455
425647409
511248144
724364547
-1494582058
-1378022429
873653858
-1182454589
-1782457606
69455885
72663446
2116924172
1638911245
-771691282
-167582475
-199645646
-1789785590
605545919
903779877
-1363179768
339610373
1401773779
253020278
-1934659416
1660176800
1571089657
-369933701
-421064589
1512337859
1717696292
-1336801059
1528732246
-1818854773
488803918
2141725291
1631206735
-606610814
-130719848
815794548
-1262494673
705383185
685384885
-193896872
-488042847
-1305686222
-970049911
-1903513764
1894100586
755167593
-511891956
242182590
-60590863
923888884
193429364
1062946825
649293058
-328157631
-1227875437
-1166159446
-1053934386
-1649338721
-383605891
-357187646
-1945859018
-1993912520
-863229331
-1227007171
1740180296
124516159
2687464
-1623840734
1633017097
548800869
-1984353245
613642796
-901289356
1313625232
471797921
1640533658
585294275
1993393102
318920480
47769411
306111980
1759752583
856362165
-1229643028
-882298258
348961266
2127001397
-382599459
-278120628
515489994
1955674839
-392516175
1363407193
-1627644352
-403917289
-1911959698
-1659796810
-1078515917
-1691895844
1590777557
718360473
-1896708963
1655370716
-924127238
-1630559409
-1271525808
885250367
1240448022
324280707
-1728307997
1021489026
-928024933
-1883469888
111314662
581115294
1248614280
2109965108
-1034830500
-508330136
658654974
-1774674250
2060761962
571583803
2056599059
-1623552759
-1798062773
777656787
1573630182
257250146
1653535366
-900699525
1918369267
-1090906073
-329932957
77000043
-580690264
-857826823
566845850
234656362
1888765240
-2043768076
-1866167218
1830767035
-1180593234
-782660555
1085656889
-124064458
-755877820
1575740828
800234791
-1428482124
1672067829
-846588462
-56293976
321425072
1786220624
-2045679987
1326511616
904995370
1837647246
-1018056430
-2076699294
-1798101298
139778534
1946672891
-2111655843
-1276907946
-1359095520
435761978
1854367638
1195041323
-744158360
881565533
-2131585609
-1472125870
1846660708
540518674
-2010537817
-807413114
-1776718968
-744466
-1042961925
-945453152
1594228648
1887978345
-1002155349
-493021377
852215758
-324089555
-607877624
-1927839836
1753605965
-324971633
-82804755
-1152180771
-407831786
-1345056675
1200980533
-268816347
439029321
220092378
578612588
522457738
-815414257
-1474628602
224506056
-551870000
-1397699930
313464865
-656915111
266561685
1448078269
59427954
-1969313665
1939634869
879840769
1046336068
1823279517
1318789871
-78791689
-1398258640
-994631925
-1531066680
1745224716
-1765902686
137975376
-1001872209
-1049770519
-804529003
-1423158383
-1547349919
-31112948
-401017696
1244427331
-365751922
761854100
932479542
1133136167
-309589828
790052955
-1646225623
1620327288
1434271340
-2032597175
1822962032
-122105507
-1922170758
1465676519
-871730903
-1373354588
-1680526903
1516576818
-1892373792
779314865
60911647
308223409
1058331153
490795188
-513592244
-413207863
325203947
-923674855
-1086959470
1699366992
-1311638954
-2022166204
-2108001984
948569695
606764855
-1878278530
574653343
-1151337621
1481074674
55719209
1959601938
621240470
1027959088
878760251
-1796305800
-2039951549
-952839454
2107889129
832989140
1537178599
-1424092028
1146091170
1116657712
1326893606
-535576154
-1093870786
770402749
-404451810
63036071
-1916325001
-1178233281
-495612163
-777888316
-544469609
799434663
1441210073
1476093008
1094083699
-814407423
314694591
1833652292
1012078743
337449360
-1233719796
-804532742
-1456551742
-769984970
859985915
167554613
692338068
-281768679
1261054591
-1548493724
1903778949
1369653124
268153683
-314575577
71554585
-970652150
-1901791154
-511753966
1202586449
2113202928
-1554377733
-1146808400
-976771484
-1981886772
-1562687639
1166274249
378897071
1689801577
891934014
-1043162648
-598867991
1606619373
-330892782
1946648087
1021332634
622491965
-545679879
-3359252
-240733235
-1181610592
-968074399
1220321737
-419685884
-2037462366
-1354787042
-1069170594
880268651
934342202
-901323325
-1886737550
588404049
1037138991
-1210291661
772351203
-475509549
-752278346
402151799
1745952747
1568232665
-1850969760
2043998161
-908848476
614086982
1459838002
1800676112
-916890675
-1289591445
-12536555
-295852507
-617824050
-1604377668
-1025509008
-1864297994
392710137
-288447291
-204045805
1653688177
-150277358
-11533986
-890295466
-148152604
-2136859119
353676317
-1334453375
242006156
2137228837
498271755
1269468014
-1325333909
-449692420
444664475
-238439059
-51755170
-1897329599
-1084668201
837963367
963795822
1592331622
-1101295652
84913477
1809201510
479426978
-1688327032
175113362
-1345247836
474084925
-1948555663
-1995025826
1127655988
1119936779
-730679784
627108454
254263322
629367093
-1294729634
948698737
-1520387602
2114011198
1432259382
-30816004
434291630
-819278011
-1071331429
-1054851559
-501937201
1742691463
346087108
1616275091
1336338837
286719272
1031126166
-650524330
1211995300
-365383886
-178577062
-1780054259
1217216981
-1239279651
-418726737
2084768780
1797699917
670458384
-688946238
-989168527
1044363724
1545470248
1974974139
1942961797
1900920130
1614371831
1744652666
-2051979417
1622143655
-2006670322
-230710398
437915115
-333545205
-515154625
2091182901
-1584773185
-782080020
-1452385955
648564801
-1868311345
-1992650553
-1192809403
-79820454
-480477974
-980949519
-1172284382
156039465
2079089573
-1490845018
799658475
-303485309
-724216193
1549750370
1606766128
-323374114
-1282516667
2019730799
1170138646
-358129152
1278284984
748271807
-941503328
-694572552
1010633580
-376963333
1461316655
-824079790
-1252083470
1757070555
1062671435
-1623055483
1332150073
-275080520
-976306269
-1098276944
344032817
-1079024290
2022028882
1654940037
712962480
1037314087
156962915
1916776069
-638447207
-871048124
-1167958889
1521502317
-567447494
-1564350115
-906825883
589605360
-1038032138
-102100131
-1095852479
1920064165
1542258979
1982132614
-1088263391
-834335166
637314357
1202012875
-641211332
-1066171638
-1898783717
-1842629794
-514442220
482694020
1388177129
753395590
582901174
-1641074835
1652961974
1272897462
505250112
-113627154
-1170576697
1045105115
-1230633820
1100495633
967313644
-1076128779
657886378
-1110005135
253888554
-620899351
-564940229
-1794627279
2066587033
-1850419052
616087515
-228983506
-1429791857
1311799331
-772258953
-1994903688
-1938857218
-308908127
183335008
-1008252931
-330004710
1401251793
306957719
1127321735
-1007777986
889385789
346688586
-1137634585
-1684847856
-620570226
-751115618
1524549234
-1626141470
1086800926
1799149231
-1063083860
-1147044261
1044291531
-1069029932
-819495613
-882609322
-1954723826
1430213671
225513790
-1539485943
-708948149
1997697092
2088852854
1644097386
-382207895
1574915919
-1279372220
-1434127667
46511525
1891026236
-1558206853
172438481
-1439514461
-965665462
490204056
474914685
1326292934
-1225304369
2091620664
-1759589979
664677568
1012722235
987463114
-746986606
958197868
-1369286058
-139480444
404420833
-1025251366
1035539916
1338718362
819762859
-1589770581
1927638251
1849669037
1182810342
1358695071
-819748950
-1134820479
-525510134
-1874168724
-1065269268
-1800960269
-1408999177
-995247663
632071174
-926449111
1687005461
1053230313
638551422
-332737014
-543625028
-1412098876
-1344018411
841737969
26573270
-670428365
1280079112
-1122002788
-1161787197
-1123519517
2036037265
667129194
1526885756
1919299756
1872166835
-85109563
2016443130
1144452907
1009863735
2038338780
-1267953448
445848461
-954688271
2075868053
1119951671
-1239784275
-1804463033
-194522430
-1868387103
-1647377055
2017941235
-1663626350
-638675024
328619793
-1318652665
1283470665
613426992
-210622072
-504111311
-1004604621
-1754504829
257866766
-1860146112
2130279894
-540118395
-1007766602
2119545575
771214182
1334650159
427795187
1255160767
1257962365
516165440
-1871251855
1472679826
513458699
1015108377
-1918870750
751068630
978980234
-193782808
1808003478
270825334
-591176586
1655584777
1109123727
2064988632
-1225755140
-598116952
162932948
-956529125
-754419215
-1566595670
-1622629307
1817735328
-730170363
251947213
684378671
-1089809204
-731242953
-78238963
931759841
-1712629493
-903422325
641331529
-39902081
2141662999
-941749253
1442045222
-1845343467
2040927353
-1841129814
-1210479821
1442606574
1394628431
-303747233
-1844859058
2064202278
-1626741936
-911578576
-1864985787
-1641686402
1865587469
-1972119427
1879530431
-1229970321
1916567929
-1276359136
1139685213
-798817663
-921929813
-55130654
1703926811
1660858332
-1016950047
1010997552
-772081924
-1677682401
-1835839800
897515278
1572106726
-1330121104
556474361
-422377910
1275573194
-1103007021
-1562760505
207519477
-447201529
-624593729
564011575
-388266225
1904497168
-1661346834
-1745054897
717205121
1245605451
1839286388
-595582829
162981455
2000546108
-1345372397
1422881228
595701517
-1048253470
22658765
-1361257461
-2115814766
1442612321
710286265
-1726347795
-723290901
-1064456736
-2113391846
-7664609
-931911534
971535028
-1501016915
-683087324
1640477152
1368951997
64306497
616246101
580580799
-300341232
1145937549
382543913
-426012765
1401924566
-387698627
-1159507018
-735155526
1777315187
-804211123
-1499898505
-1922418079
1120432618
-792729446
-1248187569
56395226
-132210305
127551414
-1620119602
-874038468
1589318045
1646455547
858972338
-1125122646
-914241286
28089314
-1175629393
1702470343
-1091395080
-2127244651
-1540606094
164860776
673656654
303654850
-929736989
1116865419
800573159
-308867151
667198634
-1313000056
-383002871
1095496344
976394485
1305820294
2100816314
-1797589458
390429559
439022128
776862302
-1820226435
1700588467
1323701159
707461540
523967484
-1713952391
-1407469127
39246755
-383101732
33808817
701997139
1832512575
1571948450
-1024425130
1311633716
-574741039
925651189
573989061
26379747
-1230547449
1237855928
766714168
-871508765
-1423385337
855822939
798508684
2058812964
-302173478
951272558
1069992778
2002627259
1973804808
1408511350
-281535260
-1010453547
230737534
-1130309628
1048966718
-377371415
-2067139656
936886274
1370938992
379153708
-1049674469
1883652944
697126858
-1862642614
1292725666
254166927
-504116457
511411794
809817021
-1844451013
-570402010
-1607136527
1158503029
-1320253441
-122794875
224213986
764448979
-443956156
1578442127
117477029
1653752706
1602765322
2010114729
838845806
-1651077965
-891599621
951638728
1527495520
-1132560832
161446333
-1269805003
-1877655558
-62731756
-579829625
-178265708
-149244463
-1861874487
494013686
1642422050
1386506367
-1724997998
-1272271071
408053821
601607643
-1177416102
-2028365334
-940485335
-264690071
1253747501
-1900938601
-871859952
-796511980
1777450967
-1929661024
1130430538
2141971994
272590026
-725443382
2087120607
1017933127
-340063164
-1606782348
493617993
193577829
1503014065
1301237296
-1192263299
-135478542
-151212723
255800981
191441452
-1452833773
1887238413
-560790446
-2093620666
-949401655
572775359
-983965050
1076416191
-1180081567
-828994193
1919680591
-953423724
1412553009
-482897907
-408008800
-746107632
-74864768
17384268
1637494104
454479435
17424069
-1882500404
753528463
1764329459
275256852
419324538
1480249138
222264398
-382477099
-850682569
1115434449
1804959102
-1599331146
-1903949385
1025212599
900720391
-718481694
-314193493
1867157563
-451351666
-1815869326
-376199390
264143445
-91260189
-444497372
-1014131668
-384070797
-63962047
-1274376374
2067726528
204101773
1978702036
-819509244
-1637733665
-13531530
1566454394
-1499608399
-280638216
-1533101451
874586829
-939321182
720686734
1372598292
1756032609
1450215952
-2070553833
176738359
-1848633270
-1383592624
989004583
-878303889
-852188704
-786389692
1232587725
290505104
1503281861
-2103977196
-1846128579
-145430400
1502321959
459020062
-831891025
786076753
-523242942
487527722
469471621
-1735317870
734468904
-1310791710
1626223027
1054104290
1267059140
-1096335488
809752411
630542021
411457051
1129572296
96754614
1999352506
-800941099
1612230969
-834611397
-622823284
340765692
-1365100161
409023225
-1388014872
-874752254
-1465497813
342813768
-1468294609
-1493183736
2020715685
-1416237408
-1530172787
911606365
-411244960
-1958828088
624889674
-180675004
-1175459760
-2051884494
-1573089440
-1848587782
-409940327
1081078181
164785996
-1206726154
35677576
-660382180
-461702104
-1126032526
568507590
427866350
1918940153
-1890547670
-1035912758
-1530365906
-99590330
702599779
-1521033841
907097172
1262137321
1998169390
-1525763705
193938460
535853352
-587500307
109547470
-1252019539
-639511289
-841163754
-1611679070
-1257638914
-119944489
992575542
-851577069
-1271006347
1228229394
1136378681
-1537925386
-771057456
-173173654
608814311
544890399
-484294840
2092652063
1088583857
-1764389170
847420147
-1202117744
184538030
-449418903
-1506437015
876678421
-864069921
-1731167381
1579729578
-1809157621
-1121814086
525015452
1266817855
-1236639697
-1035159322
-1063140990
-1683500898
262804527
1473072450
656711191
-2052950318
-854823042
819908395
330310587
1490527835
-179013785
1919371774
841873259
60106066
-554946203
254247899
-186608333
1958936273
298610865
-466584148
-1088525855
-1332401007
1354459419
333606757
1094210555
-2105821485
929110813
-1473723251
-1299005454
-518361468
757984556
1574624508
62378902
973055387
-2147416495
1264686565
1402756301
1952680389
1111571960
-935469290
12089215
-223345340
267695368
34398334
-483385644
-1138013676
-2104464333
980055023
1482104225
824011599
-856003698
-136644827
1017057823
-831805231
2110672740
-17712633
649427165
136991007
-1768075706
-1334211284
-930942217
-1085252220
819989606
834221216
1478245256
1271278716
-1914580955
1430635239
248021084
599457366
1129442281
-1586421695
-565702166
1505957908
-475958988
-1652342225
1606524544
653963413
86016241
349230902
325807296
-1954018315
1982844177
-1767216414
1600735562
1889102132
621813590
-1068808691
1588534202
966895125
1076033902
-224424096
-1186769196
291552584
621584963
-584224742
490452990
-1737260342
995701905
-1444593392
-427685394
-1325907316
122389176
-1084685324
1779818147
-1685314222
-459938861
-1340363559
-1151634280
1069514718
-1943388664
2064449526
-1638450377
2069721165
-45096415
828311465
1673046667
-2100990528
-1643967397
678323903
1250845242
1868279358
-2104811906
1331104498
-1834433615
-369129768
896657197
381879218
-112231520
-1396364787
282561151
-1660321496
-348016983
1126328432
365158349
-846184585
1111473491
-1064020089
382687437
-1463688636
349754180
96338678
1049282015
-1911552904
-1809467985
-379679779
1219398567
-1147142076
2143126795
662657661
-728818213
598586213
-1547147771
740378145
-1059204259
-1767914584
-1696643658
-1581656261
-1852151924
914171824
-1666765544
2101348300
445299926
1563162615
503961526
328869385
2144580753
-19018734
131367330
2100608315
-1666764789
227420216
396435628
916760806
-492269857
767278852
-595755824
-155929043
1021984394
-540177543
-1610163217
761362292
-1266929859
421594951
1424504002
-2108936633
-609467917
-1546714804
1880366347
240643961
228000710
-1056384931
-235739380
1907516816
-1699198338
-1077404091
458269245
1874580832
504399467
212264717
-1906445512
1800947957
-1704141452
-1068021635
1506932472
577635510
565011311
-1265316381
-2106940094
-319575354
-1178205262
-2083331054
-1595120030
-1120751443
-638849047
-1432911443
-1617375206
1107888951
791324713
-358510683
1159708119
322909340
-1481052091
1945032191
999110694
1505095904
-250132896
-1632800550
-2098602139
864121980
1401335491
-681504336
-1737830979
1295896894
-285218576
-196833061
392766543
407031149
-272604681
1953796955
-1205291091
1461422384
201553927
519588054
-2064085109
-1056401873
114549575
1435076063
263138741
1889101178
-1505077274
-179454342
-1154494396
181677993
1934341488
1388684511
-1648024820
-902710459
925521763
1179742334
-1661922216
1025811814
-709666046
671355203
-1592213287
-650506083
1097461352
1415566107
-898716966
-329523693
-1723859745
1950037429
-2014531400
-1013263118
1413270642
1622473869
676492945
-2073469949
-579379008
1963637541
-1154205893
-2003457641
1658042130
1402298773
-663670664
-1998811733
1750020016
895716678
-1775755673
1675377222
295286896
1965138426
-1145865668
1505799718
-109146993
310112014
849244211
-1904630373
-478634557
-618175229
538886337
384054705
-184812912
-293494982
-1313930996
-1353681516
1656669658
-1467922946
-249041251
225303088
1608618939
616303816
1332660820
53422103
2055225238
2060964029
-1682313572
-169795672
-1741582484
1460706170
-540273442
-2101524628
915224685
1809157652
-627442118
720664771
87365842
2031810650
1238725492
314774207
156744425
-618651556
-887893972
-337971377
997160305
290160177
905284946
428717728
-2006794969
-827822093
-48791849
-1360819009
-1268810848
-2067944946
1793964200
-1435363966
1226080089
388229050
-1389146409
-2087724376
1200183564
1723375557
1150903579
-693100481
688273988
-1899970155
-99401350
-2054909115
126003507
822853229
1187272260
-1724334446
-701817405
-1201184017
-1301252285
1811245556
49994730
2126071009
228437551
1092110235
-597123262
-1105540813
1268408935
1399755703
-1359352872
-559872448
-997079074
881298015
-679864253
1296696916
-1409037997
-98707532
1825531128
-1742918034
-610999868
1692755526
-1455835939
405065030
-1199728348
-922931274
-1284785381
1203967633
-366438325
-769985637
-1113017800
-750449022
-32929747
780204201
-518131612
247081364
-1901711282
170671120
2001792274
1598006406
1701742709
28029729
-1611691062
727373991
-1617448545
-1476951241
-673595331
1844318291
-1728509386
-559328300
337174425
906469309
875155842
1919229706
1508520734
1535329773
-1475277217
-1336663013
-1052270607
-378398196
-536826576
-477503389
-1162708944
599623903
2140145939
-465227146
816957766
1371416209
-33991594
-1921119355
582400895
1405573300
16815144
424825605
-416360738
2050301065
211952531
149610641
-1229635282
-1717998209
-567152215
1922805775
668027222
897257465
-294392067
-678382574
448910321
435143764
-506896811
462088831
1421507870
1752704552
1461058717
-347629710
-621771885
103005133
-121949155
-211432862
2099433720
1416100384
-835268882
1346146690
-30821518
58540166
601218218
-917078166
-858776451
-1195306704
2009317218
-814913802
1090615550
-707982944
1942524884
202076526
510949016
1239834476
1082747101
1017443047
-1750316483
1734468930
1431304748
1381015784
-407942136
-439034837
629596728
-1988489393
-1620378550
-1196747501
-1099794573
-1404790923
313181666
608118408
192792767
-1525478000
-1727524398
2048506562
1089891617
1057679449
512720910
1539914211
59316916
-1498431762
1598052757
320033919
-1585694497
1193165048
222859205
-95014307
-389750326
-1086583536
-1926177557
-1593357953
1441138445
1067714910
978442777
446308703
-95375958
-194174333
-1306255812
167347835
955741501
-1755081544
864729709
-1788743149
1949752945
-1238686921
22587271
-1777063375
-732494666
239264217
306641145
1766022633
822263600
-179735296
1704650972
-1542307358
-581214990
-1872041034
-1609035449
933687572
219115627
-2133878762
1103914722
-191523374
-464626144
645237226
-938948423
-1034019061
467247771
357863317
1890728274
-1195801140
-1055915102
1548149043
1917129984
-919116024
-1092738900
-1204889090
1201985913
141882779
-79489392
1383359475
-311930202
1665304716
1422862975
-1367672396
2029732026
-1516418670
1198370868
-2007276880
1978387334
-206125095
-2027249815
-1640329856
-1270130934
-123964667
901221516
1330195604
1097829710
648888951
863697074
772667662
-874925709
69995726
1513106636
-1051279379
-1328050172
-165588048
-1932717032
-968188562
-137191279
-1515747383
-1983460903
148507310
-243848066
-1813444333
1495584329
-328228461
-1993961704
-674797736
1113462478
-1081165075
1657070312
966239988
502951276
272321239
-14438324
-707293729
-140127365
785948515
-1957662398
1266433258
-1509237863
-2015173259
-64553337
-306538167
-911986975
1153538031
1156921824
-265401775
-1979403940
-416334578
117344694
-2025042047
488176055
596973075
226687464
979006150
1289490486
-746609371
1607931356
1744116474
-1457215256
1278946677
374788055
1187070638
735005980
-185232989
1892616590
-2122279128
-790812653
-2051722144
-1029795331
1016726446
-110728458
-1421164717
-1953977226
-1417073403
-1967490038
-832703424
-1052740356
-221535948
972514593
-1156322201
-1235896879
2131410829
-1425722029
-707827158
-727645619
414031085
1064913390
1047666929
1154886384
737044546
565228202
-1198516399
-1480499525
625152845
833627425
-1032550549
-651915845
-2002697304
-1622461571
-118890094
-982523675
-64892918
-956581262
-1599285968
870931241
-871871030
535673454
-91454487
-477825088
729248417
-246214641
1387807488
-353379895
1516457651
240500693
-1730310406
963010835
-488725808
-365508328
-1279322752
-1223280580
-839854346
210940988
-904398455
-2041925638
1190548762
-677097438
-500386376
-1951204424
-328905689
-219065631
-1549975294
-1057545372
-1846730937
-1152134731
-1172153965
315211399
-1970862752
1091486775
2115639794
670157973
-2056086304
2093680334
-1352254366
2057911942
2004973501
272470117
1784721547
-1906178651
247522231
-1508978850
600926042
-1160987737
1774285536
-1851366971
-1575323356
1327052798
-1582299043
-637690680
897452561
-1759861137
-1888719506
1171167078
565416119
1149104865
-1140477269
580693095
1714971397
-1311072648
-725294705
1718527883
589409634
-2125245982
913490490
-186510842
1811167253
-302202640
722319730
1858228778
-1016553754
1268167528
-2064579862
784700006
-263659771
1015826201
448711623
1237099374
-1224843477
133021486
-864882337
1671581115
53859839
-1318619961
-1273206717
1892271670
-1821330758
1499380933
-1072197761
-2110571985
-1951273971
1687607013
-2122058721
822650516
-554804927
-1236452848
-1940633355
1052012126
247921056
920506864
1996461722
1613128782
-929706477
418709958
-1295587407
-1292682279
-1136908020
157188218
-84740750
88446304
648779941
1054695923
-1650354074
1431771555
-837759223
1500176808
200474991
-577021833
437923091
536789623
-572326133
-1087545673
-297151692
2061326261
941282009
799815544
-2132976487
-476804219
2076990299
-1178481537
-2066503540
-594381203
-1838180868
324196855
859526681
-1646961626
2101853525
-1324488354
-2055547403
-606199374
321226667
804947904
-504547685
-1895067468
-902805060
-100062424
-1807937864
-1391068165
-673709637
-172524718
1301883337
1908939103
-491876713
1373893029
477420289
-930405168
-1996056701
-2128149409
2051021423
-1557552981
1880811442
-1699262190
1168232544
479020879
-1033289118
-1388217778
1937830657
-1787690512
-1793592548
561228959
-2033231287
-28247894
-1142055367
1367867065
819162645
174329817
97981864
-1474813711
-136572268
1960011431
-1720764947
1312296943
723285732
136555237
1572409196
108838562
1713613309
34952735
-1216552985
-747705485
1061034446
1485973482
-608395196
1933153468
-1605541723
-2142801537
62728851
1130807419
-1954216749
-1470036339
-1418904496
1836354370
1665207951
29484874
-272377628
725070450
269850650
139786186
608424049
-811594328
-796607452
-471770988
-714445106
281455478
-54884754
-1468844942
-173304112
-898333355
1552206511
1847793544
-1275212341
1070333658
-1061747269
571679656
169671512
1722721320
-1316442910
1746580964
97706327
1394334630
595496854
-1961995932
134254647
-1285783824
441855824
169534328
236215156
-224751854
-411815501
-645352208
-1152642463
-171739149
-1513795344
-1918133077
1725661479
562468623
-1173131668
-720681107
1594588685
120125800
1522969504
1814538486
-941226247
-2080209730
2133110081
-286594481
-1303891146
-1945632771
-2103546720
186345830
-159711882
906538742
1457470290
-516579875
10779
-679643823
1163255059
792655646
-1890529871
691188930
421190631
-526383182
-971032641
485841531
-1834648958
270897619
-477739585
-2114007071
1643309289
-2094184129
1940677225
157467265
-1747345576
1341939278
1912649015
410842949
-1233321114
982197830
-895662555
-57893662
-780944538
1811051758
-1631512135
328061332
-1166715888
1717336928
-838760126
-499560435
495590497
1931755555
704797540
-1860339798
-368944193
-1880357767
-914857773
440607720
304629343
-215733516
-1858954915
1896089365
-856534037
1442935631
-350083794
-169903030
1093786718
310026106
-199653809
-1552546664
588521266
-321726986
494925423
262333312
25827517
-1028172445
1354618086
-819032408
462277080
-615756458
1257468150
722199756
-880683583
-856821648
-388254637
-1094885390
1129486914
-869788757
-120557083
1470019297
885925394
1018687223
1811832011
-945643053
2031792506
-560934139
875752355
-891570583
512326971
1461053537
294562824
1227001566
-545375314
-548910138
520800859
1134211199
-1241421779
-607511635
644403654
1945822554
2014720177
948718374
135260286
-795542219
2136135100
-922333717
-1312093113
-949737022
-859528071
875819442
-594537667
-2094503409
-1089016031
981924035
-1112574768
319338819
-830036065
1623149001
-280420593
-291703673
1050837110
1182124268
2128796714
1490791489
-613304350
-2024591842
-2084500431
1400329351
-1801850563
-340955980
292206370
-1661368110
-1346453340
-1512341447
1238252321
-39692559
-774124326
1043903103
-1106502903
-1929591487
-536564885
-842158346
-113135325
-1418131429
-1325147372
2553664
-972699084
-344974708
1560576098
-1656386300
-1981453124
-889475509
755550360
-1106254591
-2108731267
-683104537
1806243541
1165391718
406899257
-105278400
-1313448074
1474330977
1005531072
1519509559
1847350712
-1230320650
1674901545
2067375017
-284799070
-1748268015
-2093343649
649418392
-720108511
-1756647459
-138183713
1223413675
-1231452300
444018006
-200455745
134760152
-1833424438
548087325
2064696817
-168997025
819207208
1421997194
1163249353
1703476473
1925513104
-645237241
1509217980
-534140847
626901599
-189192549
980871785
351667891
-842371082
1805050309
-169086243
262310146
151574173
882531467
-1922969582
-425118225
665528227
2119609553
-830904391
-1276611737
23197129
-134581778
812639289
-1881115827
1807562207
-1757384068
-1597087754
1728984937
342500783
-1268006033
1465024726
90071199
-1557250790
2079771752
1355204608
1017199971
1228770689
943570251
-1901487642
-343094420
881668966
2028095758
-1980874107
712024231
-1800880558
1529854420
-904693269
2089480046
-174345480
1000583738
1803496697
-2010310151
183405466
-2043596817
-1194881430
668043540
-1698112853
-1508334711
1049474067
975944210
-163548235
-930532969
-519158676
978761729
1509408380
468480242
701560910
-1697287138
531339364
-503367080
-81267458
291221899
-395089905
1374641466
314327657
1569552447
-830716086
1121930708
-998973007
-1253162179
1446143785
-1817304962
1608140776
1964531208
-1067838865
-2081200574
200294682
1030235477
-1429474764
-922501459
480018320
2127437570
-1566672703
1103901418
156261203
133569862
-1832872258
1117761036
319849966
1394663722
1671962254
-1745672534
677230200
-1502547912
-570918406
2042252720
-869428783
591565169
153916940
-1310730636
1381192491
1473389955
177809725
2087824391
195819724
-84718021
-1765099566
147498957
1733949713
248420664
-1718289790
-1249338032
1217971125
-1799183903
-161510564
-290009264
175149907
1289805464
1955986663
461513246
-669560023
776834351
-1042301046
-129130711
441687326
-1907527014
1059485998
-1739383335
-66907131
1900241382
1152889633
-1335548517
842374691
-1635074455
121176637
-1474011844
-882686994
-1791267525
150211913
-1051976838
1432008471
-273225244
1802638750
-1025577768
-152910389
-1784319402
-894114291
1765089970
2028551732
-83526115
-137016321
561823632
-1078065595
-1235290924
-1163034914
-1604627266
-142513225
-1018243109
733485492
-715676389
332984398
-1732816058
-1900901616
-793108175
443422304
-836015593
1444683568
-185560954
-1511067241
-773017168
-40302500
1618115633
-863993867
1262801026
936577423
-689361233
84872984
1265349642
-370694307
-1724424969
988361151
-1396264450
621675280
-248918837
718670220
-1269036861
-1390623725
-1470395312
-1600132853
-1491504351
842707859
-143814944
-1273458190
-213662919
-1416958365
-1940208865
-1188260950
1766897845
-766521057
1101985356
-68186611
-708082111
-1760689516
-973596455
1608735857
-487081413
787169375
1479456828
-1655149339
871202470
-1927622189
-1941192185
-1327118406
388326499
1826866463
-1072765898
1943767876
1528376738
-1964287312
341450439
-1720000543
-805155947
36717268
-927180144
267036730
-585759898
-2000055905
906893644
630223305
-2127925653
1011256594
664834806
-1209439846
-844183144
-340084360
1504760922
7821653
-896219084
408143891
-1529498904
2064773243
292543952
-485667848
574138826
-1892885010
-655707277
-1729078985
-120130503
-1884848713
-1627243494
-1249152450
-1173784308
-1027399933
-747037601
-684628098
1080515473
841557615
2079152503
-128709298
16795040
1102745733
-1557822623
658107408
422100716
2138478725
-859189669
664555153
467936668
-815888537
-1592733800
-894610763
-1902306279
1343811360
-2010197712
534503507
244744233
-394865116
651293016
-710563234
2089566013
-283011284
988053714
-2077909436
463248390
1692432696
-1921887066
487548314
-251152051
-1554955305
-752550126
883875320
-1663271420
-1914743898
-476699714
1066183457
1703356055
1702425365
-1745462477
-1765324953
-358148217
-2126840975
-2038802034
474101325
1540801850
-884538851
1223117936
-1782366867
-1352022772
-377973213
-726490056
1429194652
148003753
569528811
-507986828
-224733621
-1214178147
197379401
1691424660
-856283856
1009151788
-260736068
-1531043360
-1371577308
-421065634
-329735436
-2057195605
1781312334
-1584280994
-1655958124
-570512696
417959297
2083932420
-763310535
1323541309
-861377309
-849259600
-1075575109
1214330678
1457649102
951913561
-982153294
1001031228
190243834
1126183909
-1170936773
493691814
-108628517
1306076090
-1279730180
215039055
59650631
-894022508
-1825600156
-1620450423
-1584536485
806833817
-692590025
-1096238256
1022685599
-177275222
-1359519671
1558670274
2110549608
-1907364613
-1933042551
1917623758
-412904323
-1448984347
-300409279
-2080805589
-537231363
-1254425094
1406245019
2101839244
39933567
-386267559
-248944538
1521442577
255868027
-1726648764
-952589798
1131499008
1344191719
-896666385
-1164805095
1502828980
-158890203
-1741572454
-2082989769
443616981
1343203100
-816878623
-1402996868
1949941961
1255578531
-896677294
-1658910936
965537385
528936742
1283447360
-329404938
-752108041
1278555779
1539855830
-559727963
-1548630960
-923428299
-1523882642
-1931047757
-1581872291
1373523379
-32551645
1840968811
215780303
1018140954
1893851044
1964805922
-1721135605
-390047479
-35534261
2129634236
-145775007
-396879669
2066222701
-411384971
-1538441084
1770924731
-541115405
-1151618338
-1472336330
-1537776924
-1134870231
-1309450460
1176300866
-1847437337
-1172446251
-1572510824
517314735
2029800993
167851915
-2029264022
2081241394
-633917172
-1354586816
-1417102408
-338368284
-1892991258
1102993436
-1146531385
1776909876
-122336625
64234387
799179151
-1559055842
2059188151
527185590
-1451331460
2056385948
1058706744
1346580677
577652850
-1549489571
-286426689
-1005950199
1112416018
-1859865932
1211893426
878873568
2112458043
512593106
-679332531
813938457
-193742125
-2024051400
-1209806322
-976752767
-762453305
-1759703962
-1014969773
-1669235266
-580676785
2095586264
-1509019584
-1429180326
-753652106
-1821665742
-2002708250
-1631090398
1796566745
1792695993
-1396262751
1969367985
-642583378
-694426619
148332993
-1848499897
-108323064
89635316
1982351723
1506100702
1428796760
1238130402
228210369
2091938431
-1377491657
892379158
373391424
-819054383
-1003792287
-1411231362
1053162346
223691762
-860395772
1511804063
1927266980
13857417
1710860859
999877318
1430254944
-556270053
227537620
363163267
2038617726
933774238
256108633
-763490217
-876942097
1533018443
-102640562
-1777229140
-369423717
-1911087688
-1566941770
1388773637
2050973061
112479269
969275612
936230517
175370027
1347756565
-2079781041
-584661163
-1151781326
-475434464
-851172307
-618075600
-1343381950
1697185799
-5539676
-15696894
-200463825
-202907127
-1793723210
2070449058
-1536781224
-62971020
55269435
-317761413
-1711828652
-2033943426
974518316
1803485314
-1707599670
-2006633644
-1151562723
-400647837
490133663
690322035
1993134091
468658429
-1972947369
-1119428553
-1679294888
539701520
1845723828
-1918000207
47080978
1957085749
-1846787165
-511311171
506962299
-1054258674
806860888
-1314400942
-472305467
-1663463235
540212151
1195903515
72711453
1533516185
273180917
-663955385
-1259763734
-2111349985
-1890244993
647150236
1135594070
-2096463322
452066074
-1271035950
-2018309876
-1885948842
215077195
1712471070
-797695933
1440286170
1679461624
952846348
1630669819
-869362092
264443727
404912273
1668526215
-1849325295
-865352474
552127584
-163109046
137940093
2010413602
-1825191300
-56454203
165438681
812003805
639446542
965657808
-680055254
-696530365
368245624
1417946663
-1836955276
-646956036
1175671465
2145830440
-707417816
1379311503
-660303182
-1491700774
-248745766
-1700616955
924820121
2102671665
459480118
164520396
1188262765
1125037455
-151215820
-1653303074
1515589530
540744846
-744816246
-605757150
-584660098
276356348
-1326776478
-2069279214
250243899
1561998374
-1555437235
-45384035
-790408754
-770952871
-2090356362
908146254
1205144928
1362947493
-409549798
-689511252
933483740
1019673572
446583095
1316011748
-1443509567
-1089121030
-537199229
975261605
-551216839
564347997
1405431455
-77684405
1177500521
-886040361
-2077006196
422405695
1715406857
-847864438
-1490918818
-1129593956
942952759
217358133
510914606
-1768185322
1902456200
1934557620
632336468
1422305559
268582496
2057513421
-1050135082
1845774378
105416579
-304169175
-795985382
88896156
-247419925
1950550687
1489688547
1841820000
863282139
1690924216
-341900934
226062131
-1056817100
896723055
1654498859
-131554560
704777990
1793334840
-267568397
1122712708
-1885375127
1112347459
1447860854
1211987765
-659025266
-88461055
-292458442
-2024376480
-1448755184
-137238298
1581622018
-2055023216
-382221425
1323944049
-2069073237
-804127690
1611990399
1149913449
1338981629
-2029438074
-1190502083
-198647192
54337005
1855567774
-1520082333
-1303110756
-1138237682
-2054908691
-1985150116
-1694127156
136047178
1265305298
302989626
1451942297
-1925696563
-507632509
-1410099002
531881222
-1750708412
-824399824
-1064320808
-234988230
-547216313
-1825899417
-597871127
-159832445
-1234962926
1171536825
-1239192858
-2039921506
-1321815429
-928446818
1597223750
-1416975051
-1641038816
-1434758251
984693342
-346421592
-1860394017
-1012621937
-1399809037
1835898640
-309426806
-615115635
-1751125487
2025824128
-1473119269
-64441209
-1516147686
-1456691315
-1692541019
1969055376
848282401
-1316193008
1626490444
714838070
1573199736
-1745556438
172258167
-1208044242
-567131257
-182357113
1869328899
-366342351
2069696479
1038842087
1502496826
337854496
-2001030002
-1569537574
806157124
1159955054
359343028
-1035062070
-429992483
1235286974
614504790
-1004984770
693511752
-1563945526
-1135129487
959559260
216196994
1085735303
-978412206
1354826416
-67761733
1011599494
225858852
-277991381
1584156161
527929501
1905773258
1202295149
874424638
1963980230
-903085841
160263494
-475962780
1967234630
277680474
1965435258
1041915878
810904849
-322799226
-825500220
-2094376855
-1196689812
1066212465
2001965853
929815227
-2065098028
-1638855244
1233040189
1355178244
-1098650594
-2090305069
-1351390111
1963123514
-41074465
1112293334
-26145457
1542626522
1119984141
-2135683048
681549207
1582299604
-350142746
93922398
1560950298
-1869816122
378778384
1780737323
549969360
-1405042579
734653185
-2143416239
844033733
1595686487
149217952
-871877429
-852801693
846148829
815561260
34248650
-653276169
766081616
687652189
954652429
666893421
403553138
-108136248
332455029
433496670
89205544
-1793179257
543880920
255515468
-849741460
900289304
-1878381548
-1385888981
-1946565240
-1589254267
1193613415
-945208541
429948800
-1278349883
1996549886
483772564
483880143
-999734686
-355110965
-170989478
1427850326
-696725925
1272571547
1253290577
-1113090671
1692020811
-1673885849
-2084980453
1093988107
-883272758
1494662121
1217860128
-1043433452
1320131346
1017001586
2034094550
-117771856
-574980379
-1267999238
1025280066
666915537
1498794158
1520101240
-1219788355
583562185
1491978982
990097524
105304059
543194361
-2086126663
1590898393
-1320067255
-478933810
375166440
143198735
-190997483
-1153414930
-1741216784
-1768574647
-1273205581
311053997
14621036
479396635
1939571550
1709684421
1033526967
799496782
99110012
-698408890
-1922043179
-78900233
-1271071451
-946735413
821299091
-1515330874
798066150
503310318
1735867372
393118619
1992453569
-2046313475
1258592429
-151738530
186374520
1716553197
1429222236
-1125112305
-520666358
-1417585010
-630023338
864407323
-939612803
-690151680
-1494518474
83323634
-426762018
-1195717019
-802690947
-1630420523
-236365178
170571479
1513079663
351517684
695344542
-375171684
887519547
-1453396297
-1426980892
-997156200
2012962398
-1946997925
1609895598
-699192574
1635174216
2101076673
-1235236817
1944361818
463990078
-1970310526
1064494328
1697698970
2098314626
-1255297210
-1518094911
-1853613909
-30214478
856440918
-1581901462
-160409062
-672647059
466919534
1951485756
-410789109
1475143996
-662644777
471411059
-866760851
-773187922
-46054475
665412608
1225834095
1758507972
1428618909
-2023152758
-152535247
539941263
-1431060886
-1953963850
-2058670914
-33165801
690568017
131941287
1962335546
1839322495
1300198449
59618248
992438359
-649096858
344613935
-55205944
-811226867
-2049707377
189595010
2089009638
-1138973046
-177651517
-671056501
-548215698
820238438
1930755317
-885756376
-236197246
1521285658
1083515303
-1445140408
-2116476643
-663281230
993428877
-1603671102
-1498473387
1494224322
-1931721617
-1252269982
1303356639
-561521002
815419987
-59337659
611285464
730508972
600022234
-1409987738
443542210
1708572262
527326954
1345827960
1361677772
-381868293
-1586001267
159962869
-166357419
-1157216082
-113742568
-1340191114
1863815090
-1787664317
2041573775
763324229
-1082032081
1638018989
51586375
1701376048
-1492600748
1656358411
-825302323
-734276193
-996027800
-1160875307
-180435194
324131305
-778131910
811008082
301716631
-847970590
-1378798306
-993504947
-320378490
1013675192
-1876766154
1238195719
960326433
89334271
-532739342
1839402095
-1958556642
-2119886583
1776686041
-543647856
919851267
392859259
695385480
384465482
526890696
-374201060
-1889782277
-950742716
-1017798726
-1410489616
-163833333
857040929
1115744929
-590519419
409312055
-790305295
2052151333
-793764981
-1885160026
1492241641
-532831635
1175634346
259584620
1700741463
-1082823928
1490399376
-660172276
-998978609
1067557648
2028557896
1604254525
868977322
-528428660
256246994
-807183887
-6781264
1117182998
238532591
-948807022
1727733524
1853765053
826270779
-1469493874
1496432800
-1126000596
-363027583
1200979733
1057381424
-687101173
933614154
-1520646367
-488157084
1969241508
36041399
525374902
-264717680
-592382263
1860036752
70188906
-357211401
514039541
1111483036
1313443368
1484109881
-1417254735
1046414642
696375856
1202097673
1449450297
836151824
-1098371231
1935708962
-307346593
1246054762
-183975238
1554821755
-2057843026
-2040242106
-1372046306
1959842745
1902294225
-897062906
-1728538537
1740877540
1263604534
-471518394
-1394890916
408790877
-1466278162
-1934998553
-1848071466
-1899503089
-36007722
1911287404
-2082547488
67767013
-2004520965
369254020
1673971470
514489723
-1583768006
-1018113817
-1363082831
324781335
358959911
1173263973
-1837083816
-1662146598
-1322733264
-881544133
-1690140520
-10014414
897630465
-1466649176
-507347952
-1634570350
-163143896
1095926463
-968141145
530176357
1010227196
1678004350
1272147991
-756904641
-1266848325
-572981728
-293885009
-296885931
-59628302
1255568303
1145482580
1405089327
1721938721
1481037276
26763976
-1821359973
402568094
681878290
-850502354
409222884
1523812025
-528282168
507887309
-154940092
-1350271200
-839833578
-1641299692
1522126230
-1966210683
481014923
-4057379
-1031072177
-1926727043
-1168461763
428912373
-625419090
684347051
1549068832
1838324444
1319308850
1645619485
-2060108901
453254600
779242828
2067090421
-919456168
-715905041
-1554479786
-1250703541
1306680155
-1298415098
-1196275261
-873547182
-635162794
153234692
-1568508778
-1316814151
-1904033734
-1097024981
1935980568
1642921555
853831697
960864072
-324331580
300958457
-1529145078
-220902600
1982168198
-1234669393
1741283029
-1541538130
1196546084
345145861
1183203633
1170320692
78023676
1492139711
-765508670
594963055
546309871
1948103863
-556875993
-338827354
-69874019
1074453250
-1060753588
-1296513660
1269458898
579453778
-2050387205
21413405
-1477651905
-1773929062
-819973959
1169222446
962169708
-1355804169
-645114673
-1010062168
1758743789
1841968334
662199462
-875433105
-1110246957
48339249
-2087148712
