526879992
1080848666
-841320785
2051216716
-1626384518
-2064890224
-1302008167
-1064898106
1287721223
-1151786877
-91459569
-642367201
1599377821
1907308375
-1142288888
1111196685
-1500662991
953420269
1972319015
-1381491205
1313936558
1760755292
566740577
41502423
-902592194
-701048352
-137923102
1146734122
1878702023
-1366408174
1915112497
-94647448
1007267511
-648492711
1454306193
-1433962615
-1457754108
-574812000
-683455574
1691347928
-1990084242
322975817
-2000538263
105509386
171085063
1833012832
371439907
664572305
-509919756
-1132652525
-508630272
1884628530
2111964533
-1393910687
1988047254
21875668
-1754045406
-378132974
-406531372
-1678888037
-312683658
-1251331866
1267133217
939275829
805473169
1949496849
309015236
-1892501645
625303865
916818917
1735013765
1244311323
555352097
-1603482415
933027988
-2037683460
-974977682
-1410778743
1572506282
1345609281
619953782
-839890298
1823267438
-547089910
1371115466
1084941489
454111001
1376062264
359024758
1150936410
-1529516196
-1887258232
-36313722
-1681720977
43541120
-770325533
-1794209332
-2072562711
1716778959
1066943987
1063366113
-632809591
1952063538
870830841
1763822696
-1948842044
-2062344677
-1729867299
844107417
1047942395
1500934052
1903691398
1255783677
877811694
-265963784
-1224319893
-583698314
2051821682
363021554
-932952470
598507394
521665378
1167337987
-128563240
110920640
147330003
127398232
-1531086120
465753010
-1476054134
238971451
-1738659856
-932586301
-1142045006
-1807342664
348111577
-1637987956
-27982135
970227332
-1722851179
1310802002
-2130562853
-1828554470
2112551623
2082571731
-789550349
-1322804697
-2104683458
857573442
1604521165
-755065560
557159122
-1620273522
-207011888
-1688877744
1671815795
-972175382
-475583942
1555495598
961787262
1530877833
32119197
1083315599
1549203026
256473257
1961910409
70646816
592231971
961799891
1252318090
1267431000
-1552784115
-674384288
-1684450988
-615588844
249102188
1348675903
1082794556
-2001469053
-1480401814
385190900
-769066262
355599811
692181464
-1748672797
1087602253
686483404
1866899778
490688462
1387666126
-151190131
314450493
1642121115
-1037402425
-78976684
-899949054
-1968107430
1059348534
-2094528142
-1283139520
588797831
-461993043
136273438
1236812077
-1615982453
-1612353907
-1477250663
856698077
-282297464
-375680909
1967246995
658893783
-1085320107
-135811087
-617353011
-380970779
-1556091449
1450407552
-1570628610
2067771435
177290546
-1751320651
942259450
-1633565829
-2030921169
1519153075
-100976367
673619943
-739756386
1816327393
1714638773
1429469335
1262785262
-1535766309
167146079
-513086757
1259238043
-1009290067
-913361230
580579203
-1305275144
-140035010
356468447
-1847456402
689747502
1633842442
-1048284085
1459954016
-700343164
-1337533421
1976160367
811880217
1430271456
1216349977
26669056
1268576162
-43972211
-530486008
-724714417
-1037332247
1923056189
-632028751
1705604849
-1217013104
518444114
-648718148
1966592930
-473076735
138445912
961643485
-80786330
1467615173
-930721322
-1015013306
-1970007055
-1293246442
2080475718
1820346204
1540311624
185735346
-629274528
1568036524
-588097625
1542312433
1777820574
1714012960
-535129691
1149325593
-1486154756
458255213
-930640235
-529294863
-104690176
-451404337
-1556559057
-785379949
1618254585
-1512684296
-32668048
-466230650
-1280478837
584118341
-894699586
-1956738548
1522618986
680766259
1193493326
1872008887
-5919388
1685444624
126734538
2079979586
-1486286171
-182484491
-131078099
-1609195363
-396200906
-818619917
-790054671
1351476809
-1420526650
-1054878837
-1484116116
813053926
-179701587
1416795235
1762540663
-829688567
-524506579
735357751
937849680
-1691910061
-303568390
622346765
1510810049
442752702
-1338180868
1194573740
1112360577
1532000314
570884178
-558920626
-1213658663
1042664824
1537794202
-1746997868
1914477706
2041526020
1639946607
-1875497543
527802605
1487471001
1226295090
1585414666
1943372380
603159472
688743693
-942447467
569859792
1131464793
-1730606795
72373536
-1380423989
-2039706802
-1564597906
366556509
2045499256
1254736453
-717098028
870364250
393343760
-2128322682
248211415
-725910210
958110590
-925271620
-1215833210
2119834930
744125253
448931087
-932083439
-1863920484
-598234975
295324017
1897414792
1825752978
571068140
-993129929
-1600816663
513884557
176450115
587043564
-1524563112
-2072575908
1128403305
-1640997534
-2125738064
1197390428
-1663809046
-106019575
1111140666
328422374
-1921875325
-502924413
1469238459
-80513017
1888735169
1076736631
-1201229645
-1798731658
1968525031
-1708912988
277970148
508434626
1831424788
1262794809
-1680607728
351955147
90816677
2112167012
267248135
1571000946
455752407
-66898903
-1592055840
1336827540
1598883761
-1625725836
-452185978
-248056525
598199840
751291248
65358710
621206774
120820323
674533145
759765958
-710476333
286626985
-1005977328
-718384792
-1551721718
1191507447
-132994131
-2122239312
-773097388
-1251260593
1692441690
1653979667
522100316
1692165902
1492025118
91704368
-1855163794
-1419489131
-92381320
-462468588
-1231153811
1592771116
1768104558
-1343487047
903691786
-2097226462
153030116
-460992816
922944050
1562321976
261288241
-1434958400
126174152
1268546622
-1004616977
1539437293
-2071874412
246354686
2009974802
947711037
1440785786
1483100249
1714788411
1495737047
-1887890194
-1192282704
827364174
1824090925
767733927
1305923461
772906049
551059772
1664728722
-774922911
-185062089
-1789162222
1164189961
-1047849993
-1362552627
370666384
195422788
-1616470647
50433202
-1365622927
1644638991
-138560374
-656463492
1869680266
-436983619
2108241028
-835632198
1546481491
-2045016484
-1811063493
1037345349
-1467839835
1881074985
316146707
1543261659
-499845691
1779159110
1701871534
-1786821139
-518575968
-775231574
-10298919
1519136439
1449170008
488595032
-814140504
2040614033
-578740737
682504147
1120192478
1857577093
-898956895
790194384
-1253429357
-1585759712
677994887
432160557
-484782832
-1521544563
-2126903878
1853895969
887062781
-1538128673
-360378427
1204468661
745999805
1145517997
1479911103
448137331
-208876263
1864600547
1759698824
385552988
892509211
1907746007
1856529746
1682827806
919806268
654531994
-1094539677
-1799036538
847237313
1201733520
-1120237288
960902707
-2031070367
651808323
1411968300
1914254220
-1900072149
-183944077
-1076200134
-1508704269
583660198
612327025
-962554752
-1113159366
-1588006343
2110090668
-1935393563
-2019408811
521521101
1315860876
1977387324
1927132241
1578953904
-2079776386
-1298542646
-440144764
-1528699460
1619350607
-1439987451
29852166
1349208504
1202753725
54449822
278896735
1709066749
1133679435
1458566850
-1426770559
-1129864868
-1330913963
-93771877
-2027788040
118099262
-928669341
-812794084
-367668641
-793201395
-886857535
-807896322
-1081203946
-190438445
1985859150
1635798277
821704497
1654044703
-1791964524
1583818631
647283122
-862998993
733056281
-1433760210
-468580357
-634771381
1598148340
-186257668
212426877
1315166574
-1863841118
-1372387441
-525637451
-1979894228
1233593626
-722150746
-999217575
-1961930801
-323021794
570292707
-729839666
-394150462
-1711204909
-1670699054
-394397732
-542426830
-118010477
605525545
1431697572
-772944142
-1073161726
371213393
-1715668528
566872990
-1094666145
-1805630940
-154608116
955303427
-613480164
-148382984
-1958550602
1167354814
1489078703
-1811092260
-1821121327
1925379106
-2037819478
-573378527
-614456770
-1336058530
-1246670583
1145926427
-1642590675
-1722689569
1942595018
-2146955736
220645840
1552352243
465727171
-1196747791
-1770108335
1418388910
683171247
1455718896
-255043322
-303910127
978573961
907081009
-1390222621
-1173954457
-1049877987
1020831580
-326022353
-672592142
212154843
1135654898
938718587
-661143097
819514605
1731282389
-484934962
-1049756426
-1383643508
-952820466
-643088859
-210029843
-477119089
-717226806
-413641702
1672619037
-2126346940
1643428262
613577186
1731433693
63666051
-665534420
160421756
1022623119
-936489985
-1994998884
280193318
-1337353984
-555708193
-1728420626
-873894893
-1864207084
-1045292916
1591459351
-725165477
309881250
359526604
-1851245173
951419443
1536367005
78329616
662482435
-1872337827
-318348685
1357274633
-832911745
661063137
232644025
-1754220416
1347534478
-1118983939
-548644601
843930983
1625645773
-121921191
608200736
-1628456662
1681092012
-1934346370
2125296982
255942730
-502323080
-172372087
-341117908
832173869
-196634476
755648283
-2055103940
-609402065
130858250
-2006008173
299418203
-132073220
1890361410
1940013439
280255994
1337662496
1361658384
-1198128561
-250210097
-885652513
682925555
-1928258229
-1206218061
-220047039
-2001710693
-1315629370
-510274611
1791894129
782411691
642746515
197156592
908799815
1718291136
-1703628104
1018725954
-1063552221
-1491327822
-135928991
1186063901
822171644
-356372967
-1279137257
686238265
-591481160
549466642
-1146287567
-704610038
-449830723
601311811
-2105466742
-1226612378
15021767
-325642469
1559097460
-1459190166
669108476
-282658722
-895693845
1403995550
-1689265091
340511200
-1578497267
506176343
1857827006
-242866032
1048184521
342804828
142351832
2002879416
-1525249322
-978598964
-915089635
1875672706
345830119
-337336258
1332309676
-858298947
865363740
572689194
1098262727
-356663839
663153595
1802299270
-776670046
-1024709296
-1917896673
81616052
-1301275011
1627670238
-549943056
1268180635
369463028
989067411
359457172
573961234
-269603947
-498163025
-419335964
-1698627707
1753361587
-1418585363
779619618
7835090
-1253278599
-1360912372
-1652032725
441956212
172782401
115933578
-235965208
1913692130
1856406822
1999929266
1077060362
94011193
238662871
571615193
1608777206
1645421080
1654185902
1868476643
240994812
923272138
-834390272
2020613132
1737466575
-666540374
636517046
-763716123
67390001
1674841795
443468060
1517065115
1989094893
-1069186378
-1952376840
574490751
1456429322
-284625184
-552293666
74747841
1051247677
763446971
1956453059
-412846465
-1817822817
-1472814971
98550479
-624651778
149503903
-1945843938
-60250506
-138793418
372850489
-1546580426
-1042340663
165077139
1008884071
1818326183
-2138960632
1322926841
-1759010856
1033928990
1282926716
396745481
-1273781025
1596966145
-369521277
1458680226
-1196583251
1071982988
1445613548
-2043388246
633887171
-1561498819
1909613188
387550478
-855353695
470837106
325402097
-2079442170
351530691
1027219535
-771284803
488258205
-1931621171
473275109
-622723915
-877480336
-849902588
1991572368
1984652660
547995317
396768000
1989444768
-1069394886
1058742911
1786387871
-1761846470
-924527359
1316428095
1651864125
920598144
1927999698
-2133884786
926789153
747789551
691366228
-510348760
769283385
52270089
-296478299
-935643589
-1776619254
581428787
1926303852
840160738
-1242985759
-598711585
910866222
1932775915
839783758
1695562989
1027119841
-1478278688
-1824884526
490072910
1859889598
1659100997
1870542807
-656461846
630454875
289587485
-1363419680
600975556
484667384
109824947
-206983680
-25964710
-2063216616
-1268918122
-1115011952
1151109713
1098653011
315284196
-1604247525
-1477331631
-277722262
333415371
1966228893
-529186002
1338220700
1214393165
-1860471827
-848634297
-1210886089
-963575486
-1945593226
-1195103437
-1313580431
1503906467
2108458797
-1371795047
-2139873929
-229265660
-1534984258
-412930210
-1375075386
-234890654
1713945096
492689926
-1901212742
-216664289
1974790091
842420819
107799652
526500937
-1832957536
212602418
855620512
1986743330
-563151575
-862765865
-1839376027
-514883876
-1047168376
694544678
396155998
-585157212
327709972
-86352300
1889119162
1845289441
-739470518
-1570196786
-1329040833
63925437
-983617023
1994628441
637023909
-775615773
1797039841
-18417542
1536959777
-1404499830
-341592555
-434071529
636476991
-373567054
-1389482177
1117672798
-250519820
-1586709842
-505289300
748057829
-834087437
1581862113
-669222968
2060307217
-1268254145
1471028172
-1569744428
-367967556
-726681855
788620871
1644877781
896444946
-1924906853
1015023630
950731471
-114103877
-2111510788
-1792442497
603372851
1383205438
1864251701
524290977
-156050795
1514122148
-578662836
2124293736
1940948641
352637787
-1461958832
510844726
-1778227377
-1916128163
328294061
-1492461147
556084821
1495029137
-1733093183
1281619075
765152733
94452337
7039406
1638259997
37930104
1473081836
-375069583
-830860608
-744016815
-56578163
-1155643597
2044862076
402766245
1932546779
289011935
-1831664853
-742706062
-1203207933
1775193076
768158129
1583151470
416462004
1028430492
-671593084
-1641603526
-247797686
1909886972
686763374
138597591
-402997714
1124217548
-1430322031
-134575527
-503035013
1284277546
-1825370196
1070120153
-281253659
1766575531
782541467
2125053103
1171172822
-423371341
-1162046940
-2111058719
52656601
445114630
-46467600
1165776597
1659023419
1982448286
-1662351658
1449665870
-436991505
-1574989122
695541087
774888085
387457458
486955591
-1776085882
1819350518
918789743
473487177
2078774463
-1585972114
-1097326621
-1978163492
-860353734
710154401
-462630524
-1495760847
1296912744
2001126929
-1215117409
-8354589
2136033469
1271962509
790596287
-1257430382
-52171080
839289062
936015189
-788106830
999238944
-2144429080
428853141
503152032
1618012815
724541576
588682653
1997996534
634855219
-513929127
-1996164132
586426655
-1274940973
-219937467
-1807743567
-917495763
-411295472
-1230429320
969658962
818058217
2142911725
-277172577
-740752401
-796628181
-1934265199
881016402
466416918
-1844096404
-1572930486
1025820109
-1963806632
-445256551
-1743433771
-767630618
-1589000659
-1584153303
781505756
-384391109
433200404
2126585713
-713973313
1572099754
134356990
1273290550
343960727
-421611003
486993644
632440452
40953463
740498694
-1421576746
-621562691
-1698953484
-1982592896
1434815951
-2030103820
925699047
-1495776809
-72709019
353155451
-1969999503
-540623694
1520887117
2040437434
362702398
-110922770
-813383104
-1280391358
-1933737970
89939413
-1221610209
590978849
717272177
-698028145
1563813981
388580471
-1619699247
1874977752
1421963677
384639817
-1734069067
524171507
1459727001
-446586220
-1103112893
849189341
1666626630
1750684325
350013703
-1171282234
1309640757
-212194137
-875256590
2087375036
1017986108
842446717
-2097075292
162315433
-1197188011
1918117330
-1894968339
-559324801
499089093
-51658387
-148098159
1190221233
-1244367232
-626575415
467997259
2055929828
-223361077
-958620700
-1196283628
2032246502
-282049757
2007511383
1373720996
-704095009
-607720867
762270886
-243520968
-511778363
-953318386
-919005991
829190550
-259516139
-2073525972
1526616651
314285902
2088443583
1498355957
685536961
-1443021759
696354657
-551633137
-348972354
-1679311001
-1498056776
-1353885712
1097214996
722989772
-1362804910
1545588607
-326932034
-583588646
204040840
-188680709
-240957203
-1300452898
1934983083
971949852
-2100652192
-2096664124
-954541187
1628602231
596864760
1242871333
586703075
570041382
1949912715
870646915
-74911785
95445159
-83006473
-395237166
569235363
-581312764
387289978
1327807546
1261549643
-1395818956
2145986625
1860983835
1802733386
-1878062399
-1408951746
-431895215
896576385
2066374058
-1861688002
281055160
218129516
-1821964918
769387834
1601283570
-712904554
363519481
2128333804
-962226841
258090831
-1167836879
86598565
-870325619
2029287835
-1581613068
624151389
-1832415895
-635007380
-2058458195
-620926965
-498838956
928312852
364986069
-1115109577
1093186306
-2131070732
-1949524072
-73396532
-1278932032
190539129
-181733193
-335342030
12597500
-169303735
791315631
1463123100
-1286172406
-316280392
-1044158693
-1159245666
-1444399579
-828203136
2024503382
864558337
1384907955
340392369
577283940
1362980570
-957570612
641539046
-502458862
259205337
-1995870723
-674864199
-44674213
852309982
2077057096
671762808
-1466214388
229080273
-519434897
-1725919208
-1970591317
-1060503630
981819249
-75759511
897075093
2042937326
967622996
-952753269
-1324661147
-2084063755
-915881179
473411744
402210204
-1610556920
1270381117
1284350402
-671028354
-2133638057
-2123619899
-1530518473
154907450
1020770890
566935419
-1406150685
-1291986611
2093497630
-765013835
-1249308163
1918083623
1065184692
555893670
-1487661307
1994340109
-1707222619
195182815
-320831499
-122325695
1997309337
-193492712
-2056700234
1393953633
799361241
524839729
-659950123
-1497528052
128634401
-1500146061
-12216458
22430923
208883130
-1753002726
1686339464
1618426925
840848584
2124725015
1569160506
-1142009293
-1519440416
1012888849
-1954775124
1996853230
227327709
-1134992467
-1854875159
-246854810
-914296844
-104620274
-14790123
1464817854
1348399108
645463711
-288919582
-1721914987
-1852249550
1829724431
150388296
-2100232530
713228469
2053566621
-1266420619
671780818
931832046
573761429
-1492239871
1001770484
-2138667845
799775001
-1051067803
-1247435882
1626666251
-263077340
-957088851
-1885677716
-1941757515
-1364760884
-1469928339
490435902
881959557
373473222
-1907761935
-1231199982
85423512
233045039
-646686793
2118416521
1099304681
-1350640759
-755364575
244770441
1994804523
-1514839037
-1208957338
-976188132
-644913192
-632211204
1082168265
1420339607
1549150857
1310545353
1242851854
-1586817282
2363784
1884958902
720544552
561566374
-435479645
-417166773
-1575987658
-2076596452
2045011266
-2101908273
-1146242384
381886789
366272700
-535945199
1098451677
890713030
-655048731
-480045723
-153577080
-1625346907
-99917077
-834596883
2127826674
-1297227472
-1675960222
-442757863
337641738
-1692519395
1653832348
-929844880
1682856667
416373234
-1749510594
661208463
-933673147
-652050521
1581647375
678514546
-1780116753
-1734625399
-386023405
-1500908558
1760868732
-1080930208
749948888
-2044605298
-1936846340
-2096170284
-1528063474
-1687859859
1164562084
591945996
360498525
1106466723
-618675262
-599976809
1308843123
-1798655053
772221418
-563874161
-1010893477
-1338625964
1091817333
-348619269
-591779307
395667832
-489657045
1574600821
1497763426
171735945
106762815
-1051762420
-804499746
-1786435851
273931131
107792747
1787180372
-1697634324
2061855163
-1051504326
1288293965
-421673368
-1818113121
65124291
2039663594
953213549
2071580283
-974154792
-881442317
-1835007855
-103814510
-811033100
1401786159
116136639
-1926283644
-1538262880
903219189
426588471
-1833808380
2118458136
-381143549
-1683941416
2005563341
1855603246
-1635597939
661150625
-105621802
-1389982867
-653109351
688069749
1156874948
133963392
-299818615
161859358
-1426365537
-1127413547
-454188551
-135554157
944114888
1380953981
-82703670
66866045
373117738
-581043371
-39690113
-1903264521
-1787587920
2073600874
-2118582585
742995349
-1544235274
1443510681
1617842778
648180136
312761154
-1210327690
1555160072
1081699263
1289590197
1508358511
-2109222642
-1416669073
1715356093
34844208
764406955
-2065065385
-1226695219
-1356804025
686769906
1431614046
-1380954032
1430428683
1610630369
418345022
1172678618
1738212282
524875187
421144390
1476799136
753318881
308900210
1469967195
840149290
-327718400
1740180687
-1801708993
-695318458
38771053
-127764939
-887704299
-2137049537
-1475437960
-1401155557
-840544732
-1793261745
-359092273
-1130685287
-252014885
-1357105839
-1404424668
-214593986
487496212
-1565106502
1867149836
-1055944160
-1899311460
-52666167
-847392726
1177495347
-639521293
44620029
971236236
1570854622
-1655837873
-2131093049
-870195628
453108427
-206313754
-714948991
818856090
-428901378
-498525843
-1493497186
1376885137
-1146890455
1841837019
1737263137
847263464
-729271747
673249138
1060411731
-1171331470
-602661052
-687928833
-1120800337
-1312281080
1691199597
-1556919713
190589473
-745693778
-736157336
935291205
1577313391
345055220
-500680204
2096876091
-1829948937
327707806
-1443551819
-1655967514
-16961126
-594378362
-1721766582
-1386873203
374282488
-194951743
932002975
1576403931
619977949
1337441025
641155710
1114516196
-1427837702
-1873845959
974026092
1843461477
48412375
-1942114170
1654739378
-130856113
-445586424
-484651699
129590457
-1605929594
-1510996066
-1295459680
-1037223525
-2007228187
-76173600
2125827813
-32769291
2104792453
-125564613
385216185
1291902466
1817267775
-276849802
-381005295
1998170853
1776516206
1156608553
891754402
-1090718139
-493976583
796886895
1307093635
978444319
926331792
-1485287462
-2104508913
-1998296106
-380846795
128033447
-1565858801
-366033522
-604392707
1321234738
180412697
-1834940229
-2004382697
1867121068
-371104974
-444179468
-77695475
-2131582710
876084922
-1493207539
900691530
18939968
-1109944951
1886904419
443097051
454930606
-206402476
1652329081
1402691961
1650029530
-384404907
-1104182589
-600068154
-1482927520
742915883
1476257986
-779415593
-124080602
1732676350
-1577423792
1668531698
931972051
-125016858
-544215492
-1270043496
-1858580607
-854348915
1130698265
46954437
-492615504
524127250
-1400704685
-455645067
-2019432066
-1078719696
777908098
-1149881238
803304724
71089311
-645804030
-135453140
204763491
-688583495
2107004099
-1546208943
-1325643760
-53018527
-1837380003
-1030408450
1742176940
-17854688
-1432627866
899880621
-914680280
211680144
-444873465
2005018416
2081452423
818269693
-1000092979
-1366965259
-237419563
-1236052664
-1933140036
-1179346294
1249193303
604819982
1782791849
583189603
-969617405
-1163350006
-1243927607
-1997719333
27849522
1824747959
-292740732
-1651778696
-682381677
1423323705
-500353393
750758514
-380841885
1408819581
1901121849
-1359556234
-2079722790
-1018585442
-4850684
1264100519
-1987185432
-1685793654
-1728909450
331859940
407554593
-1326449435
-1061952207
692651600
-1774463500
1198730541
-879065023
-1216242162
242107939
1641796126
187930293
-1477966772
2022711406
2047163735
1907132528
762209667
-1770653807
1548347708
305942336
-132225540
-837649551
1768593182
-691043281
-510531947
1985632401
-1522095207
1270453785
531419588
-700310838
2022927677
-1271804546
-1363659556
-307558597
-1904866960
-8636007
1597974927
-1813044867
-2034334830
1275845297
991056819
-2046046181
-2134904222
-1662214738
1071576905
1517147201
-1683705952
1134099694
2031282874
-1588033358
635657714
1581800025
-1902712478
-1710384129
811854091
369125042
-293795246
628734453
-785259511
25504304
-715563183
41801815
2005658142
266895949
-271122396
-583787828
234218866
-2009913124
-260307441
2097840666
820928584
1085184097
-760005733
75291284
-934984609
16277916
945456280
333094353
-938169190
-1283668377
897663589
-31671394
-1690129182
1451208129
1458714734
-1768260043
-1233308597
-1883749079
-539446026
1605107118
1846504821
16048944
1233715734
-1338255691
1694646580
1971453769
1785750276
1479612540
-1360011405
1080578787
1051795864
750099955
302805589
-2008844359
-768380916
-185842122
711221148
934516584
-113499389
1626193991
-1804420018
511836225
1445365708
-283517444
-1304897899
-658918560
552524519
37134906
757725671
-76398595
-2079382841
2092269155
-2033397402
337412097
1913156313
1040872204
-64615288
1275464156
604953284
361236467
-1156175366
666987413
216958450
-1913762000
386829505
1584300834
-945500337
1024092073
-1709162590
952076281
1066421584
-1767427381
-1297544508
810326502
482810423
686240118
1795800979
-1634670305
38984852
1563081784
1243274982
2097793941
-905554930
-1960506691
-826081949
1721848716
177761891
1056292486
828672546
-351061139
-2064832340
-565975847
1494145936
-1600898341
-986398491
1722983416
-1967610219
1408309507
1208875949
1356269461
-192396295
-186904520
-1017085367
-380002172
680552451
-395028802
175152366
-714740814
397291618
-528686875
620612927
1395962965
-2137019311
527741017
508693780
-358750876
-818396427
-1307294536
1396684156
795967050
1980406793
-220659355
1768444421
1730059989
674623164
226532507
-284761030
2809460
1803475673
-337384508
-48473236
-211066207
-1833291736
1287758091
780485813
806643868
-1072543724
-453063120
829159225
-473221543
1813370253
-1913896806
100319407
-1036933446
-1811329233
880609970
1231410719
-752761600
-35498077
-1622421906
1604127980
-415028353
1961281605
689020203
-730750955
-1224009327
-446742009
1141539007
1459389879
735278284
1516726420
1576075726
1943410902
616835447
82062264
2096840540
-461890724
-1525834183
810205950
1910074276
1747932257
631910163
-680968294
-1705065945
-1517138260
1573381007
51107977
427510535
1321663353
1230689337
1013470454
-591528044
2000239996
1215034190
-940885793
1526473767
-1023369179
-1698747213
-1734830088
1412688686
1733541669
631705896
-1561546033
-41044600
743186993
-1131708227
1984348720
2126545939
455446790
587991172
2141885642
-581734782
-581950548
-1191319673
-1504976110
-545311885
677155582
1880157948
-870285978
-519031360
-851538584
-1723977
1088731254
1775926036
114889714
-1424836897
651148255
-1000964159
-1601887362
-1522687004
-873752808
622261201
830680653
-750218832
-606125935
-969624230
1783376327
836960540
976675609
-573596650
-994102149
1607541413
521739647
-1852315086
-1938483101
1060332894
1847466108
339572326
1767058797
927170856
182949584
1641997125
1611358262
-1516539871
1734828970
-1755023402
-1563467496
-2039608486
-1900821684
2069327202
-598130842
1029717708
1260374510
1719649935
-1463028491
-533919605
-1589134109
-1935670355
1192404447
271431483
35643898
-2092480433
-896690045
-1551688765
1041654054
1931986461
340273615
1630773825
1094655073
1491632361
-52215359
1616741949
-292904500
709279743
-2129392598
551261728
1819778074
1020051648
-1706100300
-693224986
-490707665
1638432369
540232999
945926418
-327377149
1468441424
-1916028697
918928354
-414648628
1426257640
-2080583488
-1730534460
1015379548
-176104026
415388646
2098648840
-673380409
72596907
1835569974
544050134
743378760
-666346270
620722114
516824673
-1994506396
-652374955
1813573004
936779356
-1869214896
-1567902532
-1682131312
-1075363923
-2050335857
442505303
-1483216377
-2123914656
-494180129
-500572675
-1961974806
1453991389
1711399253
1313094003
-1640322892
304888669
486915014
-1930803967
-79036052
-205919334
-108765847
-843685822
39637986
1960838085
2087777722
-38262724
909245240
1629461949
-133942112
1533631663
-2098846557
634746749
-1531003183
-1585756495
-369003405
-302330411
1827931253
-2063895430
944502608
1309453916
383344137
-1947738500
44131269
130151588
-1636854906
-231224905
-1551831038
1124558511
-849661503
501218122
1268662237
-1254316894
-1054715371
-1951526580
-1467699430
-1205608520
1317845054
-1069542180
-307332117
-1566471047
1699572359
-1894082186
-1299868231
-1651997654
2146117672
1999699336
-1562635228
830622087
726622697
1029218372
1002871368
1609196719
230267146
-1151786824
212019778
-361821601
-129021850
-891749861
1203449074
-1682406814
1197390805
-1752755864
-275271167
-1048837816
-1779598894
-1596520400
-99931099
1568008533
-409918627
-2102433620
946089379
-636311876
1645997602
-892993775
1500571925
-1202939123
1569987803
-816319448
-1775011219
-642200598
1988106738
-1599046371
2040740921
-752662271
-754509719
-758500202
651668776
1689746741
2030067454
1552183559
-1145198132
-1950359778
1477026185
396831812
692059809
315339956
425659561
1300582487
-1864853939
1992351302
1437984671
146177427
-351287255
88792240
436531321
-899768855
784567039
1383565004
-1523329422
-2113218183
778604565
1264919080
-1537378664
-678379412
-216823190
-101920007
1877393071
-1613382144
356066879
1819252560
-1822008747
-1255003933
-990415656
-2070199925
1266126438
-209419067
933482627
-1017108979
1364518561
742312232
-1568375591
-2035847119
-625108597
16826745
-347240637
-773500293
-546126189
-2131764636
-1435718720
1419871760
-1698172298
-2027032476
-374849052
1422118248
-1584110108
1691743128
1599174179
-988189119
1770607203
-1610713891
1938445135
-1369188650
-1865752204
548368408
-1776000930
697295440
-1041722893
901375955
-928721295
800616572
-1959557181
1932862987
2101850897
529417407
-1623739990
-1538345401
1235954363
-487956410
-1861817992
1331129580
1851867038
1777290113
2018734703
-1630990385
-465731422
-1099889967
-515278370
-1180339188
-921619284
966949503
-923959794
-1706482411
2011723296
-1836913168
314556258
-2116490995
-385940825
745827862
767762361
286438998
-1144274127
-1777835222
2013795350
2059398760
1710116925
-811207273
784501891
-376442396
-860228009
863605305
1476130353
536830440
818806498
-1554252346
1885387748
778150565
-203210473
-1722635380
-977606515
1315402541
-856473779
1932675932
732024888
232173201
1717392506
-1660435770
771810088
-791377365
-655182343
1467680133
2056654656
-932911817
-1239790195
-1297972932
27939747
148274600
1456058277
-638250909
1028483743
-822272455
1830859233
376678523
1065856454
-409462335
-1488362028
-2013055095
428054621
-749426741
-736723957
-914201407
31624186
-1061095835
-118074546
-1280432000
1569110888
-176290504
896612389
-1398575233
-1638506547
1045143000
-20080483
1140538693
1562024975
-1955922595
115159115
-647888419
1490989682
-511048910
530739345
1013061321
895119493
942799148
1118677280
1394906934
624751934
181553374
-217729859
309004144
-1025821340
707834411
-479711674
1312259991
1947722285
1989007132
-857116169
-4174445
-74410457
1617309938
-474157335
-1784200636
-1820955558
2074395263
1299352796
1044127230
-868850258
-929162319
1568549429
202690612
-1132969846
478118511
1722447433
-2101510542
255895230
-515418969
1651026907
-554858864
-2106731102
689502119
235073507
449703972
831792255
1259333804
-238069615
-961478344
-105771732
1171964600
-606216048
-933107140
-1618371844
1604341160
-25441649
-1708212930
-1763220521
-1472337275
797653244
-700570537
587034534
1947201817
-799670766
-1914336408
2038084084
-1083583803
175040533
-422858490
-244450863
-420669806
765791708
-1276194126
-1903330310
-867466619
-1186930800
-1369118643
1198152502
2062681654
-1610940494
-1272995126
-1146498302
-1579205981
-1902565278
560276005
349431920
-926839999
-652369699
1061787283
182568267
1671846996
1715078983
-1652211462
1806967167
-1018903937
-1266781526
1942324898
-1539547465
495165342
1690972478
1028590637
430520904
1669609683
-1844205846
1152519108
982661453
2104990175
1810960394
-743351661
304821010
-1844029006
-811324302
-124792458
1950064053
-856189884
117905075
83823860
371949834
1300049317
-170341476
-14305173
-1036897345
-2066173357
684467715
-1847404403
1406224064
-569546549
-962309435
-1311323894
176702172
2080991330
-287964918
806478222
-1890313048
-1590113964
-1160457523
215217646
-2057862493
-1097645539
-1012346469
1002907037
-1003001446
-1755986425
-1528829030
315862628
763984718
-1885406972
-1532248884
609334866
342379347
1748929725
524036245
1480147184
823883322
-160113942
90933114
-1254112327
1224740594
73486563
618229035
634785224
-557842837
2075361399
-975353149
1156609747
514668923
1629219324
-1299549875
-1095857833
-1459621627
1765200807
-174901111
1620483092
369434711
276611613
-1737404944
-1754460484
-113435180
-194419127
-1441435658
-990503450
-2042621486
-1648159632
-1295967858
-1184071096
-1221036091
939137154
47243763
1382436645
1059196316
-1455916111
-1721330524
512017412
-1677863573
-953151673
-1857141329
836961698
487722313
-1220685644
1986651698
-1912409559
-1588117125
-229180698
-1063052002
-1875475295
-1868440367
-2019206947
454780990
1719106469
556391248
-1996640898
-2091988617
730216282
1091076880
-1816902490
-1671592879
-884735331
-2107750553
67174785
-2097827915
1858878331
-1622066617
40205853
-1231183880
-535621915
-1556697116
-2036527047
1236036888
-33047644
1983969433
-70793373
-95545020
396595338
-1959504628
318683201
1623530401
1697520105
1093961871
-980342482
1240683339
512897609
1357819337
-1542491128
760260249
321317460
1517891989
2084680007
-2095721820
-1777697771
-1971447767
-1686798254
1724264202
-379798175
-538840965
-1922072307
1135307247
-1517697643
291248607
402805430
1619165252
1873590913
-2103754764
1360407537
-1647741365
1713240227
1557868737
1443455008
51483738
733940375
1434415386
1090741752
867314654
1288315854
949498696
811152209
1047799970
-1307438466
325948392
1455096380
-1500581295
83549401
646398227
902878042
-221027783
-968721024
1164242879
158089579
2053755217
-1623952582
1316897636
-1932821979
-917208451
1197086688
644287458
1053978694
-1841828593
-1822100836
2002714017
182229740
989768593
-1271957166
560089081
1125832228
788992705
-645663395
675458516
2090219712
266646748
-887062658
1269236882
-2060848276
-308259553
1181370128
-1169605332
374574339
-184217718
665950336
1286167451
1708789790
-1775126297
1846236925
-705822598
1816264174
1670494986
-941892245
-1173264150
-502457781
-1311706791
-2022016356
-1862006603
488793356
-124630642
303299777
224142005
1085002905
-1041683269
845545502
616301430
-1870879299
-2012089202
1280570620
-24198630
921457856
-1511657258
-1997401884
-44717187
-968911948
-1421098683
1941020425
1035910040
645517839
866977655
-1675795451
-1218524886
990325114
1166456114
189532360
997214100
844612583
1203337967
1410973901
2023867140
1367543529
2140412569
-929456243
-301106474
-392540097
-1712741740
-1321053896
-182075850
-2034798671
102880512
-94295390
1224208137
676203039
1951547198
-1785084805
1524780813
-200138282
-346896974
652711363
1744239422
-1138163675
27830218
-1845870212
1359526267
1200495663
1750024255
-1524855904
1208253545
-606135549
1226179995
-1386141355
839172503
1734294761
-541094150
-472915874
1153052131
1731447806
361079060
-1073698347
-1449718757
1809866755
-295532678
-1455829993
2011271654
925043569
-155173345
-956227586
-357888283
2008925648
187838233
-731908779
-2031588843
1388029768
1122404521
-1994634616
-1026911882
999672184
885550968
287394715
1614528497
780460422
2132578595
-8631203
-347030154
-1618352266
1844828921
2129834460
-389317276
1586060991
-562538237
965246747
448708398
578425883
1471971652
-2120845054
-1606904518
1281451166
-1769640127
-578153067
-2100038132
-68918774
186700739
-765941144
-797983837
-1814665120
-1594909478
-78475694
-1706314461
-224200518
1904384549
1872372321
-206393677
-1577456296
572957009
-1588726259
1264751528
671242999
-1099958562
934574767
-1705898269
331985769
353173289
-2018837965
-494580362
-873857694
1512340390
-746535668
1067042701
448476559
201578604
813878120
1657484171
-871289620
-2144973322
336270756
733087603
-557287338
-807019737
254464002
941501577
360334687
296967054
238869913
-1233729224
1859659873
1707294187
-1541790068
-1724758730
-324126763
-1611620622
243799422
-41423899
1369114853
-1938764722
-32704443
1303302396
913465663
2114810856
-170051619
1712577382
842576427
322700136
-1135633506
-148170134
1207087327
-1077085189
-1334441039
287230219
1969594385
-2091499945
-2124708160
1843438512
-90562866
1697092347
1044332268
-1085770744
-1128492918
1976103611
-1070591484
1010104103
1293120119
-1745464453
871026931
2136113652
2138386969
-1744503494
-233764232
-964884537
-802399974
-858084526
-1292546787
-387356850
-388881830
-782303747
-1919609759
916201904
2073349194
-858521573
-1775774409
-1821253645
501234810
873121073
-1959928397
-715101534
1270138991
691364788
-144638974
-287508567
-446613574
1684524936
-560717669
364835460
923947845
1609390275
1118728116
-1564171624
1845204463
-374287691
264336886
944853984
-1627270565
38905644
-1040092045
508749260
-1744182779
1801476595
157415383
397861989
1553641877
-2065612644
-335008035
297111476
-1180483977
920416895
1172812805
1622898020
-265659989
-89246462
-940196221
539000998
1287078873
-1992595431
-1079382406
862299220
647984808
-480135408
1732454505
933266265
1482108751
20156808
1807365093
-330384561
-1113092501
1594634430
-843902584
-1572817559
-1350147821
1300770067
-1839645655
-1612308078
746121001
-1892456504
-1625142963
306479062
1361849075
-1534767864
188062940
-1551737855
-1132282391
-1462717909
-1846598633
-1585963131
1308683984
-782445512
1054755785
1516346784
-1971467001
1060190892
-201218628
-103170626
-1701802720
-1401519495
-770510482
1593567259
-577297743
-1679141551
-2017559547
-1541597012
481043308
-1543171805
182193023
189316159
2142193517
-1940659227
-1653683923
-959726624
350558931
-1837998188
1385488225
1423596159
1726461073
-382023048
-1796817306
1996736719
-1108638075
-2139836500
-1286521680
-336555152
234396362
1102935005
-495647148
437735247
-1662397878
417264209
-766963783
-1897584563
1309210774
2122606123
1231355791
1032730142
-2026389255
-2072108051
-1271675904
-1919698061
1778581705
113829693
1033750310
-1186155685
-755057919
479574251
-1950517572
-1969270554
1084150028
-321146574
1160254231
-438282997
-2119602973
-489874883
-310380202
-1565040949
1201502297
-333596947
-1046160168
792041877
1949873589
-174050855
136946670
1144942060
133057921
-1902315371
-1057039407
1379407942
-489167455
1218774839
-356780074
737430071
1337496998
-1530435561
1407242207
572471759
1649036388
-1070044203
1980502549
763740991
881031873
1441127839
1874500563
-932609854
-1156835377
1885583283
1374612965
-1457259335
1291211293
1951472675
-1856032783
281567768
-1220509111
655201751
565933877
-779792639
1055601370
1821566424
746931314
2021567917
-708357812
-1714954037
1057778983
804370323
-607265685
451223738
1941234690
1727235778
-2112642076
-2016637158
1961628819
641522066
-1971262184
247532297
728483394
729541755
161354035
-520376362
-1865172349
-1999663548
-1421645699
1215332294
176323143
446485087
151787247
-1964214507
573114037
-853342829
-145715703
1221806907
-1591975655
1799866587
1952896994
-1385997713
1814240796
-1286637938
-1691091072
1607110512
-559122379
1121203647
-1359271319
-2017510014
1631688031
-1013948442
-267634822
-2114176842
383317004
-1263067969
1622996726
-1322275217
2059350873
1927305329
1161121761
-1830780384
-733500798
1497069555
-666376561
1304834650
1638564759
1141796779
555096183
-62158331
-543339153
-2067980201
-774414004
850698733
-1433519907
-990962128
-1123451570
-1595607424
-1606847199
388515404
1825561820
743085525
1473470369
-645216701
1167998286
-1287673360
1668905689
1371503125
-223118591
-1736187068
1917280398
1634452555
-1784221518
-1081899144
646718281
527058011
-744753137
1362765934
-898641149
-445771952
-1210818677
1104889728
908073244
-1039249750
-443291279
1900767500
-527032430
-1498257022
2010392636
2014862386
1450653550
-441115662
-2056696795
-666387748
78967425
429334707
-1322404356
-1187060226
766026832
-1333767930
-1328323781
1886913054
-89031092
-1848090920
-682129577
-2115258346
1494989638
-2068935392
-1828329895
592428568
-762671583
-1489368437
1740555437
-1866044173
-293222456
-801975717
1175158842
412870036
795306082
-1537394804
-1816451406
-495875378
670339012
1939897912
-1132356310
1426117469
-340754137
597894971
1974021356
413841448
-1582322150
7197210
-527464052
211370693
-476316487
-666904288
-1851481031
-594739134
-537215713
1288637386
-164437932
113794082
-1294466536
1675504484
933068102
405219237
-905817829
-1582559757
943409550
1083232589
1564269943
58166101
-1715408104
2010648732
1719517899
359831718
2022672597
-1828517343
766571194
-801032730
259064199
-2145177675
1842334175
2093421016
1167449052
-2087427838
-1851228161
1271990316
172239806
-1460727740
883943293
-1202332192
-1210472215
-1938722989
1525362706
-254025758
-1211657539
1533012192
161915068
222775289
-1807188651
454912510
-1668711177
-1943041050
670915543
1673543652
1592166698
-1541932346
-526361587
1005620721
1261167204
868895930
366044980
1697226735
21765447
1071122633
1625906196
1766300827
-467279804
-869145340
469653072
551509093
747531528
-1106082582
-1240164609
1031170163
-1577661131
778844686
907862650
-275946005
-2081778091
-169891082
-15046793
-691048079
807565579
725320774
-354974890
-1629671698
-707522678
451123230
-281937989
-1789750893
1670094667
-629141569
1635542364
34775069
410239482
-549743756
1157373979
2043984218
934947248
-538866513
-228085674
-391963413
1006629991
765191793
1874564478
-692929462
884425386
-1876824081
1996496358
-638019570
1194788236
2065712498
-118200355
845229422
1818834906
750510974
-1153441794
-372066301
-1316555117
1586546742
-99823419
879446993
1905863832
-1112619266
-133965978
888671111
363578783
1360884322
2127122905
900923142
101489773
1805271093
714807865
438914591
651073604
986860541
918430542
-1794907232
-1067668071
-1635034226
1934674536
260619409
1232057866
-1287255564
1091564142
1095460795
-1787473010
-1877132138
1642740789
149387625
1353011949
-1387968873
790491157
50853746
82198899
1909415551
1012100282
-1079312011
-1485231648
-1703130598
-1813041353
-289326746
-1569739614
-1028430688
-655112096
-784551862
-1653676219
-228498667
-1753394344
312171326
-629874902
-237733134
-1687862936
-1791667011
-1535286410
1843515141
238456594
-514363871
440310349
-184924523
2139600485
-1061759638
235187520
932393673
-2041515373
357749565
-130594557
229205577
-466966336
1755702576
998958179
-966024411
-1781986788
-967329724
-1819606410
-1870429450
-205044941
-1196046414
1196024851
390217026
1965411459
894477290
634739844
627634212
520400975
-1049090600
-539509382
2140819244
-1671702094
1630605928
-1396240832
-1593975677
436257014
333640268
1903428147
1652232275
-1469445850
-794484228
-1527946638
1249186405
848749281
2097044990
-1094459695
-1504318966
1233733744
475680615
168131090
448940095
-1558223077
413981856
-1173945002
-381857781
1527368119
-1376566675
881155792
1150681388
-1168041853
515848491
-955291716
384706802
-1892187595
-671569319
-1220221553
516226409
1320100431
1103542873
-1920613776
846055101
1256192182
-480695690
326131942
1560099546
-143833468
861361960
709162705
-616665261
1699963932
-280340841
-198237282
1558873476
-176921473
-441713827
-573164106
1416393977
-2097473059
-2002993264
-1498950857
808228881
-2012131473
1860099070
1297611237
-1711939874
-1444983677
-1378545734
-1370715550
-171914161
-1449659176
103275479
173658781
1598988689
-2135549397
-1919142029
-1466381432
130112433
-742075631
1876099063
1568079373
-1476171899
1649797895
-1386698340
782975810
2090610636
2036776903
1356919856
1052365786
163375508
279257052
1308796953
107305694
2099462875
1477115512
1334026138
-32374883
-1926899847
1533087877
-712662956
-1074095391
-82276292
-1582979335
-1712797424
1567066979
-1854582700
-2141824402
-1153394757
-803611264
1712821489
1131437041
1761921969
-988497365
211807018
1675919129
-159930306
1377456421
385769504
1014583643
1498372960
-892292500
7425891
31904412
902335697
-522827024
1278751636
194814728
-6006459
2052389004
51404106
-1604535775
921976304
1612572979
-1148472263
-1176372454
-189089718
-1371031191
1202710161
1584085606
1854905878
602637813
-263279965
-344422261
-1377603169
1328866516
-1435633974
-1282288069
-814926267
-1648101008
-417246328
-1362410076
-570259145
2107643922
-526144529
1412218118
-372112767
-1678988140
-1701625791
1986498182
-973856183
-2089199526
354918106
-1180808894
-892907948
828472194
2119419726
-944765020
-808475697
-394355367
-431694898
1035587323
-65298100
-1867225071
953156815
-1382689721
213576970
743713712
-244815124
1380563539
-974865543
2134973516
1163946763
-338551543
-1321231876
2019409781
-691574593
-557122047
1519690224
-1990312719
-1956125971
1146742362
2018793452
312641198
-444617039
934793677
-420234422
-881423372
1627815042
-570018049
-376682010
2051402713
1861553043
1945878805
-1752040411
-147596550
-499011716
11177613
-618758855
-580964249
376245273
510331212
-2055134302
925224415
-3920974
-401363982
750218743
121231164
1345016668
1649887349
610928613
-1232179920
714553758
1688773613
-1538876552
-45555919
-1450146986
-610567252
1011806873
-566327119
209169117
1571309457
171584727
1079430547
1644017001
599346589
-1316156055
-894703143
1319656115
238869190
517645683
247236769
1384022745
249672971
1575935624
447436369
191118980
65018568
-960976528
329843217
544972109
1292034891
98686250
-109550983
676464220
2043253926
-664874444
-1497124469
1039660882
-868908346
86042121
838144995
-2103751320
-1436464188
1236898538
515104556
1209695448
-886880901
-1503250463
743134166
-2021041541
351318106
401026306
-1068057083
-351904845
54575994
972414963
-228970036
-1899401078
-2096372238
677491887
-2085726566
-1874600933
-1275811478
-418140538
-1164380684
230338352
-831694354
-1900731033
1054032228
-1019492052
-1593428220
-457831583
73008049
-2056813781
87927295
372475495
-965529265
1703373159
1206717845
1040704083
60263449
-552818979
-1878926673
-1420222675
983977533
-2095642833
-1461956992
-2020892756
-172748682
-984632628
1772740056
1154661372
103112576
-730789555
27462074
-235848511
-69684023
1787248162
1333356843
945291867
220907108
-1014260883
-1044644788
-135177109
1121673794
381062957
197467307
2076956054
680020131
369288863
-802775339
2092922760
-1814644279
-903947296
-1547830993
794086204
1354476271
900585942
-186416123
-1864033927
-472000903
998775377
1036330723
-245387361
-871621781
1859355244
-651294941
999828643
477487135
2074304825
184683463
-373417385
1241148466
1635972252
-1697822072
-1763813650
566193599
-1859594121
1546957359
760419007
361635279
1372570631
1612088866
1158637129
242857999
1939028365
1325301569
402637943
1867069891
-118158288
-1283807758
-964113116
-1186358277
-459612127
773536122
2126660576
-1362297597
-140441344
-1363593074
2124689140
-638685921
-892179842
-1270587607
674783907
58282615
267075394
655535520
1195572402
-1873897392
-637081072
-558314253
-839347158
-1970201220
-608750296
487842917
1249976668
-1568270828
-2008701972
-509430707
91415078
-122858397
-897205564
-1412101586
2053160563
-2107593436
-2002165435
500556293
-749997817
1133046512
-805911920
-1798977310
1719728252
233440497
1196511224
-1398778694
1482953863
-1871737637
1383975399
1314964859
1613878143
167610397
740520705
866591583
-67341280
718874707
-1744121463
761294468
-713613429
-1996482819
-1136876796
940159932
-1297334383
1845250166
615114267
-649127262
-1949534928
-886207970
204480197
356860141
-2045250723
1533099993
1029388453
-1098090744
-339983869
-1457257283
1467526064
294826465
1302113611
264250118
128304914
-1725807103
-560208610
1150752589
-71481774
-960970788
-1671327513
1723044601
-1935240013
-2063438486
-671163491
-1907052043
-1999936803
999058677
1166097408
-452307037
1017017021
965236020
-2068644574
738584336
275299752
-1751528807
2067614504
1891748456
1849710790
928486887
1096271953
1800764843
1667152813
1336872966
2054024759
1962086560
-1153282740
-1192102118
-354238635
996561930
1935760138
121897169
-408974136
-818076135
166911534
664714748
-744303527
-1732013533
-1548504192
670540641
2140175035
1266005907
-1982518991
-1350743090
-1483414000
1932831777
1823213303
1570654065
-2130658127
-2119512765
-410684292
1323109479
-753185746
-669043486
1484349944
-1164321646
1107680403
-1581300399
-2107091172
1714730159
-1888848915
392200314
164416561
1165400230
-1219178996
388767321
2095477121
1599263012
272403593
-1412884818
-1354233611
369487462
1345577738
-156200466
372684287
2074190936
1855865796
-341576326
13887418
-177089570
1845940289
-688193773
-621199026
983061872
-723086749
-386686068
-1505745767
-1442686740
-358170200
211068096
-534461685
313749159
539728046
1951339206
-1328621359
-1265660476
-1795653895
1083845731
1778939445
1754180553
-1547269388
-393719105
-1551008957
1255782766
1198694453
17499228
392473008
-923133768
-71782907
1082594115
1620930807
-951984058
1082511902
951683711
-421799739
1814331371
-486317130
-67045681
869150103
-1684235652
-1323750724
1948649110
859722656
-248174358
-750434463
-2097564394
489350127
303643282
160206297
2010019037
292714449
317646547
-886154654
188026238
1885193843
-864599071
1777541509
-205709180
1358657740
-818514216
-107134821
2114226596
-670378055
-16502508
-1099443566
257953329
-1100957591
479604415
863472881
-2145710124
-830190854
-635729238
2099112216
536032891
754429796
-770114720
177151436
-2008005231
-1485146986
1914916216
-1370510093
453480560
1003644382
-686379221
338069915
-444743149
1485392525
-1153523419
-437446080
1039199248
-1076593702
164339871
1843829582
-1361047356
1220900102
-617554259
382510564
-232481585
993051073
-1932158764
-665395494
-576355390
-1851068724
690677471
-1226829307
768799767
-791584546
1425019378
-836026951
966055521
1175401931
-1333999393
2121224846
1866828740
-1335061533
-511064648
-671569049
1442160550
-2047276136
-261769052
689668528
-120823642
239595363
67996662
-64822810
-1759210292
1618986471
-528722565
60548188
574864642
1475099221
2063108371
-1827328453
477993923
-954978542
-160874366
-1117323575
1820128017
2102122135
-283661177
-132625170
1971695020
534050457
116261678
-373704460
-2112624768
-736249495
-1836679326
-2024319346
1014925662
1456517532
1634878918
-676424933
2021354479
1366225902
977879748
434486315
198063589
-1470665885
1922127333
-313071039
1934256498
-1817392209
1285316195
-1193782310
-958114563
-1061304873
-1889403652
2114473134
1125374739
2108252951
1196629768
-1866238667
-628669029
942909958
1215473357
676322924
-1202481075
-245566985
-220216046
1194337752
-340584859
-477067102
-927737871
608030155
708439955
-1889169916
-1881218319
-1277536795
1735673908
-315151741
1372255315
-1896163363
543166663
1049068372
1849691052
-1479922559
-1989648231
728961313
-595110477
-1395008261
632244163
-1531953947
1717948764
-593861547
-1177662378
-1276025062
1098101285
1331135806
-1979382060
-1455571690
-1646849105
1585297421
-1756327455
1043824818
314430095
146404614
1063108921
-1903385044
-631529882
-1009426724
-1678552092
-2126975922
2112788782
-1690136201
244356520
789500623
1738414038
1298831607
265298879
1517228792
556554257
505664759
384157898
1886158474
1017986923
-1700967403
-410409979
924084446
-1123977315
-1498598478
-351137861
225574478
-1611236319
-182865930
1067514619
-362467885
283208967
-530640874
-1520391541
1842088175
26458889
1474759385
1628902684
-704135731
-35258147
-489111721
-65646913
1624543142
621190602
1038188036
-1627146345
201224549
1082058110
-1059938836
-1235820080
921839245
-54855395
-202317249
-401841457
-607842726
-1358062179
-1080675312
-518519894
-481559258
-890592432
-1550928807
-1713044262
242993166
-257445182
-492410302
-890607313
-2049677611
884773572
-1972563550
4488195
-264122361
209271752
2072628677
480511666
-68422815
-172405648
-598686609
-336139959
656504432
125940576
-1175919327
1546979964
-601942153
-890330533
-1670356838
-101199139
1110432405
61152909
-864906080
-969824437
-1883216601
-27475419
1407873023
1975391912
-574477461
-129268953
-13069614
-1311068466
325145701
-1266248833
-349917440
1025748162
869955589
705211992
1752558857
-1565590486
1164680073
-1086363986
338057474
-1349305860
-231862240
-66696415
552704990
-1043353992
-1872947249
1108341516
-1539341074
2103800407
963081368
-1825945386
-1183897686
-1195297980
745031128
-439573113
-208694863
530074507
-1148856336
137597342
-1696637682
-833412848
712722984
-1305002207
-650337604
-615907455
159133391
-1824059148
1128468844
-1246174769
-118519386
-440024210
594422916
2007097049
1114755198
816253481
-579733653
-1222824598
409195038
1290319641
2052886787
940634981
-2126076053
-1148272929
-2043182218
-1204136897
1166217922
-1419071905
1980222517
1075081900
-1757613656
1634493839
-1384652738
851532188
1924768933
-1010619502
1315385501
1088684136
-588607124
-1661767676
1716450100
1436147272
-1961155777
1769393559
-165399619
884326664
617868689
-1648287266
626749712
1699011323
502977772
-723595672
-1607316831
-159237073
626156052
512587537
1621623373
-286512414
-1057447059
535941524
-1462380971
-1200484557
27803801
824334947
-1058768982
-1998002660
746890341
1827144378
-1695801238
-1235259489
-194748187
1955802097
400625322
-1429566401
-719638052
-1194032111
-1836685450
85294513
2138521954
2137954218
478004757
-1641480493
163287744
-980538141
-1909851248
171402973
-258230370
82099154
8372853
-1463071787
1851470688
-679372786
1481075416
-67545016
2062889164
1629200257
1358873242
1475168310
-11047441
1028031106
-1833255443
-1022017203
-1593474495
-970196702
912040982
1135475290
-1457003769
-1206748731
375833717
-1130011140
744245752
947930356
351860674
-1192176486
-439131613
-446506382
1228763545
617529750
2057428751
-426759284
-1005410761
2000404418
-1075224029
-1149755723
1162299525
1717909778
2044711496
758265937
210347094
391902611
285346252
58490065
-1417946899
653499804
1210646153
-956440577
-445466687
-1092900030
-804861882
2104481178
-981644413
-1445888240
218311004
980932389
-256947361
2073201655
-909804132
53670651
696843906
271634051
1295266672
-1744652121
234574812
31130448
747647807
-1857284494
1815032358
256725179
-1412114154
-36832196
1998799910
-1892263973
-437558140
-1791043697
-1952201423
-249044814
-976551228
624770289
-1135341071
1651086751
-275982559
1116820089
-1464204952
393708055
-1760713322
1921109924
599214644
-1856157548
1328350132
-120019352
1373468692
-1011203124
-1554762808
-1671386743
1674393002
71960358
-1158869444
-161037268
479850114
-1701842327
-300704451
123639465
1815547219
83610806
-1974251874
-1401713499
-1971037565
868784824
-1477779461
1556922462
-186433808
540419097
-635410143
182140744
1050078957
198237239
1507928237
-1150319655
-674381430
243474967
-1887504654
46938273
1481783320
1449528217
1092059935
481925276
-842630677
-118018067
894418593
1358823627
1647659105
-2051267259
2144344774
785745664
49262371
-1246517812
-2070643550
1498130938
-1587612502
-729837611
-1024652490
-252219727
468094725
-2026752681
-952419379
2127265521
-1133895464
-1000558951
-45563735
-726590163
-1329085785
-2136792023
718028255
-323092084
-1613292460
1308050450
-460724097
71464008
-142470426
-253209011
-2034469897
904804664
1049890443
1920705655
-313200200
-1289740118
1395203295
485959876
275154713
-1990373002
1299608430
-97273805
-1627579012
187342927
-1036380553
564861955
-185831249
2085849180
1622648819
1858719332
957816723
1582274822
-1308319019
206786162
-679238910
-1825542893
-490305902
-886882466
-812691730
-1047560461
-1851148574
411354862
-1058160187
-1013682598
872420296
-302194905
874866204
463571726
-1688039984
-1996779705
589294219
599636225
-484361577
-1749860360
1047516117
-22019678
-1358844528
-1064001853
844795212
-600676753
1451464964
-1629436734
1170774899
1508296910
-991954086
397055129
-80489244
974256925
1853316248
314278822
-356137612
751718151
1957158953
1767850615
1263968148
1906849049
-1588842784
895285372
-1608556550
-340999788
1202748732
2073822973
-1191704705
974858884
-774163987
-1822587059
-1121644725
828871441
316338327
869464128
-750421202
-330385388
-1448866603
23973593
1176841809
-1331736083
1612949888
30072392
-867342835
945242003
-1882257360
-203961582
23559962
318754540
72994050
150994321
-1155241748
-703220130
1856387739
1997653919
-509777063
-1694592091
1504619117
1482928526
-347528578
-824769562
1498924344
197993050
1223283939
-377378556
1007632340
-276506847
-1937209379
521187378
-871161811
-869605933
702707251
1042853322
-797323635
1735067429
2095369476
2023023196
-1328318688
-1962933302
-1775447320
-432915192
1421967285
-726753051
-733946540
-556290288
-1956047422
290707384
-593971134
1396155560
-1317922646
-543710047
1339188240
-1340098800
798221377
964811079
-220574296
-2143753244
1271250831
508386832
-1180932896
1874597298
742454227
1789499094
-1991920348
-525129267
-1579233333
1952505561
-294362030
1318690656
-1489167566
-497659914
-785499163
314256325
-1883783542
-1707325159
861151316
13725719
-1125211365
1300785135
-1328866628
-229217275
-1216671942
-163517984
553244860
-401946135
-1746402610
1837803580
-641481056
2039240728
1815435280
-1600248909
-1961285696
-70630533
1550167185
-398634230
-104476374
233432926
-1441573247
-1037358836
1855875710
570967687
-1274484179
-289339971
113662233
2037481866
463344585
2110621397
549894518
-609690021
1046595951
413887340
2060520144
-768527067
-408479385
993427185
-1358008054
1101977177
1796872360
-1389379744
763801811
16334344
131511711
2030121652
-1640478203
1363421301
1255371566
-1763369063
1538085966
1827462118
873353207
1132174693
-51445231
1844558778
-1274389031
1779740489
1467215246
-1897432896
51432890
212098755
214144063
-761236795
-1315933305
951683414
1313580165
-722460818
-1121778056
-383298179
-1702231677
1664977480
-1871732328
1788642012
-1955028662
1261781533
-2120857468
627247545
2102831414
-233027703
189297778
1932901801
-1598264169
-179646260
-865145484
-1128208498
-1717685870
-1787889952
24998910
171838144
-390340535
-1616601138
496565925
2095729033
876216378
443628092
-524447703
2132417751
-385701916
914824778
2136795573
-2052828372
1465074351
-48388193
1740610916
-628520232
868634893
1558731966
-301579001
1700567914
-1988720933
-1937197155
-1321148123
-985423260
-1949635571
318464888
787391554
1236313901
491905930
221971426
-2036814236
-1788081589
923483221
-1184900836
2036235474
-1703267375
-287330068
-1138436695
-780987873
2013869333
-1626965772
-1557137119
1878399590
-584429146
2030031125
-1912273851
-1534816298
1726391164
-1747608285
-1234773421
1301324656
-310555023
-859731842
1750934428
-1152848369
2123167472
-378910534
1331234131
-724357720
1875996651
434103937
1514996390
-2128669997
1396298770
10039480
-1187423470
-2049318262
-525697471
640859616
217020915
-1470894033
385979705
-3006530
316951386
-642436141
-869523822
1209412926
1007847970
435060916
-1098593040
-1045985644
1684757317
-945217528
-2020278924
906672036
-1989883285
-1890659336
-723281803
-1048077148
-15008829
-1537177874
1040501104
1141894398
1701979926
1995582227
1524154940
1229525114
-17518567
2139524627
1092025729
1971036828
453636098
-571595485
-534334357
-1267906486
-371751843
-2139613884
1427930009
542096306
1122514719
-134939704
29375323
339358314
-170863621
1728002837
536737565
-1118797352
113016564
-2013999192
-1705568227
34448851
1968136243
1095430493
-116314268
-430076534
-1545094886
-610007828
1044013811
-141798748
1160951448
-1667980874
392886843
1926184616
-1886677826
1150070722
246332882
378421919
-571414638
-232398335
-2089279900
400213240
1992629539
-110554919
-1943382297
-454366806
-699626275
-693094176
1072102930
-247547745
388802590
316875240
-769737969
579257936
995434504
2116612667
-718532242
-591773012
-1795877736
-418827737
-1841661859
-1975217602
514564343
2056979388
-903139050
-1592732275
-2059118320
1594462931
944541848
12321478
558206050
950075730
-1680887655
1872524696
1553949206
50811823
-617366598
1842878815
-1909972396
-1602674254
1956464892
1840288132
1384333521
1612320638
42170994
1086260258
-841614164
1860522705
1015272248
-1722848531
344303994
483051658
-741803869
1738903119
-1737951841
1296653931
-1736453447
-1963716909
-728317473
-2002791136
-308690973
1466966214
1368546868
1824071296
416403424
1282596379
1463697377
-1282810862
299252221
-1723641201
1727759558
1810416081
601260674
-1154308595
-1477584906
574873907
-1010171025
912656722
1589676934
-1674502041
583650408
-1304409900
46332839
83386846
705957356
1159145952
-2130735369
1310334989
352224205
-2030111231
1414653971
1841135984
-679439652
-885466968
-1397351312
-1440929583
-178975261
964096777
1767113835
1689929161
-1723935273
636701250
-177801058
-1097750137
1291503950
394589122
-1991012236
-536419376
203208494
665920488
474101247
-671765434
-440645465
2020344554
-1062296824
-1785062420
-2051926430
672623608
-724984985
-318473495
-848012038
-1534330208
-1886685035
1440065163
-777648981
1406863988
170613375
-464694385
-1016991672
-214004503
211292572
495169694
1584908146
-1533683327
130881089
-1120129765
-1217482746
-1491280852
-877715149
1448568859
-1200248105
184370667
2093037950
851872692
984647580
388998070
29117316
-851273606
-1664375764
-2145615968
-819946152
1110336838
-1615861016
1103884344
1887024204
-1103997127
-2116828041
-462144975
427982792
479008256
272429240
-65116092
-1646207651
-184237991
756185844
-836633260
2047658521
1847092436
232602963
-1884871469
-1133980388
1808384734
-762796143
-1452210844
265725803
-1840015365
-1457734415
-1121445439
1919661315
-23003822
1145404785
-646532129
546794289
1084135790
994782782
-892858801
1615687712
-976836030
-329108118
-660828185
1708902323
2027236206
-1787790117
2037130657
-566365803
1721867456
-1496215418
-1288055102
1849382029
-68145924
1719790557
2072639294
-340751594
887377119
330115718
-1734435750
1414030638
