1372383951
-1002270442
87240557
-1047270072
1996690806
1895018010
-372484059
1738584148
-215284977
-2028702050
-1090187816
-500371338
-1925159226
423651711
76738128
-877659066
79713819
-1201656140
590110727
-2145797182
1244212782
-1127658187
1634878223
594532703
-1187182276
-1748054982
1128877110
-1075058591
800557161
-887213144
1842048613
413473899
-823134785
-653811768
-107219384
-77240743
-1225981322
126278713
485440563
1173555789
369075573
-1026639321
-532606909
-1508572409
1162796568
-629729859
583222468
422168186
555114292
-2122236200
809499346
-309510245
1727424087
-1670530820
398562626
780407163
903037779
1826195083
2064414146
-265324648
631723005
1858630451
-1055594434
1970165615
714242098
1411715496
593354885
180705109
832455194
2119590035
-1915523540
682692230
1063151280
1599490761
1954417330
-899505538
-1257688447
2058581696
-1197857308
1159226759
672925363
-1231283906
963744898
-2058794349
391914057
-1531527342
1661650211
-1292680629
1849965476
-311868537
-1080303787
2060047719
-1443647924
360538711
1861103880
-939290561
146555120
555065822
1119915563
-1621486686
867682219
-958627633
-822245737
549052134
-2002835832
-696049493
-628845012
-413391040
-1783596984
1967382319
-2020363463
282480725
-2113249950
-445607155
600891169
-128984560
1321121610
-1436852257
-1647731398
348706742
-398502923
727995736
179860472
-1519893450
2028686749
518344124
-1044456374
-1100298299
-324263231
1398325137
1271153475
-2118139222
-151139729
699365014
-1760493059
-1863601834
-1867691835
-1164679180
2110156729
530857399
-313686092
547165619
482570827
554406349
-2112194553
1582839151
-1214828364
1236647804
1291763363
1746112074
-602289136
-1745071708
183530000
-917683676
794641074
-1613669778
756919352
1817441801
874963341
1753518825
-727059347
719097323
-2092701739
-2029887532
-381041232
-410292336
1309819109
-1623339075
1684783
500859085
-1245677469
1223943754
-2115830513
-1499179788
72764577
-1207449386
-1697157268
657472906
1237943110
-1801674689
-2048191075
1981952573
1299768365
1275806717
-879624260
-1603484652
1436647052
1327432311
-485685148
-7172120
-1996448680
1021713041
651727036
-1788353518
-719910936
-921191799
1417443508
660376933
1671989208
987404291
2116867982
392232798
-27478737
-103516831
-845203296
-369538150
-434860092
-1524881320
594567255
-1421632377
-556108579
1462564288
699587967
-824236194
-1484235752
-862759254
184478400
-1006909104
261783182
1039694519
-1646238613
-961952769
207801396
-1833755737
1862784630
-1392227025
-483142779
-1537640912
-412096827
-1320622659
-295698595
926514192
-1762091093
-459756593
156520232
-61238427
-200384849
-666887092
182709563
-386566340
772434834
-1472923762
1179404161
-1030746777
-833127536
1614888278
433032794
1458324882
608478438
1632465920
-2025996865
835474840
-317356396
346795767
2107806889
276293394
1837541476
-1285027734
1305550515
-100726223
-1612097750
-155549121
334214141
-63372851
308969804
671187528
680629076
-1512358723
944527236
-1452581452
-884376945
-1896476568
-283986460
-672618553
-1353522885
-1880487780
-1172399846
711473101
1249753466
-1262362466
741680117
-50783669
1162009383
-452298367
1395849511
1199432056
576027966
-1878826565
-151720628
174065899
-1266130565
932692469
-1786030805
-412524396
-1167616448
1262011169
1012757562
-992693520
-1852706117
-1817198127
1949749095
-1945757064
1726722375
999285447
898656277
-680609190
913689619
-632038200
1325671268
1797705323
-601096191
2075003829
1643700661
-1929099685
285579728
1717444827
-310769044
446914601
-2108460676
-146733943
622170103
-1455819303
-260589596
-1551581982
633843727
325415524
43678381
-1724682763
-1649675202
-676421136
-104332698
1290127114
278869664
1048432961
-988516628
-274828994
1953935085
-890441618
-332253680
2111132498
388778934
1452059863
-56661898
567459519
1352719342
-267602346
1768415423
-1662526963
-593965908
654746548
1287176426
-2045584284
1486913326
-1892799906
123986423
1853025891
13728544
-1709138601
188225997
2111357999
-1505623778
1278797680
201161565
1224623311
-25378441
359429303
-1640827642
-2134846793
-587809996
1049149228
-727912133
2069825954
-229275816
-596610374
2089475426
1735656868
565744744
1098013797
380877567
1903658879
-295954899
264476863
-437772527
422283828
-1944801865
-1295403616
1473921980
164961757
-1752232539
1719188245
2099449895
-1213752390
-936436060
-1881911400
917846695
-609843320
824076341
-287151231
-1906448100
1186181657
164741554
-1001304132
1610904475
-507219679
-464875630
-84298820
-263115443
-1785593779
-1596452629
-1971233105
1434277782
482762649
140607800
-604921869
512533368
-504872222
2005537372
-296199480
2119361850
1130227386
1787560678
935434565
1622072900
1158143611
-2085071722
-515712368
1401766221
-2056114274
425518880
-1833922487
-1865067337
2108378701
-1146422481
-819364026
-594356423
-1145712843
72638892
506132357
1506216638
293790369
1882577727
1352406878
444926348
447802564
-741774315
-43151880
-1818506840
321572693
92514276
1766756605
1934783097
-1518749599
-1175766485
-137430639
-1142822741
308578908
-462803266
-1118716801
-1482640298
697643384
-1580417407
-5099083
1686414686
-575833543
643409011
1253170930
1626331676
-2101723831
229392110
208386493
-621474755
-980618104
-298254036
-2140859240
-275167254
1114705255
703133965
-2069648523
928477481
53709942
-1732154090
-21789847
1653357442
-1664559558
374920893
-570519137
2042066917
-1119506108
-282411805
-394044018
-1125524277
-1466051202
737161889
639046254
1501867162
-420766521
1329266246
1882371047
-1344086451
-1758877502
284011680
-535664117
-237392812
-561999381
1275794555
904468614
-377967176
-2082999318
-1040445850
22656276
-2091917950
1115384619
-1559075652
545984818
-1157352355
-493267026
1392263138
-549319912
442611834
-328566501
-2125753651
-1783014939
-1801181261
1613674521
241781702
-1901237988
127770610
1662824671
-58438287
1485174607
-1795888684
1025954570
-964135926
-1913754599
-1121236600
1582443185
1428826866
-506914480
917764605
-913824074
-1613277590
-1871127685
-748308932
663613534
220632477
-1203778174
-131009263
-1402918876
1483350243
-349633628
-1400128783
-1125966903
547080259
702448044
-1297209833
263768495
338417210
1865146471
1841895663
-1680390809
-1248535878
-889104816
974300856
-1634119288
36872821
2027034509
-904255900
62145218
1744494170
1264861470
-946860094
-2144370638
-1013301409
-1764244653
1774978782
1340290295
-278852991
-2079522945
-1541555801
540542724
1486252296
1978338538
-1885637678
-1003821257
1014626575
479254795
-2115269378
-1573564757
2091868739
-1417963786
-88861415
-974422711
1414001387
-916442605
-164732159
1378323877
-950367961
-1843611632
-351114898
112292359
526011516
-268308968
-1897400818
1119956678
-1704920177
-1459321532
-1677050127
-1782979108
464114224
1902682705
311190055
-1907259465
-473543782
-814633837
2129902503
658652493
1608926456
1976277034
-1851312783
1558175602
-48151509
1140989810
-29297161
566038381
-1488525622
1487773631
350359737
-416234296
2123939178
-2025550518
-1753342674
709256295
758126366
1056682597
-603006998
732935387
-1342799551
537832950
-1459736068
-84851721
-130023566
1953326370
1427600024
-277409372
1585594335
-949855160
1714835189
1187550193
-728477754
1754344240
737483896
-219125650
1117164601
-1326743420
67731730
1352484537
-1520760031
120481918
387007973
-154728359
-870180732
2086718178
1418145837
-1560553014
-436182006
854021167
1303512157
1260841176
562465468
-615432688
-1210181752
149103664
730573071
1548004120
-397143294
679600179
1485308193
505973167
2122698311
-2146011891
922566978
-1969933754
-988519654
-27973114
1967009461
-1435224879
-1763647503
1596260887
-1312835402
-1354036874
-326419312
967392704
-2026260545
-743204734
-1495698189
1384162840
-42083066
-943665764
-574951824
-1035602651
1364170314
-1354978756
-2143646947
624815981
-1729107505
613452637
-1712058514
-1831533875
1153207975
1124046448
885505570
-2091417976
2071053618
686195092
-1009693088
1567406242
1016247271
-567071996
-313155555
76461167
1903447123
-143019056
-1498623296
591208038
1386413153
-2110516784
224698887
-666652358
-199512100
-837530411
-2043597525
56186923
1532290610
18930464
453020738
1541317272
782033018
1138086167
669505508
1238850777
303967160
-553854923
1491502865
-1096523189
-466875553
966336834
585582417
-171967317
-997423082
291751364
-13389027
-1760533337
-1316084033
254299316
604146301
-2121713742
1444121524
1897416309
-2061610510
-150079721
-1247834541
-1691864063
-14910571
-1223367599
-888110916
267857253
2088468095
497733272
73510873
1994783599
411074667
-1116887617
632709022
-1390831452
370374042
1578952253
1751238545
1785744759
1801640694
1539060360
1137955724
808442808
-2079953286
892710313
-561337150
681995594
887785936
-1573983476
-1733996801
1818180121
365167419
-811825256
-390877645
371661130
359053495
-959594497
304427056
1781297587
391588189
1953142870
1266581170
-1991688820
1267843340
158623975
898364832
524096871
872987205
1627513926
206975377
-863472035
-2013021609
-546510175
-2098036079
-906381431
1520077755
-1539719588
-1935587549
806314682
-1187603775
2086956509
2085122954
509273187
-409134997
1882883747
1870186820
-1572223274
448653208
196371869
1074823894
275442865
681687140
732084409
-1888061489
-1700233576
-996936242
-1841691206
-2070610682
1346797604
558590364
1137658446
-1435761371
-1660862438
-241255813
2117470559
-460962453
2057705439
-645912471
1667324329
-1860869460
1060384299
919481175
1609484684
-634033507
-1741016835
1648154633
962276387
-1726472882
1711356622
-294244543
588161940
2061290230
-983279863
751680283
1852734633
-941504010
1631017401
767958714
1710796703
-5715688
-1021903228
1181580324
-1084876226
-1388871145
-1431862569
-1266690966
965592873
1853001827
-1058656414
-2004040180
1951716983
747139108
1317373127
1766870426
-1457792127
1079961983
-409796723
-733713250
-1758215171
-2074776551
1864410970
527162041
-411984821
-1194123559
177986913
-38525685
1515832590
-1153456143
-383902184
-1806704680
-481268225
