-688729283
-229749884
961086032
-1317973618
-1099811361
17482994
-83497632
353088100
-1135279735
-283013735
-482094684
968459822
-1280811623
-6588793
-1469904068
-912881110
890821084
-42137506
-1227750097
1004581149
-2063326964
-1050534513
550017422
424700589
-1634414695
2080140231
1419169752
-1763865616
-1023511893
694988968
-1514758752
-1265521345
-255069336
-1397393988
1436978541
113381712
-174919054
1392615334
-108171296
-1827116669
1082316723
-2090320742
654670620
-1988949124
-965830052
2088388110
795835489
-1072010255
73172266
2088651185
873791482
1951593156
-594052374
118042012
6984537
-248546220
-806256833
434275271
959546752
133831695
429885347
-1357504323
-1857369695
751694923
-468526933
2046552467
-1107107832
408303446
414479246
739904790
-558307016
-497834549
-408201241
-61531069
1698776916
281746983
-937517639
-1708870149
1468428737
1523913115
1492167604
247118327
-168763640
892269091
-1241444938
1786132216
-2025248512
1462562262
-891900013
215648323
-1068118229
-2118415489
829194265
467031628
363346784
84278381
-822689714
-1817350479
1193471146
-179357817
-1323859205
-1500272791
-922948496
836317603
-2141380499
-919191235
-475729451
1654048535
156082810
1532263798
-1389832351
-937809265
-1151806
-530621737
1911310048
502983968
-622353098
-282874419
-104611958
806089629
-682155810
-1878980636
-264807837
-9769687
1298061526
-1838996867
-721227547
586686221
599206809
1264238782
1663011291
945723851
-1773310335
999177417
-1694748529
-591254669
-1652845682
-913755089
1045076519
1873388340
149808998
-1040840794
-484033205
1561410101
253242268
-792518150
128106507
1845114277
1751879988
-2016703
406380544
-1769335280
-1869392026
1231488338
-380159824
1729947636
1446562
-155579785
416189494
-2913900
-367665196
1411616609
1831301666
-1788872181
-1798699032
-617361572
23695518
-144767581
-739190896
2110058947
-1447377967
1840243559
-1692356796
43152309
-222374009
-802187274
1724616586
846264584
-1056524527
742863258
1043899767
-444745603
1634219881
723071384
-219440267
1096546101
-1392124006
-619989303
-1423330747
-804632732
1046500190
1966226793
-1580669369
-1723826621
-29277176
1005783086
-982145799
1642239307
300551076
24217244
-1184901443
1696852639
1575900764
856181911
-519552802
-1262906167
-188383716
951217977
351503316
1479654825
1537440889
1693276901
1587034567
-630114135
768906958
-929466724
1798437201
1186449461
1290086568
-1074714482
259735688
1738458730
479277155
-1894576140
1173130299
562898189
-888307180
-1894414308
373235578
-363398978
49726633
1030146245
601243483
141427564
-1437557425
-2019674196
-1852184837
-2140409333
868330771
1394130790
419051459
1863729540
450839755
-83673232
-1081923092
998702829
606466871
504588676
1725710660
1076156153
57299298
-127885267
1854425649
-1530386254
-497045170
-489444707
-243965194
-2146300059
-1970761009
-1312992834
-2085759691
2094372828
2092892855
747715206
712934324
834835666
851527731
-356281969
326103139
-930822493
-149846924
-1969398810
146480797
629230147
-482531183
-1882947294
213112238
1434944368
-2037684821
-1385045320
-449443947
-362154453
-1252000943
-719252338
-1128505334
633783139
-292419546
-349533491
-1532870719
1368308979
1707917505
1752322299
-2089572368
-1688910641
50999508
-1335714232
1733417487
-782079111
-711562609
1309334311
-409227298
-769392200
-2029270970
1202777120
376762284
-1624141428
513746000
-22293020
-625467179
1340240476
-652399822
-1355018591
-1986878325
-2085327759
1550330877
981930135
1690506969
364158887
542640884
-383712789
-1418839067
1191420257
1892956785
-806844997
536804725
715720125
-132522488
1353058930
-104186701
259639304
-1164018708
1159801180
-445154252
-384285068
-366878575
57928572
-138697162
910935304
-376956781
-292747363
-888966359
-1269257257
1631495382
1531932070
-1367395216
-471731084
-629256979
2060366642
467273576
1064270500
552416191
-905104032
620934312
1027351637
-1405414809
1754924006
1158463370
950670543
-1198801572
649718124
-896243222
183131945
186800081
715662615
-948391891
21556221
-620635810
-1607423645
761954693
-1989900706
157141472
-139529163
553695346
329663498
-33532004
379180080
-101410933
-2117419812
-1233572950
1702211399
1193463422
-578632317
641376400
-1836310894
740903764
-514285192
268517164
-144641179
-1120248839
526508077
1346086359
-305530466
-1874729989
-988456574
-756597305
-1173353665
-1996379502
1428159868
2008572597
-2032842436
748029151
1451911992
732618943
-555381356
1210343544
1194099485
-645796721
97741477
-225873372
-443848624
1099758011
194333628
1911885026
-1492015764
-1367796882
-830764309
549315888
1649961074
525114184
-1156476897
1620558985
-2060187138
1210421891
-1207349903
351990062
-1163570244
-1976512170
-1636717380
355716649
-2131477991
701681821
158188143
-394397810
-1555038915
-295638599
1705761187
-889299196
-811866825
1934897332
-2059883153
363080835
131009914
-1513272151
-1187224709
1429235550
-1715407993
-1261243806
-2047599661
-1843352700
-1348223765
-2060786366
1997810173
-197562622
-1173854100
222798437
-924038323
1026595787
-1453826433
-926737915
1986555510
-960396869
-1686956804
1199643423
-1969364892
1031759065
-1311393260
823809366
792588873
994847708
-794944894
-2082794218
88370422
-290655504
504968960
1571757564
-1547082389
-275872071
10566908
-553236620
927155888
1252526999
-996813173
978567075
-755030810
986338604
-243989091
1887705223
342011288
1330557466
46792306
-1578859683
-856929962
952119313
-888490676
-306717118
-367312252
-1123640312
1121194854
794589213
984810863
-1962229047
696256292
951037627
-865481312
-1354779213
1410327435
-1802843333
-851159947
787814331
941146866
604422315
1441092844
-65882445
-2130255623
-1276464909
-1892615998
-1239550769
-639098950
-1081910287
-485391684
-59914653
-1942148033
694148325
-2027173309
-394639375
-665586125
-1823319537
-1238934474
1518415971
-1532662053
-472282474
1914131707
1451795348
719045446
1241659052
500058071
-933353196
-238713405
-266463762
-1665611904
-1429746900
-1362265454
1805627408
-830512145
217686559
-1898578977
-1690229831
241840505
-1715318861
282208491
-157943893
462236960
-1442500881
-1419357044
-1585030618
1197871654
675363877
1031562967
-717983090
-1576438557
2035284274
256910874
884123979
-830064936
-1619537405
1765972752
1761348080
1157867523
77710684
1862468687
1125000094
-1416631948
-281389612
-1550906107
-1491727446
265905439
121767715
-730645789
-1902614915
-1268289804
1855056800
-204486824
-1953064260
-1332518100
2090665476
-533374974
-768503128
1153750502
-482376845
850414177
-76763194
-1048008719
-608628291
-846166323
1757009089
-1857809173
2030032352
753340073
-2027837041
113381002
-1553086767
-208553511
-1469481517
1206548793
-643665797
541120368
-490050174
416816614
663708423
-194402898
1793305544
-1719966438
-414854562
1322505513
1372330028
-1270534327
-1551881749
-341865655
147161586
406216299
-1303734107
931436536
-1219084864
157672651
-220604084
-1293757798
1706291587
299396382
617593586
-28913093
1991555731
-157159466
-182374980
-997886713
-2010508780
737855928
-2050369559
-1312560386
-790948961
192358315
-1917487341
1508456423
-1635120606
321444819
1711772085
1733386373
-154441980
-1872695330
1701723373
594130696
1093830540
-28866403
-1045103998
-1721697594
-1699025789
-1797919018
261681959
1586315050
932890647
-1591226024
556798208
-808137236
1679164929
836113486
-129450394
512129154
79114730
-362888744
1279282407
1558252758
1288036362
-993857577
-1909831536
1381032248
86539282
-1849905400
-1291633811
-463098987
-1738956212
-478390444
1850582352
1928468457
-134781185
234734949
136326097
1995035121
-940232681
805002620
-191347050
-878053851
1625228549
26077057
-1475023916
1151540709
-1473808156
-18507685
2010186005
-48530702
1365742300
-1887839103
1370330171
1345500703
1477073099
-103630895
-1535631164
-1279752889
-866918367
1390923424
1677288783
335686785
-212989685
-2093061103
-572682914
-1996857710
623069139
-458155606
1313780572
-1066782557
1527914630
-1486840796
1227292386
-1372515021
1940535510
-201889407
523232053
-1811082674
1940792386
-765072284
708330003
1324590846
1912819315
-137418596
656635566
-753986558
265005033
1505924353
-2035315464
-1870988355
-514131754
1767456387
1959864609
219581809
-1418461622
597264511
-1754799267
-1301172308
-531122801
1189486164
-2013914134
-1254236670
200505814
1550969398
1832094545
486714875
1948309522
1509696833
-117304597
-1973342385
-743162589
951375057
1371574694
389061456
-481959369
1532709136
-76562167
-244185177
460495725
883781840
-640065931
2009075778
1745382586
-1722280294
-1859509076
783985805
745343248
587553542
1383291287
-499211297
768253884
908591180
-40831933
1580946742
-1989043185
-1627956453
775790380
149997095
-2086388928
1828256937
-2031215938
646655247
-1897194352
615672330
1570882584
-72324466
-1402982481
-1913752379
-579976174
1692870198
340763998
665258148
124299905
-1022983554
-1167800747
-1973583156
-1896973895
2086181884
-1550658458
-71768564
-327850413
1711884243
1950898657
-69042055
-953102545
-2061646487
226331450
1267652154
-582471236
13195101
1427414761
-1976965729
1011490422
1421735864
1544372113
595269752
205222320
-1068000415
1501199460
1954969252
-1889872749
980662486
1715264453
1303768551
-1280521626
1890453017
1903719470
-844184831
-1713058289
1456906727
-1831260333
-639336453
2072265688
-939189201
473275271
-1455688765
407913334
-1460727358
-1438453921
791025403
1170964039
-1033875642
-367844460
331606541
-495860261
1176350576
-247445715
-182345598
-1907951946
794503281
1597403613
799583636
1797475154
-1249854288
692058281
1976403457
1430477674
193020602
-150091571
972499745
-1874703499
314652790
2091912416
-689188038
-1576472464
1572541853
-678330314
-1947253997
-593171488
1869730152
-800451451
-1351308090
94831639
412716938
423873994
-418437158
1037581493
-446060448
1819736173
174659217
722039665
-292913050
1731272099
2059144317
-675707623
-272309523
1949063699
-574092711
1837776599
524276746
544406203
467804949
272408501
-344650287
686130197
1503649330
-1552863646
64199875
318211957
405138256
636577590
327896964
-1919292748
947256068
-971798925
-2039288368
1569687059
-410988305
-1541786931
-391746896
-1798095784
1736368907
-444216277
-1046903320
92598589
-1067247032
-815439185
-1238462285
-1471872502
-228554665
-502162956
-1171764815
1379673216
-1145755964
-1231291242
-750189536
42455033
460911434
-1176402954
-2032103862
262247628
-950928030
-354985922
1353550654
98174454
-287098595
-711652190
1057895362
1852184822
517286707
51370985
-3689849
1963466743
1807008346
-1565611733
-1184198754
1464582708
1674965468
-149501732
583917354
903779991
-1808998045
-150088184
2072127319
-1392163677
-1209416169
239933408
-1598541430
247943060
1389410538
753351540
958872282
644476869
1812471346
-1767283263
1262565309
-1552638384
665678455
-1561533970
-356835578
553662203
-232157042
-656478254
-1604685810
-826551214
-29702938
1352169145
-799512527
169921039
-1086569951
-961044376
1941871484
1510040002
1637337830
1791598685
-1356340060
-1019986515
-1261984524
-1326240934
411820089
-52918800
-2112083589
-1456839900
896165658
-1278393371
2061076134
-365086072
-166740949
-2118610995
611812988
-1727294050
-1191091899
312571051
-334074136
-1660114351
-298924178
-420893072
-1613148395
-1901370082
1937788489
1285727831
1460096511
1115543067
-1626192177
1426805138
-2049257913
840428090
-166662849
1471862310
-520193210
410645710
1426427475
-824829422
1814401891
1495256398
-827044940
753705143
-936508503
-1380088487
1957508014
-1879352717
-1794103149
-603784454
1068146727
-1680192882
-1681307606
445631276
1090654413
725886809
-508880559
1456826528
2030826638
670390420
-1035211681
-985834819
599397965
-1705904112
-1929885458
1439033575
-69492527
-1512523627
-817883918
-1582844413
168357377
-1683826939
-1387882228
1052446779
-1390373554
-577799744
991819296
-1283720962
-85824145
-306503094
1575739428
1727539530
-1496550060
-1932913365
153006651
987928109
-953624492
815193110
-1059639294
666646920
58425768
-1035712947
-937654232
1538925334
-1754205412
2026146627
-1128960956
1896682924
-1185459453
-1310887038
618287586
1068446913
642114922
-372528177
2040672478
1310754353
396780689
-819616117
-179547403
-1413264323
-1458115434
-4149413
597624984
185957334
-1580044685
845223179
1035753219
-1038822630
-986128854
-1977053777
1732965262
804213790
-772829122
172243211
836968515
821700590
1906670181
-1131551436
1922317743
1359293905
-1005696134
585791862
-1655626243
1623309009
1365413560
594127736
6202688
-917025415
-354267611
1489592990
1874895631
1235827168
-440735669
-1103008338
458740054
-813919770
-1249374931
614624949
1663759467
2078133693
-223144327
-98754261
-780920737
-98961237
2104700665
1270177365
-759478378
-1953012211
-1822163633
-910785558
114136730
890647198
718259681
632627449
-487024341
-2086595079
-953862127
-1560015607
-203451238
1559971932
-1126147407
-666808959
213975894
954237102
-1280226378
-1140757174
-1604829753
842550978
1260570411
1575365298
-168797094
1504597469
1940760935
2060951443
-654661924
439692149
591782017
753223604
1137452300
-602808773
205553924
-1345943186
-1270143894
812280155
1597632991
-666327918
-1131493547
-30304254
262038431
-646829174
-1224740524
2112822560
-1377433889
335702717
-1632885581
1686823791
-2051426818
1718968888
242230609
-902899278
273417746
454768010
-1918274376
29540162
-276958435
-1587792402
612039534
1538897094
-64644226
-1791956305
-710773878
1545704769
-1673478486
-1234715704
94464137
744512337
-1404832997
-1094180150
265674850
1963726516
340969352
213747202
-1353973289
-2012334577
1715225429
-969793062
1674791949
252389610
249199180
-18570113
1635201886
-904684033
606807949
84500420
-1172031634
1328865715
1147306947
-659409595
2084554364
-254664476
1620626072
-58285873
915046906
-1089956891
1925587818
-486046465
1191819358
201119174
-1178083010
-1053778392
959326266
-2079331368
308628980
805551994
1010524298
501137775
-1057393476
-794280353
-145468852
987175913
-1882546232
-863293400
432465750
-463910161
-1854964413
580083176
1970909795
1124997370
1479352193
-163179872
66849902
579649561
-1170715529
-1545066596
1307194179
1927603952
-1434988436
-143068388
2103197010
1885137411
-1660106768
840629557
942667461
401929524
-373222131
1415094009
-747963435
1229173130
-1546947652
-1712263211
-1225546663
-464942285
559669658
129738042
-441150305
270783436
-1789244197
335071360
-1423440001
-430357282
-2048082306
-1488230650
-645585492
34449067
-503745598
921477277
-862257587
-217931989
36477656
1771485222
1644819660
-1641550511
-162486567
1585318521
826652652
-119696238
1229156089
849874824
-1042868703
-584139609
-2084467459
323930564
502678299
-1938536048
2078584554
-33470530
-1878302045
-1355124772
868798462
387456017
1412197547
-1657485017
681020644
924774272
-1735606625
-1698648860
1803028258
1447203162
-230429183
-1423060644
1389693909
-739956187
-468275148
67205366
-1689095776
644904059
-1002050665
99135416
937812450
1318592558
303384021
-1739432691
387350822
-407059534
-1795439750
-1796067896
-1146475809
-280887364
-1283044150
-1795581335
-1740753836
1420867878
-1474483251
1793363358
-1028330791
782798101
1130026926
629894923
1564492095
-1959664803
129212741
-335243699
1113940109
1597260579
-1374481166
-503616964
1323044847
518704579
-1207097940
-1581010832
2062034926
845874164
395212121
-1999384314
-1275427615
1408252202
920145503
-323415388
-1572197214
601905467
-1286987142
1850020537
-1007838331
-156965819
-482106672
-1495007735
1124560006
1287472334
277333314
-1124119192
-703016767
605938731
238701316
1883835077
-1279292890
-1522425562
823565423
-1844977046
88890732
-1131836198
2065174037
-801340287
1492791110
1138823650
515433237
821893849
-597868332
660269490
175022257
-1913923862
-718979236
-1143110588
2019526429
175758358
147069753
-2026125834
565592985
-1560802767
-432612846
1468088242
-1649004607
311127107
525129807
2047296847
604221987
-214741108
1939680713
-1940224458
-1262906350
-244627769
908143040
122621000
-115515207
-2066506318
979769873
-1306868481
-1034804878
-319881010
1991758248
1848441043
831130456
1286364515
-1731681742
-1225042722
1949102618
90193351
-781009641
425945794
-814574574
-1035917858
897200039
1187629770
122491797
-1532054556
-1409945965
521018447
493957516
1472432489
-1569086306
-1677862820
-334553789
1798193309
-1165936493
1466272404
1168633217
-1571950131
-1506132359
-59065260
1704531671
424873261
869713925
1146547732
-1934068931
1995279575
-1990703025
-1243725038
1743826650
1377682195
913866440
-1175272655
762785314
-2125641511
-1572758165
1199527709
1697759526
-165031789
-2059002317
1978917555
-747390938
-518790874
1534852044
1249780128
-1885393557
596622643
-1194966643
-1696519609
-1682925485
726071961
477308580
-1836598552
1401421229
2064485950
-1583077230
1368110333
1411666246
-985313265
-805775142
-198219033
1899683012
656882500
-533966348
-1444174902
1809694641
-282464536
1054902152
402618804
746708186
1177629336
-1546525224
849180164
-1494890278
-72711286
409007229
-1012690935
2086702577
-998838831
486994005
-1534987799
842553625
599963102
1294307515
214869956
51274843
1743754825
1794206713
1849859352
628011614
482252241
1429843706
-71398298
-613978304
-885868127
-1245242301
-507722475
-655029592
393615317
339183140
1031728023
-162701541
1235160635
-1243989974
1133844426
-1192920433
399221085
1382351831
-1471285856
-676144067
1793411007
513860756
58051585
1709325243
-1547721372
749235942
2126810607
4926793
812186519
1145143008
-239511061
109655914
-1582608153
1887361496
-1868297321
907554230
-1020684942
-647121059
1568916380
-1520769810
-579582106
-1805752985
-1838446131
726701137
1696947140
-761889840
-1534300788
1479440429
348876647
-533835005
1192675436
-1202157128
896042053
1388491250
-468023529
-1215471584
-1698115853
1690232653
1638440050
-87650593
1245337710
93503984
687211262
-577759916
-1686734825
-1804919652
1449324673
816755599
-518362625
1899688169
-1303437340
-1122617236
-937654939
-1437719173
-1378986657
346954978
-394274948
-1702982796
-1713471278
594804892
-1117772176
-1867071703
-839703946
-730801207
-208887637
-873078761
2042615220
535755312
-997737389
-1564322793
-1738135980
2024543110
-1138291945
1898514897
1992889306
-576449277
-1451882965
2018111086
-1375017172
-1161400270
-1272244592
-1119253871
1818246776
900793096
1060003224
-427099513
-1548913836
-777458376
-895090263
1150596540
-720257242
1622861509
-722205887
-2093622928
-187317819
-1267602472
1984814649
-962008405
1902726752
942428627
1314290509
1120682862
209101470
-1358653019
1252472283
660053802
-1664127993
1757713247
-927139350
1048148597
1297760161
-374429945
-645218707
-88196613
-1234343970
-783133012
-1186799671
1221479602
-1636946763
-1302442566
1727864469
414170449
39451150
162763151
905397920
-1140136190
-1588524958
-350050483
25870903
1656308053
-309302366
-1217084686
-1378771545
-673155208
1673768024
-17804379
-442908928
1196113573
-1384886516
-425098927
-1427286500
399810523
249556456
585396087
-1369192225
-1814976304
-907818850
383277376
1524539327
649115685
-784929143
2004867793
-1148569978
-691742501
1058694930
219413474
-2127415978
1990648069
54066261
-761999471
1584797165
-369276993
-1964602365
-979649165
678050090
286713438
1334379145
-1746876436
-688500528
1020532968
653485169
278750144
-569761400
-467865146
2065533449
193770729
-489823956
484078775
-1473679039
2129806506
-2038188734
-1353446136
1129400793
-150108956
-1474030138
-1959677182
-110649413
1156691111
-568911829
-1267305310
-1438300251
1310652940
252241572
600724879
-300486134
-1565342399
-1946687585
2076555848
-197752774
-1093480220
847206801
992989852
-1218791488
844583829
1162438392
1332000607
-1968615414
-1125239099
1841297053
-1638453414
-1663084977
909797076
-574374886
-1945284733
-192154707
-1508929445
-1364898661
1342597741
-1198939760
-1575231803
1276394472
-1999895807
347289690
290885668
578061730
898807406
1518912576
597914177
-1739929908
-1565830819
-363707278
982031605
108268429
-455900055
697088126
-539689546
1659254067
-327619634
558899190
-1108637580
1644313723
-1409786273
153309263
-196075099
861000719
504281021
-627260148
-2024761954
-1273090225
2068812229
1316867611
209006885
82178387
-1580621494
921157758
-334901437
714377264
-1874351612
-769585875
-2083950499
-1715636101
169360839
1482318394
1690545797
-851288821
-1607091465
-79545802
-1607163123
-218980607
-867484102
-1036550701
1098715485
606087692
-928351376
-137225270
1743907590
-300637975
-653151777
931314430
-15236842
1124521513
-1168101454
-226956575
2018375341
1877511478
-1907681116
2081519126
-1690711856
-765409385
1795908600
1040497496
193757052
-1262017934
-1994832468
-1515769703
1618926590
-1606875054
429422317
470578286
227481729
1462352682
308023757
-50359895
707464424
-2124776806
-1751124941
-87467705
-1206432546
1563970160
989912594
-924322164
199332650
-831447696
-1709457700
-999743124
-1329721785
644507736
1087366713
-1077243091
-1626054093
-1788911330
1252461556
542810441
200962951
1653436027
2141283125
1179460248
-181907513
-1422292052
1909665013
1431765678
-372128005
1405199479
103054765
333784961
1384614526
664350059
1515924048
-785806001
-1710562027
2101378156
-526249860
1350810814
1679581251
1983554926
-62902805
964165444
1459546842
-1996628096
1332034351
-1061489207
-1779542827
404141580
370720158
1326282121
-1352584091
-1636398499
1773388938
536792895
-1898215351
1634347360
-1709390411
-613817217
-1466389662
-1656915538
562056451
1524871011
-1700237946
-27425335
1001943921
1452810346
2089051539
-1374001499
926961989
-176392548
-119549753
-868298134
-105914489
-242453008
-1765436593
1707823992
1888484527
-1942347790
-1673712099
-1585484885
941459615
932041376
518569470
1153116127
1334692819
133099925
-476358677
-219682890
1557503446
-2022998679
-301443426
-1220584040
-1676149001
-807977642
983657832
-525071621
-403171012
998334239
1203934273
-634471196
1263918231
-20336340
1571299616
445172908
-1313101225
1976359673
261923469
803416327
-1254702111
1659975601
831606643
896953154
1304129695
731133717
2100109370
569933003
-1831792841
-642619229
-1114905323
-2089250570
-1823373824
979539187
-2102923880
-1537575171
-204814671
1805551971
-637659764
942049353
-238528165
106592758
849693446
-1905019153
875963032
1721113977
-1794121290
-1434091396
-2039686908
1612769255
1933461372
1200605429
-7610900
-1770191090
579857984
-802233831
-506761915
920847729
903380738
868369128
-1733469985
-1490929808
1781312047
-1573080216
144818906
-382183770
1010510135
-421203802
-233272488
-1405292654
-331627173
-122811142
-2075171468
-572291720
751269835
-2088824689
-1665677454
-962490231
-1031145745
-1925865950
1171204662
1806940737
1492010244
-743989238
922176506
-535823344
-135457813
1118060919
-1249678789
-32996292
574427709
-1707821058
-787831052
-2126674683
1318221218
-2107530924
-1990259442
-776318455
1536972387
1388968281
-1366562794
-671322135
-767315908
2107960408
-499817680
-1670809043
1570315383
395839885
-388062389
497222500
1092327733
1683986919
-1069887339
-294268017
-975965682
-1411440882
-1191132367
-1340856128
1785044444
806108838
369116967
639688189
49227220
-1165582891
-1699533924
1510710377
547449301
1960014083
-1603038910
1486650021
-543795708
811320288
237251601
2039459443
1088740760
-944194134
833514550
-1408748388
947474162
969500079
2022031947
-307588332
-1625926416
-1396593647
1268675273
1000282459
-363579007
-736445751
-2026263366
-154320091
1538866556
-1404513555
-1093675086
-979885764
-832628307
312162869
-2072163073
2138959013
1162280241
586087611
-2132479969
276506625
1287560451
807765761
1069505138
-1791757514
1817061590
-1680057288
361008688
736916814
-1513080540
1173580991
-2029427556
864256158
-19789178
155439337
-1278661767
1865471274
-1804887482
146861059
-1306057283
-436558520
-727418830
-77972588
-914693244
1575764098
1416847794
1033131750
1802872135
793905344
-743179747
171172549
-1667350963
1776096678
1783575623
-1346536058
-1249629600
382937659
2022195550
54126410
-1826501948
-560602934
-1054271242
1373497988
670105189
-1223282420
1550249569
254396600
397707598
578270343
-687331516
-603181180
-2127823006
729369904
-2015713434
-237962780
705635909
-563146153
-1222474293
-1453047376
-167181670
-1007441981
-1114210559
-1191803542
1748632691
-1942658276
1946204345
-812194250
457967365
-114957431
-1360024936
-1406877143
-979757157
1629028249
-1404288945
1800023749
-526829619
885665126
946309352
323295172
869175025
-1987196681
1717798755
-463665644
-680345904
619044070
1509947521
1983894307
950620060
805851458
940384734
2103430236
-332503263
-94460746
-1672217019
1276250864
-875806917
-672820246
1088707391
-640416807
-905113721
-1512746199
-122766355
-1408527333
-575316387
727793219
-145156841
1191513420
1591602429
-538434892
664450692
2015823447
-1723616505
2044495877
693958027
2072769660
1440193840
-1942054286
1856204010
-1548889958
-939588813
-906519604
-619190827
835734704
-326039292
-788463968
-1555874222
-1382392415
-1062445237
-1858105447
-549592893
2048400694
943986448
245190946
506962116
577390697
-285639502
-646779569
501223735
-520561184
-859558371
-1107566083
-944396388
-44916553
1380507707
-643904713
2144551077
-1891925118
-1177385046
495284187
976804361
218644369
1223219376
-812223364
1577424280
1485151349
-21343637
2140985482
921065871
344861635
-1673574068
881303984
626893357
1180269847
-413227834
-9545347
1270765701
1018957404
162808897
1034764613
-1728265579
-1925219255
1092894548
1530290249
-1726619496
-1888569554
1936028980
-127741931
-1107375208
36323312
-111075482
-1251874007
420669766
-1584090799
2062310332
924467675
85002509
375921012
-2110004866
137001339
-1457209756
1166600096
-2017372698
-218728008
-1216705437
414413379
1311044561
697273409
1521661593
460151098
570784436
-1140043089
107989788
-97236913
-850159412
1473230497
1031485920
427286018
431834265
1351366696
1556843852
512014988
-1678722676
1757625957
-346220534
-1302136032
700845054
2035699313
-1131992034
-838163085
-86407068
-524661636
-1702547654
343197566
-1525657151
-658822344
42737743
-1170714750
1076097883
1740680567
1614439015
399368268
1139333553
1852513810
-457645903
-1551489606
-1479612757
1315512845
-1681793059
-688755331
1448776979
836110584
1597182122
-1724413920
-800563388
360857495
907392956
-1732299192
2012437792
1249757381
258014898
2067572284
968052038
911663253
-2140683656
-1489189465
1618312580
469577145
-1406897447
1589865373
1377257099
-1151589081
11196247
-352149797
-1807741215
-1849326599
1680919870
910785618
-203159269
-1821441132
1755075318
-1491303962
-2038947510
-724259828
1821799577
-1505672846
-1082995275
-335320889
1225256389
2107883535
909948616
-605699233
1927124146
1067189654
1668246093
1223092428
-801119610
-109141918
1869581785
350117058
-146133785
1909137754
-1152170872
-2105999528
134440146
905434158
-1629701140
-1132836630
-853315926
1711945695
-1503914943
1299898431
-1806866540
-517997691
-1731520538
1467477741
538471425
-1643871412
-1666681336
1910036475
-372919413
-1037354561
-935365472
650589384
1729893893
-1608044216
1399082398
1611611180
1338920396
557636087
-58938522
1585248220
-1638757533
875745154
875493499
1728900115
-949539265
-363658356
1904899705
1569527149
-85346594
-1294088150
119885896
1723162901
492979741
692354722
-1077077106
579666722
217529803
-1281757579
-231113371
2103725886
60937848
-1996322657
368567886
-1073678456
-323633517
-204530916
-608003740
-652945989
173741747
-728713042
2145678036
-1594514801
-1581555916
-1424172835
1366172044
-2029109409
-1214829818
342160447
68732978
82343435
1812179905
-1602936583
1341995351
-684174561
-932418821
-954109051
285623020
943750708
-135871267
1008871348
-1418216204
-1434897258
-592840716
-522529290
172707706
-1260795354
-816325052
-2096547623
1656693702
-843131774
1794089890
-1336129841
-981338933
-2073729950
-1945825981
1606198324
-592760094
1435889989
-529783153
-2045005426
1835347645
-190850228
1731356475
-567363051
-400916587
-932141212
1018930838
-53475722
-1856563034
-341812821
-982880222
119003091
1537262044
-939617780
1335922021
266047246
512878542
-255701205
1163778305
-664697785
1555887851
-734495864
-74404094
-1073982814
-1618102798
1290512606
-1433629065
1881709645
-1446947929
-1258185268
-2058305469
-487290175
1701125059
2066848183
-1248717004
-534212793
-1126758613
293630701
102243668
-551737411
776117093
-2128743666
-1657847169
1201777561
1103613255
-1097787993
-1963532235
-2146147026
1931533041
-1407775457
1684743857
-1039369426
595022076
1475555798
1232619322
-973443473
-966283533
-1616101494
-1150980168
1898721265
1765170945
-904559363
-1766102135
-1930554592
-1808796436
-1765217836
1907621269
1766989909
928639041
-1935610174
-75741281
784042914
607665617
940575717
-1033514274
-1897638962
-1983916965
1881477487
-725152308
-856732258
-187414390
1675783817
-351972547
-2072436906
-1439980511
193495667
1850724018
-977342338
1700875380
-254714897
-1875652114
-1592143383
-140188647
136219359
1755869130
-226876941
772346848
1635772461
1807249477
-2038533879
1329688319
-981174294
-1966149153
-1300911507
1373496977
1026869689
-1591981018
1465156922
1241874497
279477102
-741472368
1906475430
261702722
-627129871
-550633845
-1109199225
-1899784574
-207872920
-1100350510
1313010456
-729321698
445486485
637954562
-342034180
-1440340457
-166447237
773056620
-1116745086
1550435910
-962489017
-1570186964
2054555945
978131853
-2135388306
1771912314
-1839218585
-128323505
104052242
-1869058753
-1593247579
-1096208863
2007297450
-580545813
-1734181234
1844958657
-1577567776
-2114134907
2061765257
134152774
-1967271235
469555459
96621699
-9671783
-1658984445
-1305444133
1049370609
398203939
750434009
-1183595303
1660781589
-200585785
15455661
1364309555
453571711
956801554
-1677206955
718576602
873057750
1755130289
-1776304521
-894334702
520907480
1094250275
-354310613
-931247804
-1944844898
1167915182
-1383142178
406435091
-66655964
815658391
2118884473
1868285100
-160581880
-118355316
130790081
606335842
-1346714222
-541363867
231004416
36817017
-1801790988
-135208949
1641116133
333224257
522240722
7400120
-941874776
964483174
397514499
497866080
720974961
405440134
1974443161
2108328046
-502954246
-979789820
1195252766
-1327194957
1857607026
133587995
-1403476959
797618843
-2074897244
-1003392715
471630064
1007913121
183417176
-1672793475
-204772186
-315259644
-1275719175
-282752333
301644647
1769055930
-507767177
-1653987266
-573405206
1084756389
-1717546386
-1200484729
913613879
-1007900156
-735064697
-1307844476
165368497
1682273067
1127814686
-1144799086
-1459877033
-1788631690
-112995803
-886515321
-923086522
-1123831941
-898237881
-1950751481
-1291920255
430937726
-1292950704
1474511638
-1509843979
-1218287063
-1673233973
-435259665
1543328694
-448610436
-112307220
-2039735021
-26158194
-929732862
1998749104
-954290524
1635926457
-1385639355
1915003714
-671242766
-513649175
1485626499
-1731691103
-1433544618
-953196401
-1754142048
-1321753218
927275326
968198748
-2067425697
2110206058
-2080605559
-951076859
-749578036
1279753264
-1848263147
-518791610
-16062468
-2013606785
-1609708395
-928902614
-1920910343
1134927564
-1367390809
-1717708408
-963350794
-621422474
-1422557915
575504336
857730250
-1632881878
-1683916358
341013255
489268635
-1077572728
-1861760840
-483267313
-1699465255
26736134
-1713947863
445213996
-449493650
-340673004
-1006247901
-2046376509
-486578125
1887875969
-661467040
-1459764637
-1997375067
400189981
-1021272306
2012850697
-1061412392
1771851678
-1283095582
1264394655
-1507991125
1909767111
1600885362
-1681968442
-2092102596
-24092986
1626116804
1330346709
-53189730
-1884704291
1505382177
2135410208
1336298697
-1675211195
706571055
1984011132
-1953902894
-1143452082
1830950974
-829785086
-268709541
-1135469366
1491811041
-1512973549
1430343244
-1606592852
-1063660095
-1441262947
503212738
-703880469
-37761619
-1239033957
175221575
-1862097749
120740596
-328731934
1555150660
2081581983
-1820214282
-423149031
-1338024013
-84408664
1268841720
353453320
1311038744
-1037820734
1336011064
-1308247274
1828092081
-1023954912
-2129233599
-2057169652
-258468629
-1368952940
-1645587840
-1349796065
-739358440
-1237829068
2023500822
-167344340
1440285791
-1290946246
-521655058
-151739579
1715530739
-2052180948
-948857070
-1850598293
920643720
-361954500
285955130
-76176995
-2130667775
685720560
-2145110106
-318961903
1022857325
370455557
1037371693
703329728
-1663779532
-288827759
1566289300
669486888
-117823603
798934887
1169162275
-1428027059
-1775697614
-172203842
580137333
-508197120
1215090775
-1338009836
1380695952
-1973571485
-1336412201
1028861775
-2076091595
1276366763
1468272304
-1839844570
-929739144
797537831
695974577
131844030
-569165678
-1766199934
-2040855951
1988053655
1688679156
2123036996
2144225923
-891103063
1532474272
553233566
921137639
1139581898
726319284
924342374
-54279741
-2135311790
-88979129
1525601631
-260791214
302195969
-1276856456
580824766
-1253550309
-954433761
61083587
71364841
1420758118
662793444
250032534
1829478529
-238276629
-648440806
429788452
-2102846046
428524236
1638988544
908255864
327939945
-603520315
513601905
362274252
1588458422
-1701916510
1684269125
-2054052582
-1395568846
1671268848
-1220486409
879012595
-1857586797
-1689302537
-1983828088
880040592
-290401762
-2045590041
776351906
-180326106
828188781
-2078263216
-1490975233
668866686
1026360690
-1985015849
911625995
961517252
1011876027
-1186245338
1652474824
-1056528482
1060939255
1179057188
602963953
-771042688
-1459441992
-1403874202
37215330
2063487550
-304049030
1242303716
-1465582922
-1311677982
-1324237085
-301367569
1462462257
1151140543
-765799860
-2083441566
763327712
1595641798
1076748927
-678470377
-1620396034
-2067353065
815304130
527247261
218317465
537365211
-976600044
1467232551
101156725
-1604377008
-1423884618
1814331590
-681900240
-1858434012
965798892
261259738
-1296159834
-1433992953
-2044931324
-129650234
-1113721450
5262715
-11586409
929559778
847143045
-1594090002
256043790
-2006923595
994877666
-279785463
2068598631
-1510557341
1611964522
934756682
-658168263
868546660
392649934
-1678478640
-1808017163
-42352010
-629797742
-1071573387
1703313262
-1154609452
-524276169
1116100897
339639706
846582184
-2072975972
695762525
-1657685607
566989757
459951008
434446630
-693981705
-1896787592
2143523852
1900293635
-553591762
-1408510712
1869163952
-1294603687
-195599506
-505610276
-1814282037
468294910
-767049825
-1428900011
1258368943
2056104971
-1388120922
-1040750403
-154993243
1992508405
605268455
-451651466
-1790197747
-1654858786
-1594885622
-1430966154
-51348023
1984965416
963771138
80970226
1072767196
1807311947
88228427
1090006617
1259560525
-61421336
2117069170
674491267
-1054230447
-1323242722
-299510054
1017075498
-1023017304
857026587
1613057724
-1710994024
-1050087097
562915316
1701449839
1262057378
-1955141322
1943572153
928809961
-1059830828
-1840010309
527829700
104512389
-1083916563
1074121656
-527041455
1403604486
-2035155059
1457798481
-1583975853
199838939
128260396
-1915289647
1902024837
679533220
-688141746
517865934
-319409474
1207444980
-1229235724
1054843786
-1211565687
405064792
1391417429
-1712161893
753576948
1067051416
1590113998
-60014130
61467304
-1351395524
148957974
1899627593
-1341312966
-988356527
-1614933579
-542897425
-441025857
1005481324
-851164234
-941486841
-1235256667
-1110807313
-1862233189
1024105759
1172921024
-2050229366
-806263408
-567087314
1243116963
1772785924
488183524
-163422984
1690668081
539047227
726608052
1414483126
-1848422029
1837859177
-34807320
59858421
667967402
830140840
1984797795
340721854
1746594472
361843383
-957730443
-722806026
48022363
-814409730
-715507308
2107088904
-913604438
-1048476209
-771943604
-1602273600
-1459494525
136518638
-1581783693
93620602
-670778316
820452435
-212528992
-1290486661
1901530874
2086373934
-2115714084
607159966
-962198057
1899633962
-1891260262
1554675762
80677288
-29842187
-1191716380
213056546
-7394186
-2072141568
214670039
573062998
2077001483
-10481533
-2044690351
1709353561
966745032
1929756355
-1501494808
1931268412
-1958079818
-1159491689
-1464752611
-292553287
28074714
1599574055
1258962384
1087158170
-1028703028
-288567305
-2141003017
-1108807845
1877756554
1599424035
-1790595446
2048110350
615323785
-1448720660
-860792383
-1724353154
1602960397
1378372978
-473416063
-1646616681
-1766061383
680730051
-1047893229
-1426881531
-2086160535
-1499757804
1047575830
1277437210
-1139480513
46673485
44709815
-1053451020
573512188
165116106
136055070
-68048930
-767597424
-411562145
441971499
470741238
307524851
1119013277
1908673377
-1031600880
244305973
58995027
728368674
-1102704678
-644107308
302546519
1133740316
1722992448
-852613299
-1132131706
-239337213
628042002
1739789045
-859405816
-675768704
-781127966
-1686081528
-822389800
-1618977176
1216011314
-23796222
-2002377085
302010673
1251887823
-921540307
96228655
-921168479
-1105290889
1235988091
549501150
-1232811321
-674602815
-1286305643
-1326759436
1549401391
-155676098
-2081258957
192030198
-1057473712
-2137659942
1909213613
-1156471404
-1821115063
-2020525688
-766787118
-147083544
1163318220
851167006
-510669832
-1154949120
-288353702
-1617144708
-1534582956
1754836377
-234264400
2114109940
1344717195
-1431915987
-2069422208
-535061787
81261704
519530800
-2101154716
1721339049
791326096
-153167211
1613467919
-37427280
983624083
-616039786
1386396101
446664429
1262514883
2102116789
1031130892
-1051854480
183626602
1054032125
-1016746333
1843145299
-96128520
-1567607155
-1432584269
947897050
772764251
-582228394
1588598340
-1662610731
-1782024045
474233635
2040699378
724781897
1188173957
1229681625
1840931808
-12568753
1613610766
903799040
2049263595
836378427
-976125861
-693275007
1122680098
-31213057
-1542506633
1364145585
-1527539338
494162129
-1483371740
175813517
-1742383955
-603293428
1992027119
605437767
1056573084
-1156183981
-364388482
878079233
870159509
-1758812420
132853036
-1175189289
-64241123
1600038058
-325074985
2040509987
2117212386
2003825467
-771796744
-1770406149
-699147285
277048293
-1526583053
-1363617794
-828540399
-1498365285
1332854959
1729289296
519582637
-1747989579
-988778391
-1222195742
33941394
-2011039793
323114949
-1755879946
1320696637
1035807216
1797176102
-914710046
1479905867
1649101806
1132728894
-1044826093
936479018
1979991313
-129145880
-533245612
-1358567661
1425946359
2120289076
1725850192
-1934345417
1263150262
-12699197
-718986923
-255354568
-2096011193
590334805
-1908763558
517023962
-330655199
77610656
549813059
-223249158
-840773852
-764156061
-222717342
-720640578
1453478072
-133452359
-69686975
257962509
2128753462
-1193021774
646769054
477795393
-1113952634
-521645537
-1389909322
-2135908837
-1046061816
-489772628
-1452393274
-2124576777
-174603081
945302836
570693838
-612419776
-548483444
1719248976
1156137111
829995045
-552628192
-832541391
-1943004425
387325580
-1036776556
-1387061073
578703444
1681457735
-2044474956
-439700575
-1541379226
961809029
1730703962
-2062475921
-139443648
139410570
1850279696
1735961572
1523215248
399901090
-2016697351
-350749624
1414480933
-1582622638
1268247280
-1423707731
980437169
-1649548079
-139297551
-1245561719
-1751988272
-167783242
1034692023
1489258373
1914515528
-1401959950
-463102553
1482923411
1356103570
20758783
2050164204
1393958214
-1950116711
-23058855
1719173858
2198877
-654415168
-1365012691
931895479
1895524000
422543658
1758251344
-1740951985
821749487
-1040321996
-26839438
-1843766680
145801623
943652678
1977263762
-1261936897
-610729753
1372460235
-1829231180
422737649
-183440125
-1424848259
-1571655470
-1737336348
-1648096265
-1628789787
477595151
-1430873497
-899641586
1697092898
1773536306
1506820695
-2137734812
205426664
-1142862511
1188254084
1700547514
-628155189
-265772852
-1729232235
280846729
-757119811
1123115133
-1888159192
-595383463
313675477
1374942509
-1872706499
511967826
2561618
685639241
-1185201196
550981907
2086091998
-1984694060
-364775213
-867684926
-822035178
660007327
-823377875
1217331555
-992501431
1832097464
-648875455
-743583635
-1955208577
-1234047969
1193870207
-1821378406
-2135182403
2017732543
-53802159
315062270
1070775687
158320796
493212983
-1244720805
1210781094
-65422008
596795444
-2082872909
1123073835
-1048410725
-928518040
-596755683
98934451
-789169246
434837246
-1148004132
1601851115
1191163863
-1412770745
682803373
-1682525866
-684899182
1254832167
-355637921
-1271294130
-1666673472
-640736081
435019433
-1416364217
1808462289
610866955
708659767
-1648074149
-1947085578
1408572062
1974577669
1222301186
1952931724
-574862741
-2019830800
-233372128
1014326995
964986038
-965982582
-1856156860
-856619293
1895118058
-449841363
-1762631378
-1544032033
-1151051843
1958964562
-1305378414
-1317541782
1563237778
1036762915
67168027
-1079237543
132370205
-714456242
-1468728142
893617834
131127372
1217989659
-1841382145
849207221
-849928859
1114341312
578160175
-138563423
1686634091
-917528077
-1846483465
-1200676584
1684647110
2082595521
1106584025
251403326
-526731486
313427614
21200806
-690960162
759689110
458816444
-1536126397
-1896689434
1830293513
1649586335
1702301359
1533094933
755155153
-749715471
44821828
731472370
-381753956
-968555118
-1191388356
2128246527
-2100407149
-1617268493
-320487306
864876847
485186492
769239204
-1726849670
-105193580
-553731937
-1089252566
-1519565382
-2013712036
-385161684
549099798
-575817190
-237983746
-1075583781
-1973046190
-544593998
1171374255
1381556501
1480040638
-1899147566
1800663323
-622371886
-908344838
887641670
-1951993007
-1863992958
540381829
-1166258470
-747086594
-1030923472
729001990
2012867360
647951837
1563076069
-162080534
119435120
1302364525
-1942250422
-546132178
-1509876177
-128061467
1236004496
1463243901
-36395948
-1482872219
-219700076
787493757
531909160
-1763250579
376161853
181766757
-250811316
1017277586
906929704
353602258
-72482560
-20996498
-1850756473
-1971117349
328150434
-1713600552
-1097273274
-2130853022
-1172623245
786487124
-941980562
1274460077
-862379359
1791924685
1703604174
-342236620
1566135937
759035265
-94576425
-698813764
-1780787685
249897020
312852424
1506634148
-277428757
1106052296
335436042
-2023293826
-1201066010
1021725603
1264142812
-1195167776
-926483782
775535346
385946418
-670811524
233705818
1143611829
883554010
-1085635218
2147286713
-1003666884
1340211937
-1059758635
-2084994603
-825987110
2095836980
612674468
1216208374
-1974152233
-306728567
-1732329030
2104781623
-2096460374
-1669993601
156932911
-1478677691
114369127
-9332989
1751128560
1569810022
-2044792970
-559049482
-411755891
-675965763
-470248315
-1149631988
921137489
1774852043
-1402173249
-1357941257
900801682
-581990343
1612074813
1702662339
1171617867
-96756780
406585020
-1206617469
927637223
1556604888
1628442769
475216173
-1970461857
1643381616
567061209
2081882306
406282374
1906888317
335337972
1482416562
-171402845
1208148118
-1482986189
848918909
-1905489856
1663460431
938896079
-390559331
1112372033
945742526
1354845980
-560949086
-1257757897
-562969798
313494271
-868482657
360335350
204637030
-560728675
-996993596
-1147591836
2111040365
-1801902763
1493513292
898076051
1768014478
1710351343
-1575945063
1358931474
-947730470
1637888533
-1005912420
2056636032
22737724
736398849
1223986554
1721731681
2070037178
1255043447
1075484780
-387776460
1736742905
-327009546
-1924223514
98523076
-81565178
1146615338
-1710584581
331456958
1339707219
-2043037788
-990844673
1999467651
-730618881
182419404
1847870317
-2111141313
-963981223
1592908053
1930887179
-419058630
-114429018
2046535027
-788129973
1325694829
2041116450
1537658633
478284532
179373656
-37728956
222744615
-1937768191
-1468339182
2118246726
-294697357
-1431885623
62516385
-902366492
612631909
-550711713
587067019
308943459
-1844225032
919846971
-431054419
-2036330284
1789034910
63564569
231061322
-1105995623
94330483
-1872146399
-737409178
800649768
782901941
-1550862009
401815381
-591378161
-1113824908
1402130420
-1846889074
756540727
-1797610875
-1123255834
-1633149244
173927532
1272487868
-267018157
-582459337
1984149532
1166516569
2000930132
-307221690
635831134
-236343870
-1843393663
-1991799223
1349219638
-1501855630
-820735016
-1785346403
-1668609257
768769073
2033669602
-1694523393
1924147112
-1159000955
187160088
-1153698531
2022328778
-747165080
-341352830
808920426
1798483930
2101606458
1760140704
-296250319
1056074547
818456824
-1625960562
-106789651
1935124470
-446683474
-2091985566
-1520310057
-971508
-841864150
555409112
1994453439
2113099884
-723008014
-1972794831
-153190881
494541721
-1793954185
-2063491497
-273567124
776977518
-756270711
-2129804476
-1995549777
878206493
-1815428339
1578228901
1528543060
-1824614796
-687483666
1544088250
-93692862
1140691810
221116497
-670722689
42041643
-173435718
1669228044
212715024
914312228
-1449148874
1318652503
-1853099447
-1277470857
-967670339
-716009532
917962412
1141159864
-1015528984
-1908431508
-1225008505
-1013854442
-1162502974
538178666
-1883096490
441025010
422964943
553023629
-1114106779
-206397259
1967113807
586559560
-1394228295
-179332386
-1225515325
2131056621
168228144
-1820733607
-1454699344
1670423578
1361232615
1899040279
4776354
-483709069
-1092640293
-815194406
-2020406157
1109331857
632686034
1856528720
-1589888563
-901921479
-361832581
929552995
1678997740
-1437926448
596203732
1674986191
1798989992
1024412686
1293251531
-173741324
-226316110
-624429582
-616075480
1168017389
-598521059
-1719417355
-69069399
238370272
718955040
491559298
936663918
-1489601641
-950483430
-2097138012
893971863
1151892303
-476037163
800221953
1294768171
113147088
330187534
-1113741818
-669342149
-233960259
1944110388
-1371110813
1139580998
2130767149
-740606864
-87428422
253562079
723809145
990776037
110429586
2013468557
1068527447
36887096
155219089
-303611406
330100519
-1053512878
1496937194
1867481902
1052734861
186818148
1837395731
-303859323
555578431
1043904299
947764155
1664062014
-1901387745
-319151755
591877115
1956137934
1546318475
-1156793885
1624387275
-1237518794
-1496093708
490594031
728028599
-828664408
1709566893
-1407922640
1600664273
-708981904
-1271222011
-1814621732
-1788950039
1422977297
576936343
-668482929
-1703292677
-1266052690
-1169788705
1420992842
-427631640
-1009414740
1881924881
-1679798851
1443368809
1130673300
-463768283
-1868489528
472125248
666636605
1089170486
489706303
521804719
152347689
-361808372
-24524563
160567854
544827439
-1122313993
-815253541
2126988631
1118731610
-739720994
1581431762
2109235236
-1381655023
-643938410
-1138473443
-174733219
-1025359241
-1251314056
782240146
1871656011
577902100
-342786771
1641161427
116942769
491037620
1063238091
-2138308399
1808288764
1559714703
1404874277
-1665117807
-1946888263
-1999022166
342324830
2033874738
-1587447482
-566459780
1349227711
-68564690
-1690502964
1264583635
-403298614
-2050415136
906429804
-359000072
1637930895
384800837
340058552
1831187729
1456022333
2061440518
-26221724
1817879238
1893711867
-151873099
1109375548
-346232793
1141194744
-618848937
1377677912
-323308595
453394624
1748973858
439182735
-1656872386
1192934353
1198615175
1965723689
-1716877674
267471982
385697650
1373830359
-2039277214
1606975154
-1398791729
-32588825
-118279729
2028305383
-1386881200
-432531021
1603169539
-1227315176
429066605
-1333262246
-1683920950
-1141504796
-977184340
-1232932686
-1282281867
-1418695276
1245857314
-2113069443
-556284162
-1075576720
1752126008
-2083701798
264599920
-837990067
-616028238
-545878019
-1989494139
154141034
-151340051
-51645150
1767922832
-1282836355
-898497177
-691553858
-538449251
-1504183544
-572783228
2128863479
180834774
-1144927760
1625303695
2067887702
-1695859417
-428116145
525028862
-664475461
274794277
11975816
-477703431
-1255628656
98788907
1121983900
-813389539
-1369029311
-1153222970
-1539117637
1864513404
-1310038549
1856505938
-1190098658
-425692184
388856147
-1506127900
-1681860589
888121969
1418225945
-125606550
277835609
1618065707
-1605755860
938323729
-365305427
-440548300
1500951680
-678322458
744036004
2132583924
995128318
-2094897473
-218580293
2032508838
1549106364
-208173476
-1783817044
693571095
2086461550
610179016
798559234
-1493227858
-1859079397
-206373371
-488993553
-914030420
749344019
-1838196249
502166877
1499623091
-835753953
-1098454720
2047362882
-953979764
1925456890
-980208579
-1419977672
365438244
1977417216
-1933267697
1966323276
-1338845993
-1188931547
256583117
-1132721643
-602207248
-311022808
-969588584
434099720
1821644144
187817991
2064924159
-1323263221
1120699918
-1914450763
61066661
1814989383
1636382591
-669300726
378258721
-299615167
-1489095689
1766689018
-1169432283
-497138388
1070355950
-372456183
230683873
-2021180808
571645991
-764526082
1202531241
585498030
1391366637
-434942250
-1632681772
516251775
-1892222049
1309956091
1323749863
78214681
-1930356881
-557020491
-2059915533
-361224772
1639443046
2054667232
-1694741189
-1107307891
894054826
1299940831
-1493450727
-1516229462
733175811
-2091920944
61201441
1283882877
382234523
1439318017
1962174598
-701492907
-1158050811
-321707103
613319356
-1527093198
1141233792
1371669946
-1362913185
1941080032
1798231675
-620043426
287415123
663846214
240988252
2042927904
-235416533
2015742719
-696193924
2116304326
-1857423666
713984809
-1751954314
-242207172
-976396969
1315330685
1581309089
-139887414
-574321347
705257632
2057730010
-1562883703
-1574212941
1656949176
485770118
-540214766
1156103761
1361397057
1685448662
356327033
-958402316
1402232352
-1280341939
-1926241927
-1693965855
-1641037833
422789247
-492027920
-1772356816
1626422715
214640922
1691272077
-607655833
-664687228
1339042090
2121512135
-1921871003
-1009062492
-1639573608
-1023543280
-334115967
-348346630
14282995
-997062070
-539215118
-2038800249
-295230094
-2120232838
-23425424
12499009
1114981177
772615866
931197723
1346950439
493846747
-1157719436
-1228140900
-521771371
-1888752608
-1772479540
315282825
1513997529
-9420537
737440350
-922688499
-1304361211
1669246221
891244841
-998032184
1750868486
-510328145
-2092243510
-2144890380
880633077
1802314030
-824434964
637304008
926475949
1853199505
-8624642
1141065504
-214124387
593867248
641646631
-1568003235
1163195102
1161868270
-146699658
-183488886
-1130631801
-1563452537
1731413342
1636432063
1097087808
-1076766453
1284776801
-1250865206
-600884971
-2136931991
-1678422262
-92334069
-1344518260
335811504
1427250207
-2138439778
946471160
800264915
1001297943
1291990975
-1956380401
1960048556
1978281417
-987438998
1974276538
-288997565
-1989390234
-863499710
-1124150996
404920655
-1933811287
273314483
-1351277258
1814592252
-915060916
-834642342
1242370008
237738478
1108894653
-1188481629
761510170
-1993370747
1246422545
764397491
-8666596
-1476377502
-1920752327
1756452745
-1222888084
1039766570
-572589454
-370813089
851290263
-1030112887
103894786
1237710421
-818978046
2049260153
-1496821472
921822289
-362308102
-1403769660
383124531
-1457131488
714027528
