1057854336
-520953556
-2140908353
574028752
566212876
1155124578
-1147624371
-1776268531
1477474482
-373232669
-1061895240
93774335
-551588420
1456209409
-1098789448
255181157
-1060028646
-161133698
-1381560862
-310548960
426593633
141054526
-660436912
-390929914
-1084637929
1830501694
-1445996672
-2124993034
-1911070419
-1865132348
90473596
-252114645
-2018293300
1145563608
-904446661
141883861
-688129196
-1404156174
1050250567
-1747172635
86282657
616095732
2053242015
-696982744
-1084206193
-1614237862
-1480673058
1842475415
1755675328
-699965777
570895515
723839724
-2123484260
1449648194
1598368019
316523640
121313688
-257265638
-1626044923
-575088589
806007739
625684518
-83731491
1354169876
-147999394
2038551480
-1918682092
-1938987357
2031617843
625741364
1999244246
1356860108
122346631
1877195012
-155228956
1391641845
-1670096693
-1650662194
695443643
2091542353
530942288
1157057001
816050678
993551222
-330844335
-1385051124
474820592
-1704929491
-679061962
-395967160
1884108973
-1250684280
1802703383
1042091063
272502009
672262970
276677246
1588455797
-895218991
1702785314
657606000
1246326863
1138420226
-910895064
-1295350098
-828477766
700669712
2094967628
-1186777288
-1304663929
216893529
-576545540
998635794
-1836428845
152734072
-1440773979
-131857591
675937475
1068628206
-274892405
-1454865864
553135729
-1586625537
1598540509
993671175
1004834593
1531669721
-807357181
2016944500
-1881413193
-1946630405
-762323909
-1057676587
754085485
1959957972
-1997360029
-894238371
212004032
-902811222
-1515270633
-1254282082
-61654869
-459303235
1278435582
-1878516658
-493015273
-1913879892
-1856460959
247613005
566168977
-877558762
-1302274307
1995436262
-1869803203
335011972
-876084455
-100965036
1785303306
-1588235131
1519162329
-1112062328
-43514074
1631973914
577568468
-790032343
-955073100
460267860
121273573
2119041500
328340156
-1185544389
-400852674
-1360201019
997164899
-301656334
-693840446
-391378612
-383906213
847368472
-363683694
-2008501469
-1273737828
284325232
408817384
-96585336
584894291
-482694461
-1720200924
1293245895
1128996379
1960853764
-1882516444
-1521653245
1866786922
-1049136715
1897841624
130449972
679462733
1390953097
-1473256684
126976371
-847399849
1943334475
1991838887
394913653
288078550
-1937541122
1011380653
1130535508
-736718776
36359236
1447487777
-1625915243
896253965
-475654909
413656246
-885377178
1379229277
-1986583739
1038311142
12347687
1302951547
757797727
1297618506
1937147947
1967499306
-700281003
440773164
-926420545
-503142304
32592764
-1200395174
1787936106
343054649
190765409
1066531901
-1215710090
525888814
-582202135
-256704727
1279225263
-495597178
1344417721
-619476491
-1265243798
825236492
162156247
-601157682
-534640184
226809857
-826216815
-1011226040
1426871099
449842772
915558557
-860893515
-1190502071
1147655440
816314497
1618199738
1190910864
759312917
358306357
-258182626
-705480951
788692234
695836422
1690357733
1681049488
-2094633839
-465613636
1140235421
-1708464733
668615357
-1869669634
353705975
1728982121
1585368256
1638642421
-215477352
-295889930
1801660904
-16739024
-1645755087
1008364493
-538997300
1005683143
1305003468
544111014
18706882
-428491070
-913917335
-1281965968
1370286483
-1279860549
-46980663
610055064
1506676593
-1690240575
168436616
-433202549
760265512
-775138689
802995313
747907194
-44304236
-628682339
1577114637
-126514084
328331603
1128756581
-810727555
745405753
-1440989766
-344620119
263214473
151488164
746049804
-1459268636
-1496459272
-1144514168
-157879063
-1731635297
-1342061023
-45800153
-966588413
-369736426
-1951761214
-18269088
-569445352
-433551333
-143218929
-1860678864
-1756983525
-506110663
1243620622
-1440538502
-1621730380
-1827669221
1757315873
-2042408950
-1238737685
-1741853137
84989668
-186339113
-54922977
861407877
-1446505159
269613960
1046603836
97359869
953693600
1412320569
990726444
-476996447
-1989691701
-1602383234
-1860142450
1359964495
1549424753
546971303
891404965
1706937499
-1863508382
202765125
1431655058
1401982963
1537667291
-529892371
2016563397
-1054727421
-767398373
-1841184197
-1460037967
776083801
-865418955
-900702695
-1525803586
1446731340
1550750248
-1213749695
1916409732
-1427160294
-911645908
970712319
1091292469
-1240413360
1637150542
148018491
1646715481
748542830
-646357442
986246070
-1190132031
1919561162
-1563664025
-882691948
97690549
-93703756
482119232
77180185
-1741672337
-1968555814
661096929
1549808055
906746317
-1027565842
1309596121
1009875016
-625184447
256874373
-1635226050
2054678167
1360647947
1326870082
-1033553660
358708516
-709209174
341738803
186214034
54836776
-316173169
-2105225862
-1290335342
-90605354
1645887508
288683567
-2088412152
-1159273245
491148459
-404312699
-1773420634
892267080
-634271910
1519079467
-540453027
-1920667322
-164489882
1180478196
805750839
753645226
-12272306
2040771257
700014435
1518706770
-1153314054
-312977795
1397482385
970413551
203891508
-1041641517
-2070763648
-1047223797
-13788585
-1416555140
1421780
-1351884979
289530437
-1400548269
171249196
-1715177988
261385118
-1367043475
-1474782348
-1129763391
897865262
799072380
-845288585
-1285597264
896265382
-630932109
-376698953
-122153847
-1626560626
2103939183
-880922752
1161378618
-1346114694
-2070586155
-59514054
-133192792
-1785661829
1425740983
319148287
-292234834
-779636520
-585421445
1680111213
307133541
-405580546
1441028798
-633435204
-2031235675
1445405364
-1113681035
872057874
-1791347252
-1129672302
-1799305899
-2104496363
221888445
-732842317
115595892
1535240130
-40447701
-1083584087
103675184
-884556676
-395140329
825046193
802883151
-75232152
1925725846
112262183
859185512
-1858497033
1400635864
431114555
732509056
-1162259773
-1368395419
737145829
280952823
-2082145121
1052072360
-753342442
1447921573
1846956009
-1384610639
-920214993
-1044562369
697868065
701204534
645824182
-1446792705
770673599
71397338
-106180282
-2110879356
1703934016
2023442353
-953157945
398851062
510494593
1943849731
-1979394337
-149149843
1947221329
-1909015728
1447135400
-2037323373
-955575232
1787896724
974655139
-1507320185
-102392643
-1990194228
291397099
-1723176444
-770180769
1846632632
-733731667
1701244610
1440337026
-703917087
1308230615
518952987
1920592662
169654237
-484036593
713546226
-604116813
-407364399
491630054
-1125905712
2066075887
-1032277706
2132319565
-1098007473
65118708
1488562912
-657766329
748271035
1762352204
-1284031428
62187744
-2120583947
-602817538
1521965529
-504341923
768629146
1030549215
8049705
2095196596
-1735467419
1182260257
-587216505
-1818052290
561087697
199086383
-332745605
1111124906
-1803462910
-1703565379
226204221
1048644148
454435813
-1939818214
2051612023
-2033133033
-498280043
1255486152
-514623153
215029056
429826560
-681533363
-950163292
-1700611517
381330890
384351819
580599190
-705304686
25074033
-1367479602
-693785268
977090027
2047375537
527681253
412357617
1016579602
-442624983
1516887411
1929164030
-1872628288
198006077
-248028346
1079491518
-303566885
636640318
860513384
-475070449
2092207078
-1770070840
943452853
-1275145371
2074751162
-315597717
1583360429
-1570235884
1236971126
1343829901
1479678859
-829147955
367936435
-1589997426
686357398
-206602647
1001996796
-206861011
-1752884810
1399284197
1554187644
-332626390
-1384610999
1067797677
1228420089
902499627
-470262473
-544210659
-1670547711
505801955
507595587
1290865988
-583588510
-198277264
2028632228
-1263244822
225284062
-902351100
604509652
202671572
-1168317153
-2030791481
-661168217
-60473019
366665960
-1424897540
1052476318
1972673992
-173294963
676745058
-1695287940
2074093101
631441061
241024732
-102102502
430592720
-2038136835
2110298963
-1912804489
1313566240
2071194574
1071067867
344996371
1684913503
419597618
-338821356
-2070745220
-1430457946
115071956
-1349179438
1895388712
1168975148
-1493536281
-2080699392
-96589179
-576853817
-1503042215
-652479295
-1096009394
-538827343
-618299321
183457495
1668484896
-1497507953
871697587
1125992008
1436454221
502719151
1766074227
-901447618
-1691191314
-542733679
746507884
1242017582
-1490529986
-1815262040
1430330880
-1598501571
1612650022
-586996895
1145663940
-909653794
-26103789
-642091676
-1700832138
151834559
1013067791
1277965593
-484594899
626844645
123021071
-1486359443
-994252846
-1637376235
-2064011383
1718284501
1474236110
-1658632074
-1209009078
1322081170
-810259452
-80600973
1447657605
868573751
-1914907902
1593181926
-967113426
-600589464
417834610
-1380589710
-1794490488
1063631843
831021782
1032476720
-918176515
209008580
1031577716
1677588109
66009133
-1880181756
2105262222
-2035904911
2137893704
2129308738
-2074625578
1589413796
1872606112
-296816442
1543092256
35034477
2133596793
79257793
-665025703
-1321810821
-875587805
-2048555815
609345975
-1115684087
-1131143606
-1284321819
1728014641
-763787460
-574926196
-1324778507
-19762127
-344475697
-371529140
1832415636
-1368248952
-1973912847
-1189404987
1430681424
-449714270
-965013651
-1291552670
-455756934
636826362
1392104459
-429028277
-1965008343
1218078671
447652150
990805827
-1065231995
-1307076841
-571434786
-2109120080
1802503745
-1581181260
-746286945
236173563
1648102505
-974119707
-1977124318
115264026
-877975459
-1833754881
-1397985853
-249464470
150170652
1771628379
1042168692
-1174416447
1420367045
-851274094
-269572640
-1782999869
1911370843
1568146407
1211870163
-347455884
-382291000
-1539493628
-69893160
1010472463
-568659676
958317801
-1657393629
1196202517
-2079621578
148292129
692437169
-1113045592
1666368314
-1278612426
181719469
-2050968295
-1007580700
-1192128410
-2006408171
1250852798
-1113869147
1003267478
-1148519779
-1573561591
724739628
-1909557370
-678841133
1777883861
1761615151
-1586474683
-1246717309
-1614716157
-1344501654
820959975
147454300
1756732997
-1466427673
-518840714
-682034989
-1852174791
-1699870592
-307075034
-1513437114
1986562233
1136525986
126842315
772410213
1134999153
-624988845
242919823
1655843021
588637873
782179445
-1019857953
1876319989
1735117955
-466106037
-450991963
1009435469
-852395776
127541308
1927656380
-912552028
-1696127265
-392075561
-1497964384
-1908317751
-715084978
1327365655
1812441445
744968565
-130572284
-1213250329
1401995498
-1404960665
443390614
-2080727321
-1082143666
-1035663151
506070282
-544890000
709558177
-1544131086
1428450217
-631916330
-53128738
955642627
-888843239
-1277714452
-1878164455
15236183
1762980266
397784012
1377908724
525721277
875580143
-1150557737
-352226985
-1769357016
-1535990639
987012602
-292855969
-1469156206
1049249119
-1545971917
-1485457258
-1839012324
915204008
-97701805
-1134528923
-981790855
-1668191284
1133838597
-2091328570
1504479629
-644243440
-797711602
1594536765
-1369496240
-1599065678
1653460949
1190328328
-807176
-909370563
1114509862
-529047915
-1638842537
1129063454
-99905486
1158246451
1990967169
-1460517514
1171861978
-1598870004
-1061387599
1970276401
1551886124
1473670995
-271574420
-619564970
894702381
-372805959
144361703
1512786336
1047551704
-1820443868
1341601189
1036118350
-1988347801
19005346
-221689756
1778432311
-372997424
-1846782309
-159822279
-650928096
-1548666478
-1357767610
35245305
-721511599
-49607504
256013406
-1802721061
1328553317
1395669245
-64751852
438468699
-1319500190
-125296486
-1992083129
1182360160
1501137161
1635346365
1399137265
-1139916128
-1515744914
-2095146573
-1218261276
-1538863037
-1638891318
1597086247
1339806391
-1896901946
-955559281
-1050253660
-60340742
159674658
2132115132
519171160
985323952
-1957165268
1425681778
1367471642
1707264254
-435131073
1245745095
-944277843
-1491300321
-1741269481
-714706470
2122625862
1745985178
-2080528641
1730763303
753209931
-1488029513
1698491951
-713962980
108827229
1264974894
1358650222
-1487309844
638135704
-822625246
-715972865
1006533026
1584442649
625715277
1675645626
-429717128
-187060032
-1801161861
1506988408
-1397101719
-1209602250
1370320188
-1455710028
-2039098364
1679290929
-1400913196
898945134
-210071422
734188278
-1761191050
-603130542
623665178
776911647
-1522089039
-1123180262
-787804524
1452223902
-2054628310
839286063
424387612
1738300417
1740521355
1325198230
-876822952
1652886518
740660155
1828344330
-412162372
435867922
943012431
-277777564
-681870820
-203317555
-241429441
-715818173
-522586750
-4720943
-2132914980
623091688
-1050887103
-1403177101
989814785
2076868193
-1930712246
1276104321
-83243127
-144141079
1331957181
47535166
-1940374528
42827662
1391118019
-1105538390
-997534564
-1321215212
-411646822
-58999547
-78687635
415494681
388436209
-830317674
-1915686189
1547540601
1786319477
-316887128
520693041
-989210381
598266795
-1532161068
1417732063
-1135388404
-1563532544
-1001513850
597545060
-1775331533
-1041719267
-1537901383
227924709
-205953243
1245121152
-1785072892
1255578839
-745844590
1615422792
-792952102
961931003
-595938304
860177487
-101351923
-283417972
-795551248
-78719363
-152427884
-1700604495
-1822076866
-1811709605
-1592274803
280607544
-1718928947
-943054362
-1934746492
846340485
-1503562653
-928643419
-377404939
-1863318328
1231599824
-931727619
1985133071
796235885
-697231018
643947460
-1639580998
-2124008488
2071102020
247651603
1899209179
-1187064238
1675239651
-1614608033
166564054
1509848637
1963775126
-474424886
-1247101868
1567068047
1765609020
219948983
1710863430
2049418621
-692796968
-78944357
2131044392
1820896118
-526758284
-454476518
1323690890
370903378
-582909887
561429586
-1938669877
-1005965621
-1954017021
289401969
1286758440
-1816991189
2127514283
-2047516787
1511958772
1494611527
505065541
1487336371
-1337214168
1706652587
-118107884
-394194624
-974290146
1480016150
-1170101766
-2115044753
-27127399
-1477744856
-1205061347
1826226227
260149768
-730789031
-6608952
-202985401
-528424693
419896877
-629363058
-888254334
-1484224714
-808109915
-1308616780
319044463
494541844
-1818469128
-236354608
-440667619
242898285
-555315581
1061868717
140375858
1786136268
-779913987
354804337
-1924741306
389977403
-951091474
991584001
-292781459
-29646000
421934945
-1081865308
1547508501
1047132525
1102562008
1033118950
-1706025454
-1333891518
1862580095
2067474622
644114423
1795543958
1975698597
1885756147
1444109223
390867783
153083239
-748246086
1764257323
1511237775
-561980755
2072831140
-257614907
-2065432184
221497434
-1788788810
-1989764540
708760817
81613247
1905970393
1891884185
9316402
367788368
-77772428
1875884970
-110214755
-455915623
-779465129
-1739302811
1430545142
-1770291854
-195233830
1113197336
1244145717
-512535183
-1303024571
593327104
423464585
-146640737
1609294962
-1904377569
-218503264
-486274449
-1294394703
1478720850
565067045
829157355
-1103346709
892632226
-1370101622
-1714997712
1455748873
251443674
777020166
-1028824036
-2021022058
-822429352
-40267295
-416414907
261722274
-776387288
-1199303953
227658796
400771306
189044302
-164803239
512090546
1324826933
330841954
-1172616542
-1644507190
-557845504
-1003967390
-1141859351
627589487
-1514171043
-855356477
-266154133
1421976024
1274899991
473281737
-530302388
2071403754
566969626
-200188136
-1774577002
815903470
-970097903
28229513
-1706797695
-667921533
-768164784
1794498113
-682863116
1171731414
-799904523
-542656000
-846934196
1558303759
-1735969975
-164033354
951871579
2031839246
1735214187
448546139
669094578
1342740310
858412847
-1131361537
357962275
-1108817847
-1971363517
878370080
712308865
-156996971
-1139637613
-1607948997
-711583319
-349113106
-773733650
350113189
-721011770
1732938237
-1401846295
2068591002
-216299569
-1259439977
-183248637
166689430
-872284588
570493746
-724303863
-342966557
-44829574
-63153516
543417276
2078897523
1045355844
-819128372
-1625340240
-540388625
-978001133
1927119206
101901430
976872463
-2073029265
-954337319
1580457725
-1903167188
-1844171001
-2107775676
-1462362571
-2080917742
1856518134
-352392103
1698072052
-740073189
-1276016569
-2110287207
-136829411
-1624625032
2081287867
-415639103
516016382
911985873
734199753
-1952088956
1989903354
-428197359
-1060843291
781501049
1652698727
-50049158
261530629
-1525801130
1432412857
-1303901185
365709152
-594276002
-704713249
-795517998
1151020408
-1842351336
-1863134995
1734288186
1226211674
887862337
999373050
1541513898
-1151223004
1366928898
-352775861
1120045071
1759082696
-1526135195
818680752
1083195753
-957702386
842553093
-835355858
793470109
-246675745
67078917
64404701
2122203272
1456421567
2055546946
2085382931
252963671
-1740568421
1281521612
-176445758
492921365
-719655996
-954383983
888849182
1743293829
-1370320069
852823899
1944977282
-2121908175
681904174
-1433588997
1624996756
1329168834
-1852884798
-883176506
-1735931482
1438890898
-453121261
-1806031040
740213599
-951674241
2044419192
-424126185
2030208154
1576909314
21041419
-1273801134
1741992077
2088725631
-75983000
-262512694
-1427348178
-690932515
-2023865165
1601480664
-89292591
-145636007
-127587104
-592502961
-1369694699
1078171543
-1918117074
2114297260
-1538168319
-471830022
1569033971
651810956
-752535447
-1836093900
1960050847
-1612849570
1488059030
106714400
-188091654
-199292840
-1844511707
-446143538
-730917712
-1334208594
49744431
-805712417
-910035441
848065025
1104144554
-2091871981
-1193470194
-1446530795
300497422
1304194592
441471376
-274204217
-2049983173
1004083909
-718265366
1188810301
-906230375
1469251869
-1854890078
858738526
-755887744
-1998053320
339345529
2028872069
-78028070
2071847399
-1774112852
1630693488
-320111097
-1000474153
-2079410315
1284705918
1687220992
498704864
-842863913
-2045588711
1289966782
1018415007
-275888741
5545072
-1127431460
-1406664895
-1979627371
-164517783
-127669893
1886212001
-1714989525
1226291414
447585125
-1871631467
-980135145
1515636454
1843096180
427306117
2001014635
603408861
791732788
-1047043524
1991162837
-1726333689
-231782201
-86881278
-241570012
545198314
-1774056951
1928777450
2032795659
215677882
-1188810509
-1810776729
-1179011293
-1049600751
1356436292
1676395557
188914998
487336159
412914525
-139997162
1844734394
1836748190
1456184428
-1063697974
-587836006
-1595717174
888126669
33128963
-526100932
1821467792
279446188
1502202760
-29981505
1756446149
1524334318
413613625
-1662962300
-1714738919
1951273553
891588451
-1939831824
-361756533
-1982699311
1788734293
-557164945
-990864865
1897252685
590404659
-609345861
1431268559
-2018996374
1657489929
-1791370659
975745214
1387306423
132245538
-40888461
1061836467
887154194
-1601199206
720568756
-1989528892
-1004277175
153413426
-249250895
-1223748015
-1088608509
1380370531
-979531683
1922897204
645853921
-1507102283
2134673615
-1010537930
-1116582945
1065508432
1629491781
-829051196
19799808
107756243
-1080106900
1131764194
950244906
701464420
-1372870691
1750317662
1812879438
2056525575
-1988047637
-1473388471
528885707
1814145075
-485866853
-47240797
1973519124
1059148450
-1654663693
1259497045
-1374737521
-365103512
-1107138185
98355043
-1308182848
228808775
716367088
-335803039
-607220314
1924773697
-790504081
2104797734
1368915557
-287791251
1881356689
2070137279
-52935644
-1350875634
-847161853
-1763412314
1481615672
220535521
-1723896248
2074496308
1583228801
-1582024011
-212644423
880243283
-782816492
-65372351
-1462072115
501924215
-830711014
1876027441
-296755558
6186446
610372855
118323585
864629403
-1103736139
-1392884306
-51827954
1875881651
945901422
78867843
-1645167254
-370227854
-1988720112
1493309921
1518241775
-1977095018
-1708857922
-872771202
-453995498
1993127891
-410224613
-1911492932
-1497130487
1612274646
1622010364
1968637010
-1064783242
17161607
-1163743393
-2002687957
1386467749
157577614
-284407140
-684210035
1963876300
-1241001959
-1537732902
-1722617986
473596578
-1508605733
-1755834940
753735778
367586353
491545431
1216961659
596605928
1133265648
2052323165
-395691059
2064791079
-1913489648
-1713034795
-188502105
-487462141
-1600284394
-1797543494
268116424
-600781611
-4520535
