1613123333
2128343390
1468809779
-1705860689
-1832426439
904533413
-1785255627
-190452161
-870103698
1797156338
1089525128
1259082262
56494492
1605621944
-607783612
-1491718691
-9595114
1046398584
629322804
-450949985
-1726785333
-1641381953
-1261257541
-783786779
-1973058616
-1039116717
1428546293
669640447
1986572544
-1909181015
-1640899044
1150112932
-201142449
175457945
-2138328020
1227251133
-459492932
-1984390572
1190771658
-773820803
945274366
-918613867
1791580257
232266420
1007779649
-1565070058
-1870539634
329773669
1892098345
30199877
-1275068739
387287957
-997779690
1778845495
2107403284
1822741861
1665102762
1727096540
-1749514865
94701667
-1919175545
508503668
-1288912021
-726939620
1309476445
-43291326
1809103560
-1129821707
474236195
653821822
52158857
-989752006
-1508557661
427357839
-1489490818
416297079
-298914500
-1372794759
-655496251
930402310
-1517496093
1899045523
965380461
-422389271
1078041706
-1004123266
1165626971
881775321
2038126852
-930250670
129339761
-1054996321
967225864
-1252200167
-712575764
-562688607
-1801624843
-1353891712
1929418253
-1040197185
-1726369354
609895115
1431163643
1062970463
779632934
-467912695
-353662233
-1530934330
1181091797
121501065
556137585
1670274473
1034972940
866628236
-1406425527
90313987
-1236673010
-532845509
-1445261799
1888280873
1291138464
361436378
-110390878
-334542309
-483459124
1739063870
1634706981
2075215388
1645434849
-599896196
1286679043
-1235594109
-1184117059
1698309603
1531882663
-598740525
-822030515
141566251
982175907
-1109477111
972965717
-1513536787
-1993528295
-1771846091
754161772
863381846
40258396
-789500340
1123226954
-778928873
-1541490218
1143054395
-237662394
264030879
296957227
-1352891585
-521488359
1723218572
2141089438
-1777523085
145185767
828431710
296943283
1113904554
1231992704
1118469741
-1165070570
443082623
-1784385822
-1403178468
1914207931
881531049
571009026
-189918385
-2140142523
2115750035
-1757803061
418767898
-992406869
-490018005
-2075213978
-1970895430
1398162457
-496647174
1696821180
978025416
-1445900525
1582087796
1129494840
-1475154261
-1521137184
872282000
658303441
1447027022
2065645605
1522945179
1395510087
-2122478062
1584398031
-1452014775
1038101420
1226252038
1700018742
1929600781
-678237659
-1089063595
1246130815
-1343309910
1037798385
-2105674753
417348161
575726856
1251909034
1763672524
-821640342
-1767762869
-1839831861
1692415612
-866593180
784620065
1632937330
-1189550270
1029871475
982947419
255098982
-214366605
-646070688
93945023
-813847206
357534330
2139825243
-845424869
-1094019726
1422315535
-652424163
-1205840739
-791211513
-1967133784
-344602547
-1803519390
-34221145
2035097135
-1002986460
-587888308
1774630239
-795713292
-2098515373
568945943
-1981251525
332283108
1259136547
-1770059602
-1509629171
1069310203
-98362658
610431931
2067636845
887532535
1155984749
1692859772
-1209121535
814783821
1945013314
1468139741
1243987966
154427744
-707649161
923735490
-1083185170
-548934416
11713335
-1992651869
-541152845
-1552688176
-1449339300
1664489822
733958091
1338836699
-1816760487
-307052985
1760057301
1161626920
1841479002
-850800508
525376595
-1470821252
1350826921
759141528
388552368
1284105472
-2044336813
-2044773828
-105071227
563012659
-933116149
-1319546251
1014055703
-948886751
-759739571
-1676995870
797554724
-93101099
-31234874
-1230636458
919983838
-1296147957
1047591666
-1433097562
-469304777
-721401046
-858440441
-1821176893
1904936287
324155760
-1169965295
-197325814
1303363466
-2140664210
-1677408930
1933087194
1488562166
1836349623
953836059
1989440103
-909801940
2088792276
581388606
-2130738739
2113682053
-1736337030
978615975
1981288552
-1475046673
1903816446
1474380417
465922402
1402415089
-1868662264
2035998702
1955735180
605324780
1848244614
-1758445085
959933809
-725735774
-1285834780
1429172815
1643538856
-1260978436
-26083463
1807312770
-1939957654
695772423
-948772284
-1499806772
485800291
-646557121
311249111
1824418661
1595373772
-721992176
1258781842
-942074740
96216761
-873050983
1062183188
326841841
1315901359
1164733874
-954871569
-1175914665
2057849465
281610288
379507098
2028865653
1128206139
-1397105305
1375310507
2078114333
-1814893625
-1385574160
917564485
2018260384
295921967
-511352661
-29994802
-619311505
1472460442
-322955001
903439845
-920294907
589507931
-1467577984
-1377060717
1031637508
-256261569
-63144599
-1074855744
1115128990
1889974310
773815531
-1499486233
691230518
524527572
1491196493
294946573
-1640693946
-627756792
-1466773644
1279791086
-1757430397
1143531726
-139694163
2095994233
-1023416514
-1632413423
325611946
-1648449665
1899358732
-522853004
1359549898
-896617050
-803510871
1151183201
-1261196131
1745382819
-203063271
1523164001
-78741081
413337768
-438970353
-621297234
-1507053982
-1457849318
327006610
599630854
1282054537
1370210694
-353535778
-928307519
-389273965
1175038421
1740904328
629279525
-1892296323
1934176191
1571919844
-959491847
-1461357876
197426557
-1723817302
1976046935
-1256273966
-1528358462
-1780325673
-787150138
807394095
-321720341
-1031685168
-480977273
287275418
-1924061324
-1164886579
-70312145
-1307418911
-1850442066
-1160151948
-480872331
-1792071890
1836719278
360950724
670193741
-1930850165
-1664020856
-902387916
-1026207435
1067569319
1174397885
1541064475
2124860877
-791870758
1982012913
-671405998
-981734995
-500698522
-1271502879
-100578793
2000978802
-522861313
235259795
-1057872332
137288730
811616652
1120092110
1864509279
-338339951
-928518353
-909077300
583508452
-1825623413
271427714
-1592514515
1252635265
1769357716
1912684324
-1205133265
-1784436848
79760741
2051201907
-1808118244
1821595755
2066866296
1036960922
1044547587
-20246773
-1567581731
-711549747
2062838186
-1081743374
657348942
-1533305389
-1437945662
1634192459
1833916545
-1666082364
-302929828
-1040160178
927499709
1785381908
2062899100
1423626217
121877424
1208518351
1553426347
-635860068
796291710
-1571952603
-1228344078
305756068
-607853027
-321633239
-2049720444
-1651272869
93007327
910909141
1635872475
-589787426
-86167216
-1139142063
1405541574
-297341712
-952768959
-396026508
-119235678
1678171933
-1987288028
-1848256886
-263377977
153436194
1549162650
-908933544
-441150395
-1638313845
2086973770
276328284
-541830448
1817647518
2097188596
-171915944
-123087112
-1993696649
-1887709755
1496062225
-1910178660
-952753292
-1010176276
-182027180
1587493280
691045330
334139245
1301340729
59470557
-47845992
2117703732
-1853522005
-229004199
591967155
945054572
1810051111
1627982007
-1567799710
2121667345
77849283
1972751345
1189024212
-416172861
-1027714191
1647859011
1097999118
-1165340963
1670616196
105202794
1838135058
852896454
770518131
1540242958
561649725
-153358202
-610743331
405144443
635858416
-1938987108
167436237
409063831
1162961522
313323790
-675183554
1444756240
-1185037547
-1335357760
-797599007
-2090536492
-843415914
-826110967
1849690653
302003142
1073718729
1209211779
-1693095850
1234685614
-121089419
260800034
-2066049167
1421143920
-1639344004
-1118599289
1614353560
1971400832
-2113608385
-1386245226
-201195462
869571477
2083942720
-1564458683
-680844715
-1783262564
1049012232
-558725449
-1872662793
-851848209
2123344458
1603564168
1491128065
704056774
1849052743
693382762
1794715950
740603117
1307066996
-2076961040
-1222301869
-344452425
1640445531
-1860698967
-938044441
1725873714
1088630206
1228726897
107097030
63632539
-1021025791
1803406594
1169870897
1997047060
-777562679
1079867345
-2131098343
1833452435
72613599
-650771689
1782777756
-1443154147
1621305946
728559405
1029851343
-2030700748
924024573
1738209564
1550012606
166194318
687981021
1132244084
896748976
1564043527
-710000313
-981877156
-708389969
-878785833
-1250719264
-153188886
865964102
1205739271
-741291508
-943446603
2045179532
-1607993568
-1775466605
1247361703
-1766381727
1161520678
-1537569918
872817687
-1695835657
-996648764
-1824905137
-1761265386
-2125248364
-377307960
-1083163073
-407339256
514221461
-842257456
412262924
1401664886
-170533707
-796848827
-1705981503
-53818589
-1510267761
2029085577
595583977
-188608420
-1800067999
1063041131
-256983832
2097068692
1363620370
1024187619
-1958209880
-1227125457
781937781
186281979
-1248831881
250526622
2090464719
-186818294
422948142
1303074987
542823062
-403513048
-516714
-925243627
-1764724613
-1143244835
-2040462072
263249759
2061834666
-54317285
-841479597
-24166684
-958015408
69012078
534615777
753431599
1304006237
-182305423
-2045690340
1897020553
1795900810
-26618493
-2077444339
-409319726
108723101
-739980613
-1199420346
-1076711532
-1655148820
-1462391784
-1491606014
-1834898859
-1130385633
1998215933
-1184492918
1553067052
-769165768
999393755
190099673
1306962838
1819119064
365752879
1535451522
-1940960887
1416479930
920417711
-342613551
386136009
-1733019516
-15884609
989574449
819327099
-593233986
138294313
-555761459
-917302537
-2030616542
-1994927091
-1063895688
801503714
-1089544939
410372630
1583752145
366534266
1308256885
1855296750
1141274274
1295179059
914063253
382062323
1964576648
1355575171
987891333
-816943574
2037584345
959524602
549471126
-2121756812
-876664895
800208276
-1520873188
-1463074562
-1524372050
1626189650
445977461
-1086980098
911945709
944075014
661711178
-491201125
-431169899
-853038994
1217698836
-1773830356
-502604893
-1381369467
1378309346
-99390043
1211696998
-114778860
1131977048
1972725837
1153380125
1050694798
1674417402
-312168780
794345950
378750749
-1914490198
-901614108
-93294664
-1800004616
968477295
1268710614
636753692
-1549539849
-1303943305
-1827081177
-844127112
699184232
-1292244386
777989387
42190884
-1833181917
-1480422480
2097791873
1136109185
1972392923
-34045268
2006923208
-537729441
-2091736393
1694028875
390933265
643809695
-1657186272
-683307392
-500976779
1716190233
-1247412772
-1740180544
421362473
-1332616001
1177677147
-1812636988
1395531503
1888273666
1942197585
1423623820
1177780175
874930804
440009860
-297305433
1665006598
850884270
-1547317786
612700081
980337471
1246183795
-773613082
-276313059
1122679296
-1589602027
408811778
1448494388
1213440102
-507699945
1392593824
-27554723
-132091883
25063187
-33172706
-1839698786
-1589041815
-926444066
-1931395033
216824930
1867081713
952561385
1953649224
-1292368004
834717212
-1570549271
1099848898
514069868
53377076
-1505408326
-48118623
-1527902241
-156115316
-1860203136
-661533683
-513225348
-308793611
298322191
-383828257
-1765997347
353568118
1139096460
-1393634185
-493917221
-1980052421
-2146849452
1498766028
286459662
-1489293619
2068952604
89325252
-67998317
1924598915
-1959399336
-1240840763
-1448934129
122986040
-1870201119
179604619
-236881420
1220133693
883787985
-1151393989
-498665469
1498130833
9670577
-1629929800
-556079343
1686390095
55215062
1508681525
1853698061
971197287
-2116830457
-377525236
-163492288
-957897840
-1482216093
-1277739827
-1986875177
-1009154691
-1292985215
-802986088
1535062174
1593619790
1311344856
1878273199
1074568718
-1891265719
89168225
1369126726
1196075913
572715721
1020615034
1977241501
-1893550109
-359011210
524644621
-335373744
2029731108
-2112872523
1495710449
-419956499
89974667
1341396834
-1810637424
-927899705
-31221546
-2076523076
-1200141879
-771214071
530963392
77876128
2059191318
1731595533
-1360950325
489258746
1806687217
-1350477842
-161172161
-468261768
507508083
-443624357
1502998898
2037452927
1296615742
785832878
-294665400
-1836473502
-1131905379
-786769092
2096543741
-1922345775
-1227176983
1034456814
166350881
-1221148017
191007022
-1593978608
-1683163932
-1678707097
-1446887155
2067338088
627015059
1759500128
85773283
-1745889910
-1460598430
1671428655
613904682
2076552298
-441699989
-1427995412
1354205983
-793530574
-908667146
1232673289
360499365
1486445910
1535775227
-1270808961
1942169961
-1515367964
-1422130204
652078921
-1752819643
183851040
1775080086
-1119331819
-565164055
2035463504
-125153358
1480191289
-273009224
-114770989
-878112745
1002353379
-879528209
577829752
331347883
1222650772
208745484
-294542580
814153051
-926737457
-467765651
-461379788
191900511
-1572595
537996342
1870758525
1129127874
1724473843
-1999567240
-377642319
-273837791
554855878
1315673487
-21047444
-1692738638
-2124701922
-1344059446
-1475553810
319871624
1812092377
1245523537
1822303793
-2083221228
-880042926
1202433091
2110721341
2035116270
55675859
781349918
-1045673797
1158547413
356385863
620918628
188051400
-1325006348
-1404261581
-703419270
-1457255156
237366374
1253664231
-1654337838
-1958623734
-1697410052
-950025488
1886616908
-2077678664
-157000643
354617040
255417049
1995558994
732957358
-125972496
479663457
1996643946
-1842445742
-36469291
-992446746
1095691588
221721460
1443694482
-602479383
-756203936
1872839587
-1985131139
-784731636
-564391849
443527677
2082599461
1262282232
946131690
2066021296
2094978691
-1083547776
341575767
470680765
286479726
648901894
-1359616017
-1555281665
1522186836
808056605
1277826532
-748447380
531689255
-834422416
-1191541657
1368385945
1083151764
-883489311
-1298214414
1466691971
715587450
-1562206731
450279650
1052354443
1839839897
1023798894
37446728
61462210
64529290
1396463929
-1500463617
-334473881
636007406
1349040522
966068737
-1127833683
1102774250
-372079035
-572628234
-1839801664
529700562
-1662503265
-667227123
455443466
-1543816413
-1263481595
-1509831665
-1477422927
1481582007
-1542411204
-116374095
534577508
-671528909
-308012344
-1710259927
935013975
7652035
-1321985902
-967517437
1959284619
-723418871
1609591492
-1049113548
578127186
655438418
1172570615
1356185455
-593304302
1986990346
650583696
-1846712393
213667400
-195547790
1621415783
-922719179
1684016080
346107791
100656808
755203403
737658211
-1956527003
1971118334
1976706792
456164704
-1779619227
-858375443
-1155730403
1556534990
526553379
-2109685633
-1965180944
-1830273120
-524861365
-1465031902
-1635315856
-306472133
1674033621
1119846864
736194825
783685942
-1608758409
1276972912
-86418151
1367008352
1105249115
724581244
-2119728190
1382004230
123091986
1422426339
-1242237951
2073090421
-1442761785
2038644527
-1054169089
-663526467
-1639619913
1757561322
-1455619417
59548600
1766065376
1618532926
1798902392
-769520054
686328568
444493531
853716379
1244998377
677045920
161457693
-670057672
2008237151
1791878617
-1063940500
-1201783292
-991370802
454250934
-308516634
1470624798
1556433908
-557398957
349829691
-194011109
1132110512
1937467909
-866286119
-860795041
1875592901
2053644754
-1669212344
473969070
2099092444
1590735139
1629224406
-1385048574
142304975
1008860856
-1855480202
8380574
1899121700
765626587
-934543388
-1022980510
1293890263
-1846048040
1117992205
1352112481
822513499
1272087979
1876887982
-725724496
-2097685789
-1641930757
-1459776197
256574848
2010823389
-665022137
1417254913
-1433864337
1915264190
-30864290
973145742
425957914
247319044
1105172
1082025808
1991557622
-505857928
3681586
-626530693
1480521312
1511168692
-1180064594
-1139719120
-999018766
1434612964
566188315
820773083
-614821353
-1764738608
619102306
1601399772
2112227553
-1600736231
1235524274
2042132585
-1657357287
1036992450
-1718024267
1130069170
2040123031
-1711761422
1871919875
1996504901
690677972
-1145684745
1724351451
1563096755
1154116029
888256142
1227987984
-319628
-1325051703
743913057
1566077504
-1356641273
-1932970675
-1986306352
625468236
1003180893
1653595918
277885427
-2065164541
1459388791
-1621928937
-487887649
1411478560
-1794265523
-162238515
100717353
-994615434
-1350607119
-154446016
-1126748505
1538472553
51795188
-2110103869
1613170557
-572762976
-335204344
-1399769922
-1187096489
-1118780168
1541146086
-1814600254
582271731
-820093509
-822143886
-118321699
-158332702
1106915345
-2887140
2005781295
1160825998
-1641524554
1592189064
-1653783107
-547627394
-1718820884
1463821680
1523703940
1479842520
-1929748813
-952398391
859727825
2118196007
-1738470600
1186103076
-1456418609
-1663483810
-171593078
-445957289
-579379615
-1645356771
-2044848749
-154781092
-1661812943
1596287026
1654392645
1540144760
-887916279
-2128588959
-1076905453
156370591
2104636769
-326213016
-107155294
1728758550
1254605624
-891541955
1720059328
-1667977126
1854071335
-807518055
25886612
480410688
-276354382
1128651705
-217439721
1260280157
92383201
336659043
368227522
727180455
1777661455
-2116667354
1316089737
-1384627876
300415745
804966886
-1655880953
-1329492190
1212123961
702010007
2124181497
-1060299153
679252108
-456568760
919151088
961414954
-1021475342
1382065507
216072514
-65796718
-1988404068
-911085006
547516481
-1973108386
468131404
-415649115
209414063
-880811226
-347152160
2002742354
188032624
1753521153
-721035474
1281800380
226404481
-1607105682
-1934308585
1173368791
1748179241
629272439
993307862
1379923659
1482208365
-1064686829
-1301814375
1486354168
145214408
1699098316
1263147858
-1806696134
-2060393957
-1957904479
1571376078
1110860141
-944499998
833820716
-41478907
-1318607309
-508872536
-287604729
-1706881868
-428564236
321619644
680228204
1688457513
1738138150
517638693
1795706139
1004402013
1530672590
1585300946
1216572544
-602596793
-2095979451
1886084629
319652372
1136970094
1989720895
-275413166
-1529192445
-1237064512
-1158339831
-1655591949
-1424663282
1903083426
1700185105
9928094
287334322
2024879432
197361835
-2122095190
722859913
-1318367163
519161617
-458553138
-1459017487
-1186965659
-622362708
663343643
-1492922645
931746746
-878503023
-1187595988
-227625148
488727540
862488397
-269240421
-627254023
307458294
967050725
809148854
971334871
-820635739
-1208928233
871519857
1565409378
-281289726
1324667878
733117087
-1266443529
719226
2057031765
1873490780
-789154508
-1743690628
-46462606
891917262
-474017129
-1438723764
-952721259
1208529420
881204581
1805112342
-1651991319
1474991965
-1300126516
-596480442
284332075
-1357676635
-507422389
-1268933354
-1038203982
-2022368229
-992498863
1205517672
-1599229522
18795839
-1549553628
1244190933
2088423092
-2027747317
2111435012
-1462816763
1431037817
877746792
-1054308209
1536529984
-834038051
992461539
1370829415
-412192187
-1009805269
458575776
-830852847
-1765836710
2080504223
1716729998
334573088
2058580388
1227125544
1262020827
-1798735726
688956600
-1068898962
457354154
341394809
-1380666511
734938389
1808396291
1733285597
932184579
1869444675
-1830201333
120106208
-469238960
-1074930593
-1728706700
-901896925
-2109159814
-226647524
-1382357706
-413389720
-544980551
-1672610379
49923198
1721362041
-559589779
568849785
520202471
1011576903
1457257078
1399482506
711498215
-464838571
366441155
1872322529
682277259
1844177238
-506877143
-811406444
-329805210
1776075541
2108143477
16650331
-770584378
492780948
1556664772
1712097616
305453865
800170616
1397123601
1366319605
-1068040721
-911259485
1804933902
-275600261
1075191376
-894435806
2029492280
-1243031487
721954959
1658432586
-1360402139
-1134924646
-343429777
-1868195299
-1196128736
-1560204333
-290954522
-812846863
-1757664777
26862195
2082896912
-1092196525
387738898
-425957692
1759448166
-734448088
2070445511
1985318034
-695277009
-639124459
323914221
516297010
-1653029834
1012298528
-1081102930
800441285
1500143292
316284055
-376996959
-1751487042
514075568
-1593686224
1704686104
1910914977
-1012551139
1585681265
261878197
1649001996
1444182243
-1437115823
1445300547
380742394
-1843763031
1323080223
732605122
-410466490
401856785
857755043
230366659
1598769262
573881646
-1355705982
-1231043850
1879043738
-607149262
1221082086
532053249
-2097633572
1314945899
1489685086
1432572562
495715767
-1830266256
-1683305982
757669303
277702117
1212590743
-1268965926
-1261609876
-1738428588
-695238487
-1775908993
-2087717259
1156254322
740689880
-490400253
1572408430
1130759082
343750897
-82944242
-1806949344
-856235219
667963597
-1781619128
-2016328171
592329973
1917303309
-1637099778
-619061138
95943942
387341829
940274687
1794147059
-1000836106
1550225656
-2053512761
-1761621909
-1316018257
648875398
553234143
-265420499
1387228276
409711457
2117369475
-294620426
1169885729
1708457287
956135812
-319667715
-909413962
1029464620
91187568
-1265084604
1738163989
776934837
-1628511761
1135401009
-1755167990
-1470899219
733682799
185729885
-312626804
-244849614
-1757517309
1594197674
1320685634
1591336816
-86417528
-2005228902
-1172532920
1210303889
1257381897
2107813598
291735090
-745079244
-960272028
1637930029
427620176
467001500
-1560459475
769593175
584510259
760266474
-1140617263
1346883993
-748543376
1537994894
-625700866
705221170
-1270854749
-2091413509
-261846974
-1749490378
206762934
-84353126
979427570
2130963361
1452455523
2110818816
890779725
-1801637713
730493687
-481808030
-919425312
-2006333335
-1463121577
1803878984
-340257237
-1160133757
1810129736
478428544
-1407720060
-696234907
-927019542
-1440617131
700520763
-1050148473
1897392005
-1397147136
1429626878
-2086526719
-988699257
823202143
-2006107521
23353698
921843405
-1740696092
-1643318957
-671984705
-820918751
710281423
420250909
-1160951025
-192716541
-95149153
1685912811
1534411958
866059948
-937880379
406828767
111984223
426713935
1702007707
1228840721
-1612126962
845413281
-255213677
615936180
-1146771084
1607715995
-1712669005
-1132370570
485901701
-1560894594
-284995776
-262998227
1864369991
158937623
680280249
-1682204753
1922462957
-139320508
228395015
-1663728896
177020452
-1019628618
-966270223
1105858482
1187294891
-1772383496
-342868267
930161033
561911337
1440174255
-302754156
297968221
-1126704838
-1360799198
1587428302
283911492
1384570826
1068420092
-383795377
798693359
907891878
-1327981488
-287314744
36578900
-2111346096
-1896161058
-2028466751
1460057229
-1534125806
1079391636
1353279438
123572991
-1405801899
-661026985
-1881921024
1986810047
968828210
327993090
-982827618
-34680784
1568600137
-209368914
2124934677
18285040
-1521337135
1915376436
-142894036
-1136203276
-1532686607
896836591
745336955
-1232907535
1738798925
675015366
-1208925923
735302653
1851773410
1230078569
-653648220
-202699658
-160555498
-1638405927
16399437
-2000930270
-827440118
1551547438
1935943540
-2091807337
-1836229837
1898135444
-1034386871
1820909789
-1381546456
1275178134
369145284
1100133457
-1220724804
1384371358
1223577302
-748055093
-1410927281
-1353328964
1843821280
-482978301
-60462495
923921830
-2054924440
-570970064
-674078361
437295615
679741705
-1777711119
517109217
-761615140
305384875
-1416093327
-97807444
-1294797181
-1800962572
1002764229
-1569482860
784702837
-1726074370
1272911255
-709892819
1231511982
1506868554
-2144168951
737674722
-1221636054
710735347
1872176083
-1296390834
1788455595
-2006320346
464438446
1080393418
1854605241
575860433
877530868
-182054842
-1938362646
1286297242
686617479
-1836964260
547190115
2093586450
529077746
1206162850
1374133918
1027359786
-1823398705
1730917695
1294108012
-729537051
553833575
520908480
282431805
-1781266353
1230725023
-487196884
938490783
-634230867
1033155345
-296778411
978332164
-1385659915
216508025
1152031089
48799687
-1058178432
1454237778
1998170600
6327409
-1632402179
1900314560
696535406
-158549449
-106411096
1551501488
-19981740
-1719672633
1763247292
-714994115
-113302757
641900611
-1707218138
454633301
317020234
-840849267
-952627590
-291784292
-2124910719
1839239365
-133714390
-1114929521
-1110421555
251929359
-1750035468
-958503188
-1743277252
1548689561
1361387932
322099281
-1258435148
909689308
-68680229
-416464605
1497042176
106198817
-622867305
-1626665295
358172203
722906438
1071038035
-976809576
794878993
-690316607
785695464
2046606440
-1190008014
520706277
891829109
1970153607
1720248009
1942146404
-607254637
468387157
245175068
-1083365356
-348640819
26531217
1967544598
2023225589
-764035250
828317434
-1641091310
-1142152590
-1799995684
-646942663
-2088914183
1337076711
-2125647099
-1108123395
404984206
1124907107
-84221033
708112488
-154693880
-1197660754
-1231969708
-304093783
-602782496
-1557882995
374779622
251336425
-170727188
-1693191356
-906435056
592099947
1703227821
304189275
1105637414
185804270
-446649372
-1641833563
594535103
-29515691
-259041942
-1160084099
146246056
1506158985
-625831615
-1689854893
-280704229
1482906782
-172308251
-1831175578
-1186899153
1019727924
-528003352
1837954514
-1285082478
1877907743
-771139907
668442061
-1014596490
-1730489526
-1258416685
-853702611
-2069368887
-951298856
218194405
-2008517843
1700726696
-563482741
1476092048
-542408849
-836579563
-1853627287
872487973
-1496775099
1337668582
1914138012
1525223872
-425127893
-130280192
-580484455
793906329
474099608
-1092190267
-2021311868
1676403353
-61946891
-1076113206
334524627
1253500464
-117118739
-149574707
-1495822287
-1075306139
549950951
-1177485595
-931289180
-395465170
1766568400
902399227
-474731023
804241409
-250339555
1367767928
1270093630
-85970262
1305740304
-271548609
583016697
1475588703
1098306361
-1921792802
-330991623
-293809903
-1920870337
-1561255937
-1461838622
1439866116
2105232608
116624932
1391110860
-1569616735
-784385483
-1719191405
-1783667674
287232906
535472698
-831905394
-247813672
1816360175
-1886786163
-1113722681
-652656472
-986339553
-851510922
1743098642
222234846
-411280286
-916381145
5284188
-1445917655
545391877
-1687702204
-1482571045
-1914174013
2145967797
-1635436380
-377717114
-2127509292
352609552
-638496423
-115724345
1321347347
975222649
-348416275
-1693642129
651577779
528091179
1038210798
-2037147158
1804564092
995322000
1980271789
-227702861
1691282231
1539147475
-1394831038
-901286647
-1499058866
-158125901
-804173870
2045297635
-1823351884
909815706
56543764
1302014752
-952690430
-1290251795
-283649776
-1962782206
1229648866
-342903387
438801961
-1106432291
-1898090064
1412868126
-1270658978
1511136523
624435037
1354084143
-14896692
180477474
-1340453737
-385904774
119912822
-1565722008
-803515098
-1890950140
-834769592
-254135162
27106457
-1899357433
-390946727
1403257980
310583329
-1697289209
-679696016
939412949
75416252
-1625580766
-434698807
-391854821
300660629
623025580
-964762599
-473581428
-1245270358
-156601349
-1616520242
381956109
-1829066833
-1056191362
1370576026
-907569058
-1913811150
1618297876
-1404411342
276721038
1800866303
-1270098022
-1909909422
1348245681
-2094132539
-718775610
-30237947
-319458095
606096888
-1305147341
1714515746
-1847808222
-573556743
1280016059
295948057
-1384614280
742756724
1516552204
-661387281
-899502595
-1345475062
1374815349
-1691671930
-207743202
-532707025
-540116991
-1762763486
-1197496635
-881736364
1894200518
513554728
-1183090227
451868999
-1380446594
1369841959
-1803019086
651620314
-963574954
-728765668
1153571464
-106840637
964781574
-2142323983
1449461550
-1268526654
-1023208159
-2007692985
483293379
-75472120
1901155245
-1114516875
1293067351
-626400809
754718454
-1534774833
49385957
-1427747227
1627512223
-571675350
1834425217
-532178426
-20487175
2024780959
-880858163
-1922664823
-1209677417
-1059710321
1467674545
-760203295
-1774388191
-557021208
2104160074
763276295
-750683288
2082058405
-879934942
-1459942113
-10892613
-882291557
1300124322
-1355058727
-762240136
-377284495
670950596
-1508089830
-701874971
-4037905
-512666612
-2024905254
66469184
-819811716
-1720238920
1210702927
1510025236
154799841
-965737418
-1705428661
-1469686323
-758998189
-702417707
1686934242
-785055602
-169890641
769056959
1081030991
-1468706238
693958662
-1715699673
1799523095
1239244785
-1443302052
-768606530
1729062766
1406438996
2074391213
-1691325334
764535514
424336298
-1900063952
1572537657
1377378838
-1360926004
-923549986
1603241107
-288391368
959654783
1724073525
-888539217
1249729813
585085961
707804729
564314952
-132428572
-959733754
1890048187
-8597361
-542217695
-1632630661
914013405
7673187
1647579315
1967909163
-1524096044
1319496638
1058034000
1462601513
1941405167
-897323918
1254410272
-1164759890
-912727079
-1394523882
-1964263008
1601916460
-1387997158
109027642
885889481
-639013725
1146625251
380137185
145056112
1122388274
1131454986
1304798768
-435530257
-1239990800
484233042
426611810
1950099205
-1557016580
-2038518032
-1476490754
-1384610054
-2125607214
1431878730
2047278156
-984637178
-1620470560
-128820479
1518979588
-1587605005
-157729448
-669107663
-1409968311
942753537
1888674631
-536008713
-1985907499
226060041
-975749658
-2026104525
739264116
2076322276
987180592
-214668914
476028086
-64470515
1080824244
-1727948866
-664930849
2065644676
-1962807636
-131071480
-1878025694
2143943413
573558093
1348232966
237537038
1482566681
1500238432
775171754
-898294200
597452380
-2024935663
1279442818
-1366127750
-740505408
-1263715834
-152542147
-2047666805
-1245035008
-1122941517
496731501
691654416
-1981481480
1739720684
-1235403890
-1514382847
1854294339
-1596578117
-1890157242
1404089007
648502054
134790771
505638382
-1686620683
1381342636
-1382222588
279351376
601380526
-288478191
-628691311
546693554
184858214
-1880354973
-1376323777
-40885997
1516606803
-1054138010
-442698160
-1716992332
71355781
-2076460616
1162313327
373125081
-904213156
71403829
1509101388
1389347536
2114471227
26888092
680746091
1372262194
796949626
-928049294
858369337
1741500008
952861089
1897776166
-329733536
1568565360
2082908626
-944423307
-1814614949
981229793
-764603515
1737685775
-1037508788
-2053615572
263790715
-882567302
-383987699
334040356
-1605428500
1370450230
1577006724
2033560255
-1737459198
2083511074
1399656763
1229303325
-675645046
-312427234
-2138216913
1458577610
1000995048
-2049054224
727530727
999490367
-1475750580
1616635755
1358472648
-1271864402
917517090
-2077334323
-1164156249
-787833601
759327438
-565331095
-977206112
-580419051
1593740441
765547909
1785303845
396261717
-1929072666
-78700667
-640872359
1637272679
-930512472
-1053923512
-1172083042
-1742753730
587122199
-109130287
802409324
401197398
1607844257
-773181654
1238041444
-2116145092
1565179166
-1696422780
329184164
843233875
1961367880
702284963
630455388
1054051028
-865950358
1123190392
2111805601
-1678364650
190328150
-1551472113
1222385537
816501007
-174820709
2104413099
-594607530
-668717286
1125123319
-2015099602
2366559
1329037306
-1440764406
1382302142
-417994868
-815700962
1417831500
886777765
1793305240
556629286
6748481
696237177
-1296829347
-2136840027
1784805098
-1905662084
-548210589
271328040
-1881186178
1628649029
-1864261447
1436227447
438520410
51169183
1535338760
1768840730
1000832309
661553328
-22653212
-284954338
1540593815
-1172180899
-2141084827
1957812248
-1427085173
-1754430227
287107574
-1720217494
-1458675053
-649398292
-864358292
-349751868
-1985839652
-1822550959
1486904410
1071263469
1511774898
-1408288030
-308287069
-1065524541
-823661259
1537165527
693827151
-1669514880
1870798668
-549403459
163477410
-1604719042
-1836638758
1755084189
-1791906710
-1636764484
-1248639696
-270153635
-796057448
-1160743070
1832313026
-1576687771
675665426
1958097282
-1765658084
1671997573
14788295
2058037728
-78220522
-1486375659
-1501088765
1967264116
13125446
1594921053
-842205436
-2003416467
-592228170
-2138709961
-1643100468
570809209
2011552726
-1274766349
953575224
243323715
2001131187
-1240005254
-1622739631
-496181187
-758675607
-1856270155
133186785
-2033966945
-703220266
-2050466513
1358660425
-1543344466
551173264
-1837488648
1996469137
-2098942655
949695768
-1633170484
1677711296
2033309824
-333958321
205643125
638704494
-1107435793
1248478248
-1789410707
-1628367977
2035451562
1587061662
449997766
244869041
2133517042
-2047975960
162443086
-668108801
-1720574489
-747876373
568307950
2068272423
-931226985
-126469392
1235484242
-1187996414
-242306249
26271639
664682702
393089203
257726383
2029147146
397191551
-1815087110
-432861093
1057294708
-1333232719
736486858
1128605967
1712403636
485054848
1729212952
-89716644
1363643981
-2004994367
149929205
-1201244399
732143009
2043156002
1855442654
-1541022716
-540343457
872477839
1838885459
595898385
577926968
-637827369
1020895909
1389145699
-467112744
-1701925489
1989200916
889930994
-655322092
1793704758
1839569176
154339660
1662691423
-648206183
1062861055
-1990642281
1987199874
368358264
1940212663
1205826005
1351395211
335012714
-360726803
-1801818775
-1244351482
1782448381
-522327978
-972419877
-1069254038
-2038265055
907751755
-390058025
-406903338
-1278699835
-815339621
1834963835
1811229180
329385154
464586652
-1268083502
-2014843555
-669404680
-1127148669
1387583386
650207926
105776566
997362677
-1579870899
872891834
-1296334241
1073208797
-236840865
226029312
-972211127
-63055489
1293428675
1046606654
-700228888
2117535437
-953194829
572195255
-899807189
1526164217
1632758960
-1458194958
-927108571
708744011
2097994184
-2006495060
810402544
1561786676
210234135
311528462
211825358
603919266
1224954767
-930611422
-209676144
-75388523
-497820421
-18627453
-1985405894
-2039989775
-1089366720
1411274836
-232001561
604736662
1974307814
-188227214
860173034
217301165
1458004950
154950125
-1849334986
557476932
-362562203
413026995
476512511
1077322013
447790224
-1777004914
275269792
1361308355
2132160393
1253560400
-2098452801
-973956643
2070092146
1869461579
1295239854
-1786711866
-1732074137
1369373958
-1091273964
-2040396452
314492354
-2095461586
404984012
1347447831
691471257
1145649355
1825356812
364380253
796279435
-284444749
-400230455
295919125
1643805884
995736386
-1706111142
-166797190
1680718621
-859536054
745200219
1416378929
-2055221776
1272991304
987337428
-750847332
-163280501
-1876149031
1279388057
-915696528
1353878363
-247603092
-1488831245
-816334460
-174404821
-1877138633
-823683713
-1198252052
-416187226
1461249902
2036419926
1404372038
-87751398
237749170
321226093
-226493101
1690831230
1737200327
-1524822721
-1611991863
90167478
2054539914
1957929128
-1529783962
922269204
485871137
1259577364
2097274440
-1200240606
-1082019980
-1146968360
630741883
699051934
1511855067
1665573855
280798163
1059654341
427372567
944855177
1930978300
-1572050732
1988366214
141189583
-907845937
2014540235
1531484818
-55693398
-1232692506
-587381133
-1071378326
-558199115
-1010018958
-1576117086
-1955797004
969386000
-1852060085
529554365
1861372930
-881419384
-862109368
-1454064257
1903863491
-420669452
1611899088
-1099286792
-371527557
-194538015
1862198705
1613835735
78099830
2111969393
-546109392
2147204587
-937687238
-921593729
-46336416
1655313126
-1428042501
-974750201
-525329481
1646008932
-1389746349
-1452094523
-1593029155
551408171
-549725390
1570038043
-1063963961
138655412
-125241326
-1737361865
-529435644
-1878977046
633089391
-237390219
1694061398
495602224
1178698614
1247714561
-578718588
1311842729
701852412
-695928896
1713893486
-922094158
-404727631
-903564176
-738785950
-1718864205
-2079039595
54025229
-586024787
-372674537
-786071895
-501882762
-53084813
1463945368
-355691030
1303650384
136459459
806306495
-288344454
1869235498
228006629
-1953611349
-2133999072
415522786
-1714489866
1378883088
-2127524366
-908400826
-40494666
265230210
-1939080112
-1789854467
222500000
-1960178189
-546782700
1928830120
-1715725765
136966010
543476487
559028547
-826786128
1235170901
-74944106
1394248913
-1281337445
-1771039951
661323205
1185619512
1583126053
1979776936
451649378
-467975831
1721314898
-1942653686
-765241474
1512986051
-706895977
-16856225
2038924569
-870103367
41382575
1783334060
-1600386788
-1052044623
1643282606
1804175477
-99666549
-1790550993
-1461315754
-804121725
411630586
1932028210
1384091304
167665639
-1743122624
1623209182
-1884806210
-1722791618
-825299862
1613657946
1563241687
-196447947
213253874
-1359362053
657390259
1300736079
-2002299855
155205025
-1886651615
-1994809627
-116420079
-1749536415
440594645
804463214
501687558
-1238890652
924865663
711092992
-166078146
404169230
951595800
866401559
1043485462
1761108834
-1225843330
165733268
459283152
1848696996
-462815933
1399866887
1680224131
-496784321
-614079807
-1940742352
-362064558
-728376855
-2064244623
1369413570
277123808
-917757692
-1095219332
1418053995
258314755
1375060295
-604841582
-1349456368
-559294537
1309576605
-1190345733
1468874589
316999508
-1147387572
-795281429
-1044198788
584557827
1883865946
689091609
1940634659
-334951570
2074295339
1864127378
552921300
-1977710410
1680023918
450606537
-473426592
1565709993
637312058
1697420275
1565770668
-1561304524
1917807987
-200124527
-1854109769
702813718
1773515890
978863694
-991942437
1285922006
341392356
1441273610
-1206709422
2081246711
1981165810
-531872714
1116003835
-880854423
-51402590
1448390498
-2097092514
1230376001
2105317244
-64394733
-678669075
-1511019092
842669936
192985049
1387455372
459860769
-1709549577
2003475873
-177704877
2134148309
1584723063
628462151
448600722
1754096500
-84841237
2081760367
167663637
-628431859
22580419
-76764779
-591431512
-1852215475
-373978104
-47363487
-454533667
294178799
990713539
56098879
-1684968692
-1367016333
-328014177
1370052655
945811866
-815446003
2142032589
595463897
1116118398
-1912000800
1866279
895277539
1556194817
305738091
-1600722025
-1354567033
-455162172
-1342868669
-1419513670
-1198115489
-1445116665
176361730
1058332351
695790467
1773307175
-1926995585
1937576341
1147703509
763622504
813143614
-367758011
399649690
820988661
859467562
246333851
-556005043
1124493860
-1914112639
-554152948
1280177327
2117360381
362312207
-1965845549
1199454498
-1818939140
-1966140770
-1547637668
180029239
2124600598
-131337556
-2144605722
1510805125
1404370169
-2118485154
1997567075
1504272572
-1896689000
67587765
1394844834
1647702521
641273830
12333567
-523579473
-1620751781
-10513695
1760275343
2045600889
-1331479339
-378163759
-494123089
-2074837067
1691727685
-214124591
1781446869
-1256891902
-825098299
-677600882
1526286101
-1280183218
-1185418431
575050318
1487291095
745383543
610933066
-814362316
-1461031223
688485429
1005756712
838827713
-964455146
1811303478
-1106076619
1323688606
1602141143
-1169582710
1064962408
363614616
893955274
1319284545
721192496
-1527451670
521323585
-789166510
-662718334
1673647042
-1723778212
-14768706
329106997
625429502
641163642
-295803660
-450400883
-673886410
1361672428
1492457591
1096192788
-1288022274
1508059883
-1967396675
1211848880
1214393196
-1678981428
515519322
1274745330
-820550953
1130938481
738237021
-1575376469
804690402
698753538
-1407506950
125521093
1812899768
167503069
-1487840152
-883593649
-1986440552
541877706
83194892
421755097
971786387
-1664128909
510788567
908378369
679108756
-810263022
1691866603
-785478323
-1179031647
437642092
1889779844
620119868
-482279841
1540532733
-1131501291
-2103105129
1757104859
-26263436
-2068310607
1439170572
-477592953
-681087391
-576851796
415419388
-1987932030
-812837076
140141186
1528390291
710827035
-1535256504
1842013686
-1772398567
-1761840233
-1005070679
-19793282
1553124487
-489480398
1936289651
521607390
-2131038883
968368227
1646182387
-1078014446
1656504498
1810932068
-466929454
315564144
-155578996
-1412294415
748466311
-728587506
-1570933391
463939151
-1586976499
-1064379552
1392513853
-734549617
1071365334
2043206950
1969304374
-1669096429
-950114562
878526596
-743573411
104099153
734108356
1730074226
-799669498
1883301847
-1938235851
-113131690
-1519686485
1048306318
1917770793
-397490194
216411388
-1853472190
1820107123
-1879756685
454048825
-350154911
-807732909
1041187323
-757004604
1734648834
-1972855505
-477080034
-1721498127
-936495575
-640210046
-1252444964
-1028681183
1030046281
-1736697324
-933630787
-307346930
516856329
-1876813973
-516519622
1162767207
993729354
1493864321
857099099
1523619999
-1053011095
875972534
-375699295
-1893267455
1734972097
-1241037305
-2122673115
-1511684089
1910781043
415070080
-267692544
1952597228
-1737351576
-2139960849
-559581971
-794993792
7454103
592620762
554612269
646858042
1482359427
605302194
-2000717910
-53251693
1270161927
1769808711
666265695
1420927121
-1499390379
-14148481
2133123830
706073249
-2087363525
-1456601534
1588842162
1881530793
887539880
-1729119048
-356832625
454629214
2055230063
1548417974
1220847270
164844754
854703178
-1521917323
1683222486
-1236099248
-1844770016
-837845372
-1871343199
1420306027
-20310902
-1631776257
390042195
-1573709996
-759959149
-397473535
226307432
-614149780
369908159
-1012477354
-1603186641
-1296347110
184101454
1709313909
338803882
1628954077
1975557569
1852362668
1960244920
-77241180
1714747293
-1228420451
-1579458699
-1260196003
776513646
332353000
-1949949215
-40095541
-940429810
700895785
-823862337
-85777508
1362572327
-1374655708
77664703
2033915834
1554692341
-560560321
1311569374
-1923694367
-2027799984
-32394704
-2129329907
-640673167
1025650409
-1696903434
-1493542640
576337028
-1950199853
-673350388
-141287511
412761667
-1244760507
-612393764
1163137013
1406558581
-2031021666
-1569577103
-739439084
813581144
-1073710680
1664339313
1925221647
8011444
-1185373920
1314197833
1445064438
-294933716
2126441589
371118249
-944946359
1037682134
1004941520
1234399539
1105266585
-34861298
495263572
705274990
-1409233299
-1123274361
-1588485978
1662711552
457240681
-1898527070
1129833647
-1852858596
194620332
-1805415422
558639776
580140601
1604474234
-698163616
1759675702
270371332
2042331675
1511493019
-1792532673
-718729066
1675183874
-82747886
-997342116
-1815507991
-1666385104
1560136502
-167005689
1927313544
-1023403558
-1339433126
734196951
1229841285
-519558327
-1851181876
1023464962
-1954896976
-1818896383
-490507223
1020075300
1571844613
578783781
2072699885
2104764990
-1661561498
-355843815
1603525961
1628056576
-2006903415
773421928
-219268551
-755698102
-1859409613
-1877386520
1174343893
-1151451920
1205392294
-1071356132
703221734
1128806077
-1558125225
630755801
1914769596
-484774726
839111651
-429563349
-1146965443
102807983
-1744036540
1939302776
-993259199
1607253482
-654300609
2101569254
-495881699
-1139913922
186836000
-126501638
1437921149
916491598
-1946455639
-722395775
718570103
-25824757
-2035855545
1473351602
692582364
2119374458
-1422313849
1775711380
439903952
1520778170
1205504199
-965841507
-119538532
-623081403
1569468720
29444507
1241133506
978491766
-692112925
444095447
-111559599
-162911926
885805170
1838113143
1748685691
1948044394
232101265
-1174120156
1362991204
-2005398424
-1240230900
-1519521556
1767749692
1054564937
-918836484
1005612648
486120335
1134351683
-909396171
-204049119
-162744613
181551559
937093122
830820143
1961218146
131697856
-824792300
1775934499
-858042559
1411008285
-1265769546
964397606
-435361854
339707277
1801183557
-444859039
1491286253
-640618359
543672543
793135520
871575396
-2013376361
1023698522
-1995283919
1173635440
-975103285
-225994632
63284242
114677846
1789641105
967822424
-1593663926
716274415
964087210
-1792984018
-1899856745
1595706743
-1630010508
-387193546
-1689782200
-1204438364
1651513453
849766629
1926624108
1140283898
-1772110599
-1648800415
-493739476
152659805
-1235419549
-918990541
-6396299
677568487
1546536225
2137441851
620347865
-990668804
803238747
903030756
-664534601
-284369254
-1956517970
2139971735
-863139432
-831487499
1938057260
-339185036
126803932
1255344450
402930087
1383561023
909762709
458700755
-1856837841
949300120
294697650
1993747811
1640529368
511474031
-2117264545
655931315
-1329184576
1192932789
-1943786580
-430200491
-444458673
-568621737
-1407564692
700598727
1424115648
-1866883737
-1190953889
-1711852862
105191392
1608438428
41710739
-563269932
243834390
233909244
-1518795002
1018621228
-748502878
1716645079
-449004656
763731636
1666847017
1131334135
1516971775
155963493
1689533040
-1449869804
1016895619
-2138892587
1740047976
1001861517
-1161447092
-1134010604
1659191402
1666541909
-91815311
-571737927
179369922
-1730973397
-933024493
-2033210057
-1783568783
-1657080563
-2127953726
767457396
1526661166
749452782
701965342
114210460
-566071890
-1324694106
-855977023
798546737
474445861
-235268567
-172186788
-837155482
-668194549
1225975803
-823743200
-1120205395
-598695389
-755059741
-93727906
-565598066
2007396792
-1230820386
2041706609
-314877254
1474979625
1717587798
-215265061
-747799968
1611180968
-1549857133
-1547160659
-1962350146
1738744638
-1377685135
1583942956
695449338
1504598545
-76384941
83777457
580185393
-593919511
-304474537
-229196080
643556048
1119503344
1727215563
1175048380
-1891788509
-1375900999
-410001442
1171946
2020606251
308914307
-570852710
1303250675
-1764476493
-1743651395
468785169
1867466942
-2063721819
183075789
-1598498346
-1243449634
-1697078887
-708665332
1061307311
1593457720
-1186196562
31449877
1646551944
-1720493592
-750524259
-300083137
-1313340247
-513332124
-322972918
-1139062425
-1947770325
-1193353502
-679708131
-1488798990
-1541272408
-1124339465
141932625
-1256578031
1270675249
1265693312
1934455691
279095111
-1961762940
-1804625467
-1245748626
1331449640
-1993308802
-1344301094
-419736851
1049564002
-1507367474
1543753544
-901462495
1454418433
-99554325
-1779838739
-1160776356
-1048598290
-1402122425
-1957051616
-2050911107
-235881544
1260425156
683349784
1069016453
462614934
569328999
230994062
2056843626
-1646499924
-1177798837
940925855
-1345652181
1998640013
1978920407
-1925452553
666466852
-1895321088
-1963805645
1552140332
-1562753885
-1452270073
-863716105
1447987303
-544498758
-452160484
-2113446363
-1726507191
878530390
484517309
1093507161
-1111851509
-1796982384
1836245291
-619094722
192027879
-916935614
-1776324243
-2078389948
-1568049994
-1942641699
1358969499
1367983247
-786635046
-568863878
-399739304
-300433614
1641353053
-1132929490
-362670945
1819966620
1735564634
-1529589343
-1823120189
-1966136750
1402260891
-527878687
828623536
-1589641762
1905945475
-2019277197
-77200266
615560710
-1307083730
-689166165
-1708997624
-614474943
-27789354
-783666371
1504354624
271354726
-1609943688
-213935341
66234405
-1595532122
498199734
-641722016
-812447888
1341588412
-617680386
1372086004
1474536269
1494968674
-726593300
345499858
118001758
-1360583930
-1943754515
316344831
-1021527292
853934781
1136259108
1217085084
-1647755552
-1755532680
-1914503024
-1592189897
226243223
-950038923
574821229
148140893
827976661
-1017629961
2043383515
-893618573
1764753300
-597053128
-1997944387
1110112709
1096909470
1538170782
-1083004445
-2090131233
1010323024
-1706329811
1629978731
1316818203
1182748064
-1073545155
293718116
-1722982021
-788130208
513906796
-1205228621
-1950306376
1273909955
-59782187
2069197370
-2057297254
-1884831968
-1775538303
-1601290442
-478807670
310886390
-452322531
-2059878168
-1002591899
1563808815
-297867283
1158067831
162838162
1140221864
-358044928
-413110252
-774464426
57788913
-1108533595
1277406559
2078233958
-2060628655
-6770915
1845984776
-137012803
248041996
1042407057
-1278539591
1884628400
1198735847
1311405126
-615556045
-1683644866
1697431531
122153742
-652562761
-104995156
261460073
373281537
-976900186
-1638237359
-193659586
-767813011
2008665963
-1714903634
-1961641384
-1035570678
-1397644904
-1377002047
993627768
-1449574286
165330255
1618472090
861291577
659019983
-1114980381
478864430
458893136
-811145003
409949630
2119516266
1866633748
-285650445
272330116
-269007477
1503874880
477422020
-1185810056
-517607508
465425400
1576377803
1913709342
1613367200
1782814217
-1091725729
-1352329950
201011457
602997365
59405540
830127992
-373996151
-1375545299
451492155
1592474051
-591949408
1516235552
1673779835
-1090770949
1839384117
275616628
-175391008
244958537
1516483536
337988882
1470054147
1643149621
-1782177048
191253352
1081583691
-1138222334
-118727311
535168361
-1299156317
-1308260520
-641909319
1892613592
-1684038291
559770659
-131869068
-1840428090
-1211996235
9268923
236521493
-12802215
348182441
1692340293
-1524590754
-1977352498
213763401
1594487896
1550358842
-1293494336
-1026532262
1480682978
1314080714
2119499945
576670111
2056484429
-534735683
-129673559
-1696266421
320697053
-1410462492
-529489018
-2142765903
368929883
-375856892
1645074420
1130915133
825007351
1467426798
-561961451
-97439065
-2032502678
362458573
1216593986
-1181196700
-139619749
-1365187394
-683524085
-1714528672
1002571523
-46609754
-1001653892
1420013802
747850259
650172478
-1542603102
-215567376
-59146284
1055673714
-885598387
283851627
2017510544
-1484755221
873410838
-1399809252
1189283376
120555754
-776860765
355604344
-1059892186
-56571049
345023785
1052307936
-439105140
202461977
936684338
314999828
205354381
-806619992
1785885599
1415585513
-1590434301
612015071
-180928016
2028838970
481572961
-441625322
-1860166461
-1128860644
-1324755757
1092637552
1795815322
1931212117
691091363
-2025093008
194262241
-1769643763
1867738334
-1839488814
1754158
1355076037
-905240009
551385752
-1271045942
897906057
-1630637270
325216354
784184431
1154118497
1877398372
399824386
550920787
1184445452
2131934049
-2003164592
-121029019
1641611760
-2122122409
-904412614
-8178475
-489704373
-794830766
1006567710
1243129306
1479956911
-1960814688
1982067291
-893044305
-1806559828
-574595986
1742301221
-1371115299
-1060067890
-1064797262
-2045443176
-1843891008
-877411895
-1755010484
1295757839
-493818813
-1332360462
1895115111
1487416246
-1119102739
-414875919
-682142427
1761757022
958054433
-430071371
-228968069
748107664
-1595497311
-1185361241
-479391400
391120100
1996067923
619774242
-137096180
1139071378
1915539016
1839019041
1603417320
985723465
-758856455
838310201
1027389729
-1376499649
-1449885485
-922677558
-153630727
701319305
-40491275
-2116641423
-265725664
1753623724
717137975
46175424
635577686
974571635
-1397826450
-808829135
1154645333
-1326128894
-1723560467
-527670954
-1151653138
-1097178837
-298698417
-1060898731
866697330
1883897599
434931060
1391586196
-716572077
855647912
-1347897400
920102319
1922569993
-1509474698
1612163275
-1972385614
1550993721
-1685874633
1094515916
708931972
1530636308
-1766022198
1333437687
1625276065
1092436477
-701614346
1290071186
-1269920245
-1786497682
1288044151
-1435265405
-31414654
116257820
-1218548646
-1394028779
2008203250
210965592
-1429620854
1032779259
-768991444
2141410487
1356120233
-914717548
-1189824296
-372525579
-388829148
-1190292368
1509167018
-286666986
-1346281087
-1454454254
1239106004
274579405
-702484486
-243423241
-1478755909
866018593
-1282672561
-1385525801
-561695251
-641092530
-1559895080
-1866930134
1399987281
-47882263
1548734681
76960749
-1995027297
-1574819002
1198451737
1490664101
1205364242
-2051633123
356929461
1059695267
-681397156
151755371
-739280079
-84316278
-484624422
-993976683
211400911
270577422
-2075951863
-1430475309
476709924
734629374
-63178953
-1899434805
-1621473817
883794307
-1040330115
2055286908
883947788
274346153
-1330810644
-1570798243
1032817936
-1346860513
-479787259
-696154939
682826134
1436512826
1303513966
874159245
-274712781
50261311
-1869648413
-489640717
857870725
1166535137
1153419626
631906497
-745929078
-742027256
-1023539766
-1207770195
1988781870
-189384749
-574743491
-1234183421
2107911461
1968065760
2093413220
2010039425
-430327301
875536842
1157203578
641376129
635827048
662960115
-1928934452
1752892509
-1638379288
1251065730
-1510404504
1963396622
-269767029
1955484591
-1148408044
-837109226
1618409737
-1734265027
1067417730
619176608
1765017369
-62909112
1690120897
1457141476
1376400386
893618752
-1052605963
-1518873136
-1907388559
680589621
-436724662
-1780584732
1523365517
1026945364
-878611675
-629732003
1157409353
-1164580943
973794204
913895829
-1186777352
185813318
602284584
24517801
1047118118
-609670853
-864406119
1202877020
2036042660
-864350361
35212617
347116858
-1575499036
1656007446
-643051884
1047388416
2069961095
-244617716
-407571065
-1418123462
-1223220684
1238389706
-1455700778
312873518
-1566534997
-1021290225
-1774288621
1121538552
-23548903
-458856543
-1895421155
713553910
-1806367571
134855244
286436821
-884562843
-670216598
1146092843
-424692968
-1670682036
683161407
-89477595
281891816
1385139608
-733104556
1503363514
750196716
-1360232568
1364220582
24367103
-235472870
-1553875637
1384410837
-756068890
-279357262
1688696038
-1059781060
-2048223549
-203280787
-1106504613
-556513470
1731873291
-1865235722
1331242759
306546415
28295518
-1880961895
543040843
267717058
1000645318
-1144599239
-597288338
-2046132800
-667495615
-867636089
-322485054
1312850384
1441959292
-103235215
-888531964
-1388523962
-599744287
-1312178473
588720648
65655484
-1714742061
331298692
-2102247019
-2073305816
1886055480
1967140187
1199710093
861478443
-1554701001
-1050910768
-1908149679
-1870848345
174526786
2062503322
113951587
1441102483
-304336554
-1213915738
-1756242100
-1988168431
-2136358271
330343246
-1598859329
-1301857856
426739365
1365307850
-629013506
8970063
-224012934
-1212665114
605594492
274497362
-827508264
-418597643
883295939
922941272
1273241398
-1915198459
-765959529
-912644292
-1272229011
1768563283
-1773653669
250527931
1519018178
1097839617
1373980340
-1044186041
623969314
-108645882
-508626581
-1794423014
841171887
-2073413531
-1305835625
-1208009075
-575542917
138429345
-174515973
653167785
465135250
503378287
-1524563028
-1129416194
-1682087362
-23324499
-315345161
-1603385165
-1533576827
304147602
-1120407423
1376627934
-892079370
-1888968921
1812996014
1290925589
1967090340
1084503798
-260891834
-468992443
-1445676429
-1710912512
588287318
-1836568127
2053808786
-691625997
467712340
-792312674
7665223
-179190372
-1717600122
1842964797
-1843048207
276843418
-993474397
812162088
1702074187
-1861444012
-1398658887
-548284126
1599523053
313529644
-549978030
-395883144
1257956888
456384244
586308818
1528617885
508095922
440385952
-204975837
1532085237
-2099103857
-1104633539
761176979
650872560
1426108145
-676593119
-1731660292
867456091
-1329483438
-1683686812
-1502426076
1354800114
41522528
-1852160370
-718793625
1573163833
738860616
1607234961
1821054611
-1766079349
-2146017481
-1805230087
-1379930862
1087503219
680710941
-1495179679
1056173134
572400186
-1596412749
-2016283863
-806773680
-1363876672
-1739611457
-144123035
488122538
2042768527
-1171145578
2134883096
108489367
-860501460
488694498
-1043867487
1157624160
1786830768
712915109
-64709772
-394744576
1856430232
-1913683843
765641229
-1801314550
-255968552
-1585507799
-1516731614
-76991030
-97911499
109519947
2089422360
1070216619
1586958036
-413045137
724639415
1420711128
-312685555
903898955
1891473440
-2104169180
327818372
522691400
-1534043395
-1602000850
-1855629702
-1563617471
1980812027
918899136
464946016
-1987755127
-1034897547
1454898295
915986861
-348615886
1111071601
-126597975
-167149584
-1652540532
1345939663
-807305854
-1791562456
-1771173908
1091850943
-723712912
-1846183341
-462881362
-605795469
-538806592
-1829570236
-283691908
1755719957
1413981577
1317823673
1727774415
-834689541
-1796643896
-1161429588
2112134837
-1527783
240423628
1712810473
-1581464875
-376063049
-1136062252
700622816
705843120
2057833827
-567644682
-1165628484
-421414615
-385601753
-657683647
-1863992908
-1187352506
-872545025
977831974
1749930400
-866506440
-242404219
1214816787
823967694
1680342424
2016662510
704637536
-560519402
-993464589
-1607691207
1902966382
1677531179
2057014664
1041554084
-791351795
2093812275
1249953615
-1013285534
-241787874
1491421338
-1674304707
1727797131
-1907661447
-554833373
332786886
1000745044
-207205872
729982271
-521268317
-1406766721
1054823508
322246050
-1604926507
189942036
39590615
1576355602
1743387113
655610449
1093417010
-319317631
247306108
1713197534
-369435352
235688542
661502977
-234811068
-2138775285
-1982959833
-1817352767
1679787424
2075456606
-229339838
-2058248413
-188437101
-327296581
-412615923
428588077
334027388
1352976631
1223902771
860580938
-644327191
1932288131
429579073
-1979079603
-733434806
-63780588
1736936056
113878197
1285116391
-904138874
1234437604
36544562
996753171
2013985021
-2004112211
139511400
2013892257
272389453
674903980
-1175406862
1407783319
-167504997
-940500159
-1030971224
647739169
-1723179708
-417287581
-1195339483
-1545863224
-1365624067
-34568457
-309872509
341045219
24447034
480463717
-2005359256
1155413325
-1260439340
1279809897
-289751738
-1111002024
-29272859
822463014
-123439907
1336078336
1392660214
-1083999360
1256590596
1824850275
1072601180
330340010
-1407395927
11080304
-187590690
1512205309
317147414
1487933407
484271771
14989323
-1689101963
1191151200
802617130
1077978612
-1996686698
1880678166
-1363473662
293675767
-304699922
-515674298
183671324
2022725452
-1205188894
-933540021
2138280151
666064944
-1913191099
-935187251
1100285978
-309958848
2074915871
-1085371342
-500409409
-1934798070
-1585846096
1776889171
-520436945
-405746464
-2135556684
-1840281741
-1698082743
1018873840
-1563326745
577605740
1208711303
1005663633
551286987
-1926216918
-2067887005
1884271327
777357480
1960155485
1153351927
-921306231
-1880061741
-86643606
-2144292893
1776956904
-1219115725
-1085410910
-1003982478
-1263834028
-1137466368
-1332755019
178631935
-236861517
1092095694
-1963672728
1284406165
56581970
1813080009
1685119365
-1899472683
847098359
-401404094
570717203
1126850076
-846128074
-1730265750
-29971257
-1526721564
-672342013
2146972764
-897014086
-780655254
1382519176
-1035792800
-1182381733
887071377
1895365945
-882987923
-553226586
406125574
-1710761180
-95713041
1066055829
-1515446876
244245389
-635342133
29542871
1081035544
749082809
-1236765537
-717367873
310289096
158751242
-339579826
-762266753
-448107792
-1586850741
83367611
1525031061
-993882866
-1496112307
-882601005
-497992060
1129833344
1835350194
-1499027759
546527175
236076394
222911496
-80791875
445581314
-1800913699
1745442841
-1472670923
-2103188614
-122391755
-1646319232
