-203396258
-275270602
-751855102
-255175859
1008856468
822355215
-2055110395
1913165923
1859897420
837635708
94986797
1646859124
-1594817492
-161886120
-2016560304
-491429831
1390616739
-1756405515
-1102070132
-294651432
363482229
1197045071
-365975449
446775348
-860216714
-1395279740
-1210198985
-123797888
1611591317
-1253308797
2094936771
-936556779
878427932
121560580
-1730541782
-1779386234
-768489931
-314802761
-266990077
-736657424
-1149382737
2093490367
1543598789
-1478513515
-2126459134
154537569
-621529239
301377708
-164312688
-854822664
1887040077
1528228722
-1637899987
1998989356
1710229083
-1224329084
-1146518815
-1024193949
-1374897814
1600651376
480574956
-133412490
-145306397
-755190136
-384628983
-1812009304
-1075086169
-702533638
1603103735
627155411
-362084304
65429533
-446268620
-1619775517
-1228789258
-2057894387
91546635
-35486584
201924883
54402937
1617892049
-1220539609
152514857
1477457083
32083306
908307217
1374928003
2008994344
-1405086702
-880094474
1732009082
-1807039831
602507865
1822246811
69835801
-1398349942
1009970287
693283275
1850882308
2035779985
-732048223
-334108790
1508314773
1818763090
1222858019
2073169040
1948258119
705758401
1365518864
1519855093
1580527703
1107169288
1423673262
1706896680
1539468200
-540119141
-348518155
-1906954715
-903398426
-781951608
1373798993
-576709402
-1586350354
1680618515
-807748442
-986051046
1697458797
-857229438
1931369621
1642579732
-1847173434
-1190942412
-1029539331
-1494623994
1712645177
1246427128
1283238852
-908084370
-267252159
-1490280037
-1249342505
-863200817
1101316412
-537224766
-1139607698
-1305556828
574715473
-1512093190
-1715302508
77927825
1307318669
-3637491
1047084518
2040293083
1574381135
769316759
-438124134
749952538
-1548900890
2045380568
-1159690045
1479078445
791409784
345605834
1069767122
1166423149
-1316655067
-265127819
-1985506977
1510126884
693335659
-46306942
1892743209
1516649280
111956939
1187229710
1894741339
-282999997
2143750573
1174767041
1267081489
-293275267
-176484736
-860934370
-1689093351
1335141245
-902206427
443073563
1898564093
-413553468
-804331379
-331256332
362735169
734513852
957670560
2066755131
-148703768
1440082920
-1414415008
-1343126732
913824829
-11409829
258341710
522878303
-1015848497
328997230
-907539444
1311709781
1853774012
-468781395
1295303235
139655383
405487922
-459168239
4585414
998816291
1676948019
-225166988
328117751
-1970953079
770181783
-1327029440
-1167175575
-136029378
-385143209
340190314
1908604358
1243266928
-307211257
1966089630
2078079731
-389788006
1347561124
-1432375365
-107760527
1778618905
-759251056
-1125845118
425652742
399668222
-554550055
-1771753335
-1369628516
-1170043612
-1123158079
-762832011
1012520552
-1708408699
-1599201414
-119078041
-1586105010
953726921
95927344
1466539702
608505731
-1171909345
-1378525619
-2138847521
-733351309
-1602064816
1987640824
-1635632199
83262437
-1165335279
127782621
822339052
-957276835
299724952
-571667405
-106935133
-760958527
796732529
-1953169158
1603482240
1883605311
483541137
-632172411
592481744
-960442515
1989097131
589022007
157503488
985247665
-1856319294
484907921
321695822
1795808226
-860834561
1075689323
-1019155005
124868911
-2013232445
-667221631
-713442209
-2105821377
-570383104
-327747791
1067831702
660542874
61568452
1140147842
1916814331
-1174693049
1890748182
767150184
-804146630
-1335343947
1738351877
552852293
-1958189748
-1528550434
-108763907
1128686003
1437852133
-1831752023
-1112517028
-255170176
463707439
735254415
2105485380
1357299449
-860895043
1500949633
1916295346
603385963
-1364301382
1046104073
570114255
1549829606
-58314912
-1920147281
-1139174778
-631410364
2008267952
1249288861
824417110
548338281
-546481825
1291222917
1626693736
-237196341
-291750385
-1225893694
644933603
500630324
27389886
-1067112515
-427605121
118352582
-111976829
1610139794
-1948831656
2022129215
1895480182
-993047822
-1955504124
-1132339074
885799408
-539890358
228572903
-1326045882
-733401100
1241130533
-1822012475
353145665
-1546630676
1058758606
808015000
-189775290
-380582505
-1642444232
-1963053917
-302884386
-452859839
-2094209246
-2146914362
-750226428
-144759755
483177590
702359316
-1375213524
347906416
1924569330
-364682590
1780236934
-1144054377
2112517897
1647385761
253193091
-1430431959
-749303285
664730031
-1348582505
-184518664
1324937603
-29574551
2132588352
-155438379
1426329311
-885099964
1658359623
-141653878
-130508458
-440019043
-148209338
1516398604
1517456390
-1844969203
1209615465
-1462788623
211047004
-964615166
1309322872
38127391
-808593736
93137035
-939844332
-790152507
-1980541105
1674913394
-51663040
-1428938865
1265771859
1651449743
-1170468061
-168484843
498053714
1133415259
78441483
-245861741
-964587557
-143030333
571741365
-651483169
1999848806
-966802626
580665803
-863767145
1434001525
-538086367
-436352851
1037299609
821912310
-62525135
-877228428
186967224
1797747691
280412025
421749555
-644590933
-560794036
-1372772002
1975340415
586491208
1520888363
763736816
1088522801
745649394
1545288729
661520258
-1917631383
749385808
-12753208
-2147025796
487737814
-2040062657
-1834284303
1123968367
462569269
-1514930935
-1421631113
-1196165783
-569239273
-1349312554
-2105496628
560978314
2068569318
1934213986
-1049229676
-705349417
1605430825
2135464176
-1968029049
-1240144563
-1016632314
-1379848578
-1504630885
-1416525255
-192847096
764163897
-1810839967
182971334
1775163171
-297310413
157006766
161680343
-1992824332
1372116562
-79590786
-1274197994
2006753612
879828619
-528469994
1871496525
1812730351
1355065680
-732932504
1829420020
620556952
-62398394
-774387526
-1934984694
-800203968
1931556155
1748766344
1125002792
108246175
-926993065
847859881
-1917530158
983636978
-51373168
-1690309455
14530832
219791103
968595043
865950359
1528022333
1586558038
1713812672
1088112790
-901052130
2074285016
-1072353723
1340739927
2040100917
-1704111236
1123711663
1088024655
-163312809
-1707070384
624979085
-1871144858
878656636
715426750
-2106571979
-690024231
1071311829
1672238353
1736861692
-955909024
331285028
1644885814
1755859616
607432338
1474257991
-1644487994
-554233591
1887548296
1789070356
-1329419197
296816177
-1042174527
-1176282516
-772356447
981415007
-1951683003
-257558902
129319432
1491793562
-12031220
1757728412
1545726680
-1479783075
1379137439
-188936812
852600045
-1203318138
-3152897
-535356865
1655570211
1676159124
1828578758
-1318653035
411040540
300491025
-128356468
419790419
-738652864
95835725
-295118196
-1332176953
1761450245
1576807500
1669662342
-91684374
-1318818448
247295233
398496742
-85820237
747832794
-440732741
570825764
-301227863
-761883913
-1310319650
-1321792402
42487482
-875163628
201254614
579536517
-1697461941
-42342241
1259998537
-2046170140
-662386032
-1586892308
-1562742901
1526265638
-70570980
-1484079818
-1242785450
1756727208
1051980731
-521173533
1963609274
-1828813971
479189375
-179945461
-1934145454
-44600510
-1751278824
-1558738118
-112739144
-1103184606
-876171159
-1798533771
1557407034
1789042907
-1986382505
856226427
482703309
1788271344
2049711331
-519582900
132112449
-66645567
1749811578
1301113326
-1319011658
356544745
1323837067
1391089006
-584203954
-1309731097
480673626
-558530011
1398120739
265435391
856084243
-1500120516
1909942907
-1221320350
1358837282
-286817679
-1989078982
-60724340
925745345
1115571994
-518886761
-1255333139
467323602
-594946710
2049208594
-834295861
1072254190
1591207154
-373973083
167280230
1099261629
-1279543958
-823461063
-1421775780
1445640839
602342577
1360554331
-152860593
1770876427
1909317906
1188712239
-15654972
1389487247
1979636681
246786980
-149842098
1388152376
1181573061
140714217
-1851610901
-581162853
1849962670
121413919
-1866160979
624618643
1890735656
-108219825
1987549084
-552426156
-1887111335
-1996915299
501841114
2143886528
713353897
1161108925
972283144
-1655584519
-1632174648
1321197734
986284008
-1033124041
822753780
-1155501946
-946138045
-1497092134
-1494243204
-1983834123
-1006374387
1709250498
-586458241
-404712084
578706118
-1599417634
417775353
1442329080
-1892623326
-458339325
1787327999
-1730146518
794605803
-896760322
643188809
135651409
1406106662
-675767829
48882673
1671915
2117606004
-1075394872
1909028730
-149542313
-1939716677
1839490628
1501653011
-767159601
929093381
-1732650275
-341006309
-1091965034
1910141607
1366608681
776827367
-1987278739
238668453
185220723
1034971843
2094938698
-1783291051
1780838025
-684690889
1845186380
1647771201
-1733205293
1976672650
833315304
158076754
-1707562841
68042635
609697640
-2066161623
639089884
-1164399474
1213595030
1947977168
-881591652
1317112501
1258895284
1906707601
-1884150914
-1302223248
1011590830
-243171802
541381844
-904174778
473204882
593864210
-178487744
-272650028
2087029567
397572173
428322189
-1235301354
591408732
404504102
2079048635
625823973
-205860724
187624805
-592746661
-1477812288
-748889121
-2087891537
915490845
461102030
342672779
456298542
-1955919961
-92142301
869389531
641940848
-1024894041
1664348994
-606673562
-94069361
-879248085
569029602
-434464636
-1117782382
-472958673
-2007428620
181185022
1246330131
850212471
2076854501
-2128651260
-2051525855
273695903
394405920
-1211158941
-635965081
1177176176
-1728222506
-1676520202
1526392461
2102958452
578373633
1952751965
-1412179746
652731595
-1860862299
-356789267
-1847077334
-1577916096
257188440
2046527463
-1932493331
-890740586
-688870395
2084515563
-891926096
-1758090712
1715016428
-1241264210
-788760657
-564589904
832434668
-2069726230
-1609663557
-29911706
35486980
405254550
-1969677727
29364812
-251704553
413342551
1102549580
1202025928
-2129119249
953050165
1782544359
546356594
836493955
-358542703
-950261946
1372800559
286346108
1230151254
1297412166
144699262
156522485
1722496623
1028088050
1398972433
-1108984702
1117186424
1666273832
1077084063
-1142221709
-2097797705
977050235
-237471240
911419738
1910621261
-1132950693
1436737369
-1198346551
961024936
407608435
884749825
-1791822240
-685009605
115992914
-1999793916
-327917562
-450665871
-1044159155
-1088815010
485001845
1128819934
958851490
-1144000950
677414908
-1313206857
1636139488
1518501332
-83682432
-946366332
-344745338
230801069
-1122287165
-638327533
742127082
1742850622
443517672
-735902545
733121372
1601052159
670500918
-1139698030
-432819061
1002948360
-1027026405
1415081879
-1449243354
1195520743
-1519424908
-1447655117
-1075992378
-990135884
1134133003
902196134
864191242
-1494469277
-1011494815
-329021587
-1590145533
494221913
849363116
126300666
-1646886189
711247169
-1688056030
-1381221978
44292240
-820743649
-731282568
-868006682
1515947373
1969000612
683314597
1370583228
-1905125
-1498175036
516955627
-1409949071
899704684
-1454880123
1547745559
1504329856
1749675578
-378787814
1698106630
-304265515
-334694010
998568240
-579040917
327543351
761187043
-1591189370
646856912
-2042577151
-1982406380
-934386493
657479130
854628120
-1217695500
2128441731
-1519093552
-1896445160
-746452842
-1400746574
-1737737891
-280698160
1438957740
-2113539299
-351784811
886280432
1187946540
-1251388602
1378961205
1765029376
919082544
775427447
-1791386578
-9511276
-1640583651
587244057
1033293668
-365956930
298934791
-1729032379
1504687282
-605881149
593309524
-1904360805
1654895409
115172624
-206843490
49273938
1989301434
-25751186
-2028943394
67551120
-867317336
-853630604
1816070086
28920828
1657496802
-2108042691
1740899181
-1009214320
-1840163816
-310768805
-1300568783
1998544819
-275703733
-1445443829
698164696
-1403642746
1171423891
1055574441
834920696
-1243219586
-1253361380
-994419610
1165986713
1136187442
-369424271
325320503
1516368152
1004460661
371557628
229590544
-1095722419
-1252088665
-704266035
-1836001966
2092172016
1528230216
1491147162
1123266945
16400696
-605206067
1516921606
-1214556615
-316013628
82770102
1589047590
1503381602
57477566
-1631156000
-954513600
-1643898974
-1387824835
-1422301673
1063087829
1848312595
774092779
2122740463
2097625825
-2133543627
1546693095
-726161453
-1501365408
6540070
732592876
696651614
156329236
783751952
1065637298
-1819233303
642756997
-1686573599
-2132038252
1453085284
-453952695
-1128554431
-880542094
-2053446039
-759162235
1191894720
-2134628648
-241736818
1470924211
-254283441
801947743
1737699322
1642789541
-2137339406
-224322989
-634899398
698184648
879282866
337820310
-1919183787
-1115411027
140342999
-1916172093
322594333
1119273157
-566197418
-552532075
-996476729
1781437292
2140666504
1026900106
1173520830
335013928
1259104029
-1772075581
962085555
1768885297
-1309656497
-99389906
-389251848
-1438422476
-1977949863
-1482313754
57329166
1129481555
1717255722
-312296231
815042940
-1761009552
1540126550
-1385380438
-614857758
-1256647253
-1080863924
1933379289
775185229
1865851432
-566652210
-1816296415
1418115275
444082709
-2025849187
-1934059999
562984770
2099230955
-1948836749
1426140734
-1397277827
122012147
976863029
1199633607
383908231
1716577547
522446440
-427317927
-463393988
-1348551767
1335075045
-1534505596
1500566556
-226627040
-2052528440
-768650834
1544187490
-1394986718
-11231570
-1854251977
593630548
-721511547
1272332830
1760664285
-1537507108
1708909642
-1056254649
-1698828702
941270616
