1954366446
1202780426
734193308
737710175
458602797
-1503901074
503499173
-861865177
-2094601503
-1243600363
470854019
1832946800
295367893
-300886475
-1586408749
-159486389
-542282060
1073399040
100934574
-495414951
1946575308
-1340382953
1953202442
-253394854
1038636820
-234579647
-1279476129
-733521660
1524810096
-813877417
-548119667
-317391339
-859158478
1608200835
-32129796
-394537301
1569502692
-2039189335
355189252
531476179
-1953591484
1540729636
869391759
936611167
-946039153
-2076808523
1409520893
720868091
1566293762
-1315156297
829065543
1287992962
-1530506083
-930147433
851537510
1545630349
-1360176086
643959940
-1536912139
1770633293
-568234115
657392738
590277141
-2092057702
-1575577092
988396035
-1353936496
1088253003
-2016741023
196242328
1301970496
-1885622072
-1691343170
-1895750299
-440619855
-2110540324
-1441551423
1856686003
-1853168635
1633937359
-1128069063
1364981771
1645093144
928442547
1168903128
-348819040
-1522069533
1986336766
1443006522
-638031604
-2003290331
-156336295
243310373
-1947666625
70564415
749090998
-1998114542
1752678324
-425798305
1520804264
1563963372
891504100
-1706067999
1513025518
1962727959
51684863
2102567153
65796944
595993011
-1979538215
-516267404
-521187154
70632481
-1641985246
-1283150296
-1450515883
1136842181
-929857574
1907249417
-1217336940
257213965
121067011
451920118
1594412430
-2005131342
1627193751
-498687852
-1742003374
-272594626
-1971083332
809049458
1175788328
-1662006835
-88703435
720276590
714403629
-1127098857
-338170340
1057679446
1450583842
-744347219
839888334
-1435429167
38651264
1659826306
409732645
-1645602944
-1003245105
1015202988
-1751795988
1508737376
1106768951
2063991916
-377934193
-2018905487
-784886185
-2007956373
1646201106
-1338878564
144588117
1228448326
1796803140
-224451887
-2065772235
2066938700
-746059981
893451631
297715054
-1849013370
1578267362
-403417879
-650848582
1018181879
-2023062983
-864293979
425021997
61083428
377363260
130181159
1792227721
-1484607786
-1034288257
1245795438
-1501636401
-805358051
1819083225
416165790
-1650482919
-672160616
1601103704
-756258
-661627737
-1492582412
788181876
-1123171709
1977749558
-1684357967
690636678
-2018021266
-1279582824
-1181651156
1836408186
-1504224079
443382657
302319833
1107080643
1062711160
865605278
-1877531185
-175787889
-254030042
299151339
-1054200183
-1074149829
-1875975746
456444997
2143441386
-1736404215
-1689354108
-773486274
-1645372543
-964531696
1476035043
326855472
1176545806
625779571
1859976593
635730068
206162501
938482133
-2064912656
705705620
-592152111
-2021291252
190323127
1161976542
-1485597029
-1869950956
1030952145
738084538
-441926069
667361349
909156229
835100510
-1234984434
-1689005112
-1165646634
-1462921344
725373594
2085247303
-47607509
426229293
-1921529746
2020561635
1365564979
-1545836839
-1950995362
-1271001493
-1209927422
88866486
-1038179250
-600388406
136570495
454419272
1408542781
-1954181953
1972914690
346852921
29303685
-2059514668
1987097145
-1822414231
2062149216
-1614350200
-288796597
-543889847
-1857147986
-1495894834
-1570669250
-866412695
1754740468
317947834
-1534283363
1656259406
-146518361
1825920889
-12004524
-1773313655
-212232533
-491561854
1909521887
47770372
367365910
-860871925
-1294849885
-2041607522
110705464
526362557
1960398747
-881458438
135083231
-1892705366
-890699209
-299885164
-164745258
410254206
-509707136
163755796
1726984623
-582392332
489467519
237616358
-636747326
-1482562164
-666145
-904400886
998544757
-1578622598
519212497
-241204952
1845918908
-17815071
1386182959
-1956652569
-1031105821
-1045671104
588835556
-976869506
-641632373
-1047538388
-1499582326
-1322026358
1448580081
-2131746753
288121684
-960196574
1964879990
-1169088688
-1803885779
-626747352
1172758107
1872222180
-677257183
227904738
364165579
904011235
-816474628
1223552968
483870750
-646361458
-1859707344
-1544224865
-1305086373
-499038544
2011560955
-293356602
-464815105
157550611
-1823750455
1147291855
817276412
403554869
-1949460778
-1807840688
819875332
-1542180292
1661278231
361891323
88539654
-1650487770
1943889754
-1080400916
1713184760
-6656188
-640803413
-2115428286
-564237865
1192325096
-1506726406
-1438367248
1949980139
-1560121251
-1671005958
81472212
-51339441
1369880343
1262631755
-1469065975
2028591792
155344939
1651620314
1766199673
-29486252
-63516672
-682372984
-793797707
412726366
1505566022
1954105097
2099582728
-844021168
-1450662361
-1814360050
-1790359352
427337936
132203709
873649830
-1338694672
760946862
-859318589
650411489
1145076203
-973278683
850332814
2016245430
1818518706
-1008691360
-75648195
1069092902
277986840
-522386624
741273135
96937376
942094436
-420802468
-1011346507
-1245392985
1549265952
-2136187832
-937221880
1938619057
-603164880
1768821530
1346894205
-1979643822
2027276581
-40997078
-260184842
1428676250
-701835053
-1923878632
2017591708
1982073274
-157417696
934384658
-2056872758
-1590176787
1598169886
-664567210
-1842698420
-401049708
-313302180
-511439370
-1109935928
-482357341
648611960
-193924646
1182291580
-1912722884
1471909113
617946891
354382121
-251387496
-1285370277
-215246290
-1470804402
-533291218
-1105347734
-296473267
1355632793
-1994560243
167121875
1176170973
248206234
1767831949
-299365129
1730148092
1373015737
1992438054
-807473150
2073855993
-2084359318
-430337377
1825899836
-1470638311
855325342
-1794580118
-1497997154
1509232792
562173308
-1161225650
-1542757464
-2132731410
-1380567728
1378127430
-496433039
1103528274
1653513923
-1600174167
-1963832833
970088835
-566100916
559816074
253181400
-646103611
992469990
-341763743
-1389120807
-1573447127
1182548995
-1597238550
-193435323
-477735918
-826790976
872588876
44513312
1327300339
1588748889
369813630
-438586434
-916403875
-1225948706
-1115914778
-31512170
-383930824
446728486
1266153282
924845403
-707004848
492968196
2054985931
-1756236979
-1797894637
-2010263368
-978260073
-1606593589
1360327576
1543404968
492099902
-652618707
-48925
347017808
-1084628544
842612944
-1325066649
1937741941
1133058982
-1434131343
1628826059
347771552
1466685030
1101072574
-642548495
1791656138
1772017419
510618666
-1010138829
-506037165
-460458219
1407369472
-128210193
-1795678407
1068445
-1834841669
1352923461
1082927749
1849378493
-1373641068
-585419233
-817717240
-1404744402
1286678619
-628362639
-928365753
-491328975
-1655489398
-688356671
54441395
2058583987
269305494
-516636695
-1195400675
-1089404757
-253494648
-28012517
-1660245144
-1987556410
1578077388
1670085670
-182906241
-2067919802
1778404169
-1978018569
811419529
2105427239
-1377094735
1369976161
-238298533
-2038240637
324606745
1144663072
983465518
-457167562
-272090421
703461915
-292088687
1287085253
-1910950309
1917702376
-881593440
-2047114373
461238008
1364028821
983948150
253829333
1647425539
-1889178715
-529838369
2080679455
1621606629
47893592
763118418
-1997956770
1230358557
73477680
1806457886
-391216528
-888247401
1193965743
563684578
-1183840655
1027582532
-1537277852
1356660545
-71838367
-744527130
1076193064
76986326
-84259325
-887546837
319929509
513865318
82836487
1668071933
977773335
-2884268
914773099
-819919848
1662221398
-295736231
1257591837
1131352540
1618666259
1408301683
-499260188
1156083556
713356385
-1623696610
1781476481
-788267050
-1543557769
-1062747455
-431019503
1237377276
76276148
-1806451093
300238261
342027283
1712557282
-1177791810
2049685108
-935989277
-159218242
972330539
261546591
58849295
-1252993864
964508255
-1972364043
-2069088850
2011837174
-671500036
-1158453303
-786080487
2095609246
919541644
1039538529
1820298502
-328013484
-1548323150
-15298975
-1525476651
-667327999
-1484988255
-1093449495
440049706
933888726
-1773335854
1877615162
-5978693
-647167344
2053570289
-2109312353
2059519850
-1306398723
1207230231
349131658
1479679381
1980644030
669727038
-388669444
1619736493
807732301
-204038671
-739141846
990729221
-120816319
1281322563
907887965
-1690402580
-96120111
-748153599
-1276831975
1225530109
1272770710
1077485354
-1911047551
-615162700
-1873044844
863102879
2071114489
-2698427
-1414814854
-928265706
-606715123
1117244584
-809024727
2691412
-1850503024
527962872
-707866254
-892857189
1140221704
59607293
-1644074717
151402592
1658731593
-689538041
-1804716220
1650837057
189815647
-616644867
-1999308130
-398143435
-127444559
-1635589452
-1701808260
-580742396
-1465763230
-2116149372
-439491659
1295256570
-447224838
-859519975
33591016
-486558249
238668869
1748385158
-625915127
1673765129
570097275
2123304095
1606244637
2120768284
383704992
955530375
1628495425
922114417
-196782803
1642540679
1344611568
-626336979
1736454640
-1641427167
-951374204
925136500
-1936192208
1325959268
-1873848067
1034863831
90499092
-1130330750
1770724608
-2143821046
-1866382012
1628314527
910567459
921810906
1457821392
-1344771093
1570264935
390870621
1767646801
1823249138
1578259973
102043498
1122491213
315357490
-1802836883
442271307
-940407841
1219926254
-1379202165
-192521039
-1447853161
1255361857
-2051817397
-941028889
-2038297442
1499823733
1729870687
-1127435958
2143307550
-616513643
-833844929
1472105465
-1287189792
882913600
1492260465
558152136
1772162869
-2121220673
1371552778
-649482887
1441707290
45777498
-398061453
-2091538387
-700854378
994507238
1319043184
-1356859369
1033047655
1952890018
-1825704866
-1553404301
986246877
-1613567676
-1936783940
-894910282
-249407740
-1009546418
-978286356
-1322333945
1116028680
706056869
1070362425
2114968045
-1374417707
1009791075
-1811462885
2063178056
2043839998
644001003
2131382458
-1779689851
999128031
806423358
-230517584
-633729011
995005956
-82375284
818330387
1866701822
978837196
476999438
1300376753
1919297564
1798895177
1797154578
627300509
-371718903
-2075521174
-214447785
-13406230
1993666740
-604562596
1124226970
-1416095306
1776571407
537380652
766842992
-284695702
1935222788
213331888
-1705195690
1292333375
-1749633623
1211658151
1412477446
-594169085
44344753
1366518815
1959237387
-1994940132
785388325
127370006
497244567
903103949
-188836524
1507328100
379821716
1414633143
-109873912
-176128809
660383480
333898403
-1491697414
2060290975
-749667491
-622733442
147797383
-1327998484
-1981694768
-202939228
922626978
346694869
1941090024
-2062942879
1428816652
-780752517
1031556890
94568371
-963363901
-297077906
-1793618613
-2070592684
884847287
711994703
1446246823
1987777784
1131001283
1670928309
-1981645904
1117921747
-2094406950
1642400340
-1674844519
-220457123
-43235712
-734616740
1452015317
-581764263
-425169540
355764510
-358693654
-1258520558
-471900725
-714776075
1591155082
-2059937560
1533913815
-88578461
217255651
-606743798
1835931881
1213149562
944995125
-226281852
283018203
-1268141188
-2036227931
1904849788
127925521
-1672729915
-528023983
1515970487
-1350150999
1360086761
-806838621
2091190370
1765442032
853072409
1180202730
1155390479
1375117080
-874136374
377793574
-1275907843
1247374375
289654679
-1349136094
1687972764
-705000141
884541286
2129293768
-254588593
-733481012
-900493366
78610352
414651251
-1362607176
-1927835736
934966265
1212251807
-1838886171
-798520292
1979923036
-1831618003
203031707
-788863587
1852389758
-955878407
-862263312
785714014
1062210692
-1299196824
-44490367
334627063
1498792428
700364460
-80152482
-8185276
-2027048037
-2009423547
860143174
367071629
415779889
-1918090550
1932658451
-804856857
2040614308
418019048
633234295
884662233
630418700
58988459
-2129620248
-1883082175
-970369093
1849630460
-1364827944
718650744
1632728464
564780138
-400121558
-1899465036
-1696924532
878920492
-1645084704
-1682045522
-1585960539
797676646
583309336
-1954151804
258650842
689891755
1717929528
195571167
-1145256313
1208968131
-813635224
-881506472
-1271256070
1728905645
-979630016
2145674775
-1350411963
-582655001
1859816642
-1051019331
-1564110251
675676140
893848458
-1326069373
-2058590909
1540327421
-205501885
-774979677
-32892950
-200176860
114293085
1764695798
-495985991
1219596661
-1329146628
1561726174
1254085833
1265711254
1170563379
1693919589
477912369
410719362
-619203215
1401579430
1753281945
-795453303
-524416197
-870938517
-854074867
721259674
862127131
1075190551
1043872275
-1785408828
597416664
632367302
-2075758850
-889159430
1683878886
-494670414
1567671172
-1226501354
1096319264
2060272856
1012441230
-844777184
1301818548
698722778
-111070385
-1501100593
-2033844387
898233639
-1611013993
1903133007
-1062079017
-1684851112
-1882449559
-1797774268
-756221552
761745629
135881930
1763376910
775762075
8666840
-1961905445
879661390
485677289
994188872
1420250410
-1832872535
1590895290
1929800810
-167839676
-1366604341
582073936
-1578822821
1751128718
-1209247057
-1675030298
-829280767
324926548
-34255588
-697547552
-1840142804
488666402
-677340558
-1657951934
-742387465
1276877394
240128422
-985197466
354577780
-75808026
-411800438
528039401
1067493767
1889694871
-297879215
2071086054
-1398206190
-578023890
-1388292014
1469763430
-2114385070
-1160035567
451318284
-567505898
363448968
-364921824
1326123370
1225516858
-1268395557
1471836609
1805815367
-1895151134
-1495894660
59609913
2066224179
-1512750502
-223954677
-2139943107
1828311415
-1356181274
-244633543
-681930296
-1766143402
221137838
982828461
1420364591
170609813
-1002271241
1871612971
1073812594
890183485
1604413075
-2004550157
-1203977004
1021340319
346978715
1062686311
-2034840404
914005145
1719601498
-82202129
1888086397
450415894
-1964418421
597278752
1732970308
1370973914
1000974279
1740919835
-1640783087
27334783
337532984
1172213555
1777812185
1995133370
-1241223790
-277225006
2044204682
-794373918
2025348420
2133147292
1161565790
1875707059
-1643198230
-782509100
-347786637
440092238
-518272508
1062479615
2130995099
1553543044
-1787378451
-279458106
738774385
-195587757
-1812728059
-2055731424
1904800172
835309232
1806447664
922708912
662049975
-1707892858
-21067900
-1120590741
766385024
650215422
280931133
1729835133
-1283831152
1610764289
-998339596
-1072956563
1909857883
433907450
1997556496
2025431166
249222361
-1838899232
1640068220
-1420591016
291601492
1251746163
2074565530
1220349160
1253481347
-1150949691
-262155401
-1240797309
-1235761448
1859537915
1546171967
-47583919
1717876502
1863525204
-1197215758
-1276826136
-604850907
338237034
1489305687
129484855
-301306071
838817720
-2000672719
2100279717
1040550608
1930848347
-542984784
-1788433543
-578647829
1145501212
1052714026
91695739
-1099248064
1434588590
110035722
-1323617060
1651500445
467950899
-1940400120
-2062859694
-278769872
1988207364
654274714
1568877191
-644517610
560424113
-1085319511
-1144746573
88702257
-844096954
665738376
1891935111
214786110
-765330992
1146254369
-38955956
-220721627
-1938297057
1583105392
179945548
1211744147
-988034100
-1385088971
1819384176
-739576635
805630845
-75504411
347796266
1451774375
694093927
1084629217
2058546325
-1683511523
-288334828
-1594942998
1480186073
-714883681
1248864358
1980970195
-1733637676
776058123
-185019173
466264951
1605279990
-1670640202
1182977041
1491002861
-1279997332
-1402163517
1457038732
959884026
-2087057792
575700408
-1472354377
1893385158
78112062
-1145808051
1569449512
1420435155
1000200283
-454780537
-820019160
-1235354070
-2095120558
70598405
-715603087
-1914774314
166597072
-632640614
467089209
352171926
907218002
-244354533
1378603887
-1951617843
496796427
-628262023
-1511987132
755836861
-2073510134
19777297
-224757268
1348012788
377555356
-1035772862
-671476571
1460637189
-1705784850
-1866776256
102587640
-349846917
734025975
-938177753
-1321279426
1736832011
-223236204
635493203
527755621
-1037543416
1412649716
540990958
-1862115852
1422049307
364782389
-1503289911
-2006325429
-961264590
-164564913
-1838104209
1672735791
-1414719560
-1463617231
-838138505
-1067704698
635567623
310163753
395675674
-1083989666
-1281486310
-56252536
2017442308
-1420752077
-302197369
-732181115
-294844306
-21510031
1019329195
1668568673
169068
1534370359
-1327391194
-284000820
-687305853
-1318752931
1470489481
-1219198841
229635454
-348248648
1654139214
927757129
1317473153
-914490980
-1612658680
-1485495322
-1481413538
-1297413727
-1833856805
1966172334
-1247100377
-987504470
1459191597
-1847164397
1079487747
1044506659
-1506455139
-2111278450
1176635205
-1267180407
1207713331
-344362814
-936454470
-758151633
-416860711
1670109152
-1684177086
1674852926
1331981066
2030582349
-2117268831
-183506948
368054216
969898626
1594726806
580761169
1850113747
-406122956
1892635181
1622504839
-1473035241
-1982083148
1403084625
-1756534447
-2099005339
-1533410921
-1016539739
377499406
131802214
-1667274599
-1637838445
-780909490
470916812
742301630
-2098175324
-1386810988
-194635319
1863912122
-1568991214
1389665629
1612665796
1899432594
757613211
-560673951
-1614897334
-212051838
900186007
417352728
-1423788478
1569499937
-1791336116
1509711999
1059589220
827525570
1093421185
-936520165
1540838636
-375360995
-1868381360
1241734974
-1878380662
742175791
493405504
-71914616
1098461339
-1156667298
-2122167150
-1788345168
1067825310
1345266655
385894619
1643148164
1078284000
-1056157860
-988555566
-683495122
1006334842
-1860615216
-1778850453
-1038915400
227155069
-840953419
1782421540
990219473
-1284484501
1393202785
1349319326
1008715216
1467064296
-1084701779
1501092206
-434357255
-268941136
-1446953513
-878193611
376717823
1206877131
1650684841
1149893869
1562223562
1238496511
2076218586
801609861
872914298
360497542
-534574413
1237505200
1589755562
622664705
-1687005451
457082618
-560513544
1066111916
757824761
868829468
51216581
1289089746
-149661415
-1261599088
-396567751
668768386
-1513977266
-1541648538
-1989751671
83835266
-1770728934
-1278081960
1226652540
-182436733
-1136128344
1137782812
612529962
-586865258
1002386225
2013340153
1117913095
244171998
1630003872
1262689693
1063148831
-1566368633
584814712
-1830144980
-923762270
190460406
-1778955275
1320098460
716801699
-724156863
-1994221199
1457164607
1657781532
-1539771935
1872756233
1123430561
-558080971
-1650016346
1567105408
402435987
-143700027
273703658
-1514493342
452982407
-2134709480
-1462627063
-1231144852
-842230753
104956914
978069008
-1350885077
863463167
-1451542060
614460595
1972556514
-1405382422
-1772458627
1702314372
1490026928
-2357492
-70669133
-647235230
-997588238
488461204
-1025108414
772281135
-1399325978
287399046
2032499269
-1951494971
-38354800
1001931726
713538211
1258820393
185506784
-1688816489
610217948
-879885823
-539737580
-1785515555
-1347152379
461465155
1171436635
353450560
-268220911
-331155409
-564009798
2094683419
-396837039
-740540290
-1524087501
1754422485
-1446329027
484007131
-918313693
-1443521930
1398969716
328603538
-866647829
1944356477
-1865680383
-2095561081
-37148717
1126843120
-353027105
-960715416
-1924244438
1114120883
-2007156289
-929390810
-782413391
-1570647523
-228219129
2044115616
-572772807
2139813064
1708898078
-1050501471
-329224055
1517309096
-280381210
-1306205940
1262150022
530824798
-1412929911
-1301146282
-638651507
242468558
-1792086664
1868811827
2058761251
556545518
552399537
1177650835
664187856
-1490599199
197793600
-1216698929
-2137159609
-1781314237
377143559
1806701343
238865610
1396891590
1605512128
-272692145
417252556
-668874755
-598342077
889598898
-1011481385
-1992075401
502800388
-759625386
384615855
-273997296
-687936800
1214595961
1121174968
-231551613
321770776
76593722
-1261216620
-1425750462
-422920291
-1633822061
-1914198768
-1102254711
-424799091
-1550855034
-1013259968
-469920592
1415528957
421984406
771718375
1704483264
-751330055
-1251936136
559763997
-1211123383
1117909192
-252707062
-144960469
1070557554
237846131
-50932860
1135543481
977719889
-1165135736
512195564
-370911445
-1338886275
-2029189349
-1740303665
389867079
1343514336
-1046544371
-1553939411
1519853594
-618921775
-1997504624
-1070258764
-272479204
-372462239
-1882325783
188898865
1899859858
-59387148
1881667448
679530563
-977775565
-834297325
-432048139
-1809367983
1809839374
2137033345
373481980
-933458499
-1990142550
-2142081653
-1138239030
706529113
129976174
-391110236
-820559288
1209778969
-452009661
-1860887760
-208890039
-874006262
-439014025
2131906208
-778426352
-348601981
1657721316
-580870210
-1948781036
-59128167
-1088645551
1559917129
-1348781050
-1855285033
-1949307625
-907726908
-730799854
-1669194962
-1020993017
1101846154
263543909
1420999210
1110545291
-1893669338
1976093935
-425549209
-1984849398
134429921
889604457
1569483330
1209401745
189708955
-1013863271
1343496914
-1771521617
583318750
8348116
-1045953511
-1591959649
1573767216
-1358039612
-1094506378
-1949202772
-542444888
-2003093
-1529083042
1034281681
-994384957
-592661145
-584073397
-786040417
2070838647
-826965129
1597378291
696434019
-759790968
-731663299
1402600893
-1665616249
1114951195
-2049645755
508910448
1240571704
403763336
7973702
1430609709
183604553
318326132
911344806
1400470943
-1861548458
-942221539
850561091
1071443568
673364524
-1765039369
1960090224
1122931966
1862246248
-1233644680
-1274035651
37896270
-1715978659
1946010416
-893734661
885093952
868873786
1292033307
2006367742
-1622065660
-511416212
-2061849030
2056313508
434478540
104183361
-1322435489
-456179050
1751302083
204109005
-490670519
1706257485
-197725636
257850129
1873203440
-756285992
2056779566
-102109608
700081696
153799131
-218016032
2080911588
1802299468
-1177610022
-1590122016
1464637130
-236257381
2014626487
16256569
-9239270
-1306860473
-765666183
-22135836
-914825406
-609138137
-231932338
1942416510
-1785928013
443609481
-607230510
-991589829
-936709948
-225316539
893810833
-1465427430
1554159319
1066077710
2146855626
-719219366
496387258
1699263243
-255324554
-1667029461
-2131605170
-2138939483
-592834936
1451817897
179424621
-1130848606
-763487627
-93378299
1589761289
695392882
-1933589003
838353925
-1666142576
-881483063
2085822731
-1425557842
836400279
-803260563
-1487516605
-387778498
-693533258
-1939772336
1388416314
-1317478049
-477358416
1001208545
-1873434781
1817022362
-257015081
18191518
2081455367
-42169335
-895861074
-466334995
559692941
1881811280
332828879
-220913620
-1733452293
-338146099
2058646799
874010118
-1500908356
916592398
-1459696161
587156744
-1254745693
1587879811
324814837
980093299
1725657391
-166316172
-2042784726
347976019
-1224699376
-1293227980
-665134170
1791842256
-200847382
-874504041
89248313
434612675
205139544
1547290016
1076366092
1552633740
1242529843
-1524753793
1401647992
-1233840094
-1192708333
-1708444743
249894965
938230123
-621238507
-1508644440
435198135
-1088785971
-228343074
-1896546778
-2033390380
-1510918396
-10906656
1609197957
-224304983
-790094283
1528230619
-109575487
826010302
-1543784125
-390806361
-1814563080
-21217176
-519625375
-1734394064
-126565350
1169247342
-1843992855
516815552
1509665500
1447357423
-1393742229
1855280003
-2016424975
1047270787
803003143
-982655160
1098212476
-103821665
-996028929
-1063847035
-602939969
-1132096707
20079495
1682290589
1719968792
1676940219
-1041292065
-564027548
1535113518
2007723267
-1051523165
-1360713246
-1967639193
-691650837
9948769
1158664278
-1214305123
-1747237665
535256684
-688647810
-226973168
131945661
-722723089
-1865685739
-1798817891
-2117998592
18855236
1193436061
712483888
-609971425
-816270714
-1299601826
1094385014
-794816713
-552794524
1098916781
-556928809
1996208615
348670776
-1650914447
938592163
-220811397
-1213055145
-1070635037
-1663929718
208134987
888340394
-1994127724
-1897113519
-1602430363
679991165
597847476
-1342972989
1884744809
821344662
-1846976112
-69546780
765537972
-177490295
-1378369956
1226783084
-1372099135
-1782250422
13019698
-850243469
-1944528693
1043819268
-2042207398
-948089496
-1905835083
-1486214360
-1159516469
301309511
-1426185426
326545607
107752178
1217444107
993699600
-1694390236
1754139313
708531296
-1002399991
-268941435
1529871530
-1661012068
-107096708
-956833207
-1339997508
750523888
317238441
-634185409
462044621
1586374874
940788234
-2113323980
2054943178
-667779619
1592855552
-1782992691
1361397227
723626868
219186606
585527959
-1763343045
1234624835
-975741659
1513488476
-1813519529
-138442864
-1678022719
865487544
1013713269
1342235120
692496594
-89688085
1167847335
99133765
-1102440835
1961791727
-686848415
54055143
-1216526108
1155361741
-1356663752
1154345760
-1131972731
-1078040789
1196190700
891478238
324036831
-1503147223
-1125458264
-819203933
-650233766
713286510
987172487
1903044799
-1141959064
-780654979
1553253722
-975712063
-301177114
466026060
-1919274072
-2110687701
1992745416
829228567
167754741
-28929948
1633786357
443797873
-1303728569
-614469646
-1473507728
2080477339
-299255835
-610702104
1235855799
1053697560
-98432158
-499152740
-1180216465
-1856274048
244876505
804845213
-1461323712
534270868
865226361
-1052032797
-418698242
712077202
1883031875
860420936
1240943113
-95982133
-2147172846
1546336823
229816309
-1971100814
-1124001061
1937719458
-283496852
-1755397195
1895153718
44865849
1670130771
-2053128687
-277404899
572985048
794294315
726445538
1962919666
-1260177344
1305531321
-1284608199
-1001073722
1239124745
-1762769431
-69030671
1571245271
635382231
-376660241
-1833141244
900967259
1170399691
1559173807
566417434
1324999035
765463356
978797919
-1216227998
272894369
1280590247
1184597609
526162853
-1169013258
103818979
1575024021
-631538024
-957967322
-34429544
523951719
1515374449
500406630
-2096011534
-1791715899
-978058308
90024631
-1356435568
-2123332131
-1121653394
577607019
1835407298
1859228741
-1441513414
654896104
-1786785036
-1923987869
-399110109
1518066347
1384086116
-553695218
1482061138
-1562588784
359403291
-1933494155
1653252393
1397902671
1572611866
-1644437185
1035317399
-1308086967
780630482
1975991283
735563693
-465010299
1239433177
-1243027046
-1024228751
-218485516
1798724059
-1325727581
-356636942
-1508493316
290550478
-996715259
-586283876
-1900425421
-946957975
-2010341718
-1287029555
1167256171
-941568810
395649547
859844775
1925308398
-1159980891
668778263
185610279
-181770230
-200516604
1931381337
994477686
-2049780529
-297121747
742413400
1636546431
-1734835690
-790453729
114606913
304218817
1517076933
846984080
1221780163
-1400602779
1723713618
485611297
-849588678
-1529649773
-974955131
-182692909
-1212589809
967514368
-1516284543
2112682937
1447352669
-238499637
-281143804
-827145745
-998803240
263764105
-723276819
200326090
-1008947222
-923302242
-581552898
-1069334192
-205926626
1789985742
324968931
1251090666
-1731085631
1977380883
1206195315
1602607703
3554502
-132173648
-864133579
-1323232028
-876474134
735859589
1937007396
2143208665
585436952
2036888485
-1028954954
-423054282
2032015373
-490810587
744651034
-595500385
-485185473
1536015926
1542304449
41382035
1979593979
-1908569226
-1989362656
-353891868
-115755060
-1527329406
-1368855629
1907950435
-120714205
1088522703
-93187004
1024106458
-1533148364
1394641082
713135468
-1528025026
-2031136227
-676785443
1281323098
-759299291
902807117
-481775709
-390241069
1115576181
1488333859
1093646622
-1216849287
1239828062
1861448661
1248909591
-1850697137
1846990985
1868636307
1347601254
-1049781124
535149201
-770015765
307413380
-1903530418
-1545845582
-1427204241
1334567774
-1191971710
485673407
-452981100
-1440749205
-1324184127
-1019387559
1207036636
930888704
-724772498
-1856069283
-212940745
992379874
-903240034
669514398
1338640294
-2141079523
-1938600089
1142336723
-573512159
2058728723
-1239481251
450332115
-1344561733
57716951
-1797338023
-789913601
323810563
64692411
1047346300
2024117246
-558833492
1179378727
135146611
-1134374481
-435086481
-1126971220
-793777412
629544027
807458863
-669729960
-1572030809
-1305762262
258929246
-1387644085
1927577313
-895916328
1004552351
483254666
-1402785490
979945896
1487531436
1941705234
-1924655435
1669217944
69073786
17443376
505873921
-1317963051
253383834
966836239
442789125
1447908465
-603123742
-1792948334
-1055295647
1959077202
528927308
-1624526748
-1910647581
728295789
1753103133
2087178572
-1626807217
121670708
1928750665
-1732004667
1288980066
2110396749
1995116821
1914313421
-723116780
1709032579
1836932350
-1584806915
-605455586
1739980033
-778785575
-486188583
-163592261
-444006468
1036400699
-142014359
222173873
-2096849615
-1449660134
-1072194296
-1978280814
-1177278896
39428020
-815120773
1199044415
-1889291081
-1441179473
995824196
-839449939
-1282194909
-1478053503
-1899732168
-1255974421
-197180637
1240094481
370351439
-660966301
-575948530
-905057634
627356347
-1795072161
-1623593162
2068465888
-2081046981
1768379343
1570789213
-831479956
-1893206352
504718409
861878631
1805972572
1824212976
782010192
1688480337
-402193362
1631528153
1782809048
410615393
-1620010516
41838249
269121033
222177951
-1359034995
117001613
-1567483325
-1120548477
1485673627
950433399
412146786
-1194871057
2141466901
-76752332
945845570
1241479006
-540439914
-1537857091
-321736571
-548413858
-518525514
-560325684
1327787155
364750907
-60281425
-1265074254
1506940642
1269660412
-892124093
-1109317273
-1702811530
1759281811
-1630303267
-37352734
1785095851
1825184847
-1103300618
1222971051
-590812110
2118927764
-2049577030
-1998813267
-1631699368
-1133526578
1339076330
-180991408
-499387762
1029712803
1879003395
-1262304569
1432332325
992175463
-375723360
1147051173
1301699160
-625533739
1025004828
1018351542
827870863
-1479125510
1191940219
2032674316
-893443358
1771581812
1036312458
1682214743
1301266651
1769497052
1751188036
171562362
1152006272
1785529472
-776457610
517113434
1500366735
397726037
-2110929242
157492984
-1950379765
-1908156885
1595711281
1160971201
1330039031
795095330
-1145388621
-2010041820
1918457953
981696092
-1609513302
-1845520539
1363164577
-964891405
1699216733
-1146681167
-987026206
-751096019
1029466618
702863473
1570714849
42777070
-1385299458
1110664418
-1381733388
1974994797
-1346450727
-357270555
-139269810
-1408970453
-1021198640
2017306643
-56652159
-1739950817
1803066405
-1724663020
-1764924093
2011363893
-1071840650
954476848
-1812949644
-144349191
1811120738
1256196646
-1459865761
-2004785777
-1381137550
-1043999940
-1515944384
1400984550
1336484917
371465879
997406469
899110701
1949071532
-1309600820
-939264168
-965934203
1454099176
683099574
-421832483
1656004855
-1952398863
1163008393
-307581768
-503956825
-1066233110
-517928153
1912050513
-1967002294
-766664590
-12950862
692470875
1561602261
936062028
1838886754
-1185819887
776984950
70254401
-270820457
-993135934
-805459001
907225924
-1077154255
-824049776
-2118197183
-324252713
-1580217057
-1673179276
-489332242
-1994725202
1511167286
-253685884
260707426
-1846616431
-2046239933
-597937800
1574276331
1901326982
-1738511773
-348508822
-2109822201
1203827502
1707168657
1031642076
-1121598443
539823215
-1680350593
-1286870017
-253077937
-841731757
-79131734
-1809860046
1170503416
-1195524049
-307484760
-1846834488
-670404655
1539753223
1405358020
392621326
472793041
1461943856
1123741644
-69449077
1615196948
-1016985801
88105256
258860681
-2001926637
221400577
-2003131602
1294782932
-1283700716
-1613384141
-1783954251
-1262168383
1752756452
895160019
-2095656216
-131292815
-403513916
-554582481
-1466965669
-352737194
-971691616
-152483843
-598409373
1558943990
2024510598
-811560509
-1431048543
674974959
-1231917483
1492814201
1838919392
1786088250
1496185012
1193546348
-1142476000
1282021811
-459180986
-875471772
-235547662
1597760216
1917668635
1557596425
-2002251002
1646736337
-1516299671
-1570389118
304907266
2053068463
-1128962693
-1300943266
-1636700524
1152716024
268725225
-1873458249
-388956726
868986467
1028149512
1026278292
-2033119072
-306516001
1306817188
-493572977
-1307508774
-1655204134
-560540436
167033527
-1634341612
-1103258434
1365367213
-746260297
1481600791
-480606529
-2114079037
-2046922953
801222509
1851717075
608591819
223239809
-205828809
2137699074
-1439574243
1780608616
-838461123
1874246623
1193679353
664959076
543096646
-1808460971
-800777217
-2035691519
1458745513
1985370790
-138902044
-1337447046
1130488867
362903217
-881972382
1391173281
1076444907
-1932933773
-1051628432
403907073
1970682627
-726358065
-1289947725
1383452741
255041233
-1884855407
1839436851
-1339508773
-844277266
1122148784
1244008530
399789780
-271262916
763432147
1194804217
-1112236275
892089405
-993864682
1359929363
-349335405
1592761763
-1874323955
-1572956866
-1938885053
-1048956638
-1202161656
348427199
-516276047
-916722547
-1518965352
-877553993
1385560907
-798731744
-413076398
776466068
2103015357
-817481190
-1836136494
-774095159
-1422046314
-978409073
-94744062
-1357389119
-809270230
-1779318149
1137040284
348663312
1712633018
1477320986
-1523334932
-446366741
1595753170
855128694
719761114
808206810
1846056178
-802910144
-1294324697
2052561323
317589360
-983511581
885256951
-1681131862
-1839346788
2037981910
-921510257
-336397810
-1027992284
1109945905
-1278709410
1383111349
271268282
-895021181
-1168754879
1264522259
63153907
1393914081
2121828354
-354004888
-732769678
2000461378
2140958241
-1214037455
1303676997
-403669494
-923355689
-777592608
-1873003634
-1291551004
-2142345129
1142668494
-1800258203
1132252884
1356674902
-1122214288
-422380035
1806921611
-1563648819
-650910519
94288901
1590279165
1258205949
161847071
638207568
590623537
-1136785229
623861233
-1484278857
1991744599
585102797
1707497255
1114125630
1644943391
1519989756
-502531701
1132881525
2026500935
-2080587830
439188343
60473376
1854951030
-1877391906
-1933152048
445780249
-845091000
1428791423
1148900402
-1571282571
317410985
1536239958
697036652
-1626938394
-1330366362
1185211255
-1896949970
1720506719
-1054633983
-2058436190
-677220863
-1646032131
-567734588
1403555013
1248731766
806960677
1369853720
1283468997
-955130718
33507049
-522340074
546268541
1401081545
914398383
-301259682
223158790
-1722278568
-1581607660
-1274789080
1860114488
-700083688
-1238636275
1997286040
471220849
1437716128
1441556559
-1125741483
-121021036
-665275892
-1272840463
-638814885
1854710100
-524163605
-284298930
1521329680
-436848462
1801373309
2069328432
1455871893
1335049924
1453464093
2078734122
1799783007
-1280752713
-1919464452
-117969084
-1367410171
1193057814
-1113186801
-1153646627
767423066
-627831733
160106058
-1488245811
-1940995650
-1820956058
1197189902
-2142926647
-609356623
-1259896803
418525919
1226270475
1143604904
229976851
-1131324583
1206030130
748049444
662071644
708741988
1369668198
745708031
389154880
-1066511194
987932863
-1220897272
1492843327
-344778695
2008709607
1857461458
978100053
1306837661
1607429117
-832620343
1389457023
-1472998672
-1672289092
678635141
2095245181
839459164
-855185188
125846114
-1095127592
473372880
-541366856
437599055
-13556186
1293441009
1109651760
324738790
359797388
377679187
2054104016
-273476931
1712059267
322347747
-1376325327
-244986117
2050830559
-1390408536
-1326210401
1681370669
-1146728691
489770666
-862889989
-796039590
799323292
1278004785
73544419
486195028
-430586882
-1731378638
925208591
550885969
168512910
-1636182266
-1820396803
553574073
-1861837355
258759005
-172128304
1924472896
-2065716216
689609841
2055167861
1011880503
1699884245
1226018686
-519452153
-1035756513
662867294
1989391984
-505253004
1966908287
-1016522107
152828382
-389339552
-1248076041
-1221470102
-644808137
1459378505
-161331564
-1203515855
18387514
-1583814165
654554468
1267386888
575509675
-82335003
1976143949
-825564825
-1648701117
1392879515
213419546
-1149947495
488078567
273564254
780778710
2095686780
1086331165
493129930
1903755357
9026948
1402558139
1836817007
-139540945
1505538821
305262560
-1263444557
-1171907961
524638129
1439935784
1827323639
-530855252
-28403618
-763164134
-1671641609
-434806650
-627338740
-1024447259
-73282186
-27016333
1855226918
-28105396
-973108967
-789671333
-105241848
1700308701
-1989343853
-908948735
748490433
602124904
-214563070
-1104244068
789541401
-121904465
-1140102760
1965044645
-1541206571
-2121838502
1093036157
-1616272142
-1075432391
-1679146707
-232853772
789097988
1895200973
-476703108
-764192836
-1717109604
-467134364
-2085343523
-725467464
541179795
518872409
1068543775
-1566750511
1081055979
1981383707
1060398715
1894123035
1149847840
1716446188
-1168358903
739529270
-328565308
-232759323
-1053817995
-1814571274
-205136566
-1813355459
-1690226958
-1334012602
1260396065
-152570934
1836475501
1888786505
221488900
-1068725818
865507334
-1595459903
79642256
1853084630
-1670718021
-439843148
1003986966
-1245411256
-511394714
-637409460
-419624526
1223941276
1646410729
379503871
-1196222564
-383033275
713564838
645856239
-2023063363
980107184
-373418443
1791130770
1148291205
-1247857787
1579127633
-1070066027
-1197917701
1014800428
1626337554
1949535741
-812990443
530885010
1364124513
1456299663
2125033289
-1376960724
1120809127
-1412378254
1829983331
-1067424709
-1967092025
2026064146
1763400857
-911132590
-865805490
1874454342
-1179292964
500859925
-1500503319
442560948
1493036656
-678244798
-2001982442
820680820
-712257858
-1585562379
-804816610
1540424435
-1009467288
-389626073
751760706
1202833177
1826183070
-1840809353
-287784652
-1639502162
1959750575
721410349
1894437576
2028334841
282501091
-196045701
-1935713301
1848391338
-1490279033
-590141691
750005459
-805751303
1326451528
-206433374
-2035186312
-963476210
366980548
-1233138588
-1029174718
340724899
-1962009250
-1931049515
1468846083
-1200270105
1172082001
711686787
-810175705
-898277723
-1690165241
2032427711
577203753
-1903924571
-510417749
954606752
680141640
1680036690
-1888413188
23068750
-1297068678
478043292
1971849828
-1291404164
1759988897
-65036769
-736684727
1055364918
1351090428
123431812
1058027937
-1330446628
-1129240097
-1116709081
461157836
2093700973
-1568900186
2043341562
127832221
-1373351927
362455271
-545877080
309927865
-511472464
-737043738
-423282179
942350116
1031514191
-1281608371
-220785020
-333828584
1149686525
-538935012
842287985
1771619609
2033619073
-1046574371
357773505
1017968965
398613271
727171100
-705380705
-1204838160
1821847155
-889014250
-2064467447
1910549872
-1725546746
-1721347152
1605470131
159829556
2001822079
-101554006
-182335189
1929228571
347596436
-660902892
-228841411
1165456386
1242492673
1637994496
-89918312
-1721033825
-606307376
-125499272
1279489969
1005790093
2040315611
317549490
-578870553
1056734119
-1160941681
1096245634
822803431
-1831369064
-825022478
1560122895
574614353
-1799230030
560532966
-534305847
-50015845
-1608950273
1770736814
1725556890
641304117
1381270165
-388947279
960526939
-1783618322
-2048864210
-2060220546
1108766345
1017335189
316208631
-1685475824
-1721439944
-513918493
1064372136
768927570
-1308317881
-726282856
-499993388
1779017957
-1912997932
1849689315
-1896537727
2090581023
638736626
1395221766
-1843317765
-2114987689
1668459417
-144813255
-443782171
53818207
-784321827
1941468623
-331245936
1380824913
679334499
71205783
1882190991
-443284338
1541029904
965158276
-1154571126
1673158915
465771778
-164245872
1833658194
-1041355346
1742481859
-1349341732
-231141066
-820011168
-1724315205
1957502747
-802997100
-284835900
61557223
-58049231
-260959822
175307423
1935515336
1339521814
6436814
-921781415
839945629
-1749850368
-117292173
-1228087621
601617619
-1617101887
896022029
-1111229191
-509859908
-1094966163
-2147032384
1469042675
1718129023
448550463
-2043392908
-2005059145
148706127
-1499700036
-663793356
1586605898
-1612803617
1617228825
1208235704
-1755837528
538338837
1139355097
613739584
-981922040
-353917699
885758906
-1090316894
-490336669
-597921024
-247771951
679949222
-2134862025
-1028073899
2138810611
1973517713
-1726870649
-482100042
-1400138153
-1035583489
1964145191
195962967
812045689
-932129547
-542230731
697022483
514242368
1499826486
1005451498
-1462829336
250974562
1436287701
-1805812590
-764453211
572167431
-1932460789
-255264808
-461022751
-593892436
139947338
1753864775
-1333423825
155139658
-1028758126
1948230413
-1307451505
581372599
1776437250
-379990271
-61126106
1966959435
60104625
237249254
881243953
2037331141
-1158466882
123131377
1882300471
708087408
-1214897755
520118408
122893182
350906497
430581716
2025255756
-1148610369
-287148861
1892569469
-1763976615
2074758428
-379091595
-1587430739
-509914932
744999505
812545650
-327341155
1142392965
1565388074
-922090350
49915464
97905197
2138689332
-717605040
-656819907
-1569599110
-662108233
1897283756
-1921733706
1745373617
59213794
1675229010
-1155541272
-1174106516
-899512760
-1672589572
245916
-1574087523
-1613091445
1704358676
-2037396738
-917561390
458424918
-706648164
-942109260
1944070074
-662489968
-1239788462
307899442
-373386777
-1006153779
-156246514
2103000396
-84802604
-1632829688
1143812719
-1582163956
-1704603350
-1023813745
-320493130
-1919968827
-887010754
-1772134594
-1583471887
511687015
551022302
-1729314321
-1406304677
-34767851
-1576826547
2120346160
-1564485118
2087526132
-61442677
-644943561
-352422742
566266438
1148491992
-1842996718
941120241
-146316874
1002818939
-53097438
-1614396749
-370194955
-1424177473
283328713
-1624885073
-2064770171
1662628158
-455747486
116524138
819555027
65016673
-1873917327
22898259
-531944053
-1322536410
2065966363
1494717479
91594023
910720548
1687637976
-1698850922
135059145
53333196
1611302246
1052865319
-2113509301
-1992465936
848754944
-1952173736
-384034157
1194003849
-451372337
2107589128
738233643
-1063657036
-1269452895
-1950627303
839481104
1799898365
1943777240
1360841041
872194249
-1988860704
-749297244
-836027776
-102110277
-71906164
281502324
1587646952
768473787
1411982314
2135987113
-1989788200
-94482459
764107484
-510058868
1006308761
35189675
-881212215
322864002
-1086217586
-1715537616
-387258279
2109761662
213077910
-335383594
-262928515
-1376642378
338496181
-408571371
-2126535759
1452668825
-782871310
1322439054
-2112781691
-1634602753
-1095484286
-78643105
778565209
-1268014942
-1578640091
279314360
-1019056281
-391274804
-626392369
-661406802
101816581
-1665200047
856412811
-259847089
-615151829
-288251968
-1247896164
492827638
682801203
1964594645
-1281146139
-9113889
229568224
-2050685647
-58473846
1057236989
299051170
1566915916
1189078998
-42031350
-1090505706
232454314
211823966
196594656
2140646355
197556812
487604071
-595285241
-906798749
-1291710871
204783748
2048663438
834749583
1799070301
1940272259
344303134
-193269025
-1619302431
-646630007
-1917692597
-728589472
1570043773
-1824893060
-977500371
1868124839
-1067211206
1354128800
1015023663
-934448362
-930479462
948807300
-561651930
699450717
-1233670964
-453774817
-816053595
440020291
-2064122341
-1278482891
-1675456625
1789845158
-1329646680
135263487
731731180
-261398848
-560787368
1871743498
-961427200
-1817913941
973548047
1785569630
-769213543
-575704026
294934045
2138057955
-100902488
622784921
1968564472
-1412830208
621303315
258106966
-1691435733
1275632005
636177353
567084577
-524077682
-1317825590
-1305367274
185695986
1087680183
1893294872
851694648
-1303511048
2036208560
2017772103
-689043151
-1104991007
1771604458
1718029735
1585615070
2100330840
101345392
-486523869
220535112
-168498993
-1003360673
-1586837853
2045777721
2126155390
1652583573
-1208737358
-1734743790
-215930454
997316263
1712368993
-1521954085
1279937066
-556273896
-1157349526
396502940
-1361090266
-365985080
-1400460393
-1919798294
-1755200990
726230954
-1820463516
-1341145660
-1783613382
385364666
442359267
1962356127
1957677998
-754001619
-145259297
776385726
-288922719
1057730793
1115720772
-2117729081
1671950365
-57768905
1740461757
1907977363
-471455654
-546329418
331264671
-387355067
1400596800
3762578
-1525791227
-280681827
563574825
-98310922
-1674372805
-1980301938
-360370710
1791466686
-492182689
-416757747
1409306131
1287725681
235076933
2083316523
628821622
716990062
-1389224293
697313381
1488327398
-854785436
1077561677
-587662533
-67772096
-61065465
1747093290
-370319362
-632483409
1196200192
-1127850553
-370988050
404930346
-1568773852
1105140899
781886084
781253697
-379603992
-892245621
284496907
-676376551
501535764
2140974912
-545369740
-1130790987
485450935
-889171370
737741163
-1136449674
-536662438
214224990
1403740837
-466818844
1379449720
-1454035641
-1943378053
706228398
-379568083
1270305537
-2093476164
1545787631
1144965420
515393378
-718197314
-746312782
-553982474
1074486349
-1346043978
1102645688
-831700408
-93733359
-410849719
2021996920
1700586196
1286734862
1802393442
-1626594714
-1560938188
-1310873699
1132661830
-1314686856
2068153115
-358841039
1663149540
52861925
275982541
63228857
1610369649
1438232879
555093712
-288883127
915519540
-497568412
-1936159005
-1857819656
1741531550
-1435037025
1433013295
818987531
-180164963
-641435435
-386050372
-291791790
-1276864719
-139723059
1384469030
-1519437870
-1922454722
-1654337680
-297217137
-758994012
534670244
1169418050
58845911
1249922076
-1768585076
1272882736
-1723069686
-1145758676
149633284
126761355
-613956070
-1803849462
1734492110
535896660
1557270477
-1820742640
1607199093
829971386
-1818739720
1735929572
1386829728
-77470240
-1708053523
-1608520232
-1207587414
-988104478
-633905359
136660115
1039004273
329147417
-102311054
1329131760
-1482376339
748346782
-1535303753
-615294938
2147284229
478365197
1825085145
999062056
472407069
-702241653
-1407697615
1022703437
469466355
-1443111159
1704160658
571264051
-2106438869
1639740105
-1710421639
834119649
-94525657
627814688
1239707779
1498087467
-1059887972
1533838462
-2068186338
949143642
-1233148319
-1609301589
820243587
-991039989
193962890
-333493933
-1309929501
200736855
-186963531
-1606204
-986876704
753771828
-1921814365
599314677
19726142
-1267236582
-82636022
-2139230519
-2034319910
1452635369
-1219215192
2134984597
-38454054
-384543223
1884257691
1176108767
-1191753947
999195858
-896105745
372408937
1521208085
1535509806
-1046211463
-856486547
-862613
1098186109
-602742814
1782225961
-2019697277
959233976
-1552238330
1395987357
264815048
1656340696
502581118
755343762
509102953
-612031880
-1908639365
-127362850
-679867828
-808275271
-1200861227
1876970982
646763074
1564771941
-508373149
825538404
1083721340
-1376022186
-632462452
-1723476118
-1897060290
-1954619112
-1881448930
1521299623
-202416942
1057578445
-201965474
749390823
-962208066
1954035025
-853046945
-1398894112
-1833169352
-334343010
1075266967
-384369366
358814938
-1476160656
1231223726
-2037749617
2067353745
1659663915
-684322151
56655237
726202843
395422204
-507902745
390432503
2123266353
885301055
-1945766565
1226419275
1703550913
1716577824
-1852147526
-1419093856
-446154913
709898628
-1209030428
-914075049
1871027645
1677796393
-1519856343
-2096019755
-1077518630
-799323125
-261987371
974900870
999752376
1599926281
-683427572
-343855836
-1010269615
-1783262264
1455961821
-1400352200
-905832501
-147171881
189770384
2110381537
-293380630
834636820
-700990654
1410149843
-677088571
331694669
-700109388
-814041438
-1322708548
-249921750
725422431
147074368
1498863785
-1149930679
-700765494
-1763228476
-1274139564
-197331286
55848736
-281541524
-1675071444
-1985873844
719824124
1085012453
542475572
1642972184
-621904249
724552649
-35797957
-1496038658
131121349
946139240
-263395504
233281885
-2111976405
-859992886
1952290419
1161611176
1881676404
-1295466508
-37450865
438776133
1497269684
920772202
-2047508057
-840225352
-1454740307
-1684446731
1693147984
-1482291200
1748715616
391549350
-408916897
497815617
-702707993
1713186330
1501180642
-1048337502
1816379265
-1487770114
-1313289389
1789808248
2059834350
-485378347
-1153991670
1272933540
-653208835
1431830008
-20925453
-1370362824
1567797346
-347394594
-1910622079
-437971360
-1810881075
677473181
-752238878
-1195212161
1445712183
-1569638224
-105814924
1556977560
-518986626
620457210
1615247990
1715421167
619969076
1368149259
-1706665726
-2083081489
-1857297485
-1121894239
265366843
-936216242
1386267764
1565846896
-1102055742
57872238
115412640
-605308379
1219274861
1987758598
1982936295
-1468596824
-1594580934
-130752255
136586641
1852137121
-1999508863
-1484274522
-174595374
-969201858
-763820951
137699576
-1353528223
1662357810
1133236636
539767647
2117299787
-1102557696
-968246978
-335980921
-57808637
-99299464
-294642150
-2042107769
-26261826
-965798782
-307386850
1176104774
-1322233347
-407110118
-893516535
598417177
-549011093
1135702170
-580174238
187377585
618450152
1010877759
1141674667
-1328190668
-1717272603
-1745334299
-1142256682
-1448442968
-1243783950
986774805
812834040
1366440600
-1999100268
-1104589759
-1667364548
-1745692943
1336795483
1258236493
-644610535
-2034965204
144466740
2056155217
2092715207
-327623247
1137443835
-141423971
2033782510
2113293690
-2107161772
-238941187
1284801184
718431479
1512470459
2114531645
-1084065399
-868871887
184474328
-862938897
-804800667
2118779697
-1882880233
-899107989
184269745
1499548066
-1769194888
-1417498858
670102181
822173877
1938223779
-618797849
966426976
-125772732
-1767459265
-1862203097
-2054807195
1290014778
1913069443
1896817783
1442037574
-332309711
185695244
356817175
-537145186
-101910692
-1424910863
-1607944092
-135228093
1627813286
-1423607276
-1417368414
-2081048644
1535133467
473092026
1291369211
-594738960
-1178863481
-752773794
-65723960
-74575072
1692140636
88430273
-466872562
384458775
1666604760
1306210373
1533455178
486395551
1524703335
1830040443
-1593928591
1061143351
-912985531
-393674502
-1306843855
86999042
2142708071
-1788040334
-2014317443
798101505
-296256613
-73254912
-1096812216
1657221508
-1291035923
-13021245
-749724017
828240861
416908109
-1190398290
1962972061
-1117193129
-1477134738
1484807071
-277586806
-90331546
199565808
487527856
1709369092
1414034207
-1347875904
1331651277
1286055761
2077522922
878665919
-724550777
-2116025964
-968172427
-22476383
-832679898
1026032462
1275742187
1271933463
1245987588
1118482727
-179946139
-1073631696
-1749830632
-842863378
1927319456
-54015492
1255862737
1068906462
2099721200
1085951858
-1907072219
132306211
1814793333
826539667
1801060072
2018447515
-1492672117
-72731698
1021863009
1411362272
-2085028218
-713647962
1621256473
693617542
-142596705
1413003921
1409232886
-995850591
321834792
59747363
39460233
-652490103
1455319047
1556747372
-367182429
-419677984
-1087667359
-1083354979
-1850479058
1609205204
1479160724
467307505
1098703673
1561797793
-1944945045
-1554845238
735041620
409747545
1453547660
1628069401
-1197702371
-442762009
-2043800523
554315779
74291995
249775185
-241004761
1637622465
1408502474
-1412062148
-1005491231
1158631623
585866742
-87359563
-154750447
36160807
7061836
-1345316563
-1117507001
1001078584
-523491539
176634053
-359044885
-377222030
1198417349
-680103220
1266818161
840768668
1446699612
219501189
848571082
925414440
-1364156949
-1044124371
748173853
-1875549987
910997234
1374789947
1504723127
-41216842
1728558216
-983955991
-1926621121
-251360502
1509158579
-1415393549
134975533
1865898988
1055500281
-1676826466
-282545284
-1283497516
1575136311
1570590715
225195421
61363582
108038320
490564460
-1056621905
1983562769
1154855272
1651566439
1303178989
-1222655100
-1275385934
285399929
443130215
1403062589
83981832
1668430734
1968985589
-285128966
-1580919526
-1768892049
1602290279
1044574708
1151045161
-279807349
471395073
2054281281
772796052
-799996423
-17182170
1864771705
1320837298
-111735107
1634987858
-1656893540
-524812829
-2003681719
439083341
1915965747
1996828129
1864590151
543494045
289897908
-95541413
1239034005
-1442042053
-14308566
-1209113148
-1085884272
-1936138614
1895846933
-99538841
-164900715
-1629975420
2006859918
1416777406
2130708677
1814306614
-1951490641
962602500
1087722503
-1952117394
-1791187151
-1416365047
-102106030
660987825
-1165899947
880839492
-1902731476
-1439347598
-1931521784
957518894
1518399085
-1742576767
1807169601
2043754445
-1473038008
1724611777
-1368560467
-200218738
1186267531
-668934626
-1085162866
-2117796264
1539383589
785861821
1389123040
-643213603
1073365993
1322646900
1059419069
-482446542
-1589200496
-256993157
-1142778367
1990724001
-762780668
-454736796
1916431665
1898384062
393856475
-1782977464
1690989720
-1327139657
-1547733727
-1820117694
1237822643
-816085008
-1246661030
-1010903263
580261838
-436522801
-1143389242
2097302616
742972654
-163071277
1616741606
1563561273
1615279345
-1303568149
-76891585
1528089186
-1318025740
-305426683
-1517002403
-1950655881
-1294184204
1486940388
-1990863590
1452101393
-134687305
-1052546506
1200254495
-1688902411
-57306900
-809651227
707307435
1269318536
-594216815
1338890925
1661226131
-1884078206
1490229908
-254915858
-568856439
354948322
1065681341
623416770
-266978912
685100065
338625738
511671122
-687358449
-1211220310
-191994917
-121715099
331512372
-17109368
112515088
34917689
-732683556
788211040
-279250576
-909988970
961075137
2035322530
-1067933940
-1460827617
910948947
712950011
-1132421789
-798193942
842607803
-1508545779
437225224
1647579987
-1483752164
1155798882
1572033409
-1514611955
-1399127781
1712438173
-399765390
967936121
247883169
415336178
769917179
339737146
649869023
-258890793
-1126183075
-771768823
-1755683694
584573179
-2008173341
-33495867
679003783
1883993463
-469451777
-1382841395
70296929
-1911925693
-1951170382
-1539737710
-233993318
1557906154
59773745
-1420215449
730571463
-579262591
2035343557
1738926747
13115679
1069629909
374392562
-1730298168
1871481661
-397851677
-583093029
-926834835
-1037709787
-956138100
-925139228
1094555322
1124365700
-1042116727
-464598887
149110699
-1909226949
1659328923
-1698289458
1297383768
1317512478
-122742777
27257862
1313745802
-1975459336
795894849
-2003494632
-1629009775
-1779114286
212143335
1282186255
-1768736684
1698194292
-1787430672
1828436818
-1916671832
316853548
505776677
-858375420
333102821
-147948851
-493276465
-1168977235
-1828452682
-1801095942
-1661324623
1152309529
-890111439
-1376135516
309374776
-1486468480
2081797927
1524480464
779852528
-545026842
1765127612
1491512477
647700538
1828492996
872322105
-876285307
422216508
-1687594008
1387547680
1440159202
-1230917864
-1145461607
-1894177664
-609841740
1128653407
709800702
-635374197
1516403617
-741069113
608131775
1247580517
926533180
958906396
-2116849940
1836213822
331748233
-125231500
-978474466
-1665749598
114124737
-1082990682
1307145435
1128709391
-1598526383
2104196092
954478142
1311787975
746038056
744176167
12573399
-1100561944
2020739634
-88054157
1495752143
1171645625
867955487
580077883
1220190288
1308783685
-1434643608
248418462
1024150307
-459370962
-984018798
1336418674
1266218650
176220602
-2095182668
1037140856
1824912559
1355497777
1446049591
2127977681
590092653
-1342342037
-2006473251
52605105
625681806
175665316
-193136124
-1465789103
-1044334747
-523482734
1951110698
-1232972502
1104406014
-1084493895
-1967134797
-1497747617
-1952650622
-878706691
1211795690
-1683346566
934509536
1491675257
-1406648507
-621398949
-1309359958
1781202574
-685434388
1301540460
1788607292
-1386896835
39089276
1735392537
-1829284830
-1906982215
720364039
-1172460673
28599995
288872503
-1062517665
-1928598429
743863321
-580606199
-89353325
234218853
1344430123
1153064938
364517818
1693743476
-85271266
-1448676965
-14014738
1140426372
-706123521
-593666130
1867219355
1892993662
2021065124
1418277537
1403918073
-2039635080
-666783028
1417696557
-1977110570
1826365221
-959815035
-2077953312
954772889
868158863
-1832353842
1831742441
-1297017982
1708395267
-37259396
10990130
-2139725770
598848843
220992353
1457890228
1338964858
1423147042
927657
2133538309
-1618985922
-1121329948
-1288359289
1826096949
-841463075
1767418245
-1337142767
-119986213
-414358621
-2013717821
-414174103
-195546518
1131429263
-1177315937
-545659364
1853096904
-1428711079
693709832
-369646898
1735649569
-1232651082
1240183001
1383599125
564090615
682941913
620664582
-1700631899
1341226365
-1141783747
889851921
-874062418
1585532453
-387441759
1340939714
-921199487
-1662269833
1212633684
1391627030
488779385
-375942108
-563420238
-1653079945
139050264
-1434032549
-319064594
-613046483
-541989776
114917466
75643409
-770174956
907781572
-395026105
1759697217
1703235983
-1632870290
-662596289
1613787718
-1291743044
900789506
692781999
1737911114
490105320
-439519565
-2062004509
1180048352
2091117637
-1406398731
702224604
-2023320761
863575258
-498862237
765084005
-2024538386
-981650246
-369381917
-854953624
1104180538
1502744184
-8927480
1037272957
-1455413113
1978365657
-1927675209
-572016189
514279021
-1851894581
810190604
172654835
-1442838716
686152854
-757111426
-420306767
-1369198103
-1129561519
1670696512
5497125
-623274047
482844566
38442474
-757969462
608914685
372441209
-119410344
-433451643
1196269855
-694760523
-773813294
-1745606663
224533437
1005779496
-391357587
-903754727
-1051917947
-1116679807
780523440
634186750
-1923603072
2022250039
-1180928391
1230389754
488311450
1057417404
1391694625
666243820
-1092282014
-968965646
1250698206
-949599787
1601105421
-2125184291
-1314266775
-157185877
1363411648
1726008218
-279919392
169667181
-1599718898
1089998224
-847118356
1075688055
1086393790
-56161052
1552798502
1830786327
807036370
1054688562
-1086200138
2120467807
-1802806332
-948509319
1695680829
-1963256772
317419026
-1961207979
-791447308
1516924103
1614604285
151684468
-1719592171
-903200294
1372684684
238196034
1224820089
1983299814
-473269289
-1715009561
1900805762
-1242571260
-1446527615
-316443022
1020974906
-354054839
-1999785083
1732992342
-1036401732
1813888350
463600181
-941118700
-31287854
-81336498
-1470426496
-318634439
-234684961
-1306310751
-2032162957
1566178955
-2006501889
405148842
2027300866
-1237344897
2076293996
1962755613
-196232953
-761132563
548059683
1545060836
1064682377
-1598541050
423104198
-1864302030
1967760193
-1214990715
901317316
183011543
-446023334
-447384028
506406582
-1094929450
-2068355208
-458059695
1905258252
2126890804
1557640956
-457723871
1517352680
1860648978
-1493389179
2058217604
-696578743
595248382
-703158343
1407946426
622751852
697911173
-1634533564
-1633499131
-1262167186
-925095156
-1578358496
-1390494048
174344758
-955677473
-352131305
157987311
1075812241
-1581528694
-1045655675
-1218619913
-221226595
1917221735
1884969570
599143951
-1910005653
-1172394376
-1837499776
-1885204777
-2117502240
-215517834
359663376
869684073
-777951781
-1934652375
-1257178774
-591179313
-689174116
753849082
-544881908
358591156
-1202394781
-1532530746
1339375587
-1090056099
-733157033
410494964
-1843656503
236028121
-341258583
-425277495
219179599
-1687720073
-1981473287
-1039619334
570983355
-1767206536
-698418184
809024130
-1013657004
433209861
1822946381
-64588874
1528933596
1502982498
-65746244
2063256726
-1942588579
-1930603676
-1912227195
-1979774620
-267290840
1016611104
1634256906
-1784490118
583786266
-2127986204
517802163
2101920088
-870249439
99381099
-1108867819
-765636612
-710327810
1613670731
656185681
1689152886
-418408373
275860402
1931802554
-1086464837
-221808704
-320185007
-2120764998
-1323115848
189147057
-1915049833
-1902515467
448543914
-1777782822
-607423454
-640738642
1773510572
-151350689
151703154
1849229162
-1149796975
-128966131
-235642657
-1615812398
-557630733
18053349
905969100
-104088611
263815820
-481013029
-445751779
-1550887634
-1902476860
-220245797
-1610628635
-981193286
779410058
-1167103988
-1347983260
1389749677
-688824730
401637719
1911165744
-597583474
817293007
-1664217814
583338161
1547052448
1606606521
-1649373320
1742621138
1665842059
-1345826446
-2118555644
1502998260
-665407940
1701876398
1014782687
-191111130
-1073768440
-780807200
-739599057
153902227
-230605033
692140746
-866424271
-934738629
1900338175
1094405463
-48601984
-764715291
1897113263
-661207384
-677099626
831061844
1340788110
-766826132
-2025935469
1896929720
1924479715
745907060
1981803837
1158438503
-2104374153
1269569158
-181906361
218522060
496165240
-600352144
-1149353514
1392836255
139354783
216468576
947053888
33744726
228829333
-1081966734
-869423850
-181937445
1619977362
-822107509
-1225231772
684142718
-952635577
618786660
1005030455
-349786324
-2132499971
-1028606231
641431390
209658849
-2007687682
1939168963
-1316737419
248212315
-74275277
-1306041293
528010783
2115101455
1738534670
-1468712927
-337165934
-467700384
-201062230
-1716107148
861123415
-1502956274
-837335249
-1627141468
739755602
-1387742228
1082903931
1614486412
1884150528
268746965
-14574082
1627768964
-1194007296
1963366624
-485468699
-181365329
-1015180076
524523474
-1867581830
-398715503
-1472603672
905479124
-729521974
531015139
1463025874
409112677
1802594183
-686234198
1547891162
538481809
-112223440
-1231357819
394613693
553971811
695088238
-1366676665
658871982
18077079
-150421311
-798241339
-790287459
-1565464685
1869182299
-265071120
1571646394
-9804136
-1910289333
-1268834267
-246877124
314530356
737038302
1840275651
-1299154338
729902843
208844865
-25683202
-796763223
1804237686
2096480107
-1094962958
485256824
-451878822
1738886969
1930748154
-2000431431
-1847248900
1533930970
2035565635
-1415650576
-1231615740
-1860662164
1963893403
-729729663
2032496736
304356327
1345564558
-1637171666
331085436
-1633088454
-296352589
454969309
390792111
-204269133
-1388352189
-761487714
1523492856
1986006179
-1069164822
-769814035
571320809
-1168617663
-1229063199
304109363
-1798958878
-987726386
2116426300
-1665068910
484155010
2001818874
-277590912
471432162
-1301288101
716546694
1234786168
542051829
1997740772
77863977
-889061048
1313930786
1891064499
-1343930184
636372418
1466762753
1493213419
1907599232
-1592329224
-1358309005
-1590862350
-848862730
-57687791
1262656228
1164711271
4412306
1666989152
-1223766061
1329402451
-2065325065
-636677966
2102827410
-457266531
-498421930
1529482982
-1542769078
498451907
1331960084
-1602978365
-111669694
638294727
272360619
-43676923
1266733408
1133828454
-290080563
-1996867143
-96114449
1636151951
1031712974
-1809882678
1592574370
-1036422125
-2116132798
1411749082
1252241880
1328262040
656534757
382598230
-772964319
-898890541
-1769708869
-184646460
196595200
1941264117
923117176
188541534
-1686377742
-924609178
1406380577
-655000860
1542706094
487298992
-1140865038
-1299472210
1535730095
1043524797
1165256578
-1417704704
1762291439
651504965
-977448668
383092641
-2037059084
1497858433
-1082698863
-1717509714
-698722801
-2031989212
157425603
-950183509
-1727425565
1189362827
1314488099
-1495299366
77844004
276894258
304695269
844485072
2088203936
1271008106
679588787
-1705473980
-1271251069
-184242872
1736965256
-1801344470
-1191551786
171983584
551117790
1743861760
-1356604856
1191803315
1083508748
1764026982
1163856177
-942747291
744696808
-1092678924
-1529263405
759157426
-759769933
444696135
-925254942
561791395
653320758
-1811969187
630685254
-2134393092
1205470504
2069449762
-379602402
1649511672
626735058
331002698
-1217038584
1248291639
-290284299
846144353
-772410209
-1721385481
1306323179
1684640543
1404055876
-249138046
1170848011
-650011903
1954982433
-1596759321
-512524975
125519892
920557419
-199752980
408541246
83413011
722479334
-2114334654
-613967619
1959936692
-755005778
-1201818630
37467079
-759073730
1144953395
112472887
1314839687
-1055662753
-560733307
1269650725
1449502656
-638608325
-1211965743
-764382167
1889097134
-1125891384
-264847830
-85758374
-1849709653
-1753072040
-1225229427
290449711
456949716
4760695
-765098209
1131191416
978180844
2145548534
246191544
-1497638766
1523438719
-1029062329
-1083550812
-175129643
1223920970
-453510901
1461190567
-937964719
-1858147366
892386281
26882625
1424155322
38862706
-940787551
-1084336844
461090720
-1808978639
1383612768
140087107
-1552602142
1904053108
2134510933
-635164613
-979383452
607588217
-1144258685
-560420554
-881372929
-1918865084
-757528871
823016734
1298431673
344517061
1232104319
330962288
-898820811
1906978618
-776987278
-1925458110
-559950228
2080592850
1756158034
-1810541434
405897117
-206542189
748171386
-754051696
1092284034
1402803836
1066523985
-1568180523
-2091391548
1471047661
1418908895
130965237
-873913169
-136139705
-743043933
549703930
-474757591
-810806321
-217320542
-1744445726
-1199367456
498422231
509802947
-1739145126
-1827573054
-108160225
-1807697830
1033376204
2085587378
-324295048
233607170
42762139
-748057736
-1861381206
-2061119569
-185441875
981721848
464903319
-248727294
565054249
689522854
446936223
-144247329
1222824577
-209271751
518486598
-1352838340
1514542514
921277854
1650073364
2002375995
-588792118
-767674065
-1349998148
2076866683
1600130218
-655426780
1205024384
-1593953109
-2046122995
-621556151
970004947
1779897439
-1326240568
311187953
1996622143
-899320282
1922563923
1253602089
99511944
1695402715
-538204537
-484281039
1532446994
186344763
-649709143
695348519
1144537471
-1892143432
-947662170
1010191621
-781921380
-1586866804
1755161760
-335701555
2125705853
28723216
1876915881
588794114
-650523930
932483405
934512333
-2029174438
1414039532
856713939
437983573
2136355504
-772194853
-195225655
1233795146
-21972673
-867573926
217931077
172058424
914489357
-1787993907
-1820742691
-861384909
1370330788
53767674
-581513602
-2578658
-48796153
546919918
-70765957
548985898
-1693175580
1808027937
-608822039
-235258211
-1282774267
1418429912
-362716887
1413920468
1740256268
1640263370
-227316539
-1876539766
1036538207
-1057847290
1390591104
1021631066
-2004548768
1446602259
-687796569
1027944322
-2102005279
1479973720
109700781
-2074750487
497937367
1858736062
1121793526
-1232505245
-1468764595
1662627475
217791986
92550450
845817498
210210481
1267990382
1545824463
-1317608490
136313055
-624047322
-1671547669
60861321
1349972086
1837877150
502856112
1437787557
1094918727
993427505
468072267
-141044810
1585339836
-627715734
1658037678
1383450455
682753084
1399637650
1980400786
1606732775
-778577196
41761929
-592025669
1923659645
463391251
-1616749095
1091961727
1495717656
-1905551308
420367367
558742920
1083025946
1348344194
715688492
-1362360872
-2099748617
-474754312
-1840251707
162249741
-1455484119
592980775
-1969450298
-1182718746
-843063193
-1307818660
719973364
1354904581
-646156011
-1936790783
1580568692
-1010618890
1535805949
655304515
401640862
-1538464145
1116579647
-440764171
529370134
660741849
1046139526
1910619827
1720824605
1612564750
88549500
1732133194
578809124
955003492
-304823937
-1181581225
1767596450
2013092586
-126291564
-2005359315
2113353766
351206641
1903301531
-2014658564
1310128303
-1466890034
525489092
-1104202962
1891900731
613390557
-1823986367
-845811436
-1670207331
-470179385
-1417375939
-400986175
-1948789101
-1488198904
-374743796
-1631553738
1794324759
320592811
-1775354461
483143103
-1929652491
-1208563880
693038665
-913308005
-1930944611
-1329272944
1910082702
1770485474
1583401018
859938102
-51672196
1914148003
-648288765
2015172176
1461143564
-1985412020
547281360
-1637575665
-1839107877
-240592818
-264576785
1545243916
-1266633443
-1882896640
2114019128
-1397215276
687140561
1369791172
-1876281762
1105594790
1512717366
-123142040
-952648057
1263654266
791657597
-600762418
-1530317793
-2073839803
1339089855
-1497011506
-2100973847
703948667
-363095504
1734913626
-1302923690
458363605
-464741739
-758582814
701286170
-1863454124
884917235
838672634
687234555
1555095428
-334409080
342260538
-972465173
-207656699
-1694223361
1649878629
1997166425
-1285412025
1405676254
1150107341
102543043
400781716
75085122
2074348021
1734635663
1379361619
55569102
546516856
645819419
-628932214
487441889
1718492200
1967112210
-555976540
-1935733754
1142158201
-1095796223
-1855944076
-348698192
-56446176
1161960233
1280513145
1231787302
1166437623
461903510
-870353309
1462832316
1663548195
1610456176
-1594893099
1502118979
2143998583
1354450576
-1134316436
-332196414
-580724965
-1616086442
806078720
1800571237
1496536936
-1796631623
-554527447
-946616139
827592982
-2145309282
-472152571
1454428425
-1496750951
-857924754
-1756612809
2096814396
623254215
-1524307998
-1877021902
1517592223
550592701
1674112288
1334690742
-1307570895
425074179
2025740811
-358973798
992065293
-1144059666
-1348093738
1454291660
1464848163
1154817350
-1206203686
-1299379818
-1721132246
529291559
705023402
661344290
-1360031531
-1564154836
588479843
-996983489
-1780247996
1675953353
-1225103289
-93464731
-973341251
867338232
1200187277
1420519158
1053525147
-1319600361
216289650
-2037825338
-1625621115
-831490032
-1894696813
1279997149
1406248419
1638175674
290049150
-1709791877
295405198
1592925822
1252634501
-692483492
-1555763258
-1024815299
-1475619370
-926424004
1253916776
466292849
1970684360
2048812188
-1558025120
-1373571183
60076407
-1048490554
-228985252
-315371846
1287131538
-1208299761
-271363903
-1210854261
-36058766
811356
794483170
-88730032
-1468058513
335210470
161736559
-529168287
1665850479
1991612737
732140843
383959244
902711743
-1940654951
20794081
1338128433
1644723237
2082948927
1113402776
-1967966995
1344954677
52463203
-1028919291
-721959813
-2130977821
-1038909149
-1228229056
-1804048618
1037119833
-731074876
1438449850
-1679535711
-1683362037
1501502782
-1391340946
-931567157
-15753721
-656129027
-1178827177
-988979090
1625020305
-775962906
564201505
1671663160
-1234006290
1632974231
-102865885
1433499276
-1149852544
1333719795
-954342773
-1964108630
-322169325
1266151645
-1227087398
1084643084
1578918005
290741314
100983955
1683189011
-1723406773
749720925
-1450080722
643156707
1668313122
935915573
-731559085
-259913846
-486401596
-1279936150
-1851653820
-1168443033
-1776729908
-824884431
-1084055398
-1901677367
116344956
-832668003
-1703876813
-1258139434
2094614222
120382751
1264983402
502437549
-1444090168
-722487728
2146859657
-1758593329
-1202107372
1172884973
-1020666757
-1027694406
609690575
-122399199
-1539586363
-2074019626
-1719791967
828561930
-1459102537
1869523093
25731085
2009300086
-712553762
-218983212
409153289
710170348
1094112188
1937114759
50729937
-1540668173
-1132170310
-118705770
2102750967
-1333158002
383701085
2099234305
1951255998
-1594774267
-923801928
-1974046903
510017449
180144362
-248533727
-1392744942
-2121944754
-744650662
-91055065
334329860
-1921867665
694771331
1759728323
-1810421261
-1870561974
1832486247
328583628
2073024575
1941392687
615198431
836094640
945092988
1356554835
436421089
-1736860320
-1244108972
558644452
-444979195
933044620
-2069966420
1427695965
-617058492
-2126985456
-827342843
-2011074534
-2099952637
-548726355
-591805148
-1944704465
1253312335
-1503472645
2027145461
-212398220
-1683061398
465743262
-420574036
-550415900
206409862
-1003005768
-157823699
1292556839
2125071312
-2058657122
-1923154
-1896842900
-47418705
1695280077
1952392345
771023996
1090652237
1347185438
927272118
-1524904948
-981378218
596045881
-1147900791
1131259474
-31311362
-765879993
640707064
-125436454
-849890743
2088316907
2065649713
-776513127
1506531974
1073488242
1785001418
-872607166
963714587
-681556408
1083892009
967092440
114627208
1893805229
331075365
119370371
-2124605275
-2082743639
-1546747923
1911991719
-2066395602
-1017627843
-613028312
1694585907
1681822593
698329818
338383965
1443643190
2135992741
-1421125866
-1891064683
-1173983305
2112990350
-1884527203
777016895
-2068016955
959737246
337319525
-1270239662
-1625028916
-2105314705
-1361488603
2111235512
1266098218
934714319
-2146931193
136106474
1720400641
841857291
-1158096484
367653847
-1023216562
-269841552
-1156164593
822415626
982234170
1816722958
757183389
2036972299
-730387536
-1835231809
177025604
-1615107836
-1393125585
1676041575
-521724230
-509737049
1447484128
843502204
-41277280
1613570895
-897987606
-586967608
92912631
280563813
-763741435
1731257453
1715740626
1485026820
-89287603
-2054480598
-76854195
-2085822752
-798021544
1175246300
-1896830019
1075328099
-1831964022
-242072250
894384936
85280792
-1380257625
-173865708
1886567927
1781813068
106782633
2122805276
-600704790
1496872178
721908179
1885282535
-1942149045
1522722247
236999173
1698845808
1136731494
-111150410
-754612142
114308395
236121911
-44948099
-214101041
-1893182904
884902501
-1693678705
1255067053
141412152
93285487
1091124028
1768450442
1456920431
-1311250908
-1916401906
1817224963
-1875639700
-627031720
-831286410
140740749
956683254
582845908
-796224856
-996498555
-756484953
-1688528498
-2042385726
-2109612668
-1634451794
-1065242599
505258547
-1322636552
1964825295
1691958622
2054123098
691086064
1425058222
-1249190004
364513389
-527598538
1597472077
-201132980
491269276
884852642
-28317997
-1566388935
333997941
1811413933
1042586767
1584707471
1953502602
2077074756
-1083982789
569133857
1165769040
413258206
1601269124
250098832
936332105
97191632
-1266439991
1875504825
-50763675
-1861428769
-538106333
1674256239
-420838747
-356909290
1148827813
-1728083094
1491367938
-1886855206
874420708
-1175595650
155005836
1999769403
996501945
1821932815
-675332907
76623756
-366942651
1081331652
7952783
1853234485
-1268342731
-144915846
-1934350989
1021145798
616116038
-1368398469
231654500
-1843086768
1023585035
2111760367
1177686740
-331358224
-1212716051
-707371375
1838938214
1278917035
1232427123
-1049837146
502972629
-878004095
-34323772
447665707
-1221943533
1969362620
90184297
-613616051
-1738162507
704059272
2038298198
145747230
5867405
-1228461112
-930530518
569596293
-1361447016
1749487654
247882165
-1666265995
-1621739750
-202491796
-73588293
1469453920
-541078777
-602072046
870581495
1519155182
-959968859
2118334487
86222434
-540169750
-1536314002
-92087788
-1120394828
-208998276
-1559305670
-1856108403
-350521558
-798380643
2077329565
14228618
151775114
338962118
293038989
-1137385371
-1309832092
2145677802
249050184
-1993652250
737587353
-331563609
-2071533452
1756829068
631942433
-1616942921
-774496633
-1725955795
1746882056
638360748
717263976
-1467337791
-1497037895
139616220
-328070058
-1008653191
-1448450946
1322734233
-142175223
-891067626
-944258490
506956709
534026774
-392873095
-85469015
594429924
-1074236009
79109749
89052969
431907155
-652327926
-263992340
-485405765
-784940744
938557817
-1581696487
-1484738171
-1865465445
-1671037221
-1354787287
1789634535
-34754060
1032264378
-907593199
-452192833
1407841061
2059558933
-1217418341
282967273
1411604138
-1951502457
-459867968
-1202978300
296283406
1411339944
2048001341
1431170171
1704513440
-1629308494
121871712
1878237891
980644198
1004696423
-1865326046
-1705449759
-269937838
1358352178
-1416437126
-358328529
1298692019
1973404044
1732802031
196310878
-215461650
1936638625
491564143
-1735408194
248276845
627126066
-951294113
-439787332
-1788695850
2047169468
-1371607053
-761790292
662938240
-45972006
-73883970
-227849783
-2128285406
423555047
-1018697588
-761283975
1415831501
-396102937
1437983855
1335736788
1215898651
-1758707033
989896471
-1661171097
-1687792216
-243982302
-449392793
-1650776780
1493223105
1857967653
-2084454332
2000503037
-201018277
1767562294
396592047
-2124740159
957808967
-800177230
-201538795
481709190
1867182242
-1598991563
-911294235
19929945
421827473
2084205629
-1658626205
-1115279981
862445102
1563219729
193872059
-1588625315
1066375101
1857777887
-560507815
-117179531
-1916364254
-1843709916
2073060727
1314070065
2029065367
-699251888
1935441655
1892284612
-168114791
-913855063
-1555482510
336131519
-2122686429
-663591314
-1836629872
1171142619
453611550
432229952
888191129
1461817333
1337217559
-1169602883
-6212276
-851751079
-69627342
2035554414
1607235823
-930121150
1140999774
499471074
-1786889561
251338401
-1697417271
-1047753958
-1279357175
-1851141347
-2087522410
624860199
-348404240
740663899
335379149
-1236414958
894685584
1214506622
816380307
2053310203
811895499
-1614423823
-1139036774
-139040124
1424713411
321641059
-983204902
1732774767
1114796463
1755756307
1990137216
-658533499
1959895794
71461709
-1853998042
1791231417
1260969577
-1894110157
-1620208315
-1274347891
-1956104444
480098496
1049215207
-210692427
-327072104
636237578
-1127438432
2120436729
934653682
-1767300666
1238053822
922457183
472127534
-638318063
-1392973377
78708616
1341538378
292827501
-1784146941
1839073882
1437069301
1609908233
708081090
2036730079
-1962415955
-182281404
-1875789505
334285420
-1206837240
-1799151500
1331039549
-1281238011
1724636240
-240171038
-278092366
928189695
-129268139
-271059943
1042486202
-930080281
-690535297
-917212832
-1354782514
1004773794
-812076254
-53319293
670980405
1975765205
-1743958506
-1339371559
-801844806
-60870778
-1305714811
-326432381
-1061833570
697376003
1056737286
1792136689
1366700496
-1617820158
661730283
-223102038
-1837601189
1420284169
941199830
-30212789
61894431
7044368
313515666
288578256
-1052738877
376442468
-97445345
850535186
499459817
275834317
-1743619570
649025936
-1959230301
1139533299
-1666503409
1700590705
-277405658
778963709
255738824
-1846184247
988334013
1059018874
-595995929
569076507
-1451602432
92619140
-1577213318
-2143845858
1328855877
323022626
1540161149
-928818748
-175005099
721488110
-894141260
139145335
1416858722
-801840137
-1847211077
326174885
77901880
1535720424
-476520613
-1990197122
1227712691
773118569
1906511390
-1513692676
-872997264
-358756156
1558836260
1608331043
1883740359
398862284
1184968503
-216650102
1709959672
-1317459462
-39892963
-413549543
564751011
-639587368
-1442357970
-1343036909
-302090115
-1933838687
-951426523
-320831914
-2119963583
1500002601
-1185150662
-1305184287
-1160021277
1115988730
-1289442961
686966935
111572491
-468021825
-352668118
-1666851006
-1933336639
2094291174
-2088526845
351804889
1544160612
-497820800
-184215841
-216631291
564270560
1583583338
1378702653
1947694561
2147313439
-255074126
1021934799
1004412673
-1551835457
440938546
1497850956
865767862
-237227514
-1364356991
785946244
-1540994417
-1857752814
-519094772
-1311116620
-614539231
1702531412
-624211073
-1379631589
881473291
349973311
1747722089
1747008205
-1560579532
-1221599429
821143582
-2050811962
65020758
893851104
1256155615
1395084865
1687257024
-878047392
-694498504
1810743370
-29516457
-165120445
-2047392855
-1839190894
309918685
-1647056550
209997960
-1609020542
-964108683
1103409389
1510691877
1900161426
154876262
-61336778
1223279406
-1241951526
-248956897
1838873619
-233421739
-1240161304
-1819435142
1602939894
-731535825
1688064980
1453887556
1157784095
1183764319
242158482
977169917
-809159155
-2118447885
2084707975
-2057835045
-931883983
-681417971
1629632606
105222676
192516580
520733638
1273631771
1766397277
997231771
24334414
1250300015
-1351906643
-74528679
-852555689
-783108786
439301446
-1373699740
-428045389
-312115522
-835166987
197715259
-2141924805
118948082
1593352855
-350050618
410844659
-1878869609
-1944282913
743121359
-1963873429
-2044583316
-550263465
-1791082063
2081186919
837671192
-117019228
410820430
985340098
2026434615
714102029
1270516294
524009870
1688714677
567594558
-19271324
1028428416
-1893418401
-1223588536
-541729188
350444939
910902967
1062905323
-864192333
-1199239990
1032415495
-1229012456
-3685378
-1098885470
-357115720
-639361872
778603854
-1059254233
254864099
770268306
1117928426
1359200702
-1796197336
-1989153836
-774407874
506946052
1081471934
56002383
614130708
-885695762
1606196171
252625504
-1943387391
502152497
624429814
-606043411
1598417441
109823460
2041006905
-535119450
-634632186
-2028004766
423815675
1935727245
-41103891
94133877
636501341
-533145161
-1782274254
-1535702864
-640472364
-856313773
-1310002171
629446939
1763525367
-212423189
-665224354
-1123969515
814892697
83106282
1069156397
1643049846
623339802
1159063901
-1083185706
1136412659
-912006150
-954626819
1001926620
1838511302
1048489902
-1621615763
810739931
2079368078
-409045578
1808686015
53611707
-77349261
-1872883729
-304319428
-959770078
1318504077
1770596645
-2020916892
-1938125014
916106374
204067564
421632307
-768543404
-1824354435
1077486767
1202978469
-1634035525
311920173
1557280777
-1224898180
-1553697140
492656206
27792979
1350108736
291663541
-853492165
-864785539
-1415736697
1970463964
1957573844
-1038216671
-275629706
-230228846
-1202043995
-139211563
-1176480633
-369761080
1047715655
-1136082752
1608823948
-843782527
600007174
260408687
775673587
1769286345
42667203
-1701192215
-1973048502
-406623259
98578972
124284672
1134669061
-1219164725
645427145
1703347945
684479871
-495904300
-630154680
323176975
-1642911170
-1340360273
-1372242244
864344355
1860496251
718556568
56024850
1164133495
987211488
2014816714
-1859957659
-1193844596
1737929363
-1981184206
-594558045
-229322775
-2105093005
1471173476
932556912
-1097738706
49224096
1625918418
-1646380470
-1114584984
-1118232000
569120826
62324717
1499442853
1791223168
1817270368
386704632
-684201269
108016089
1224005885
-1630661168
1911617701
-1816236652
1678107639
1306895811
5675838
-16163953
-1281007663
572746608
-769389710
685893697
1916645988
122060647
1617624001
-288603398
-26633521
420020492
1934001510
-539048081
1176123051
1324156352
338121383
-1297646730
284927619
-943270335
990354030
-54188787
2048591234
602086993
-1565867751
-672318304
-641226642
426635925
-1376406899
1273511819
567597013
-1985359680
866797969
-2052970788
-1895794299
349437424
1604409432
553977438
-1785307840
1619388247
1984177759
1647318994
212803760
-1086756578
297760633
-84035969
-35332456
-1852825723
-1518899161
2012155629
-968417972
-514054578
-2065372371
1136428780
-1275416478
1298852443
-59108255
926294491
1233748394
972616085
-155886394
1141859622
1202812250
1455406352
979835864
417759504
2143346061
1190996332
715092521
-879836750
-561893138
-1813646978
-1979760340
279088194
-1314916176
-185911506
-1551872944
1021406360
-1434113599
1834301090
1064687440
-232589586
-783459010
842237851
1707627977
-1494253081
1805360168
-792358625
1669595148
693894354
-1251626408
-1702620328
855335221
1406559791
1210924208
186575804
-264490372
-1453021583
-1090591085
743470957
-1331292214
-1095773435
-836531562
228210657
-111668849
-1034805870
-604624265
1091870149
1445115858
830337922
-1743982003
481697310
-1225092471
-1569123903
-166544639
-820775503
1304896298
1691259077
-443432964
1507933861
-1893698687
-1547227955
-1496875999
1368865894
-1353302588
1525108332
1906631165
318505419
-952565276
707172168
1990026045
-1830103686
-1697735643
1485633311
-199591072
1158936715
2090938608
-1004696309
110145965
-106974357
-1007648281
1303894278
126764646
1241173250
-537198534
1931215279
1089142588
-388968424
-267046856
952578637
-1614559482
983220980
1956327976
2099860756
375657645
963589446
-1053719462
252030375
-672510613
707446854
1116164728
-303818786
1536398900
-791243492
-367139295
2106650312
-1553020813
10753410
2126384311
-117055501
301825529
-550735193
-1854044552
1710632682
-683317198
1696292438
717476555
-992137986
-951884135
1582029399
970911196
1377167689
349507693
-622882283
-1850879126
-1083220753
-1136351836
4172416
-17835297
991991719
1525586720
-293589964
1445281952
-2060144519
892810784
-628266022
1490972838
-406946103
1685711609
303895758
-98769331
-1935646829
-1425837308
-1043154430
-532564628
-709588233
-2017276454
-1834872543
1714622629
1038532088
-1788042818
2004302839
-1104977667
462961792
2089791322
-506477553
-67517778
-625774681
751848622
-2123027299
-1929053381
-278617036
1248598853
1261715102
731856069
-1648251549
-779719255
-1032162499
1895451293
-2029883416
-1546579944
209002616
1521537818
-964126413
-1104385929
-1360770045
372445867
-669710602
504701318
-1282586516
653399087
-647126301
1231344980
1230471295
378413699
1419687610
156134133
-1746922261
-1249755300
959380610
1121327987
-403230683
1028951
575532822
646992385
1027880076
-875951282
1652039394
-428745866
561785037
-682289427
1921355502
506403065
1919420040
-454312828
2127715868
2018454008
665767731
2053092894
-1854783315
1660109149
103910206
1404013521
-1201435127
-626943485
1124439928
-1185849513
-88152385
577158758
33285296
-970564387
-1272138039
1452742554
426380703
1408492827
1119492117
-39454850
1892968197
763151524
-591734464
1613140529
-395940335
1277561982
-352408412
-1990288701
-568772347
565731317
-1283734636
1410955055
-516043238
646433707
1240553958
-18464887
-535067488
1448704500
858322353
249166963
1672533097
-1006643104
-2069536937
462608597
900151143
-1709505896
1778030021
-1043318068
-361692780
2012513901
989479673
-423692318
932336401
692770094
-694913852
-1671948160
444893330
-531499463
-301687344
-98312544
-1581920776
-814461228
-1092672795
-1264974906
-1927497921
-843607235
1494480999
-210542032
15860633
1918317823
-1405152221
466648396
-1717506341
996598406
-303581366
-379871895
1713419544
627370997
1960563900
818180785
-1678758773
-271736521
1692735370
425620310
1477876153
-767689388
-1108783690
311060748
-249880105
-540724475
-631227588
-2027494986
1628864360
-672534903
-1356523179
-1932888221
723049770
-673095495
1112163834
-247061637
-27788494
-1077713062
-1543903322
-165867211
-902299050
1080583858
332826976
1384293196
713271754
1280485469
50000632
1078370545
558797581
164516704
-286735984
572702210
910622725
-1282387586
145327198
-379850116
-404076696
-254954038
-1520541265
-1461889746
610380638
-884311939
1052149806
-1810272849
1677948516
1383570441
-2105216923
190460306
1221493363
1269174125
-1926090108
-856219433
49581665
-1177230901
-481332127
510408100
2095711622
284597047
1331409856
-389833932
-1346888287
703778513
840757459
-1267769330
-726110467
1936079381
-1711080189
-120612998
850356943
-394984079
555872753
-697000400
1672303586
1613232663
-307325769
-2014022062
1836293493
906412308
-1899550350
1193635485
1234621539
-584155231
-487097596
855607514
1400075908
-213556039
-678487274
-1064741991
-225551277
94436331
-70443429
910961441
375363792
-1442948751
2035603740
-1726540382
789640103
1518891904
-1466736657
-1181307220
463954322
-740672287
-738864951
-541338140
-1952375045
2020562111
-1135826889
-95283980
-158838556
-2133893181
-2085050648
-1983778621
429150219
-538091939
-12448914
1946851814
-797834680
-1326082972
1241719877
12693589
-1393695174
-2074487326
1272675859
-845214111
1606464802
-829076184
-1187958223
973459173
1835646734
1092488743
-1516627606
-1587871045
-888117959
-1232336126
-526457087
-2079471246
2065192625
727858654
107376632
758890813
-1649773766
-1503650820
104309391
1645740589
1361999986
-217143798
849670666
-1746265950
1070587189
949856693
320617143
551400191
-2081783998
727386242
-1061002705
-1103956324
1004668702
1364662238
-1187891237
1256894464
1890657848
1617325683
-1523951174
1812517455
-139717811
2112008892
2142118240
-969213439
2042882317
1418804955
-2499263
2069358292
1867434751
-735072854
-722806225
805839107
1899164833
-1651268337
-1660944095
-1841873480
-309258542
-817073773
-65008331
-17795394
-387143820
512378677
-1772184073
557877626
-1281947827
-509060
768190947
249696539
940352045
-1988932405
-950201048
-770125808
4287830
-1453716744
-1982697298
2104728762
667707415
668316958
1375675738
-848042653
-306707782
-1959337806
-1965846640
680853357
1689751455
-1483932204
1194446585
521975246
702554792
742477031
-2114236795
-1262368069
50692824
-1913448093
-1591719757
97280163
-1530785226
-262386199
1131203599
-1155563938
-1623535625
1088599447
579011580
735716006
-299968293
669744797
-1825912397
-1557030203
-428602922
1246482960
1511702923
-1660022640
565750003
243963134
316639354
-1223851117
-1677969291
-1739282751
-37112357
-853499507
-267397057
1623601304
1762899313
876098078
-2079270539
21027443
217890219
699468222
-2020186014
-911214323
447112745
1989654513
-168464229
1066993984
-1370054018
-2118359880
-526639259
-362279788
395846967
-568159926
968403027
-263415016
-1999671524
64991236
880095283
653639285
1283133109
-1154037859
1078788650
-641209793
1824117775
-1276209763
916288286
-1257658994
-1575355200
1623385103
-1227417773
-398935603
2103483431
-5699979
-52810152
-1568474415
-1255619592
1990898171
-262969052
-663028691
-1339150089
-1986419472
1637641851
-1429059645
940539907
-904801935
-1560952426
-2140673634
1653616469
1483145062
304475906
-1147968257
1629679625
611719602
14951368
8480437
-66516002
1478597286
1748144845
-101136207
-2366663
633588661
1177504891
-265045287
237094767
-2108109714
-1524077407
-203283172
-740313789
-1194486618
1881850519
-1020815674
674083757
285238772
588273574
1756911380
-1997808931
2094162017
1954969510
996043531
-1592637570
-680448416
-1780932633
-1083661179
1257668159
1778056187
-120850348
-1189933428
-310049906
1007562063
-2052637995
-803648790
1041640358
167348282
1025584373
-1634159360
-1250859316
1415103826
-1053618235
561077718
1174572500
-650855400
-1485657601
-877513357
-1082592534
1417518701
-1518874515
445511023
1900034702
-936839356
510103691
1763418310
-172015392
-626761576
-1103830677
-201413394
206147357
1609114784
767622872
-633329622
997467497
-1651753407
1896075966
1667461408
-649683762
-1075221308
-1073278776
-1336519767
-2033326716
-1388359992
453306443
377855720
690365810
-2038581126
329609314
-413366115
-1218086156
-1008289534
1197748825
335966651
-1691768865
-1196031168
1943631438
-1968185289
-316217151
470396343
1798911509
16564770
406223980
-377324087
672389724
473386489
-1203265611
-524209628
-511498737
471602235
931004793
860455036
-22023171
-1101195716
1458893536
-1817527686
-1203524933
2017392185
-1706108955
307842547
-769488184
777032875
1504484373
-1281125283
1039809266
-1586581792
-182374506
-773872258
1778530039
290083526
1936805994
-2036915867
620889198
1623342089
1815094261
139535774
596333031
-187928991
-280140612
669639072
-2137758639
-995188444
-1573771153
-1821737334
-545163620
-1491513310
1087734313
-464826866
-713953378
-324893263
1476560117
-1623886675
-846163398
979022342
1771924116
2063106852
-160166977
1476862918
-1001528708
-2034519259
-812678003
439547356
2043727140
330939210
1804146430
-1577023860
-627841154
-934187450
1497780354
414370760
1180838597
-1742431907
-1344462581
-1534650174
-1861229448
-626928107
-476455764
1022175426
-1954428251
-1511177426
-1439616132
-155942087
-715485078
1793546446
1144996800
1789103381
374259384
2135968768
1621305928
-1688347818
1205261658
1878635871
2102965529
-1346069792
1022621749
903835406
258481228
2119508371
104574161
-1994662422
-492968651
565640344
-526160873
-885319165
2017153990
267128829
-976417700
1387506247
-1007546827
-1180001404
1898006430
713213823
1988351709
-409847625
1041621516
-1235920257
663322721
-1939200448
-305056565
-1400493671
-1569554410
-676825994
1832198391
-1093867182
-2147433822
258402107
-1401442585
1342252120
328902368
1172545796
-1894785611
604974770
-1257815289
-637998280
-1037998340
-294873031
566712330
-321343554
-1191544093
-1774398906
1199544128
1997371345
1189263450
2100165804
1494163015
1686897686
-341121629
-903803416
-734573274
1757270511
1365323028
-634402153
-1268229455
-249683439
361095706
1825980456
-1164424399
1955091539
1935217281
-1171474735
-1740624573
535801033
-275159055
1870286534
922075392
-1406806511
-1265558085
238533800
-187306658
-1395215124
-673837355
-1893934789
-766072875
1815437584
-2047991773
-1656031140
1851601477
37705531
-883324168
-1739506895
-1545612522
-1221052277
-359085093
-1645784671
1730702241
1750182668
1809594765
-1458675962
-2109763378
-392679534
560433226
-753994207
1314785789
-1602813751
-1953252017
-1631166386
-306390487
-1196273782
1828607644
254059512
-1543882934
1004040303
320645883
-236978610
768349179
-266350935
894879296
108643382
-1189142691
1957738512
893208017
2063326850
-682926278
-172534149
-1583220376
177558881
1375062124
-1282708911
-862761961
28286743
-1295484544
-1744790944
-172574324
-1635932688
-190743659
852192493
1870582678
-6243983
-999150198
269762059
1920834535
-745611567
-553140904
1678952240
1054619163
-1238813529
160912315
1092750340
890058232
94920164
1399772695
-731529092
-1268838921
-1880086526
1507156634
-1525187545
-1805098493
-591732611
708111005
1294159559
-1113570688
-887091838
-1135046833
740330019
-904883314
1895923174
1562485908
-651373285
1093739662
-1809521575
1808760362
-1845699588
1172192228
242184666
-1894487283
651637269
-1018848514
203170669
-1242266851
1365457034
-372162923
1528608524
1762732797
2021596775
1070030643
828406746
-573672899
1793936888
-1899268620
-1816432226
65908666
-153429161
2011449744
1138453358
705364036
-1438267323
-1620621416
677390762
2082573186
-1050463939
-513167873
168206124
1393865490
-242042938
1247561947
1126618557
997887988
-1972519415
511625325
1321674186
-1765383641
1482049442
-903613602
-1451313834
2058868372
-439184454
1687173451
193753650
-773961941
-1740651435
-2083493501
-131662996
-78816949
-1305008408
-2122411505
-178442747
563256935
1470558766
1262963442
1898334437
-3007770
777555259
1046606257
-1900291053
-1175857335
1588310992
-279799531
1917253408
400220050
1559170033
-1217089234
1938639588
-810003228
-1456209739
1278847899
836907628
1782805862
1392834140
-520675319
1332401970
-1352286611
-1790825562
-2016135943
-1895570290
-953643814
-304423838
-652324667
-771064211
1541136319
576551236
-968272156
-1724813504
-250339000
917702907
-681577108
10928438
1530993112
1409746563
-1695758632
-211994964
991850866
1813926071
-2119349237
1989170660
-1453300902
1316290345
-1259601260
1557199861
-804943877
1101279286
812587827
-2108445950
568383755
-1307696044
-876768100
2048460718
-1266854932
1742748333
844414586
-1877198386
380558933
257925873
-1685821258
1866081376
-583380687
-663824280
1900561144
-46159684
825806279
176634438
-707186579
-71538423
2138620186
-1304210110
-233204789
1142603250
794900882
-364137880
1202444177
-1873489000
419590875
-1405010130
-2001553773
1789534665
-2025276404
-597843258
422512821
1161278322
-1963647988
1160975538
-1025042442
-1047989934
2136037425
763005084
-117456464
-1352801296
147538217
-512212121
2083514397
1279205582
-771921379
292302209
939194397
1380374239
-1956008430
-133925254
-991459531
-1626755531
-2020857965
1545493978
1467174363
-754880770
-298615155
1233794350
-942276112
-1719229519
1232449657
-1169887388
1337513357
545630851
-630802753
-571813544
555785729
686746144
371765081
-1924393042
-517675238
2091457943
725838775
759539169
-1443989853
667413397
-441742878
-1953688932
-1776548818
-1338491691
-2084602908
1799398728
341059859
-2076768810
-2113724058
-1425991450
-1195914056
-1140951089
1690883993
1684289566
-749170414
291556576
-1870584999
-1444108650
1661666154
130491273
827873680
-1096520825
-1289448092
-880927393
-1956910632
-1103294066
-47078852
1738618108
869740388
-1217302593
900727891
-510591177
892464159
-1852674048
-258015510
1324338068
-426192363
-1427544429
1081966636
-1964812290
-497369326
-1255158028
341573489
806456243
2003537544
-922385948
-399017024
-1984336513
-836262475
642496709
1512529558
1453902124
-1132356091
1591505448
792741605
1071790136
-1804226124
1350241188
-1867906977
-2117172792
-1758146889
55846121
1552362227
1695516124
-768379940
959455252
-1557047657
582625220
258391087
-941829309
674535240
-1038095405
-507757408
612908908
-1683892914
1806187601
1216321506
1192190058
1543462340
-809203275
-1574245227
283208280
-812419241
1242151443
-817004122
206112802
-1388511410
-1171481645
990270710
-604868776
231363273
-28946525
-1505333191
1486773573
-2030106547
379641262
-672585696
-1050717888
1434271103
1117481485
-470898246
-1161848767
852458799
-1959216002
1778874903
671350199
-1659076200
-639496365
-1385837522
1218983319
1323194085
-1005364820
-1749823232
1617908664
1921688055
-297432856
-715364868
-1959533475
-927854747
1421761880
608552357
206076435
-889639228
-550183371
1844715122
1425196221
-1548927449
-1883989804
1157903348
1670940141
752593385
-48685289
709652030
-824773004
-1426373463
-249661146
-1980433536
1915908412
2057468821
949648991
-2101483531
-23759020
-826930453
1967016330
1001672703
-1263312564
154138301
-92390319
755372175
-338406974
1414974452
372393454
1370855882
836058428
1496935830
812081445
-1612331031
1384127288
851702347
-1208582795
1854924384
1242403970
-1090103780
436488074
133448002
-2115845436
-359791490
-53443339
-1573394205
-55388829
-2143322481
-1988954338
1235782590
-1588220024
-349331042
-678495880
206146201
1327616892
1941983729
417746679
1792781030
346631992
508857793
877056703
-624751764
-677536196
-73651063
1322647581
71647014
597374111
-2103193985
-1149729350
-1949060501
719562599
1170849890
-918333427
699711054
1492608538
-682043530
-2033780975
-878703033
279853460
