-456971101
1032974941
531048717
-549802107
798030795
-1654410067
689318824
807419021
1817767590
184139830
-932126244
-1873525570
443111960
-2092505682
-839740839
-278856127
1434101143
1569748662
-1188445317
1122545726
-138478611
-778264241
1741644714
985382250
758498364
-1197044084
-146959356
28066788
-556849342
-404146039
-491390663
-1738840511
-2115230498
-349361253
21083831
-429288987
1988885971
1674880712
1710454790
-348891500
1816131018
1487196025
-554292108
1189192520
-1073040995
-1153307538
1499027700
-2145289148
1809888722
-314582031
1664492610
537689704
-1210857115
789002574
1641447755
-1122581561
759906505
1642259841
2017074124
-311165578
1648850225
462481201
300608313
-2117937498
-1647383541
-1611868707
952995807
1470297333
1804071628
1274627156
1488445004
440019456
1265218290
1743838826
-1957020434
-907892164
1604059718
996093416
-1867597831
1569021190
1850569570
-640927036
-303370354
213948920
-1547998606
528841361
1830831129
858580861
572537406
532792120
612885754
2014744231
-973632153
788870376
-332487321
1142691903
1162452976
1233473355
-2054243440
747570973
1823608064
-727931399
-521941501
209019834
752825573
1465968689
-1310198959
165670147
731086684
1751461830
-1620146190
-583925137
-603849201
-1864512682
-1589903771
-1003119789
-940297378
-1762003006
-741864037
-1650008204
-1245773471
-2053423911
210362773
-1870121763
48825645
-707174058
-1857801653
1179178739
-1329274281
-2109920756
1807836367
1557482182
-748272971
596334687
936254130
524960937
-327119253
-694379530
-314387546
1853346564
388669477
-648647762
-506231452
-957619608
661846433
94632401
140922320
-1911001373
627326064
-2087864441
-1407147174
-459606379
-19797252
-629073012
-1905481818
-1645215357
1514255820
-1933467614
1328447598
926339754
264624390
1779903561
1736170151
-1806264745
-1495183819
123558958
799407074
1578607029
181851724
987389152
2072577525
1507366823
1833967595
142298953
1108955354
1437632215
-1973776928
679437915
-1588461866
-145992433
1955291631
-705022839
-600428835
568789959
83185622
472439928
-808947404
-710813186
-1934246773
-1591928586
-739089832
-1988501683
-2055197241
1560039466
948998174
-1905847240
-1879921209
-1505745395
460655899
386982855
-370792623
273236504
1685411397
-247838123
-929432076
1366047807
1589538522
-841970265
1254778516
2074862877
-453749120
1873076799
1773487141
1993563503
105921965
545952242
-704017226
-1093291834
-1337779128
370702264
-1292272975
-981473416
1750634128
-1008343870
-697823648
98943959
-948954052
-1777843502
-1917934669
1505795749
-534688284
-451409978
-620781504
-1468328250
1484862623
-1437020556
-331907702
-1139046345
-104445972
671721661
-247614587
1156218431
682737109
1285553884
-97826983
-1462659869
-562839215
-1862234113
-1400569242
-1438483042
-1255003414
-957388776
926127496
-1287840943
-1280335969
656989940
1187261595
1325853048
587938314
-1423772533
-350210495
932520606
-1368448571
-1365795174
2106811362
634280466
-922307318
502127471
-35445260
350190811
821766297
1369480707
-273995652
-601133592
-658521634
-1323309235
577147859
1478209931
1759842130
1922670804
-1496967763
-208937944
1849475873
1037896838
1869542999
1492170793
-2003954676
677699016
708820543
-1359521996
397723792
-859746354
-168087623
-949517664
-435990457
425512235
-285042433
-2082980060
-1184723057
-1624572757
-1596669318
-780380207
-13614743
-2122627232
966196543
-1757928382
-1954081886
-635098118
-1388177957
-695140847
-1582702281
836105052
-1889194157
-736487028
-755126539
682400363
1494010469
369735079
982797920
1086981416
-1535345388
1390204725
-553399595
-397881600
-162652573
1704919890
-1587215118
-210678686
1265724000
483306788
-921296843
406032786
1907581539
1127107266
-2038192413
574263996
1294265751
-765639309
1845856298
1351135564
2083290553
-2062337765
218846345
-71349636
914799648
1569404657
430267503
2084051758
-180976900
-2091647115
-47278814
-1842311941
446998242
-1516935263
1756719074
-306954101
-416000889
-752198306
1795149645
284518694
-6748469
737296185
-152475899
-1416180341
1669814521
-1783399594
-1549774449
-782990848
757741901
-1777030748
-1993336706
2142613418
-799391818
-372206255
-1323832624
-968688354
-601019172
1788668288
-2036605545
1751280695
-967846557
1216509241
-883485989
-525156055
-704840335
-1277085023
-1131484482
-1999780138
1887955053
1917435242
-1692032287
519701600
1805230346
-856144756
-1660090362
-1698056193
2108439939
458621748
1241521655
-215078125
-868244441
1504664829
1616175525
828617596
351769624
-1282557603
-131757677
-1920207319
730527311
1293326945
-1256003468
-787398929
-295126302
2126047900
1482151443
1632043419
1467401865
-309545380
-180370830
-9906102
-1584155554
-1336359905
-552544458
-346385673
1456238563
-126566331
641485633
-241095596
2059594569
1710616582
690867360
1547024350
1758688751
1660919717
1753031848
1850776875
-1436911832
703578085
-61638053
1180480646
1196724545
-1196202308
-654846193
-869852995
1856991425
538322758
-1987260079
-581320136
-599667726
-1013287684
1413710342
-1264828595
-322611552
479757861
1759913939
-1583931949
-1265258976
-45848180
-69264194
1993071092
-928808557
-1391246478
453444117
-1896061369
1513847404
1124263366
-657504626
1140498718
842311983
-1966721133
-1140036945
90786587
1729264250
1795956665
2029365103
-1535290615
132282440
71165663
-114959587
-1419277592
-1822532748
-1553120089
-289152895
-788784567
-463523460
-1409709020
1219933248
2091794908
976657032
-151606392
757861508
1632388167
1766810538
14152481
-620869924
256935992
-825818779
-276047994
1408290912
-279296067
-591024525
-732617971
-1215796200
-609132334
-2056047934
276908671
582417309
-505537733
1002608320
-371009266
32026113
-57215084
70207192
-822990969
1937422572
-1881941082
942304059
-1444556093
1854013446
1844916219
1168078819
-1053317789
1330269852
1391641268
887306452
-903747397
-2040723587
1247249305
-86974812
-101953266
-362254555
-325292687
923586365
2090793212
2001663005
-405131117
-1617084702
-433774537
-1757931103
-704744772
-276507281
223388029
-739055486
-11356125
638313444
-1849011262
-1986786738
-1319089718
1948839459
-703935829
-717753683
956017943
-1790866184
-398841277
376683277
399999139
-58135462
395117032
1703253121
-1817718192
953248240
1654612614
-167775258
1809597088
-100984874
-1783716857
2075712583
478710084
92350368
-1733980662
-260510846
779628275
793018782
-873080878
310119723
1457754237
-1462629279
1400189824
1217394607
-1844871393
4679806
790845572
1455085500
-2074996200
1356932241
371310929
672583136
-1428914820
241806724
930943056
2117411440
-1218248121
-1703903471
-1980542954
1311134635
-1428337739
1520785541
-555646248
359817758
1002098127
992704965
-533318370
1075773257
197392713
-1837814634
-722597962
2056749698
1745508491
-294117864
108684523
1227147289
1721559565
-519091053
-356395786
-1461625156
1601653735
-479752843
2104272309
-1510430947
-16806744
-1700794469
522705306
1858456017
-1588611739
1788313039
-1112305179
1431414651
-1278910187
1534469521
1127311381
-1493358807
-2027752164
-350829030
1501194907
655853309
489901861
-1051415651
1720430801
318149391
-90571724
899611343
1955838505
-819927406
495406330
-1185361751
437914793
58235700
-1113007253
632625772
-1067596138
-229176629
237262221
2032757221
513742703
309364525
-1728863853
545475058
-472722403
1600203870
14069546
-1637886140
1149147751
-818794256
-1518302703
1769840998
460273579
-432449369
1105887727
-1688397827
417482442
1688890715
-1341031584
1965295696
-405325468
-1941118430
1695465040
-1929580790
2076917829
-280623955
1707005324
1517494846
-714684642
755654898
-1405201514
-791078996
1641707383
1854880523
-1834118984
1138117442
-1038813468
-251706531
-2060863909
940476901
-740699018
-54269699
1023060888
1219273840
-1974118028
1743187534
786085647
2125909756
-1253035701
1021715438
-818550281
1756573794
-1327424318
2085449170
1452058743
-997759491
-89512847
-1106676049
-687480013
2061893556
1754398323
-374884965
-1611475416
524892215
-1094608038
1759422964
365912252
-1045795449
1656295011
1476620672
-1704506608
68820412
382616810
-356508459
-1032188775
2119461890
-409255649
-1028626949
-1715738642
816476644
-1693922310
2009115983
-458461214
1314447564
167629420
1501913257
1185401301
-236406838
1502274006
729755841
-1558625977
1421808020
971798462
-1633503026
-2146762579
567103181
1345722559
-960463761
934806407
849551498
371417793
483680207
1401066930
-96979183
-1716810134
-2045641213
-33360902
-1713661725
516363220
-1258978891
1762058739
-418191876
815687296
1408689159
-1198241528
-720106664
-682361719
720876977
982398164
-702010695
-1945430756
-1486760340
-1128480592
-118572377
-118492633
1299168914
-705836404
526656184
1578989904
-176341243
736984834
-1845536751
-1853394904
-859186352
-1267527000
74333740
1859110816
-1140579827
-1005634395
-1951346726
1331735227
-1719163003
1760511622
-221293429
-494123899
-810711395
421578066
