487453470
-1210653164
2027659846
-1174523968
2103465030
295793380
-421239020
1897409696
192403196
339683630
-981233776
1023617528
1533595786
1818739369
1343126998
-360253093
1754475034
-1290311416
884538750
-2112541976
2122765948
1632825963
6502655
690118881
-778870747
579793176
1585914194
1753794682
716428154
-347370902
2107780053
-1269249037
-1109882545
-1407039223
-1763538318
-902147608
-240872023
-1549640101
-1699921408
-86893081
348970699
-1238694087
-1123761432
230958659
-2086461328
1236994021
1395517451
-1876626649
-399024300
-1750633668
-1855225885
-1078371603
488542457
1453011239
176604136
998584240
-426411097
-547096489
-849518028
1360966175
-1952247117
1177071408
-183239319
1598414228
961401604
1257269253
-250198318
-425991836
-1456741422
-283087738
-1862527288
-1572316296
1791885233
218827894
2147297110
1495214108
1493264846
-1710218336
-1173138144
229825302
-1595575433
-1905554677
746949248
636302842
-2053810720
-2032342676
311671025
42479548
-269523933
-2028497189
1201570992
290939271
1527699848
933267402
816547488
-2080707380
-878852090
699102002
-1580119955
-1399705955
-25629943
652716046
1059348212
1419105338
-1569234314
490751500
-294566174
-999938836
1304730091
-2036675198
-2052790374
1301517585
-2124750773
769276574
-1551900580
-72026504
-921603207
1142693857
-1689320541
687856110
882443362
-293047346
1126540493
2047669784
-1578240191
-714865186
-591619071
-1334073469
-1132993506
60870326
-169663412
-1547379207
293739415
1109823387
480049165
-474019050
321991650
1858172197
1591431059
1180296730
-2099912175
1934340402
1819584004
858921215
851288984
25313309
-1646696320
-2130040114
-760873972
306466096
1229058949
1547123501
16730925
251652694
-2064350572
-152739011
-495419610
688262933
1846015508
-838807646
1226647314
-1884613958
569545591
-2066880542
14920130
1119360469
209855387
-1089726733
824288445
772083431
-573762702
-886830834
892909447
73035354
847411940
1151038153
-1423032538
506760624
-1627836941
1477817700
1359267297
334650879
-1329841120
-825625502
970337098
899418524
-1923775987
617377883
-971388801
-1408926442
-302173853
1695693584
-9300820
1927023462
1356821237
1693685951
-1542353453
1752015204
-1340635355
-530406727
2021583311
166411387
-426637178
1565589297
-864234603
-1328572256
167654594
689488469
1901705405
321800575
1896898494
325700770
1630563136
-1539394825
1289090299
813578868
-1075143805
800691400
-1124226241
762165468
-1402835308
-1864950389
268226164
-157232203
168866994
-802768671
-1960524849
1189253369
1183417362
-782693137
575286324
1855974736
1776368608
1319623433
349259992
1405750762
170931075
1645131693
2097776167
2093562765
285973029
-1203581518
-1459859224
1765538545
2049854066
-1652088640
527538591
-1692477877
620009119
-195165438
-1288787406
1739500583
-1694871379
1492103706
261763535
-366962822
-312831250
-183939243
-147150068
-1872247561
-469431096
118925087
-1674411953
-1796027999
395630520
-1112769607
1328517743
80694945
-632219495
-1604303064
1618609563
2033985113
1086320934
1493543024
-1020757894
-1952506184
431523261
-851906558
2050886036
-195746609
828971877
1252097906
1691930352
-1121415772
244486674
936243308
-673340419
-1868392378
898285351
-1556662552
-218598987
-450200287
1705733179
-115920228
-2104077057
255172243
-1007944161
-1567464526
-353286316
2112990910
1153435680
-864307525
1335569829
-217391457
943017864
-1124819998
1500541308
633170527
-1309670549
345693540
1891141729
1149441769
-1152635745
-317134529
1824329086
1419932860
752327179
-1023114711
-209301115
-1125188607
-1782067932
2000882627
-2047441711
-429500960
1615047349
-471210482
1550507979
-347576562
277935070
-1526428643
1218211215
-1056116822
-5125282
-435066356
821058766
745722953
-1208038636
-1935565264
-234751243
2115134543
1477340610
-1231611505
1932443022
-2103627392
1308807444
-1438657646
344915431
25906390
-681372703
1866728697
-968078608
1889467540
-130689873
-330785266
-1393527447
1470447514
-748252036
-1517917155
844544572
-9784837
1054343611
-676748765
1771745063
104965836
589393820
1599387844
1140250013
-51410113
1108737424
-1814242942
-415303698
1034217199
-1273482484
1384466732
-1832864603
1426361724
589632396
31622547
-1760109520
-126626470
531492570
1516571267
-1893563194
506914790
-16223857
2090267121
-31000443
679050938
1773189594
-23665808
-684465702
-1785355711
17921151
-2079455511
-19178972
-2098250355
2101495331
2105929355
937934491
-841704601
57476294
1625205760
-392204434
1547772071
-1316059761
200574176
-295510741
1197529030
-330300721
-1081607574
458459236
1216913841
-1677566401
-495839119
-1283926130
4202463
1989460876
1599750035
650241836
-482890843
-1175163115
1086447281
-1718503380
-875172152
1557896435
864931738
1886740624
900591956
133293113
-964932855
-881188272
-337137493
-293567876
-1066293295
-1802269570
-1313696800
1898011541
1601526102
-924841301
-176533179
-302534235
299622719
-392395127
-1710483134
493738329
-1984845719
-746717231
90380904
946040430
1665528606
-1053671834
11580101
158059639
-369859450
-566820166
698737273
510971870
1967048029
1581865072
927519625
-14015704
-80739866
1973743427
-1376089358
-2031510404
-1759735010
-1419403739
-1409411327
-77500571
610518837
-941919061
-1424765215
-348571946
-1625776839
1405353639
-1311737995
1186143086
-1481627628
660708886
-780050072
-12412419
1715383480
76816188
-1595157375
250261063
-1398018152
597945101
-364422085
1561159175
-522558119
430144463
280480148
410198070
524565193
-1755252740
-259719643
-571474804
-1756600305
1528567660
-1432628110
879902535
1001472804
-606947661
-121325181
1655483690
376522113
-449266488
967953331
-2076433464
1732901146
-1516882202
1406112455
-1403522558
-368820086
-854536522
685811009
923841741
1698721423
-292290899
2082328310
-1877361608
-693641033
-1747081037
-1776710434
1532312749
227610971
-1234504955
1715401259
1075564662
1417565388
609980251
2125548188
-1866723965
1806611916
1361039436
-1110241774
-1674103959
-1099193024
942158065
1309669731
-452184658
-1850379998
1913860809
1911513197
2100471363
1172027068
2101392860
1160842606
-377797551
2083406866
528494370
-1257750125
-1247530184
2087066783
1577148708
-961697074
449519059
430806340
1090878179
1035625196
331860481
862567293
-666320647
-1874113562
178118753
-388596779
-1980029698
655187318
131918940
-2137375845
312504108
1346942957
1420941415
-1500718634
378986054
1208586307
-1294112119
-180794507
948789684
-773633681
1324844315
895502026
824234482
1002131193
161427406
2000007737
-446051541
835617996
-1884050190
1048169004
1522208289
-1677893552
1756569333
-1221971383
795511631
681049784
-652246487
194405863
-511869872
581225624
1838350025
-244958275
917647233
2117178041
-1237788867
-1059557156
65563109
2112355376
703624861
-2090176801
-158104759
656140716
414475123
1819918688
-537943896
-1508170224
-835249468
-494735699
-110776112
1626034241
-1807476911
1504225211
840961860
1813777984
-1198290662
-1419148454
2039214436
1629543802
1738768675
-1290159958
933364171
-922282914
1846646137
-702968627
1821560312
-829298384
1612464503
-921147427
-602281425
823104029
1671661125
-1807760096
-276500575
1255658126
-931885151
1042313850
-1163282230
-862615104
-1524342559
66048802
-1915125734
-964553068
7982648
-196470376
1603585239
64136355
1487357496
-1417040682
-425846207
939832981
244920215
-720163643
-1505213194
985170355
-727326923
-1493644814
1170098840
-1835209031
2033740381
1951327361
97146796
-203795472
2145376586
-1984485791
-511008828
-2019148676
-104825363
507940032
466721760
-763637518
-100830483
1010701505
-1897837806
-1306938067
663521007
408223596
-855156384
488599393
474421271
-2033262362
-392539923
1227992176
221160397
-1165562143
-550094502
1932391804
973344451
-1900199339
421087593
1550559933
-1229133513
-1878392720
141004515
1636915091
-1471007883
1185259210
-1356418884
-396184610
739796639
-613108004
204550004
1667032717
-41368144
-1254548302
695388095
-918823563
-161465666
-1288622881
-1498031257
-1529033117
-1468513153
25789874
778306673
-1398852236
1141028877
1771347878
-1290127746
-1868110685
2014927597
1727985950
-1206709644
-1435043678
-81880755
460179793
829444189
-947468562
1820122253
-1906217342
-694787186
418322717
-1910094336
252971893
-1906590453
-1520481926
-1307651598
1285556253
218058794
-2056317741
855058157
88172953
-722453131
-564447856
-125921992
1933587809
-1213544492
2038963207
819399328
-1136569412
1099757547
285693967
1860042362
832480629
1556582849
-669939757
1443469799
-1388429107
45498529
1664081895
-1899388839
-2123626061
1110711621
736993440
1240456278
2058885426
-751832528
1620774047
-2001988484
1007659050
638968410
925938863
1558432964
-1636994750
2128238098
1543187665
-1821485046
-1042694628
-2117316064
1856274067
-1421738548
-1539206197
1377017129
-2085491544
-1708705743
-1892699519
1361139543
-756950091
-447525299
-1494655860
-375396296
-1254165400
-1029976413
-1222895485
-237410586
-981806385
-771183125
-764878148
-681975704
-613165337
262344212
-34831872
1376067672
233761394
-1363480181
1739322242
372105157
1288130572
-222404931
969351692
1303805530
1063505792
-496977957
465788026
1445046719
811717463
-126268708
-1302184084
-822372545
358370226
384589255
-1265564106
-1083526230
1774021209
-614319310
1950840603
-46076548
719817747
-1346108667
1944903355
-371917506
-336403657
833504131
-280178999
-1954721748
-1526548606
-1064984949
965514240
1811708183
-1626452181
-1713766630
-1020422313
-20362356
103208245
461972243
1127751282
-1810168522
855953667
-1025934014
1349328732
-1723586176
1715274545
-875383906
437590899
-1838353538
1428536224
-324452914
2129474979
1869120013
-1217200942
1382475758
-1961691178
-1687281096
-1105133447
-2041430638
786594731
271735773
-1784024758
1261641994
2143414885
1316070543
2013064725
1588794087
-200243163
314105022
1534700058
-1308889666
740212316
-78251243
-1936376172
1973426731
242735482
-836924893
-587071078
-603750632
1293774315
945282109
108885543
-617827777
249534531
2062752161
906275191
1599745260
586976439
-1757049634
-815754860
858753287
954542543
-8531597
-1912520401
-1928656303
1772847705
798279862
-2143812429
1666447341
2138804896
-1301317385
-1840399209
-678000094
-791833379
555563749
-1460401933
-1437962145
-335238930
1912658223
-1419437482
2070754175
1545847621
695830126
1852783574
-555091891
1533941538
-2020946623
-1612289433
56387145
-1536724988
-464462151
-1631089296
-564873556
-1073992100
-234822920
1828594843
-820039767
668982148
1426796564
-2055831828
1081184245
-2119399185
-605058240
-1724657900
-1769656695
-1187221856
-424552403
-641552121
1112330918
710573279
870308525
735442124
-1996775
-1568811734
620687001
459588243
1982985152
1175412330
-1740449291
-1065456628
-994841524
1089988710
266149201
-1837531402
831544135
1126732412
172385905
-479662859
-1950504360
-1229559411
282724656
-249865048
-520273722
691892537
624272033
9828346
-1812671174
-858878900
1213024886
1178422200
1659148232
820967543
-364448091
-1259074460
-2012776400
1231507778
506852680
-1969171384
1236995168
-1576317375
-1963351868
1040789197
1449188156
-880627579
-1055870419
-1845394164
1858277282
-525397163
-26946071
433504165
-1243424856
-1244556258
-2094504302
-1815105072
-1900612569
1028556199
-1743097311
-1510891087
331693181
-786652536
-719098552
-803962385
-1041622387
-288328996
1233074462
-1308053370
55395082
369875253
-221290751
240733916
-2118963723
-1725629744
-1329944905
-2024569070
-330362013
2102851337
896363222
-710126947
-1791922045
-436067824
-1700769946
-610036204
-1582606113
-861358371
1694580420
1176282698
-1346431006
11547745
657772744
-2079225185
-1120213350
364829181
1348763690
1833406611
-1012745795
957347639
1387287073
-2139028325
450522097
76612267
1780536396
-925817800
198297671
-1388008385
1059099861
645176644
-1870120696
680025754
642939091
1793207950
-1747575116
-1666456619
1024234736
-957596247
231084871
470950259
1544907851
-570067455
-1255629378
-234020978
1002158495
675792174
-1599006247
-854143149
-79747420
1996376204
-376252383
-1507113808
-66939467
-1838678005
2072099372
807425867
-43589198
1014127170
1382666014
-685646155
448215079
-125309494
-110775181
1463352799
-1753321043
-310316087
615759612
-734514740
-902886256
25712588
-840552409
1020073864
1467854258
-106860326
-1165296765
-384557736
-597144658
1286059973
-28581758
-1843817678
132278335
1835208387
307223679
1719062127
-1849623581
1440771644
11745538
-2014227266
-385419333
-253228315
-461653437
1106068060
2052948405
-899200756
1623372268
-672964735
244403948
-164228811
2099706403
-1457612515
-1700741042
-217818650
-1774904121
1259065539
1971103102
515242687
1452550904
279066597
-313013764
390077645
1302989021
-1692816830
-1249922941
-1333994466
173158816
-1719157861
1350246578
1637805720
1080965053
-783061844
114387694
-1388813306
-1899526788
603634522
-475560314
-630926477
-600956485
916750888
-1282511337
-1109882437
-549946127
145513199
-508535247
-2086957730
1740933743
2130540750
-230630854
-1353675881
479898087
1038921054
149789586
2119500461
110568754
428936490
-1790128393
-1375126136
-305707443
-1600264354
-1205386197
1717826694
-130856540
1991771325
-247237677
-958486641
1709093011
879452632
4226978
-1090189978
-1239631831
-1551509380
-631336778
1975710786
-1116114
1911450731
218380353
1613893532
503344743
-765972657
-1616464276
861974346
1328511511
615182315
1907706743
1369033677
-1430418487
1189816467
2022045476
72766438
-614232755
-301080354
407128661
1702217582
-621394433
-1547929959
-272027916
98904935
1094074190
1037533694
-867382766
850963277
1209724284
-976795355
1968299090
-718439502
379658402
1939568313
-1656994680
-1018244599
-1658781193
853739503
1710917788
2001864129
1135616336
-398416460
-1656452940
1751854741
-1873258774
-1638998747
-2022719342
438096930
2016705895
-777327804
-721700039
-1407548743
1074808854
775163879
738172119
-1644209802
658028919
1308138483
-1647581474
1150739857
-704709123
-64409910
-257828237
1535631091
-112742635
1727911681
-141288180
1125489164
563921511
-1040184746
1304068947
-5881117
-153573029
-1981306655
-669178287
1963537774
-303733538
-1016561784
22619848
-1420163293
-999124635
-1036976713
-448544033
336729550
858894129
-869133743
-1342791164
-1130123355
710421205
39019489
-2063959283
1847011481
-367334923
-1976149996
-151816032
-942444306
-909156273
-404906389
-1333461035
608239885
815427839
-1590283732
-1839678183
1368338072
1381343230
-1277556839
-2104550571
-53395777
-1495836693
-1774987164
631081294
-886453807
-1051506675
-1548827807
167850318
152060950
1700011672
387167101
-1384970492
740671451
924853039
1910620654
-2051780696
231423181
-1301383766
848168875
-1629943710
1157437578
-1268058856
-1989504482
-815280404
-1306758027
-1453124857
-876908776
1040003189
-1870093111
-1554639102
1635517445
1721402056
-176685840
1497863771
-205118368
-978932819
-627012331
1742414889
-1964008600
1042905743
-751393545
2125233556
-611705580
-1909426082
-1949290496
1397208655
868012611
701911478
-954646890
-556193434
-1104284617
-2125185215
-885567312
1055207993
1210460996
-1961422760
461256107
2010378695
2097063108
-834159632
-252537507
-1038244817
-460975027
-1496212557
-2025621910
749226612
-1541925851
-1133203
-190491178
1890561152
2112198902
-538659159
-1500601381
1369241451
916745405
1294173851
-1661027843
-842826756
46589192
-325021120
1190501978
-2142482065
-256096160
962082500
911484998
-1460477832
952997635
-7279069
1421957655
1741724296
-1540248874
1645355537
2141914172
1788240206
-953228647
-969225954
1950680468
-512335232
-187708324
-1543359979
1321975037
1827236826
-1324121295
313500069
-142376918
1856437094
-2509790
-1732532669
624438201
-539521026
2119532133
-15186354
-308469628
1761410575
1775346381
-867472269
-1860222410
-578499425
-196888956
1553544786
2126498593
-1716199792
-455914249
-265156255
-1096283825
1172499493
190139665
1228050960
-1533847338
-1578397499
-2129992278
-1081994962
254668656
-1343885057
-1040788159
-629302389
-1805890230
-1721942834
1243369
1042624477
-448239844
1059688989
-2015668607
-446052633
-582034055
-1919548532
-213707224
2072625623
364369256
1964623732
1081810671
224090863
1389119026
398906152
-1539749169
121306216
-1768828803
619734654
1185572316
1867358610
1468297881
330320781
-1507300166
-735730113
390508057
-1978020169
1852948048
1876600930
62255781
-1638550807
1974809787
1569415154
626680334
550676001
-1114482298
1833603348
-301579869
-412485072
-1133762281
2129034360
1659546818
1225827777
1986009451
1493987842
330063025
212390297
-1541777403
-1774163539
492607918
-334989793
467366691
-2042968404
2045225284
713936159
630383155
918333649
1137397215
1424137162
1228218757
1292726322
-1476580445
169580801
1705727296
-413509879
1444030072
762409938
-1843026022
2103133660
104140137
1470447170
41473603
674121181
1720461102
402276428
616735521
-57854573
-2087554041
449541930
-1441260477
1050125240
-1310541622
-1352448814
-1866731762
1436873829
-1589663937
1008735171
1938438844
389100652
-1585072213
-816254208
-349530617
1949908740
669550506
1092709980
963656736
-494855765
1185337921
-432265480
-2124704538
1032432200
1484608819
192933898
-1515221932
-274125937
2094151571
-1158974497
1883270458
1024197544
1595393434
1423942946
-1270271185
-1365647085
-327248454
-2135326626
-1049655355
605372869
737962739
-729292351
854449918
-1316370281
388917348
1277326114
568223487
1853883616
-1678611932
2024994372
706264835
-72118176
1878824786
-82677925
-507532911
410167135
107708778
-512756784
733687281
-375611627
1152279770
1808736577
-1339106084
-207167924
-583639340
1464369355
985869426
-2056897469
-458970011
1842764427
1888755568
-724244011
112543431
-870531744
1577495457
669731034
71725298
809746166
-1695968363
-2077993523
13830776
283588608
-128079984
-575895633
-725697646
294617284
-749952571
365185578
-1473229195
1331360220
-1359670844
617444856
-1457010198
-1665651398
-930804945
302869381
-1270669027
42824556
-31159372
1067693011
1266519220
808028448
-194261962
-1630581859
-1771904733
505344235
-1672416947
-2053440321
1425110590
1123188037
-1940140304
-1381275180
1861907471
-812482856
1906684785
-764432352
-159803159
2098991865
-887722584
228574128
962251964
1237866102
984547955
1912727999
-1615522389
-533495663
-1060780707
539161948
602391003
1456220748
-484521828
-1388107192
-612377970
223954407
17225793
-596383196
1201222767
6916775
1162245290
1795198923
-1966100177
1315395800
-635076550
-1107354372
-1760917936
2084067859
1108317260
764124732
1605672255
1744855492
1005859172
888891642
-359505752
-1408019994
343752359
344168435
462850822
1654261776
401181836
849373656
-2078487944
-265644363
1526746836
1883334189
-1660269093
1758744231
-814890569
1956146291
1119981332
-1138467619
-1876398497
-492301943
987229869
-1850736523
948028057
1167060814
55637155
1560124667
-1820594231
-10761589
1124878973
-311022357
-601209569
-2096844016
1481687712
-1583556492
1921022216
-610172388
-1238368031
1952625790
1430820326
-625583359
-651978660
-1538724370
-650215934
73994760
2147332739
-2040273624
566966977
1549442449
-984312967
-948568619
1892256533
-549194370
-2144235616
-2088687898
-882875082
-1367931694
-1639889296
345661143
-107520110
-1857384044
-1353959798
-1531267016
135542018
1870806777
-1499726068
-1879203224
514840637
624037313
-1939676634
-1519093085
1451543185
-1901134111
-327131923
-1061967553
-704665137
-803947423
-900274065
-37892302
-1533662842
-1308463993
-1609287673
-1607088169
-1588073612
-491842763
-468809487
1711833841
-1026561223
295183759
-34679008
1632369391
719614286
722678752
-662107314
488688497
-1043414732
-1976185410
29390421
37235723
-2027751696
1226114155
-790090307
-243772600
-629946442
193998717
1794383253
1783989744
-576382493
-1108289599
-607591546
1595299469
750495792
-253498275
1514522404
-409085652
1495737380
1307485748
981820295
733925216
1952943050
1153678733
-192489958
1019678859
113616548
-1593584138
-163936590
-886918560
-840835617
1799242854
67820770
350926243
-1151605817
-306867295
-1817545075
2099985203
-922165636
800942816
-2022263877
-1645640374
760547814
-541214032
-967398480
-2001581822
1388905701
-1103014886
2045501242
1056773146
813317581
-634106365
-194298805
758762234
1907438097
-1579623210
-439728442
-584482060
1753707837
725581919
911571613
-428589876
1827320617
2088348666
-2138948837
-478067847
-695131797
-980661012
1042277246
1689269037
-1203825651
-828779760
-1557082936
1366092947
1552198015
-1710121035
1005411542
762902615
-350895666
-819134778
1895854769
1701388010
-1320307434
-1159721428
1714275363
805189766
462650677
115816303
1636302989
384596336
1198147265
100671395
1164299511
-1189822852
843423035
468136321
849472873
1986502102
1459070596
899753427
1151610744
451035134
771957135
-47567339
2054548003
915490068
-1820189609
-652565159
1358833375
210123349
-621964013
1735093099
-1347500049
376464357
354515625
-394113484
-2085797895
1045552846
851165279
-1890507421
-2095665450
-1613340856
-1548977960
1524139081
-341280855
-547287238
2008558653
-1761008124
-753687502
-1304735487
-502473287
1695381471
-1932351132
-643405201
522023979
1471604216
1455317300
-1641128939
-822183401
-832516573
-1810346573
1505519813
-893753124
-246072050
1535998302
701239634
-1346178260
350083493
-1860794187
-804419431
-452459849
-2048023880
-1781608183
-1293098044
-1064018647
-218733862
1059424410
-114980147
-300211113
2135359114
292119521
-939676351
-169826892
897450136
148911145
-1556234426
723266825
-1066530623
-979281053
-55295265
-1332228507
-1215823716
-92067525
-682204819
892230481
783891130
735606118
1947343224
-2028538040
-940974073
1220348733
-999357265
-672071835
271208310
2122627727
-1788413395
729430366
845435869
-355851854
1269829885
-888898128
-682666979
-220756773
-1505376544
123687195
-1531649659
133514927
1419202381
356327761
386222199
1422841369
-1885516104
1549998313
772933452
567813470
544835095
1399701145
-2101457036
-357892499
-395890015
-1746676828
634647778
-168507269
-1393875496
-1342954095
304967590
1778553551
2090785225
265439005
-599010342
176322778
-723384942
326198385
-1720065086
367965066
-344820187
-1919179113
386637871
-1148720161
1218588490
-94905814
1767635747
-754343235
-1545594646
-478786227
-2145349446
1721549316
-1530413943
1715017950
-725251513
456764125
2066798356
1201359082
-570290243
82597207
-385891620
-1795319710
-872944816
1082283313
1426324962
1479980047
540492635
475256825
1329746004
-2089797437
388599427
1532358741
-656648361
2048450768
183838237
1907737248
211777543
-1010330434
488446668
-1776195912
-43942213
-1150135497
-1841877138
1339855637
-722375027
-602463162
-1941168583
1158440222
1170687257
-2094756928
-1022063584
-2021205321
319141507
869412609
-1350087045
1579667742
-368237121
477209052
1884546790
-2039046921
-1492165364
-1832218932
-1322362520
1938067364
-955790656
-1642811794
-1249918761
77463002
-1519106485
1465205299
-1839118981
1173134193
-546922123
-1022556592
-906143246
-809287558
4688362
-729886982
634217042
1681419158
1797750519
178668751
-1947719276
792073605
1040375702
-1132890985
-268973777
276474365
-282438489
-595122645
-1598822653
846215612
1615928192
380579508
1764191608
-780387872
-1697188697
2094084633
131539431
-21273482
-436487459
69306290
-1085227720
-1404924336
906421855
1402680897
-2113901877
-650738150
1666023527
-2147402975
-526069349
-23441233
1034242808
1783664831
1033374625
1003771560
-2072239909
1571268681
1235627894
1491097398
1773588964
146754214
-812625861
-1121110991
1844117369
6034597
-874178628
-2105349264
-1145324204
182387320
-1647943981
-197242534
1448671879
-1399931293
1153787914
167076029
1620965056
-543512913
-2039111548
-898616354
-414496818
-579617051
99617564
1578105552
631059299
539426872
-1098925618
-545357047
1749508379
-1121469118
-2091779755
1947608113
-68474691
1454378227
-1769270506
-1139071427
-106037057
-1194823483
-1261778628
1792865468
183095567
-630773196
356118819
-1855540367
742993424
757789549
2079117305
1892419617
490586082
-1640231099
452730274
748170669
316627430
1410983020
1215353308
1873978466
-920222079
1858770914
305995684
-1754393713
-2091021537
-314221911
675234519
-1498730409
-1865471878
1665621691
82904091
-1757233719
-1653957861
-1722898626
1781602047
1736899117
1535680544
880093173
1321317984
-572650080
-730496448
-2137397254
-51764465
-1568911901
354448140
-1007871063
157214896
1214147439
-1416579977
-1429247521
-1116795676
-938419252
-188393832
1564725348
-1095594838
-103607006
162303405
1597430693
-78066686
-830836977
-382999453
567616934
-486810670
2019671227
-1929195949
22433846
-1832404467
-722471894
-337289520
-1623134621
387117074
890336977
-1933236257
545198384
511193937
-190525589
-1977973370
-941462651
961997876
261421324
-2006918839
-600686234
-291846341
1281917814
-987989519
1674352231
-636963735
2024679594
-1679205489
1384599391
-1554908962
958703554
-1988250689
-1743439013
-1105971515
-821757699
830217777
-1996605483
-2080927888
-88920293
1604650341
1366877222
-1182121024
1938528747
-1884335179
593991736
-292849974
-1178141151
-1525895016
916558463
1363998390
-607521171
358469156
1204588841
-2064764950
14733768
-1851815212
1167739539
1102098024
-1716878576
-345904245
1098938623
264819060
1066038743
-1998179879
1731816836
1041470842
-375235465
-1257139588
-792306107
1766103085
-598586519
-1158262744
311157733
-72500493
-649153066
1351433866
-1749788102
603195263
-1354686610
-447352438
-1853155264
-535053633
-2115922055
137632976
-1069632689
210737657
2076463403
407168906
-1750613616
2053502512
586673467
-1362151317
-896217171
392692172
642140342
-1054982666
-1577878073
1132878969
598926608
4568827
1849292717
-995100338
-286311045
-557596831
133381193
28230450
556703099
1223435558
-1685854115
-1996512389
-263697222
826640804
-1151043473
-1882075433
984622104
-977218795
-160877054
1370717295
2109399046
1782035033
1954497542
-1188009143
-1121663980
1747402998
-1765179760
-821503507
-1020894265
-546833569
1870602701
1324209227
684500143
-1477141640
1972988980
-937821221
872828345
98932569
-277041158
-1679020538
1294645185
-690010030
-1315141685
1595649220
-303926421
126680622
1910645430
-512512635
-527173581
-123501892
-1047078040
-696356267
788771009
428462474
-586903908
-1788456646
-1980237695
2070874099
-1121950510
433409504
1738989171
-696200868
-72613058
-1325258377
-860044993
1281741754
545544195
128191708
958929036
-1017913258
1184134560
2104766710
-1480065135
-1403917100
-749325910
997665122
-337619733
1370626161
1412528827
-239225518
34571185
-657440373
-995714646
-504939854
-2119218747
669380454
1178522108
-475115637
810225516
378311724
587339161
-227936852
-1871993823
831744821
870825922
66350214
-123636571
-379684983
295930690
85114200
2092142170
22570658
-561039389
-611949173
2053833681
1331256181
-1081830621
-593181858
-2099804511
1468065203
-159197145
-957994811
1231243898
-1541297845
-264922384
-1483163506
953779577
910260788
-735923508
973173190
-589028931
1780019304
1504172046
-319287974
-642091975
-936789965
-783816447
1840288256
755240139
-1758256467
-1252849127
338674263
-1215302770
-2118075772
1576277355
-166344371
-122558613
730259710
107023710
2034026688
-1491308042
1400747837
-2104260958
-1486934425
-1188567945
-940910651
1640578401
148108019
350458437
1972282427
-1050916427
-1666373775
-1202725798
-1288557713
2022025049
1919382769
-1191910876
1394535324
798229666
723481196
418573209
1020916974
1061948591
405533922
-1947803507
1594896451
784769247
155893187
-523345593
-1271280075
1383380355
125774735
-1262726063
676799064
1698153940
-107425600
1038613902
998862527
536417063
1850873063
-1532104046
-663854139
1947804510
-732609516
1371242541
-1773316087
1957966497
880324730
2064799049
1653701818
1901038670
-462894509
-971274507
-1292070380
-984678611
-1711189503
417219009
246538281
1506861288
671418485
1356840011
401700836
1854035129
-34242092
7814938
-1218969526
-1998272155
750976599
347755946
-1946708989
865657448
992374130
1003650247
98726681
-1076739983
-319422664
2127487518
1258851582
1968889104
1525082109
135923984
886384339
1891888557
1245002300
-639342391
-670424601
-154304068
-1210778949
-212707439
1680516733
-823308242
2136855276
1363990369
77543121
-2005899222
219481494
1840912313
1473867357
-1657095940
714049972
-2032418640
408809816
-1646090931
1486909341
-1914807476
-1929424769
-736750188
1575351396
814115603
419226902
-1525039668
-376838271
-342029086
-295376591
-32863641
2079344304
1804021500
357126191
-241932158
1834562585
59749989
357245831
-1705976487
-2094421328
-1809963663
-50829370
825434364
1373672670
-1986488425
-273363496
-342970302
-772527775
2051614346
-5917563
-1415542274
1529721455
1854672010
-643940802
1481804656
1524114209
-1123215370
-1517256934
7577598
-545775857
573588518
-1294661862
-367609821
-1224058825
-282424457
-722842444
-1284129881
-1255184606
-938654042
1063369615
-2032866544
-2089123511
-380129951
-1094161526
-1716100008
-2121616972
-1429779429
750109698
947175135
-85166109
1465484063
1057656660
626455203
-1069813518
922575591
1779384992
882835117
-841093385
513178030
-1832354352
-1590164786
-1893162322
736519748
516229080
1589624971
-818234536
-1241758688
1763232574
-1460488363
55189727
2099659963
1835833053
-1388228611
723627069
-397211109
977446629
-1933063322
-1911061985
-1768581459
1594636837
843704443
-2093222971
-1017649576
-2119387252
-596740765
-988083669
1341490382
-976541716
-2021244941
2053709677
-1489455836
-283441151
116201828
-1349178777
-473301340
-1563314510
63627589
-272523109
-2092223774
-468843626
-656028750
-1739648425
-1445707508
-1622433351
1888900806
1731323159
1310288518
-1705737569
-1509907635
1140772903
719826102
1958632840
-323083074
-466616436
-1340247013
555935477
358472807
1457455396
1628630180
-1255834518
1221628906
-917643252
-1446608065
-163493770
-600192281
-1503915455
-1671992145
1065820912
1895123962
631905417
-1230944862
1629663618
757898472
771297427
-1855381502
-772633493
1733738004
931219805
-1866624629
-570987648
1169157431
1624115669
-1926195299
-1776640141
-379691185
-782114365
1084974162
-687056041
1322526168
-1690174235
-1526109997
972984931
424522553
-1111179173
-1750519577
-1559663115
-1185959295
-1964877243
16180172
575840218
1828595282
856434602
-1965195702
1054938316
1481769757
2088375451
172562948
-2003121349
-1311655793
-399811944
666228241
-2105355696
-1044095414
-1563803343
1584149706
-483805906
756971479
1618527472
46465765
-1616718214
-438139941
-1836693386
-488891454
-915046371
-1080112503
-1821592605
330997508
-1842828472
1666522968
1651877499
1014393700
-1552628552
2041612789
726572677
-363990335
-904466118
-667415943
417151862
967097210
-688548239
1030548702
873659983
154542848
-1090638889
1404460975
1368534082
1947809190
-769615871
-488422913
971749275
-41308229
1296866854
388390043
1381520094
-1944618022
1184505825
-771720574
-2058546645
2048868991
-1240647883
147788949
359546602
-461119779
619932882
753763466
1483293091
1472842991
-639136106
-1782451418
745063981
-1271733043
1818094166
1961784747
-798720502
-594938048
-797773603
1131548302
-1077926639
-1775034472
-1361935052
185369964
1388555341
353296060
1294892067
-588035521
1504751397
-2146741375
1042223095
219469772
1037539004
1562387519
1538280582
-83146401
-1655631974
707194273
1384888176
-692709446
-383339125
1825262269
-589449049
-1585565366
-2063590969
-2081764764
537560880
-574168676
-518551725
1634624954
-683762134
-817808369
1166813606
-1037284344
-1155334641
-1208025655
-1352828530
1123686352
482197049
712841966
2109084756
-201015007
-485772632
-676500721
1877631262
1996808493
6826498
1686776032
-336484204
-818210024
1118046170
-197838546
-395935034
1820966418
-688013516
-1924109041
2122694477
-1833044825
2118119752
576402266
-697226321
-1939073707
-983255930
1354067289
879614984
1927800926
1886898138
1471044285
-1356080667
605746912
-263047631
67227857
-274768525
8927010
1282289210
1939157234
416412888
-1863472593
2025460336
2087244350
194264544
1625931433
-130153128
-271986036
-44100132
1813220566
-791185913
-484736357
1161651142
-95272961
-696094489
156164493
864411817
-667860743
-572475206
512875413
1136558655
1840510467
1646980061
-1977139217
1635347419
1527065555
179845585
-202137072
-610956919
1401650154
1947036919
1532664351
-347391629
-559070161
-399749990
-1228203869
-133191803
925107132
-974611661
-1374633604
1960820564
-1888997134
932721895
946569751
-248653765
-1195647790
1254625875
-640821539
-1111785529
1273739151
1157116812
-1414171669
-161806764
-1807529378
1090303841
85542152
1663742455
1202354833
1170383586
1562573011
546683807
-2018530845
1981488421
1293519676
1669692022
1336084501
169354055
1917158197
-1326489204
-1189287495
296876209
1743706024
328381367
-611174323
-1373841508
1595912106
-92073548
1245138827
1605019094
-1395232271
-1790228847
-1230840834
562868677
1661261699
2034628175
1000836824
2139470764
73463216
-981462334
-1812677886
1272762157
703099714
-1588380996
-1602539659
-1847217906
-2109383438
69494634
1419043528
1266410815
-1572385508
76909565
1724072969
-98987749
1369103030
826215308
499205327
-821838354
856982398
-2031081160
-1478266737
-1919303753
730039666
-1228679536
-1617844946
-814889938
-1068213371
2068415543
-2008334120
396938760
-946744945
2111297732
358603023
43819128
1481565060
-1374064151
731107078
1804230393
-1804411928
1010963414
-1702275793
902620490
-159095422
-1805849889
658225682
1543642042
-1901624241
-1660239013
1734610016
1606339493
-2066896455
269573071
729508936
1393342525
978737161
1703621964
1803591176
-1565851763
642910489
2107213333
1324069318
-251328581
-1669313460
-563072380
-2087463776
-1504412531
-482521150
128839725
-2030526720
245834030
-1893578552
1987114819
983659573
-1429636560
-10522738
-1850022342
1549453119
-1180462124
-217218533
-893600850
-1623041815
1956997257
-1591737724
-489813373
-669990115
1203022770
293643355
-10433460
924837235
-1142555476
-244343450
494237168
-91027702
1751631375
-154415727
-1742130550
-2080456293
379931954
-2002718172
-80582511
-868480565
839693812
-1366730696
-792859335
-554506049
1900740282
-816594329
-1268676073
991869685
-2105722701
288716226
-922830581
-1483274158
101089378
-170155513
-138757543
-2017113738
-1330742691
1110350099
-1193318119
-429838761
1839487058
1204586901
-691375663
-141411827
2017372746
342405380
-985215136
-1972451350
-737116111
-325633838
386314781
-524431923
1014013845
1264399073
-38652609
1549922231
-1827155538
-1721800394
-379484546
-383141730
1011322270
352449772
-2137037830
-1725297535
1983546104
1400229994
-1535437732
2122655676
364169350
684775640
-1023460038
-388907107
-1298025658
639627982
-1076544576
595269686
34183606
-1356183986
2100487051
246162292
780797777
-1718106636
-123025448
719650160
-1977670568
1939633515
-833260835
1098603013
196433365
-865262813
994848630
-549734495
216422876
-338065088
-1126938364
-1821742240
-2001378284
1270024661
-1507596910
-507454890
1464991349
1281784401
1503125048
854881324
891400786
698528313
-1111213628
-1038466323
-1194541670
994890007
1899965846
-1760353247
621434970
1570664370
-1281308470
1817837339
1940737669
-1336332162
-449860196
-632386417
1211757047
733897557
1934982408
279741287
626698423
967880807
2088491185
-1584906538
1243126652
760282735
77405955
-1792593492
-971880334
717686823
987907483
-325338388
1732378173
-1762044675
-1302759963
2003906459
746750782
855607559
308760582
405679578
1981836564
-2074787789
1364129789
1094749495
-1783960476
2021845186
306925828
692551743
-132181795
1683312886
-210367684
1474673495
-1917531786
-1693197303
207579016
881767627
1766139130
481333857
1325651384
-60861913
-1162504507
-236158718
133877994
1413715653
743195599
505289796
579640876
-961534041
1988991977
-286352955
-1072508570
693090438
1636025159
1849587104
-371082122
-999180758
-648769474
-793733410
-667472740
1426637308
-1357700787
-1621178580
1233984024
-1478700327
-771338399
-1271828018
1786064402
-1300361432
-2123530156
-914367021
-1324596551
566408238
794926518
-1505929334
241385901
1466670752
-1828178992
-615842508
-701692767
-1775220615
120257765
-1949490438
2144803900
-1909698546
-1700373317
81691169
-701652672
-659170209
-1102737319
-1746229381
-1710722067
189100719
-674523631
-1852025568
-75330137
-2104684203
273945024
-1931228322
1914849494
-1704614956
-718818988
1097084141
1633927949
-1038670807
-640428658
903246439
-91964051
1609629028
554533640
350462198
-259809461
946701178
333700985
1558132814
-1103528176
-1787521960
-330907848
-1947857954
2056344929
-1761692101
1697253118
24443713
-228802945
1486571326
2010572271
-2016526854
208203247
879858228
-410506277
-1178913184
1367128157
-1115824968
-92323904
1604583383
-384641092
-1119305087
1184070291
-120247232
-214839886
-697798150
789965375
912221362
32835635
2046860817
654295277
1803805033
-1737413525
-865126066
218231942
1331424510
718777313
1637961256
-613363083
-1147607336
-1285814311
1970047123
1148095409
-266503966
-1163958535
1426015453
-949748486
-771230594
-947035858
222443450
-133744798
1506871992
-1008785968
1814299549
1965264142
513889214
-1641521149
-646426808
-699455938
-2009900656
-1834779295
882454950
1341547146
-2084627981
791231189
-2020407592
619022957
-1362676821
-1491493943
479199885
670930183
1131361000
263892867
129635222
-2008480226
-528109312
-151795508
203353273
561129573
-1293665442
-1416492078
2123056836
1391208449
-378391110
-642943409
1527754725
1966395720
-2009650294
-1919695383
-1439531975
-290654261
616318135
-1508843301
-419976286
1960954262
1304678803
-2109561643
-1071589156
-2080271691
89727499
-1314897887
177505746
-1730497286
-441836520
1824225542
1509775662
1517017086
440354171
348424049
-1666768594
-84372124
255734953
1027564752
-2119651394
-1912199836
-1834115837
1357100609
-372841534
-2066231417
-1888392631
-1769032468
1299084210
-1640291409
-1440178352
-1212106580
-773370516
1156595546
-193074189
1435912436
-960651452
167420711
-283693497
1036441584
-813048224
-773104488
-329297134
1563528170
117595715
-1510111208
170477948
857914095
-1277801050
1609199424
-857604601
-1107100495
-1887753074
-1712666795
-2014146372
969602735
1343426458
799986709
995310246
-1868216685
-501005155
-110136654
694326916
-1327878438
439889004
1272336670
-652459847
-1632179783
1259101688
-1097083511
1795490439
-1210268097
395732638
480082471
2043804796
1166177206
-1698579523
-2095603402
1177781291
-554426545
-36916855
920266047
-1367103201
-750434307
1267632926
-1241568869
-1432120052
-1829671776
-2021263400
-283119816
1632779080
-27854746
750883297
880521629
-772142216
1456083310
1874407946
-1505701845
-744842354
-72143443
944254174
459851685
1515093234
-435711467
1667615988
2023473137
-1875070721
682106867
-1472553339
1620619807
130576560
1846875288
2131124285
-169121110
-892781670
833331003
-1154241195
1116335102
683696669
646738205
-1707887391
-880347846
866156246
513321966
-678587802
-442519242
-619801769
-1293626769
-1187898449
-683224633
-2142520294
-1294491816
-421644320
-2043700415
-596529230
-500898181
2036536267
-310401987
-962888382
506651688
-733165694
2130070939
590822963
-1820680493
852836652
-1195034934
1347727137
291127028
295340316
63255110
932176917
-1059421906
-697519329
2120711778
-1133081607
-413751629
-403107563
-663009721
691631944
-217544730
1163754178
1054584636
442717700
-1150243519
587710181
2090530343
141091053
-1397976456
-67989110
-1652334253
712368623
-246712354
1435667356
1007618674
-65155109
-1403755000
1859850173
931382502
382595418
-348764241
-1863571366
1441834043
1800026909
1065696730
1735897849
-1784748296
-966959783
1760989756
-386044715
-228570729
829928562
1128197082
14857387
-1321138736
1669337334
1334618608
-2006706730
-255589859
-2100000052
-661485291
-1532235623
422835578
-827796564
1756690077
1765462971
-1342405779
-153961263
1177466430
-1954325671
514495557
2095899629
-14172683
6596855
-765235802
734182237
-100438998
-750008105
395726660
-1317510754
450460690
1249220750
-1482385427
-1726743554
543120468
827327187
-1351043379
406161558
-2034381841
-1299012454
1455713517
1898273655
-802627238
-1533792415
1948459772
-2026849502
-1211179028
1021517000
451237714
-422621122
1578401662
1367181159
1209428017
327376004
593201742
929905883
-442614195
-971903747
50001189
-582329054
678730638
-1244693649
-1864510020
1970805544
-2114711021
311472916
-1548690597
890532513
-1061755014
1905675405
2044472771
-1026758887
-481793954
1237726485
855758414
-1453875128
-1701220320
1374909689
-1734928557
-848201813
-1546704662
-98989753
-659466801
-1405695153
1424967665
-1786305339
1552251201
1035348463
-698529287
-1690334171
-1029511724
1308175425
810578974
312017270
434205891
363925388
933403856
-141430052
1200361208
-931535490
1825833246
868081795
1875365367
-1165988549
2065738296
21376464
-858667270
126085561
1749559086
-326479399
-1901337508
988711242
-395272451
-1582425321
-1284280006
559166074
681213644
-1390675366
-1088275626
-2142189030
-1112913806
-336819972
1780838207
532432540
39994684
-1434206631
-951872850
398206113
-738320148
533170302
-1526906573
1335824592
1472114947
-916800481
-1825927408
719903465
-741053373
344100814
-1521404315
-1983773159
-305554
386668138
-749866356
291474063
-570203052
-152408875
1856875974
-1926456242
-995320820
94211817
431580438
-1681290427
-269585023
-1057159253
-1073617299
-1869606756
-2060042448
-1929318207
1567018246
-595681968
1889569583
1960244513
-1436131309
-1519288831
-34740112
-331855093
-1321584743
-1180047350
1160997958
-271525576
-1457599592
1695564754
-464793559
64420691
1784828270
111167585
-2095700043
502700456
817466236
-1539130314
98267896
715753499
-400593143
994176854
1459917036
1900175450
-982596506
-1732033880
1541297730
-326218922
-1389157037
562122880
-4076447
-1018860050
-887030367
-274232711
-1848451923
1523117293
-2122681832
-93757305
-873993204
858307638
1805734298
-771996341
1364273829
1952099645
-529238904
-1388502103
-497116182
623866041
572075619
-1178658409
-1041229096
-1272348777
263697846
-1937077192
1028316797
1143283505
-1262770637
1185999144
270811834
33551551
-694681316
508209433
-1484138166
1214372877
-1474277404
-138778722
2051737346
447739246
-159462123
493429830
-1123503782
1397628656
-2115389580
-891485971
1465106475
48385232
834155362
-1672670899
-427067463
-510626512
-2103878012
1256853467
-960958732
1063060231
-457803354
-918746160
162866683
-1320221608
-659338020
2138727557
1035698400
1556776870
-200398358
1454941699
778218162
2100223142
-1315753755
-1998578982
-233691977
-934564810
397196057
-215931087
-1431632391
402332558
-158003155
1863106846
914272003
425619124
1510721925
-1941202376
2132178412
1209916981
-143423513
-811217303
972787348
-1260153839
-127738016
1423322120
1826534189
-1118501898
-1124229784
-1530828506
1047744765
541921969
-1357263548
-1571104217
-129352351
-1639137055
1099308715
1392868756
1211381524
1933528301
-469921108
-992382672
-109791311
1997144119
1454281422
-1960631224
2073155958
355408785
234477176
-386737329
-1776921270
-1001482513
-1838171501
1340627113
-630792960
1539745886
811134829
-271597881
2132563421
-211728843
931242208
-1620967565
-681003177
-1373955959
1036811443
-389256084
354718239
1893961189
-1350223041
-758629067
1098875745
-2013460678
-1111454123
-2109465047
-1490151350
1285508884
-678323617
-969990957
1569973706
401461262
482041285
1477805436
1460721819
192298632
302426769
1043695108
-1585118847
964929942
-1496607147
2142939637
1334731218
2078091067
-892894132
-819166252
1731755064
1028034518
1229401534
319690683
-535974475
-997393188
-583119703
-1099900124
452367079
1179647687
-547566435
-1005101562
-1034682995
1884536397
365667815
-202313435
-595313079
87522517
-80099599
-1250370138
1187825318
-315676634
-628903960
387514849
1185769309
1058403681
-741956449
-329717894
1681043156
-803522767
-514156365
1604298418
355544038
-559291584
1027357166
-1310708998
-1347708695
842955500
-1138574096
2011999433
-1388170516
1155943226
1494437899
598176943
313114944
-1486997494
-318875537
202652584
554504505
762742412
-133112442
61783221
-1406932427
-1597744398
673629857
1168133032
586595805
-1023353498
2138099412
-1850243777
-1426679637
-1962853826
1647006493
-2120061836
-2121984341
1848766830
-2140053813
-652441325
394289284
-1741477570
1275697693
63429516
824407225
-2116356036
398524200
1736489482
1925923116
-205661581
-389973762
1181346500
-1657450268
632079836
-1735339764
-772829294
-908783089
261853716
-96039228
-858474814
-165087158
-933648561
-45240965
-951540436
1539899167
-692967284
502353043
171847043
1987858638
-249033463
373407196
-1341085458
977016143
-757736199
-1831758281
86467798
619031959
-2143287948
1956684924
83991041
1522458394
-1067190353
-830147939
-601734945
1846719377
1279100780
-1631570677
-1762371804
1767248124
-1667285837
930237528
909470358
212815338
-1831760702
813677853
-67273433
1269581304
-147313087
-1785904611
-161966522
447132310
-511968070
689953962
920098161
-1391539183
850075463
218302279
1052973582
-758090036
-223844724
-838013298
1995740283
461865168
1784550887
-1066216365
-301542301
2122036104
2058849254
945684746
-2133809069
916831684
-391610887
-1970018459
1160864396
1183463943
130005864
-653631935
-413116646
818435326
1915661190
-1721035582
1399695141
604887117
-435291353
-32004932
-1061950074
1811586449
792407374
393340756
417308829
-124146270
1924268842
-1455263770
-383107743
1270255640
-1493176509
2035372329
263491511
-356937968
1688143856
-689729391
969714696
1830679344
334048524
2031217652
-274633203
2134997991
1546343657
-1441540752
1336840428
1467783161
1399600259
1105447307
222934152
-1939398086
2012788472
-783260773
-1553341420
1596303001
-688129993
-773860249
-1404538391
265778016
-980437256
-584999154
-1189921638
-453117255
1192063467
560250919
-136990396
624576627
590849075
814129961
574562089
1430622214
-61483755
837913101
457322624
-690612524
-1881837844
-1457042639
-453862266
1215430321
246190432
-1063286401
549676760
1178973349
-186953001
462342862
-1684455420
-248772624
2084250922
-90304377
-766911652
-1217254067
764629404
1173411467
1264209422
-1832766853
-689651705
1011981396
-715404431
1547871736
1850637655
-365208486
2137477793
329414415
-116411076
-1778870857
-1607589555
1538544149
893588251
1450626061
-1323434033
-542311186
2117779013
-1963482713
-1284130180
1934391254
-1641847446
-1061752866
1712806973
913434205
520621391
1127186877
-1179976098
-1105820493
1219991231
-2111941400
-1233239643
-1314116315
-1683476546
805209273
-910572378
-1600114201
33825796
1790329771
524757845
1217105684
-1831944023
-120617221
274172892
-1784301326
113721116
505235596
-1658628945
1419741817
2124082009
1566081802
-1871052836
-1688201195
89586010
-1488040878
239675303
628452010
337493454
-1645563375
-2136485802
1302816473
-64340472
939670698
-1033110712
-2143591295
1835551546
-462013347
136173388
1297824392
-1315529502
1450067109
-243457489
16433883
-1186226557
455309792
-1006465130
1908611762
-930290536
-1839164107
-1961866994
-1287970024
-1489732411
-1750875471
-1977492639
1691944362
1700695375
956153267
1904026923
1612759454
1758263246
77320074
1407916716
-1213201145
-321522911
1688245340
-1122471202
5756502
-296890207
-53892535
430674377
812175907
-1490329448
882814671
354305046
2019492141
-173430284
-574083473
-1421926430
258378399
-140449481
-286037359
-2061001003
1174587029
-1610872143
1922177444
1085359474
1303737565
1758401521
1276347785
2001038255
236723201
-2082066312
942058545
-1836549432
1658180741
82597296
862668420
-1541753777
165938284
-1631342052
686938500
-961161592
-195244287
1352227791
-1119275598
-611307021
728644819
434172450
769263792
1684210729
-300064768
-973330783
1698129191
-2114245653
1897724086
-1810013883
-1911200534
-837252489
-439656969
-583797784
-167425701
2127668765
1210035867
-2086432524
-114770419
1995858450
1498058395
-2039482018
-553377366
591781764
240055435
1319179730
280099095
620289006
1260112744
2033381167
1345843413
1080238253
-1141412716
-316130762
-1444933462
394516434
-57002467
-477271427
-1317075584
1032182328
2120597829
1101365417
1488627084
-693220647
167411006
-749140005
-957214030
-2125917347
-1807371724
-661457302
966467367
-989325837
-130142063
717120979
452909143
-398251932
220606588
1800623597
1467571209
1255418981
1502422433
277868384
352279489
1445714220
632589111
1432287575
2146300517
-1762588091
145157182
-1807518092
2035265571
-1488607323
-629101559
640457988
-804519791
2129230591
-1604431109
-1399546252
-299610347
1764001366
-212049003
-1652559358
-948662906
-51925037
1079049135
-820373833
-2036137709
-886319401
967296517
-1425538925
960854371
663004756
-464715787
509060362
1140872702
677230680
-1004759162
2104973999
80084459
1152245482
269919660
-1827209170
-224154215
1700111897
1122683081
1216355968
435339010
-971283631
1434461047
-1794016679
-946614259
512255472
-13106300
744343779
-263492813
-1827660520
1191540029
775191473
-1464986011
1277380294
-783005969
-1797859346
1082387501
6192163
-1117896534
1661652180
409608979
-1843089638
-1456106424
2027961700
-2080692415
1022061866
-222836307
1108652371
1412180585
-326632580
1695329103
525115715
1998147046
-970350537
-628558088
-350694862
1382533921
-929125101
-1710958902
1882289207
-1644708298
-1387847892
1228039811
649590890
-199919914
-437196776
-1551841022
1709953572
-1795918994
319239227
-220425718
634230632
-348362103
-1975565735
-983136187
-470862688
-921500046
1166188652
88474506
-1486411893
-1902954724
-1384128073
1850501986
348648821
239943238
1481122330
611555784
324817065
276355546
-1007621464
-1365694928
1945870628
1815425174
-459846794
-562766646
248636555
1439196397
-1248182603
-907483641
-743368355
1670050351
-592467709
1051615835
-1355699860
-146196505
1675135741
1615429188
21661577
-509094013
40777752
89932427
-1218382722
-826423238
-691296591
220177610
660283200
283198762
-1632424607
742300717
977278053
-825034304
-842907242
-2117648772
-1365069613
927273052
-1941304481
-845010600
-1799582791
-881719501
-151199098
306232260
720964547
-548311177
-2041706269
926344167
-251651191
1178008246
-2073938449
1652393231
-732745401
-1735755137
-280705129
-295257607
1803984339
1225635402
738110546
1662875471
659314379
-1206961255
-211199371
-1340190095
-2111524851
-684225446
-462853947
347041912
-1948469140
-1550823537
-35546035
37347703
-1404490337
-2093258704
-697794702
-1731793917
1277705084
1531582031
-170404284
-1056437003
-620529050
1182959229
242123798
-260526227
-1198595836
702837612
-1649232304
798286106
647535923
-844907051
1909155971
1745913529
292096061
-1688592741
-1142581827
1974392027
514927178
178214704
1554688798
403837162
-1306951402
508134456
1779634091
584572525
157941220
76379755
389600609
332831882
73363122
-45009473
75229069
1100257228
-590231891
-1971252539
25840218
-698739673
-166594073
-1336284590
-1191952469
-1026854088
-442671034
-1516142750
-283286230
1040775888
112186303
-537915590
-1579606111
-1926889549
-585302588
1690076108
-1408112760
-257853284
-2056484870
-686888866
-1363129634
1218854276
-1480842193
-506264468
258979900
1350137635
1134927755
-1979760435
1507616550
316801718
345404676
811744021
1326903716
1153158659
-756444393
-886330565
1313829649
-1533644902
-1108653900
963346298
-2093793230
-160530596
1627032953
-1056157061
-1327133559
361067328
-1720051421
1752997811
1749848299
1280574548
1735851585
848058890
-1309538480
1473208322
-552485847
1933232317
2018447337
1610197397
-1340998608
-913650044
1816712056
-1204121606
-1428394476
1932656374
1680111323
1585773514
-1585088579
-44489172
-628214808
756750727
674409509
-1366363
-793203840
1209156645
1688747411
-245804695
-648624930
30184396
553574158
-175465360
-75256272
-927591204
877775121
907893571
-1043213720
2028989233
-2063870598
444161507
-1812801453
-160176729
368436936
95066602
637009641
1407141344
-614986107
-455425552
-1471452441
398180420
1277306625
1170370352
-1669842533
-905316279
-1735928768
919650666
-35623682
-1237254924
256319541
1431476490
1474102535
1596623262
22029871
114347912
-1917461955
708579067
2088206738
1819218450
2040794510
864602200
-1688964150
-1886698903
669720927
2053726499
889648509
544702984
-1354625052
-575017296
716252927
-785953910
1904669360
-447266246
-583871478
1883913804
-1404235889
-1718560985
-479396178
-472547247
-1988206957
-1462443633
-2093046394
-1767450010
-2109285012
-1674559234
-993314516
-637865338
-1559149571
-1533781127
-72452882
-1021163393
-1413353941
-1452202817
197693121
-1233725228
-858386697
1162991056
1787359861
-1001485851
-572882738
-1693509454
1229782058
1237632845
-317798625
-1106137998
-2067044862
-1611141237
1480463662
1716307305
-270770921
-1627555869
-1256100313
-179851840
-1871089233
278522502
2033922678
1359112757
466605742
-515344
-280121771
-1275500770
-856513461
-512922479
-795640410
1934127534
-262008314
2114873263
318363906
-1792179850
-1200104487
749918346
-922083311
1462769198
588793517
1531233472
2100376859
-331731531
-1693812721
-1843821837
1172864479
-2076436906
911349027
-1512464216
70098339
1489281357
-636527400
-1788427662
1056128140
143358345
1930047837
-696458673
-570003409
126067378
-614480685
2008977489
2055838055
-1645714324
-384705213
1202854272
-69285016
-1357437475
-1447959599
137345278
48828436
-584254099
-1672400079
-350275732
204283277
814151884
528701786
442866828
-657501941
246440248
-1932115846
-1211508953
1341522670
1664778240
418345769
-1935573199
-1292597226
-1968330941
1992093664
-360376790
1343517810
-59014403
270221228
140339654
1326969559
1222047299
-29768674
1477573839
1223247378
-1294595891
-1826525051
-214263222
-157759681
847685813
2068931167
-1095469352
-737413796
-1243134850
900205835
1478329439
1574267416
121667927
-1073287997
993975273
-254359567
1399689631
-74844982
-359046709
-221579907
661974955
51064033
-1009383415
233323015
715882695
-1119997442
-1458744583
78581597
1706583163
-1875472832
-789576667
519290087
-1620052978
-1310254052
202706806
-344059909
316716623
-11015972
726613645
461096304
1448430482
506677834
607069812
2075621488
-709192199
2032278440
737956725
2085563026
1678352884
578442722
-2135240886
-1614628568
-2092362998
21133062
-1719638666
1860424660
-2119034664
-977310477
1034897905
-441038751
415314010
-739641520
-1277032950
2129180623
146486633
-1501317952
531550089
763037871
749963396
-1538044077
-282677741
1739139761
-1331147566
764574783
945230546
1753612155
-1458175385
-250625329
1381680724
-1743029061
162791622
-1171177830
653349043
-1985848449
1679791526
-1306210056
1868709878
-1246435133
2001980408
39679410
-1411125065
1485163339
975707945
1548005112
1846787333
324850355
-34562396
-855491433
-276318837
-634838076
-1627503206
-1817472406
-1285535503
-1558620664
-1889105147
1062191633
-1891467902
1679775391
962948585
-261370911
1133093134
1649353812
-1575124516
832473883
1040814865
1046788330
-5390391
-449662625
480840980
-1582386244
-959635728
1669891426
-2018669229
-329213564
2023242288
818960606
1829291935
-752304774
-1589803640
-232658486
277987461
-753719392
939055067
1108091595
-1223559504
-1182528420
546786547
645656297
2108767883
-139876026
1791542215
-1668279163
-1429130198
-294741181
336887040
-1915008118
185821034
-17628718
1251646905
-1661664541
-1152145834
-1255930971
1092917894
1347193132
-1190000180
1802406003
-1667051849
-247886677
1012836447
-117228532
-262814754
-444586367
-485289089
1424961197
-188355187
-1171397348
591659735
682469013
2123685220
-1692890641
77058550
2047669976
1365193546
-1851888027
1540666417
1468624754
-526987783
-623655918
1807991494
-1730233698
-927924288
-1605950421
11815236
-1329513624
779930500
-1036312008
-1698892758
1907769729
1831955975
-2049321465
-1399929394
-803527086
1040562028
1757581539
596112768
-1277647021
1109719290
346108422
-2014110481
104927644
165579551
612486731
-599697462
1500320443
372846520
-913662169
-1378600534
-413908280
618910863
955346138
1675017774
-1524909129
1578203685
2023811041
-17655961
-1008315923
-1067040080
-1638554194
295796343
152519189
-1258820250
-582896486
-2102367628
-709793741
-591117828
-71238886
-1803234927
-1131785224
2116300905
-1667770832
34756735
-89534888
334145775
-2133284059
-1200516080
-1448893351
1028288603
-802922380
-1611742946
-767374546
227439754
130347529
57775786
-1413860988
-1587256017
1566610603
-812804537
-234827238
355570900
-889774923
496795320
-901522537
-387553762
918723596
825935064
-1347223145
2051328340
95382348
1100494522
983059206
986877473
565121604
-1970459376
-1326583375
1526238617
158122916
1166470864
2008688410
-866389895
-1004445708
1180969748
144822923
982455730
-1380961336
646229313
-1398760339
789306664
-1944787662
-1495421077
753261273
1279351478
-2101459849
1662414584
45822831
-275040907
2046358532
432465794
2018707046
-1408682178
-616031326
-617818110
598341348
-1041117076
-155608344
-297175510
998778000
-689794074
-1809420559
1587311633
1650715236
-755110052
-1524154545
14105621
-1666107705
-1806326833
2089829951
-1926396164
-1924804390
2102772311
-1916336099
-795430820
-1540612334
727462176
1685556762
765816125
1606632198
-1982530379
458627115
-674117380
-559636855
754186624
569735748
-1419015055
-407628293
1504213393
495556806
-282496172
-297688100
1458576030
1374730293
-55847972
-143126111
-746983350
1859490861
-108028760
1035856330
299601578
862417302
-854012702
-345311436
-1314014972
-381378538
357157537
-913971797
-721504039
-1073275193
1806646159
-1637689405
-605773531
229267497
343819211
-1674246681
1272578532
268183898
-1541583088
1714600626
-902574120
532326532
235784214
755777661
1890026633
706961045
1588552248
1449890872
-1933264243
-2133858251
1841027414
1211887997
-273298935
-1660472844
-1679537156
-724202526
-154195593
-1033255997
149394371
-1977939570
263034537
-1605185626
587939831
-1067740402
-1742779380
1085208486
1666651770
-1079669655
185910833
161808139
93142759
140725105
-1533420151
343661258
2111273977
-1344512165
1067464816
317510972
-356247762
-1748288110
-1519363732
-741885679
1051943591
-354392121
-668545611
-876988541
-226429614
-469147828
-738770952
-429195827
-1035860662
1021508002
-1639484585
304885214
-559643523
1176758864
1246784180
747646538
-1475288178
1279628790
1897152559
459736448
510303997
-2139192671
-899976980
1398387778
-1083573627
-1149044385
1985257753
-423869615
1212911301
2041949462
-1214374865
2072410215
1278774562
-524584303
2083558775
1911449193
-1986732565
1107465691
85388495
-987804452
2072935613
-973162288
693566381
674921113
-1793345752
-304011536
1143713380
-361289796
-2058604142
-1364419978
-1980699226
-787383582
-1532307877
-1376620888
-1239016375
1409822098
1722618689
-813196432
1072966990
917210107
856557830
-782936532
1039177246
-168326177
398102864
1079143362
497459477
-673261873
786251471
217032694
1409606724
-683007080
-1679311964
1863507455
962912370
1004841725
-2006373887
2002871894
-1430320028
1511261093
1415015180
-2041305647
-1711419298
-369766057
661352456
647786992
92681705
992785252
-2003895882
1224894071
1932873685
-1712773533
-2023986696
1096450108
-511861119
-953004765
815238072
-541486782
-1975520167
-297937699
1938846983
-1544855035
-223371617
-236623703
-1445992568
-190737385
-1035348370
-348428237
-1635855601
-317351445
618970620
-735586898
636542596
1144117232
22703647
1779543815
433330957
-452771103
-1013393390
-1809308066
1376142700
2054557531
-1775796360
-98406991
120732069
-1250605393
-1463791456
-494663206
-379683613
-844212999
128521993
-35725125
868221339
1471603825
-699443159
107706038
-1498248719
1214552576
-1082091926
1407389539
-1293267877
-234125546
-1430962060
-368138884
1275641475
508650682
1350881457
-2009534948
-151475598
-1685001246
-188882675
-1210000600
1209266666
-1196826876
855979773
1559056653
1482138642
584030444
-2020930621
1618609067
-703510184
1605448912
-1332341521
1952493200
1991936402
7578529
-1818750680
-803136407
1399230566
-2002304349
1635245356
184398260
1635177452
-1796749505
-168209132
-1303810374
-326950511
-663841769
233539036
-113271620
-21293762
751618907
-481692893
1619827308
-1329242440
-595348902
-33163986
-1439532130
-1149011639
226966107
-805735630
32206911
-1821984352
1428144814
-1026261550
1305945733
678286837
-128096259
1005293030
-295723928
-575648656
-1398770457
1273260925
1377113168
-909161525
668977103
328991013
570958095
486146613
-510705168
-1400922263
405011728
195917433
-929721420
-1388809062
-361062191
-1523167393
-1176372666
1278229714
-275297138
-58905262
1395114597
73559605
227646
1460435522
-1890671493
1583179130
-1686805310
734581707
-75215379
-1148496215
-337728164
1992520599
1707912116
1695745573
151302237
-870303232
-1649161684
-1776513555
-206331870
125779704
1184718380
860271390
1798866240
32771372
777734998
-1830973508
-1042440450
1284696935
192265135
1529582769
-1595418877
457103412
-1172005775
-1974851564
-1454687152
-924247097
-559705056
895968175
-1489520273
1176343581
1820771802
952809403
-1291945492
1388650338
-1236797965
-1237682707
-589057276
1052362898
-341253183
-385840971
-1703427172
-1738630559
-100602701
367844036
105766772
1462189151
-1806087000
-2036845873
2106964380
-1072054697
1402769277
-367884397
1434509862
773273080
-967637016
-1101787112
1270074140
-1520561481
1689214851
-1384606664
881698996
1669549043
2118882347
-197082782
-284057406
-1857172135
-1138231669
-590510181
871300461
-1666071159
-259850765
1162199750
-1026730203
887077625
-264632978
-1101614044
1239214548
859147034
-1278196206
2105806877
653953363
404600760
842703513
-1555782592
-2101745377
-53762394
1382291504
-382412409
-341824692
-1467369575
189261967
-243755297
1577315001
-1271376812
-1027878583
704268264
-626576252
-1897177339
836101220
-1932719111
1450386624
-1383750930
1618925100
-959164058
-536602011
-83350712
-1854221244
1194549508
2133898887
-1438276509
2051029501
19635693
782572235
570960657
-1349208598
-684163712
-1286661355
-725995963
1851700403
-1784382549
1206867590
1116292854
-1868421847
1958907756
-1880200283
587475529
-1635980901
1940644756
-86721573
530782702
594053735
-1541810227
1421242916
-1514375479
910949843
586190303
1187823875
173890005
4299037
-410089682
-779056202
-1885841595
-542998832
-2110122362
-1908805973
1062916075
-64348584
139307547
-1144300750
368800989
52009176
-951045686
-1425655181
-1799691947
-1469309125
1731667365
538069921
-1533448487
564829577
736358574
1199583599
846440347
1493059451
1321649121
702735043
1082719010
688314960
2142049655
1422062249
1436981544
-1259165727
-1889382295
610919306
1634375366
1638121203
-332564430
-1758266980
-307117618
630113484
-945896231
1811038364
-108738953
-1162521592
-1832092882
148486331
939494207
-1310264148
-1706130093
38788821
-537401587
-980352645
1379700605
1084883944
1574376853
-166261112
-1133859588
-1678759997
1382780416
-1489853172
-329463432
620186365
2108628939
-294492039
891906684
1182428200
-841516562
-1545733938
-100104904
-290872249
2009432129
1078273581
1658023042
1026168444
273290011
-1374271062
-1769530594
-369580283
1274883388
-2097096859
1462394430
441232745
-1345422356
-1889108518
1888330827
1891046893
-716909213
-840014217
-428706843
1485678157
1423192427
-692884626
-83570904
1366907304
889718851
2009028300
1416693553
33163195
1354382278
-1257079094
-872102944
908118866
1332539084
-2036837533
-487439394
2112216058
-77599024
1465823526
-726066975
-1550463237
1331729363
-932246195
-1515723730
-1440910460
-52610433
403033869
