1473624931
-1305023508
453360902
-203968257
1182030965
-900412272
-1141876046
-494414245
-2125008795
876905104
-1997906519
1490832712
1464654026
1769884671
-1359205579
-163657452
79823835
-1867169622
1459230938
49650522
251801137
1598057104
774639035
-1162656873
-1295516464
823685522
-410823108
-2694148
-1424673945
-229126554
1709673960
-830558331
-1855878441
1637267665
1162724245
-284514999
-587076623
-1302641387
2111519686
-1832964844
1568805507
-311860057
75986255
-937662158
2126961813
-783958492
-1647881153
947409293
-965752336
-755396474
-1157261575
-491328518
-1672319009
357897618
-1052051036
-1730333233
1817371961
1322325908
-1329943612
-856649032
-1568118114
721923662
-408028119
-1369582390
-1949445377
2009552685
-477864185
155202008
684814436
-1908220738
183186022
-1517176315
-391083799
-904674977
-72162116
-1026284646
-1234790391
1491870009
-1350737449
-2040922087
-99033058
1244675949
1491855872
-465195374
415961128
75444877
-860833955
1725210420
-1835925044
1538614349
-246737513
-1042105306
1562760096
-1821714310
1132122044
-218428521
1057285029
60452650
1457657957
-1240998125
1114467860
-1505847756
404443163
-721017832
1602999389
277028322
-637907466
-1555781143
110612588
-1208802075
688328326
871461025
-1921312723
-1895477368
1757015287
1296323978
-985647790
467123752
736086639
246919343
976262483
51410659
2131675066
-558581841
980751798
1592669839
1333425449
-1272792620
-1837330288
450944238
872455350
-1079670429
-1600115381
1572857887
3541612
-129456587
-1699382872
-215436458
869070597
354024838
-1933930745
-1225429809
-232458028
303059724
667469798
-1889995009
1080991461
-540629173
540985767
1111173389
-1026876830
1012346663
-774183275
-600563072
-1535993288
-1254772550
-1534387160
-633559496
980565241
1334991207
1028141448
1846849698
-566444797
2076926255
-1482311089
398507302
1935096546
-1979379902
521732499
798060260
-1407333902
1734669273
-23781086
-1825533792
-214850743
-1511625918
842713359
1617534970
-1948441901
-1316241860
-1514243219
-518826014
299365053
772830084
-351256486
-1746735542
-1298659049
762750639
1409029695
-985073380
-570270796
-1156417478
388670037
-117232019
2081975892
-447485217
-1185028758
135099379
258875140
1673577001
-1086457628
1783624116
1392858309
1670723146
-825878522
-284222464
2078504044
899387692
-1851623055
1845356705
495894472
674760901
1339276526
-1675517104
-220200183
-89691473
-738922134
716838249
1282880607
256142583
1959622465
2052584674
1508370913
-342837196
1520976575
1349963385
-996357712
452722395
1182679778
1905188652
1639929948
775206354
1301934181
-941190930
-43791995
695419458
1916160249
-810381673
856602309
703180977
-1862550827
-2037472485
-660283187
-1701885617
1482802289
-1236740098
-13410611
-870279793
-2111550323
1956349703
-352264167
-794711303
745010807
1644843827
2017387529
-784740546
1478030990
216087788
633080864
-1021523572
1623468801
-778812038
-781783953
111637795
-538805028
1118918074
360906299
-1877317336
1183501637
662526988
258447581
1152829881
2097083138
1148245393
867898601
380540481
-1144222659
-1554565482
513441170
-1885665012
1317185675
-451418550
440431693
692116509
9015082
879149495
1522805427
1754498879
431629706
-771401233
-1011640661
-731526311
1311160846
2015191429
-220576569
-649650426
593442579
1037040959
1689808110
-1947021211
-1718156752
1839000585
-649843396
749662252
1890782143
1409268267
-725020891
-851027453
-55913828
1188066238
-1084736800
-1708495345
34562092
-1663530404
-276955902
-352432180
-1623752543
-2031885802
-250117528
1620491807
2025896827
1939945898
-781324710
1133959339
-1660366767
220488181
-999674132
-259824029
1111210960
-720373594
1443312551
430666079
1372489988
-1030514124
-1252103575
-841069581
-755010858
382123793
-972773751
-1579920642
-1468524075
1605875743
925619774
-1028587137
-1279864264
-1945534877
945826368
-1621481107
-2018488797
661801464
-1208118353
-708221498
594225193
-1223154619
-1041974220
372906472
963318290
-2098730638
1405410406
963088928
-640046115
1775660311
834802798
775166336
-1212725496
566408758
949365484
256579829
87955982
598443627
-1010575844
1608356760
491169840
-1587961759
-850201804
1891210308
-148610696
230916488
-485601263
1777492072
341688058
-997817596
1101130513
-1571257315
336813916
840734184
-763179710
1516112762
52291481
-181072221
1282925243
-1124827865
-2111656959
-318098502
-768772790
733440560
-530881149
536118199
-2068632241
1569695515
-1026722002
605546080
593411303
354976316
275875829
-115983060
-309618356
542214982
-594250574
-2139748622
525493882
-1342390235
1707531885
1646463715
114882838
-1020120309
-113190691
-967164230
1854280331
-2091942455
1693678894
-172925903
-277726346
-830826913
1708811524
1711135158
1361141827
1536481494
951800255
-1226425761
-299428840
-1972086196
-1314749440
-1910249190
-753820175
284612943
1447987052
-2127883480
68563979
-622665874
1101428399
1532048843
-1195701882
79751181
-1367213116
467817277
23204421
1377804409
247107698
975176420
-345923304
-1420585669
1827783449
-987443004
-209304547
1861476529
1810924462
911843381
782992226
-312824103
-1304445693
-1647180331
-1429248561
-2121684368
-1545945525
-1145058113
-220274621
138389307
1793079517
-1602413828
-2101898500
621682083
-215034312
1085270329
700283195
-619558009
1613146695
-1275018822
-1893109977
-1797321138
-409401883
1846147726
505393649
979487290
-444306014
-104603900
-823411144
1700655876
1909635271
-1694139299
1890660527
-88077916
271293591
-1359411774
163024125
1371677551
172894167
-555875464
-2039410972
-555135385
998765200
-681393839
-1900353116
-511416626
537462291
-1920880539
-405300831
2076848636
-1187004098
1869000706
512371779
-1589783950
-1453835012
-1347718688
1237557789
1910368558
-273746671
309947801
-373174447
-1944848320
381597975
-367847593
999382577
278846108
-703714877
-634565170
-1277503446
202138930
404833900
1386034029
-1073948451
-1778154181
-1313354034
-1183979825
-671887474
-1461620778
-1662419702
-441135497
1756492481
-1052657965
876436465
-1095603268
596658722
372397773
938065281
-1455888126
-424938843
1565659773
-1640065617
1999689514
965804269
-752308403
-1743504026
229101131
1673962993
-1125259477
1463083471
610002337
1978038749
-152231008
391586771
-915261755
1680019765
-553560544
2124721117
-1808408546
415252544
377848227
2033169892
1033910935
1614917795
399231348
1466358184
876754578
-700797621
1777736008
-758738117
1848775707
-1024178032
-1473725807
301748162
1713367648
-976404329
2009099028
1051132540
-1142508959
2022262263
-1581594439
1729988099
873908451
318474398
-1759959391
1852001746
-665707607
-959271179
-739041411
-1476908025
1126266342
-1089823934
-1972405987
1689792360
-529686547
-1209359538
1127165255
1707924907
1195263530
968695367
1293921226
-1560195599
621534037
-69767961
-664360495
-1763776621
1309731299
-1789403180
-261418372
-586102495
-337999680
-948887478
-1927025492
719854503
-350296261
-1603207434
219105822
-692333006
1591485506
-517288667
1421906875
1434629522
-1338972978
1045144606
-535378131
1722707040
-209494624
-1096728885
1763735989
1899712322
1671611437
-322811490
-1564691397
-1168637587
-841327914
1343311025
1852112038
1111287147
363629659
-2063494097
243146861
-553429474
123718289
-652756238
374510702
-1949766652
-1930550189
-359285907
1202879998
1147884219
1283704502
6073036
-1990018752
1609396936
-2117608064
-1970503079
-1706725190
1700721555
-152140071
302816033
-524543451
1294686645
-951464382
1118683095
-1922306940
54936950
-1510284601
1262549239
1770726263
-1845586543
-809239440
-2029226194
-730946608
1771729465
1510909180
-424001544
1064621414
-897940384
-230598703
1651671179
-1948006871
-22880970
1119530285
-1920095501
152955510
543969775
1970767010
1013498237
66195116
-16166967
-1026760000
-1062701991
1191202303
-491426739
-1409976813
635303290
293020299
-1575537196
-1463945393
-901077311
-1308040532
-1932523444
1553651914
-877787559
-2127872116
212724284
1025833257
-925139612
-1665689347
-1280330236
1235373406
344716503
-786679160
1766593385
-1810188847
1857639585
649844165
24118609
-406293795
-569356014
-971387412
867307466
-2118718339
619129466
1481058476
1703098960
1046069574
1122910992
-873646021
1190621775
-1391374184
1488563990
-409972051
-481095194
2016490512
1385243449
1349921417
-2061267219
-2140120000
-555358915
-2143249255
-175794631
-453917534
681878233
1929840386
-6613218
546304713
-2137828641
-507150957
1347945268
151303384
-515275616
1922723681
1609877086
673829688
-111951475
247501203
-373179640
-500782715
-50797279
1052517241
-251191633
-1607869752
-417165570
353361891
-1840166234
-1249012501
1700270934
1883189168
272708886
-1875372183
1875742092
-1423412827
368410181
-1812893372
1786706202
-1206162561
-6255077
-1904039364
-1452706636
-54708150
-802912798
1057082173
-1099754578
-2079569933
148245069
-386827752
632545690
-2048113636
-619501125
1125260406
-1428620235
835382831
-1569987908
1563276808
1518659458
-915649867
-2047996205
-418974205
2065596471
-1426215448
-805390979
-668522549
62009432
57965958
-1975055502
198048494
1537165858
-1388921881
1188799018
1627477587
84258089
-1202147247
-1926722654
871017138
-1132062268
1385971851
-124422561
647133254
-987113816
588500912
-729741901
-1293812799
-1653830446
-1458325948
-2057115074
-1579272576
1957526954
356165516
-1109885257
1938736640
83588965
1191876633
-1067979540
-482984305
914434986
-820971098
1870798599
-609682106
1309527160
-701079517
-540278510
1793762614
-1450175674
-1279597551
1908135612
302627808
-501737877
2112214544
746563932
1639192810
-447311680
-2101045323
1500385846
1417026832
1859551107
-272781919
38987005
-1606294440
-1785185666
-310747442
1920827033
419096457
-1551668633
-1694862036
-1113670614
-1198145315
-2087222902
-204803220
1675681355
1847789557
135830181
865195034
-1065100134
521632012
-2056199662
1907238385
468512120
1821563759
-1889735381
1271732586
331367949
-1534436564
2122032105
-1421225066
-276277618
-1814935031
448831694
943135277
1188955842
-1387365448
-707646716
1934568677
-1153845567
-1689276088
1162489542
-688431096
466421759
-174602275
-1973168129
-1135981504
21082760
-1746559325
1897247536
485795765
976874124
1032120319
-701335402
48110681
1949506078
1433229831
1093199243
2086186882
-1623985352
-348130764
614287404
69635768
431693314
1797800022
1604165947
1364153808
-1108080813
-1936528185
-103055289
-1598348743
898339703
-519442973
-1369113078
-2095380587
1322694962
614080695
1275623697
-1576289909
2023311621
858601719
-953878366
1893236443
-1713675089
1568554037
-1201448487
1427227058
-2061473034
536738896
-51205356
311152958
-1573233753
157304106
-240887408
-1836078971
-1272907814
-186535523
-387246764
-263139726
-119266694
-656319570
-1098281139
-631725264
759514371
-60236797
-387156550
852012731
603700365
-789558126
-503491895
-1671773004
-832269558
1213416091
-571330174
-1726017164
2040400075
-725158953
1350053092
-1486527390
336835144
1357970161
-439005875
-1841280119
76033568
-1941868747
679499806
-85601180
821409630
-894811257
-1032620642
270206460
-1989208067
167321749
-26685154
-434870220
-977354834
-1581765040
511612766
-318296989
203031255
-674398057
766637871
1951124259
941278687
1129847605
-428406695
-458478744
1133648040
2076492045
212712638
-1551587628
2062190172
990118547
2056404927
855670600
1157176685
443432830
290023390
-953181762
914912214
-1317433413
-1802494301
-449015211
1289300902
-1758410844
807330500
-957907539
-1542997058
-1969616015
1522583679
-908399756
-151027496
1982768622
19897418
-1649017279
446651084
-1234364818
1069353903
-1241535328
1697929742
-827749889
2146105456
-1679523987
1119043963
-925879330
-57452047
-2015272603
-849223596
-804243155
-1906159401
1922257913
506300554
312288227
694898923
-418570907
-1476647621
-1222635261
-1110670012
-40811519
-1709591172
1179717136
-1226714459
1151331031
1069297497
-1815848513
1086004259
355296117
699666201
696155118
-794841589
114264323
-1275062587
-342005547
1436742401
1862088855
-10550805
-208395398
2146228076
475822791
-1755172449
408523626
-358973679
-1177472385
-735013694
-1044217435
-1153289986
1841784085
878268550
1011478745
-1250976343
-1370394726
-754324175
-150321965
1847321431
-1016873614
703859488
-891491022
2104947906
-1023618009
678093838
1992132445
1787708917
-1063139207
-2097079146
-303518794
-558439557
-1887145799
-327964171
1727912463
610228152
-2044073898
-1573466091
-2081474212
1615856277
-1329776456
-1731822650
-1878974806
-1952004253
1705196364
1579908430
247893840
1380267256
732039391
3893027
2082943587
1530301470
-750810576
1882264822
-1387371154
-1996142546
-484442689
-896000269
875194466
-1253175817
1785104107
-379208377
639489227
-1218960157
-1314448837
-893526046
-772484028
-145105316
1813666555
-1182040451
475187757
-644771989
481902090
570385630
736388250
1136787618
-1762687502
1937309530
-1024636786
-550799300
1710320697
126938011
-1987588760
1594409602
-1716384778
1664438691
-966755427
-2111185809
-230858330
927222032
-1440857433
599532694
-1424886720
-1173303647
-1354524100
99235395
-1656521850
2130906616
1684275907
-17050912
32577437
223151009
-1270048509
1765834138
-1808863777
-1632060589
-831147747
-1651135164
53231344
-1541034380
-855724868
1912846459
-1067693553
-1298200862
735346826
804970505
-84307538
441240048
-642343707
-630449266
-1616882365
-1407307858
-690672174
1905232989
557208672
-1406424467
-520165839
-756761949
-1524420863
-239902079
-100414926
-300482354
2034104100
444279368
-1252676345
-47003349
-485898337
445591147
893801946
-700546607
-685476819
1929700963
-774995967
1338045
-899176759
-555873985
969419376
310944318
-177340865
882870947
-549852561
-726068333
1144193535
-1041439725
-17287796
706423762
262012724
884485745
515692242
-105547510
1127555860
-1348743228
1914962746
20027307
-415799687
1694155066
-368983711
-917171674
875634352
-1026510481
1769576571
1765152464
1913145233
401311471
-1804748153
1265313803
1589304015
-1361312007
846863811
-87872857
-1311061871
-1417436026
1006844258
-49973627
1584948545
-771638391
1260870012
-1206923907
1592090786
-1859994505
-2082685370
849501313
1506253352
-879227896
-1267336574
-2071450878
529819267
-2107139265
-982956744
-338912110
-2147345796
-1938916440
-741428570
-1802180406
25620229
1388442592
13928564
691973485
-1495690614
1013897306
145236268
-1764557107
-925303923
902769759
-1203432728
418355821
-1819914127
-55947434
-226259636
2118000615
1947531413
-2100020667
-321248586
-1247054832
-1715328348
-2126212713
-489262924
-2096123303
73829418
-169439457
-1483514954
-904310665
-1077299605
-1158739876
497734148
643061830
854111343
798364926
-745780751
-1588536342
-2082615711
1273371049
1526755152
-1032189897
1026111002
-1138083080
-1305103321
291600722
-1258329865
1352826052
1916319906
2035856792
1547393778
1002705317
-579420598
-160632130
-1914716432
414228152
941070966
511150392
-889978793
1559721890
-1629496319
-1489520162
1715388899
-933226795
1596135485
311470541
2032727482
1001215506
1582928678
1716566155
-600710467
-2143474898
-1720994086
-476736402
-1425167584
1583410456
234425928
1429385533
1275930684
-1819908839
1376237352
-357169897
-855167069
-66441122
-1008435414
-117362797
-890727052
-1961871949
332079217
271281960
-1248755727
1833382801
644960578
-222099249
-1661214642
776514138
436640504
1389037030
1745888459
-1416190238
-370791365
658271319
1313503236
-1873989327
-1755899279
-1348446983
748953991
-1984601210
1653261939
885687350
693754791
725904799
-170895228
-1944950547
2053190287
-529463241
418350974
-1075665512
-991149927
1752046800
-1291051187
-749369423
-1032037408
1132570034
1637284513
-787017391
-956724973
-1885664718
-2115476513
-1909753574
-1538406516
-230917321
879432024
969098327
-933197152
-50392070
184430780
-634101919
1933571128
-1607351540
-475515440
-1228810172
2047517856
-1467007075
-65314722
-867033183
1090925471
1644662522
-584569491
1389229013
-914643257
2120080983
373893042
-136291750
-810256115
-2094811954
1412877126
1550994285
-938997861
-1012481625
-1859555176
180548593
-393054236
1224133337
-1923452252
497529235
-2060752135
-931299375
2041906276
747449645
-1782312422
-1325779855
-2001049209
1703229295
-507938672
1917831259
-1448835488
-1790751812
-1507780935
112410222
-217253087
-559686319
-1629289884
-1079129968
-1811005880
511234732
-1277800353
-951235666
-1741198760
521655082
-1857455283
1107992576
1795338956
1741507314
-1616256068
-1466101359
235517000
1495353618
-308626059
-1368988418
288494609
-2046190618
335347222
-1046551427
-255843649
-1778987072
426713310
303511841
-505121231
442495941
736416711
-1027468197
-701190464
1850427669
1214505434
-317133373
-1731273802
495992878
-873140546
-460105448
267006721
1181837457
1923864465
1873197189
-1970335709
-1594673498
-1818964742
-1281863899
1868263020
775865308
-544179586
1560246217
-304590229
1169026324
-1896165613
678298616
-2093492575
-1492094145
-1818412302
-1584330954
748343160
814744133
-81365327
-1954770295
796408435
-1131199960
1869555600
2130256952
330296485
-815901079
2121528594
2077347798
360002663
254898090
-1318919217
1284399742
1054171716
-628337772
832768392
284493663
-60199624
-1454899462
-644157828
795029626
1308698138
-1666857410
-1234489351
2009450410
1309257301
-1165649933
-1525139403
-655037468
1213736414
-1360312892
1643585374
-1699234112
-971193247
-1626015853
-237041170
1341720120
273797565
149105892
853645380
1576904366
-1489161805
-361435012
-480101520
49953075
-204310823
1994465861
-477265074
-1200274938
573485268
-2011169932
-1951483435
-390608038
843475397
1237725421
-353149008
2053531739
544311043
1717917669
-1290707442
1048110195
-905445109
1484484809
-1489108554
-479780152
1308468916
-1978287010
355537757
-2000293367
-40214618
971587368
1053860155
1089919082
290431500
-605710576
-1881715237
-684057620
-930934904
-194181312
-40880078
-1348302111
473001319
2057756241
1289801971
-262223697
-355701739
1041210024
361378081
-1060887853
1659433427
-541298404
-435108379
-154979799
1232788646
-822208036
-1286445663
925813865
-1833537646
-1385625712
-557833660
1287784948
561962760
906456253
1202875615
1163551697
-1815301988
-1864649875
-1801232776
-123261455
-236068358
354437902
-1048298978
-1210060358
1043139354
1008464026
-165643203
-1893241662
294383539
-1439705864
869403443
1062811611
739324908
506938785
-504406749
-1235461553
-1695537063
245808007
227911432
-1661645460
2144133413
710046769
285108492
-1481231294
-1177678710
-1499268822
-1716458471
-850113622
-2041496439
-1333773924
-791313232
-1282025845
1798150103
-828237257
-151408902
1836845656
1522279958
92249942
-1578018788
-1384071204
1906060100
-184281756
426961103
2113399865
312297080
2026101628
47244590
1411458605
-1784657974
-220154801
-1358088750
1484110743
-2049248877
-496516790
1303342619
1015290681
1241127126
-1510896648
-209148976
611423935
2019612925
-454114908
-1809536022
-2075672320
1920650951
-2087549630
-1739468628
1472392323
-956133760
-655000690
-786082569
-1834250685
1534904691
454751605
-428582693
-669218634
1010554525
993254580
-1625427087
2092213003
-414805342
1141982911
704419303
584167603
-591869180
1601360355
-584971301
886582563
-1780307822
50016430
1197649133
2020757463
-825242338
492275598
1399427983
-1965171559
1396054130
97288375
349760798
1779446787
2069317763
640039498
1956034358
619472961
-429922073
-147426637
-1298694591
1312774683
696337796
-1260480686
-830607023
116531762
1957385353
-832988835
-1501602001
337857161
581356450
1414769923
-1704300364
-237265849
-912337817
-1365485867
-256986026
-1558477382
1580012564
-1994298527
572051205
-531997537
-51250561
-509090529
-1478465993
1977680032
-789672890
1201779857
1541543745
717070877
-1636557753
-204607835
-307163159
1747366190
-1093556140
1078132061
902896696
1767848168
-953299673
22591153
874724755
-1106302241
-663255661
920812979
-2070143220
-35234068
1313286396
-779628044
-553846027
1158236976
-2111021815
-871632602
1891419574
1279440984
-411242857
1916497666
1155052000
233174562
1552139760
1497425772
-1994366591
218190878
539912764
-1517277485
-184330055
-1472666951
172673079
-1012292386
1479181709
-794967945
122564644
-1729262268
-259919621
-145328257
985251585
1926337275
1963191629
-1087295652
-876632325
189323668
903370162
-1316964607
839912227
-346996507
-1871727863
-600724722
-1007984030
1050590952
-1737795072
1511341137
1711510954
-410520606
-375335331
-1707910514
546590062
-823829305
1570256795
265176962
1185817171
717670364
-322301256
1457378853
70755623
-822546530
-2099557043
-664217040
-136154606
-1248895006
2053244382
1804045278
-679361782
1514473789
-509596301
725738485
-1844234868
1942496933
2069210727
-618056697
2057418632
539777367
-1634403201
1555857141
2100678556
-133685509
-207418818
1251694004
1652929669
1282475526
1939545974
881015891
-1689589806
1499219040
-1172931294
-598746308
-934656039
-1776315322
1823423091
1760985273
1131859183
-752321680
1495525160
-1124485446
-798595630
750674038
-1587380446
-228986667
-2116835478
1493570158
1645642551
-1428908403
-161594447
-1312577830
1304382278
680717782
-1419281426
-356396607
-1458510454
-2055296552
419889704
1788091419
1857230643
1720328691
417856985
383491185
1972851250
9860355
983902178
1569461701
-1353206700
2122456292
-969526849
-1003904850
-1331797102
-410077640
1735388155
450183879
95804326
-1561001881
-1480859674
226564170
2119696609
-43361817
1011044484
-2012548105
-690287557
-2016723780
-1038821689
-1266247366
2134418603
1733459778
915082497
602862732
-614680135
1744657706
1940782483
1929901592
686748497
-1120367423
1303398634
-575606110
1185073880
1274209400
-347851092
1015131812
1162322308
1341543584
1435772461
-913672263
-460101656
1697659252
2037191207
1404170303
-1439192370
-258061988
1356929962
-1296993994
-92661432
-1809472656
1184059473
-228907410
-1417226231
-1997684166
691871670
-924628767
-1186712080
892425920
-99535833
597171037
-1680566811
554913728
983999129
1846185318
-127098392
572952893
173188572
1533257817
-269411481
-2093277126
-1098491632
1992370900
-1036985137
1844168389
-1054268073
1211496021
1019535460
-1986825162
1782568651
112276257
-219586475
-1073619528
2059111602
1440304742
1430283274
1203446536
-2075461392
-1877592413
-828420415
1577483133
1220256444
1524136519
1125008216
-1395904697
1243619478
1675701400
-113675925
-511483653
-288653960
-198658858
-1308516447
-277583026
-1065271989
-1371477089
-1361410237
1352455968
540849308
619784853
-1418013426
298724796
-286677105
-1315884483
1934287689
-797889698
43213843
-359527894
742162712
250287604
372165463
-1879949478
-1333306606
1882930217
997654140
-1756551969
879417617
-800923490
-1449418101
-99943743
-439384758
-1668672134
1006301096
-265150686
1856983196
-579318748
-1324286073
-1481134685
432883756
-1574986417
241766175
1026568454
1891274801
-718926538
-1040930914
-1784198380
1001371660
1212698664
-1493704036
-1267763519
-459359333
564515655
-335987310
-1591129971
5457358
-222425716
-1693011827
-330051284
-1615067015
151215373
-838271970
1101923945
-1848558229
-345508734
775512724
1238062662
-918969152
730701061
-2032320404
-843331480
420516979
1820938264
-699516920
-1295363663
-1220219593
-1061687828
1544348831
-279298514
-1036908410
-1003383840
-1253619595
655807796
395375609
1715296071
-1046779317
-1439261755
1576111578
1912563822
140629527
1137039671
1288722167
565699036
-481102600
-1677573609
727125432
1888012251
957706339
537652554
-1474075020
1226701879
-260893534
-305268875
-1504676609
-201708987
248833663
1682143390
1253350279
1658318630
830365756
-1016877037
1896813216
-943799731
2081098181
-162887030
150822556
-1302371779
1597038632
-740235639
-1891482080
490981783
-1543684028
412760839
-1637016077
312143955
-924235584
1024689235
864648729
237559117
41805631
1673108277
-580078560
-211301373
-1743846191
-1856284078
1354204857
1282370205
295208364
-1813105196
1291329161
-872188884
-448851941
-1777194678
-104781759
2071669558
1688325813
-1085530164
-766999573
407337074
1665769938
649869922
1550914951
1962258895
-212503493
713529509
-1706521898
48844219
457877280
931366823
-868537740
1290208929
988531022
-1658176753
1942814764
858796722
342298016
-4230008
-473367929
1083528167
-296667978
-938623652
818662822
-791468985
-923214363
-343206309
1025093457
-604134811
703165293
188629505
1913339983
-1259281876
-97245711
296488151
-1588644105
-1980258850
-2104972509
-1431947239
1979948807
-346815654
-896617538
-1857295720
-628964685
1935055261
-762557255
1260768226
552407297
460659338
108306361
1766206879
-2093312685
161033453
1530775238
1677190973
2033439813
753724093
705931073
286050255
1213931961
-637894751
-1410791403
713474610
1087161391
2135468981
38229805
1499805553
330135897
1307979405
-1018113499
1628570474
690237422
1500667513
-1108343229
-511692879
2119502526
-829329398
191552424
1523085491
1554055430
-920702507
-465657918
-1154625250
-1144082427
1476083830
579715844
2050436992
-1107938866
116782807
-339788327
-1355779538
-413987488
-346710350
-528822059
1764791654
1253872627
-1738562220
489460781
-252708936
1052131220
1958336674
-1460827543
1267501217
-2079398157
-734793631
72755799
-149963400
1595857531
-1412831311
-392489918
946106509
-1658700125
598993626
-257726876
-1666642290
154023811
761322826
-1932827496
1470936620
1964292522
1434762206
-302160045
-1523831297
1265898542
-1925947552
1626752469
474862759
241993731
-1667472560
774483866
992603955
860323984
1719219431
-2129778409
891222469
1275150719
1632800344
299868066
143122037
1298079188
-2099453352
2053294257
-110872971
944344129
-553157664
-534593466
350288246
1354935479
124147249
1212521130
1202863946
21435200
-1525485288
-1045701288
-1391134773
1206905867
923772275
349836092
140098810
545967304
1978482163
-982847459
893920106
1833748278
-1020602334
-1984186538
-960746273
-603221767
-1413197400
-1972643380
-321535695
-1186933584
-773601847
-2023489765
522998134
1774780487
1039064881
-1431835118
1509362015
-779082615
-613350925
1299843169
289157858
-2055947784
-1091595825
697191824
1226879001
-1563336992
1053153459
2037782835
-1600475287
882631337
788156804
-129167268
173604326
1847145069
-153658595
-1002245552
-1864197130
-888472886
1261279127
421871740
-586647500
2117407480
700873674
315027881
1929213078
-26868451
368169748
173253742
1225202129
151996383
1669413720
1082066150
-1392796421
-47252165
-1322197687
-396863069
2045254514
-82425196
766305512
110455778
-1618726660
179609103
1196916299
648494847
-1882829777
-1950255843
1592482463
-2061612245
-1908513517
379811928
-1403846289
-720687269
1058208261
-2087911277
-338857435
1063521923
2060875485
607344939
-1812145711
658902019
120154707
218583971
1006919977
-814900383
-1266668130
439025776
-1213835568
1538758457
-1113005475
-1010196208
111426010
807949169
2014898874
-1036769440
146172048
756358832
718749645
1970656815
-2138474641
1088415504
-1622455747
1396299533
445346934
-1300498927
-108125907
-1307322007
942906017
267253713
123097940
-540340518
1108556208
-261570183
1265933933
-630712132
1386665516
-1916040454
173684946
1723579135
-2050308693
1683853305
-662204061
-736270277
-47789230
-2064757753
541895084
293468934
1561884827
-2076129771
-1624084922
-321113975
-807643561
370908966
2130096509
1626191953
1781668342
-2118199226
-797266893
-1096225438
-1917293818
-2078571590
1520314627
-1501000558
-838796039
-1590110856
-771768919
421788691
640024874
-856340775
993834656
759953488
1907766562
453624204
-439248628
210024957
492638486
1780483534
-1268359462
-491525783
-1509893452
-852705321
1180684581
879358742
-2006409186
-1806630761
-1337875237
630428042
-1005035722
-91353694
1258503584
1238999143
-1708008164
-1831748505
1748187889
-1648194375
286061044
-191837016
2011444108
-720767345
1461865708
-242747866
404701967
-1529325620
1045628
-762077797
843009503
-1865563074
1697580784
-199662356
1935810379
-714074385
346455843
1249774238
810206704
-1296162629
375325068
1070943369
-454897058
-877745118
301462910
1419821516
-1572971525
-730109345
-1138856277
-2125602815
-1377767385
-16441927
-659903767
-2072862800
-2143301727
-1415604968
166799416
-976522232
157294120
-496415526
1358993155
-420181557
1597368421
389794023
-833213274
1543733642
-1806490617
629079042
52828720
-960095982
-1396437457
1257984098
-1863439511
1388148774
1558744079
107685249
-1947938282
-315288467
955281869
155572019
-1254678149
391078061
630903724
558604793
-265519584
-690898119
-2110339731
-285542250
-1720777256
1226592168
-1696191501
260906723
-299633666
-648945721
1326023973
-861856289
-915438078
-1837193264
1959119383
1989764362
-827055069
1741476315
-1107046548
-366891790
-980102531
986197140
-1084569611
-627577075
-423678394
2040142125
474860958
-613644599
234978132
809624726
-799107959
-1489317919
-344619550
-1755512853
2146806907
1033688562
449928338
2085997614
-1052576649
1708255565
2038113973
956755254
1514087592
1299787022
-1441948982
1867274214
-1608412541
85881453
-1295066812
-287666272
-198470868
-915868332
1416867728
1413990140
-337829863
1822477872
-1549433002
1186584500
230466037
-96916213
-1436449282
694633955
1511392710
1381675482
850108533
2118697582
-1498185647
256538131
846767920
-1422139198
1473553340
1866439555
-1117876624
-642845761
1305389941
872576093
-2083883320
-33995277
806036050
-1144153963
628111836
-436068085
835208954
-442860434
1570733930
1644976261
1162924674
1401445457
6725262
94587818
-1785264806
430281185
254529345
-1392405829
1450778218
-78600629
-823562206
1679346538
934518903
-1226328606
-1178442631
-1293600629
1474824652
198310122
-1653617032
-701552373
-1302011371
-1151826509
-128341565
1736923680
96879245
-1367302167
876612145
980076738
-648790949
728443178
1064501972
1112385113
-176766663
-253622567
150174006
-1525390153
-1628638633
-1879731919
-659068699
1518144839
-1762657922
790192029
2012240690
40523654
440914039
1498482245
-1243932875
-987417933
1222285996
-1141729044
1753992723
-524241214
-593136368
-141687048
1989822338
-115887979
1553457212
2045093074
1657131661
-1013301906
-474404646
-657099152
-438239596
1620388254
-1450085818
1305218863
1238458519
-1207695742
474367857
-934208795
-495982413
-879088721
427087369
-247274442
1658489835
-507635860
-1764608042
1496673318
529548843
687202912
1765568103
-1343035664
196917386
1610267276
1181545709
583447061
1789454287
-946562694
891817062
137959351
-1986339018
935242166
1607607805
-1821150426
717634419
1688735613
1208422320
-51803461
-1551113737
-382990156
895797043
173945573
-1620613007
1989646363
276174611
589729408
1372385431
-196988990
-1161338338
-1208975251
-64848859
2011303611
284311810
478552670
-1507066586
-656652784
-1324165580
2136036593
-554588559
1885051127
434371603
989838592
916209782
217623620
-621956788
-1277640138
-952400326
-1636746978
520316799
-2124651802
-1087975777
-74238219
2114328611
383447319
602441193
-312725325
-2085076058
270732515
1688812413
1570519345
-441434409
-345739264
1192708074
-663801108
-866684280
1413176991
-32223443
634806008
-1867812498
1321324916
239215408
1994876723
-1134557108
-104813291
236767892
-945465410
844082256
1173133960
1441247151
-1360315479
203025341
-1161865962
-1550828584
-669560595
-1247427383
423068005
1611162337
-106887266
171443912
-1630117435
717218532
-407682976
-13885047
-1462502455
755711042
-1249411558
-1335884033
636977946
1454613992
-86638870
1078592291
1577786759
1725661652
-1082527656
-340152807
633295967
-1390996009
900215501
1303600273
1044629250
-430863204
-301309883
484946543
-702549323
-334331160
670501443
-1874904146
1848648630
188261667
370893573
487337857
-1487412336
1971462422
-1535523335
-705510981
616331440
394522613
1927533423
1740285551
7293751
658324640
911086479
2135075803
-1499905263
2122607141
-1496951668
1677299329
-222989499
-1939898743
380975129
1120758678
1685759630
-1590561336
229024796
682980768
1140367659
533086489
-61076831
135253850
-1083757581
-1059490187
-995705584
-2092453670
-294503253
1815344218
1018674850
668351221
1202704283
163708364
-1636447727
2029165794
1520518750
852202140
2134998671
-1217630180
-2073337862
2006648812
916121592
-160076147
613228080
1691755761
-1315252662
1640883944
1921985556
-37369862
2036709460
-484863146
858429919
-1442555983
48557485
-1202145708
-201391613
-842300255
1097778151
1457234394
1172138879
1620975352
1809093381
-758838080
1479441780
-829225843
517057833
1167186525
-514861064
-2125305053
-1337125487
-1939654543
19768874
1462176495
-141872444
-1959643324
-1306870394
-1801917097
-695472121
-1428013042
-382017926
136307708
-207289834
-409334375
284682809
-203953158
-953203952
-1054799067
1983128014
788660590
320428466
578370955
1366868595
-457169096
681648071
-1362355548
-1719561438
1998825217
-560432161
1111683818
-377800852
-1181692545
-1884184001
868864352
-1269605494
-873748745
-543559401
2068182447
1289162161
87392259
-831923206
750210193
424466602
947596949
-278685046
1045334642
-1912769631
510682939
-2124312974
-1275605932
1308039996
1091871396
-135228263
-1737235726
1904535535
-1585293470
-81676909
-1860654040
1603581326
-1429107728
1960962395
-403497327
-1478791133
1543701751
1415438911
378268529
-1204758015
-428239924
-572320997
-1002841387
1301880601
316361021
-1223793463
-872724999
-503068277
1535938701
657215191
-645770263
-1473451136
-560761156
-239777926
162913386
-1870228938
-1596874230
-1341342013
1654854937
1373492827
1852292542
-11003632
-134583083
399515039
1207787043
1252416708
-571197094
-1386585724
1590993107
2012776250
991959854
873828216
1111559479
-2092581642
-1804846145
-2041555420
-192054963
-862598883
-203437619
-1536691194
198506156
-251682777
-1940498427
969333565
-116454459
-922691118
-1589640722
-1526120797
-1127236246
612259417
-1958446328
-1640702944
708848788
353207013
-538612686
-957179843
-706950048
-1121390268
-585186484
680378103
-1429048229
1441412824
-120989412
-77201963
530830078
1208895185
-1334668939
2025745212
626328699
531151774
-1348740715
-341496062
1005801914
-818035808
-94164785
-1923833792
-534029410
507618592
-951523479
-567808917
-1744816501
1803029891
-19013689
1531616165
-723895764
-1130586181
1098128840
2079032912
1196198257
-1117686271
-873209745
1815154660
-111372585
392661696
1943765445
-1045054718
-284743445
-291488556
830175486
1915841225
1316135696
952525555
-1393698086
1248126311
1375114879
-1097817493
5962830
1990355954
-232988785
1898315021
1192434531
-391677065
1027658550
695781993
-1491127715
1697188691
1773486287
549163067
-1201055458
934599873
-1901966308
1818652196
-1816176436
983543732
-1822923889
1820004508
1660442033
1675718887
-857352508
-2095030490
481342307
205370673
848351570
680417734
-1482844380
-316140003
1404026307
-1059726928
363572363
1891189689
-663333664
-1181275839
70455395
-1895637074
1676533041
-814373070
-1631287854
-1839368815
-72130877
-851056374
-743286339
-903011209
-2105618645
886509780
783915115
1448005070
1898084811
-1844491758
-1655277208
-970400406
1860315219
2015273457
1402545579
-1837629730
435539850
-2062897475
-1107411974
1637962765
-1543257010
621329046
656455565
1087963392
-2003125031
71525732
-1655628559
1376067832
-982244795
906228232
-25685713
-63801145
-1848936879
-1828277549
-1905737939
603028059
-1818242715
-515552965
1865002835
-683184741
998292691
620276939
-234818191
-951528843
30928223
1614818651
1568331999
-852537289
1068868097
-738597759
779115237
319735326
-784487704
204229191
1787117405
-1636675284
1697602754
472375581
-1746175081
1449351998
-1545407430
360918289
-1028378756
-336984227
1153117634
411200061
1909755125
-1657303213
-743303790
798996095
-7908979
-979343743
-1382788113
1107272303
-937839020
-929745424
2028894640
-991339123
-1984103930
-1322842715
-1075572483
-501681734
-35395219
-74176712
-195004838
-1422573079
-1421473277
1612756391
9289187
-1055211498
-1793570086
659996263
25045209
-616100234
1252351936
-319330372
498659164
-1748959249
-529651043
-1314412470
-853319047
1637592010
463263520
2029544426
-674518425
1927973030
136023194
1259536833
-844454642
-1712864593
-347481559
1951453071
-2033801016
-2022883056
123355417
177522244
561590122
-906752347
-1877769850
-1381727272
3517829
-346744331
256347461
-835285413
156244456
1539407967
-267631356
-2076625845
908454249
1226299538
165700527
-1321820635
-1410039068
1243557954
-2102838251
1022354750
-1009487996
-393760489
-837014325
563233746
-1325348032
-837017367
-1393496496
-2021215651
-1056523864
1485746474
-194502799
-1072855511
1760617185
-16854621
1501803502
-1227037400
-1589691154
-1677919645
553986398
-1089330429
683386160
-508780301
941598287
204692338
-1740632529
-84685618
134899633
-436216370
931874202
1470824207
578953331
-1163706909
-108161396
-2118688404
1695428462
-1211621878
761711632
2032431202
1053347714
-180025737
1289967591
-990800718
-1632131586
2096029135
-371285624
681271307
-1716235451
1874974462
1573699943
-1162911480
-725947987
441116742
1510878330
439665244
493776554
910761882
1624511480
1453533515
-1526609365
-1356896212
495222115
465864539
-71972797
-1490774717
1694062281
527815499
184750348
-295123374
-1176106170
637918532
-594462009
-1520142266
-1402774580
573616718
1519016520
142006303
1968799782
-1565965564
1693234576
-782357822
863818809
-2146811509
2104655035
-1020371444
538023308
1579313856
-222188260
-1325983958
-1578142453
1377808048
1242858150
277598759
226885895
-815797172
-1095951475
922085062
489630593
-974834595
-26398164
205620881
1043165352
-1160329291
-317386455
97781809
-125345377
609698983
-1438964266
-896855040
1120573314
-1182025800
2067780826
533300700
182211242
-315194474
-1734904560
-879749058
-1298249168
-670804920
1593742510
1930243210
-2037223504
1322815910
-1748308823
938493095
638626639
1414137100
-1580358056
-696057390
-1941056514
173516362
1415698263
1146272943
-2019334145
2104017886
-1165207635
-1739388255
1434175912
1126890084
-624929231
991085658
893322342
-636244147
-349286615
-1256037963
-1076339196
-797834545
-1195816653
-1268531518
-601016275
123301148
-234324888
736665122
929170991
1702656726
652855229
1988525205
844258049
865230017
-258238291
-1482978863
2020430726
1314471609
400238868
1357503125
-1351098093
-1259169305
66991966
-450156548
1741338670
-1938426321
153984224
105951254
834267033
-26620180
-1387764091
-779613260
1261460366
-694579489
-112372819
56036739
141152587
549115747
-761077935
1487797851
5897936
1589872358
-227264662
804309721
955773670
418722452
-740571501
1139602986
1838215523
1203373908
838480876
-1547999703
-239710292
1757038071
-408748734
1391090860
1250825595
1666240174
288755564
1715286555
109471202
-671584323
-1194327817
-267082431
-1930955632
699591534
2070991621
-1385442202
63179601
-888805049
89349233
2122527644
931062747
-650557826
-357711049
1041503321
-604022330
1262844332
-759846893
1149014598
144259292
1436024257
-1689720729
-1426261675
1968679827
-1145112520
-1505355167
1662843161
-2036232745
-1402171765
-458348708
820001105
1669965835
911580903
291154055
550970309
934876753
477548579
1806363076
-695077035
-335388663
-1182389010
-867977518
164198478
1687159704
470203976
823940781
1240584703
160004714
-1579755213
-1932175052
237075852
-1556743879
577311657
1442585356
-1417723391
-2058063730
1700992208
-1079499836
-737697367
-1965780600
-413354900
-871513543
464210080
1670699739
724376980
1299417916
-405974873
1569059355
1658513576
279879281
1715564087
-774648518
-1558224767
-1608264327
1381456600
700018767
381445866
2106212691
-1719529294
2108441496
1994894415
764254719
1660857188
-522697278
319106740
-1321892764
-1345846764
-1162437017
-954846232
-404696461
660688582
622613719
-1260309767
267526539
-1277987087
649539354
1797939434
373127967
551405903
483065141
1469830307
1662835605
-250329868
-1956522836
376927784
1108067185
1152564642
1833304136
236727566
738735794
-762482341
-1790662630
386597417
402247291
956097334
-1666943553
45099146
1430634742
204214134
-1750353692
520036776
1438712693
235752664
2093338636
1244688604
-1952453927
-1951699157
-40904304
1810010642
538242615
1758592806
-284102425
-825808963
-1371115592
2002819957
937589799
-1423928309
1717415872
810211092
1146179019
1977839962
1945062993
847718624
-238510410
764583401
1277165234
1430569067
-1201396616
-870068526
-1729212085
-135703537
328648655
1470488119
-365643822
953498693
229097327
1363232955
-1467668564
486371383
-1516236027
-1094808012
473038477
-1957677165
408865401
-180000354
-1175581343
2027070881
-198554252
264442962
2024271214
984756631
511293217
2006255734
1206059961
-1150877653
1847140918
-1376192841
85120681
750301802
1282945333
530178869
-1616668182
-1153380920
-1742579986
-190997057
-1331358572
237179255
609526601
-1240135360
1119569291
-530232068
379394114
686089848
592079400
1976929278
-1213478093
-1117514258
-49657064
-586765472
1077827161
1967621412
-125373564
-136795246
-1299030384
-1505543412
1590900338
-712813532
-464244383
-1169475653
269723242
-1989215077
-1194672322
634788700
-1060183204
-225407352
-279808501
-1674655642
945447617
-994372395
1531756512
-519998191
-158788097
430599266
1623337485
-131866619
422810385
800057807
-128878498
1482660948
1502061415
824379547
-1780078433
-687822678
-276341494
-1488619666
743778914
1599718851
-436327933
-429189710
1151782655
110313500
1555325437
1965799015
381760987
1882202348
-1206887895
1718467639
-1567180563
-1107232171
1188958049
1668670152
-1724899970
-570768681
1457835663
-652621487
472026415
349926404
-1987805360
1459098223
-461530304
1022189689
-519408429
-1166922439
-1338123762
-1613400820
518407
-1773069423
454345949
1483200834
1542620661
1556072893
2099184088
960602883
1173987689
-388314315
-1943125931
-1247964784
511774424
-121728834
1255946076
-691731532
1667017597
637168567
267421801
-253911751
-1930032956
-1310723406
-386168207
1357336477
2100812012
-1567909051
1487159586
986036742
582025703
-570647262
71828591
745215090
-1927579004
660566629
-1586586549
-638969294
345069007
-1324381907
-1300376397
-929585256
343711927
-1056310675
-12333582
-591659281
-1393232399
651450884
1369410848
-790697813
-1157108708
-965217270
-1123839765
381231841
-526925274
-1520235668
-2130284903
1938347000
-917639699
-385421894
-1745765555
455996577
-2116718295
1562570815
-360725112
-1437670140
2070616200
-31872430
1711071986
655663419
-435156710
-609287957
1242125914
-720287485
965558255
2002966392
-1417342469
-757403984
-952309763
-1601865231
-1560356351
34595169
-562517433
744494121
-359363765
-199694731
-1445307332
-1013134745
-641037711
-2108615107
1450094684
750733109
29138695
1317162994
365940001
-415772041
-110444765
-736069399
186117660
-794278466
-989294820
-1835205883
2130342749
-1080856098
1147050388
-2133903764
-1017904360
556059069
397968313
-1341793668
-798449276
1950836333
-791952953
1176525312
-669981946
2144381
834047952
-1337004386
730176655
7633548
-672189761
-955588716
-510937535
750565662
1744291226
650117027
-1833434024
-2145778766
288036614
180065866
1251822151
1575820051
-1019520240
-1065080777
-449524703
170701038
1766044970
1140904698
-1980493254
849284260
-321266062
-1475465221
-938949874
1346939233
647851066
-1232473426
459126624
-1545723539
2107013828
1035843076
-694506330
-1105659198
328056909
312782116
-1249756764
-88856355
-2036052916
521087834
-1155012266
1003378648
-1743685893
1264727887
-1565351918
146625720
1095877910
-1797218950
-1644318994
138356484
-998652958
-1102170666
-1783809698
-2018857066
772546928
1217745109
-1334783711
1485496500
786597154
2132901780
-847680418
288154466
-1884492690
-1893586097
1993742857
-1940210191
763596769
-1122324458
-574809973
369184731
474190951
-1337135423
-620940638
-820398382
1747913929
-2098820576
-80902523
-1743032042
-254996618
1336427383
-17818805
-272772858
-208739195
-2059261400
1040050316
824481274
1368100858
-2078895438
1039742024
301776463
687029319
1338050778
-429036793
466347714
-2064627434
970830118
-936257982
-1660564735
902038085
-496972398
1373033729
-1952400513
592003890
848648574
-887391547
1964711047
-303592905
-1110118171
-119293785
-1670298988
-1985658760
1434089172
671446208
514080735
-995083813
1874079512
-2117782581
-2023262408
-1163939497
166805305
1329674505
-493615079
-266123918
-353252697
-1416347548
-1721866249
-603539196
88088115
-177785129
1832631515
-1565885376
1548525248
-1707371252
-1691759311
-1400028684
1271754553
-30523322
-1444570912
-142400241
-1247936059
-728951423
-104206438
-1057283484
627705913
647463638
-825190284
-1501828435
-567117874
409260836
29744824
344805585
1802671123
-1368322068
-1503160326
-741091223
1368798501
50044285
-299501719
2088249472
-422462180
2138109264
600687206
1498179226
-109088568
1842029237
1623767642
-625099273
1798121372
376104366
974802884
-1245669608
985695978
1252368410
386658960
-2134228094
-70828976
-1050513131
-1092774993
1758667201
-2140411022
-1142742370
1392782307
243826095
-1914715416
-1686385285
-641115174
-528109323
194243706
533092185
2126281086
1054885842
-342012790
235745078
613850763
1187720731
1901085905
-931468285
70814817
2127636610
-775328179
-2074955388
662862107
1835474458
-67928454
609189755
842209759
-526715366
-1578513473
1837551364
1341947511
-827585056
395978027
739058242
1255313952
-123303111
-377491104
-1621005765
-664775262
434835167
226347215
126772992
-2033310048
1981844290
-1904607451
-1455462895
1490331697
178668427
-1800024060
-84409602
-323149650
-713541923
-1474419978
-1368076719
-492216115
1507359709
709892766
-650838357
1502250990
1597263988
-352656592
-326397908
-1731249739
1893982675
-1242860510
1788376600
-62449448
-1043328841
363215139
678478518
-1321034951
637122030
-1153575348
1892084091
-724333769
-107861224
-78283884
-606961816
-1400649152
839719858
1009810313
860429744
2048731306
-443555248
-1600644803
573590173
1500931779
1084421673
2054930813
-898986829
-1981369562
-582079272
1572807497
325061653
-314426801
1913705569
-85140609
-1337629145
-1453876366
-692917903
565946328
1871288180
269440647
-386077207
-2017503976
2048794578
-355760215
808985501
-1082270591
1054524612
1085768608
-2077151400
1924424840
-26175970
-1029953092
-7116765
-1491134261
1299585263
1522990820
907237062
47320385
-1773093734
1910466030
-649909873
-1956601678
979238470
1533446448
-2091638703
-856419734
-1694441864
-212612778
1639199919
994656041
643730685
-1157053067
-1834515814
-1315391139
-1159762164
66408544
-1661913833
1726722194
-298327124
-755701958
-543687867
1569938473
1125018195
-705397428
-569488994
497016135
1099632591
-821513960
315026301
1989069840
91637097
1510588078
1807919327
-1824988139
-699693497
-1655979203
-1171520403
260670474
352743186
-799070740
1809995193
553776316
1857498072
640563690
-1675246648
-1665815743
743792690
2139778499
1806296016
-2037646736
1712778665
-645096459
678232129
1634133907
889338965
89215171
-418493431
630593115
-20321849
1171462472
440239636
1039663124
276431400
-1305333810
-2055024366
1402661401
-1168300127
-2483872
-1220164740
-690860151
1963084797
-974452579
1592194007
-489901510
-1699618675
-1688856114
925861178
1224804077
1814798412
813218875
2140043278
-1282789181
1232361538
-722150214
-942423275
66732016
-1039314388
-1337416312
244676781
1989568429
-916109988
1484908379
1382775892
-343416973
2129457630
-1013547081
-302871442
-946003099
-2093495844
-1096003456
-1638947770
-1745205235
1462979907
-399467312
1744370258
1859016010
906361765
2001198858
-1374019910
1712249993
-674168736
303852591
-2109932005
-409321933
-1851917056
1445165167
1010420871
187978342
-143354399
383078659
-636740400
1104701670
120169753
1640947513
206284806
-1911106475
-1623967852
136300752
-2098493123
300119202
-1426933633
1424605573
1590358418
-694291265
-1349718294
514515437
1003395184
1802743702
-666521176
-69855355
887778319
-2084147139
14251385
-503709177
1945585213
-767393433
-1498080917
971493886
984131937
1493286942
-526215812
-1336869732
78825915
-1564432978
641691524
174840011
493971184
1610972388
-1754588591
-1499694719
962869701
-1268173192
-971398381
1126193496
-841090518
-818638649
-1797697286
764455773
-1148239493
-562329916
1075845917
922248487
-1419326207
-536069584
-94365539
511202859
1020585150
-1759130359
-516927734
-1723539377
-518526359
71228991
1590264580
-2022824516
1158960311
476749229
216854309
714915832
1251646172
1399237446
-817560290
-1812310989
1596052560
1967863183
1773051167
-903964448
287707350
-1636168884
1155217276
72261767
-87708487
553686142
933442701
2128969177
-802609832
1366025868
-9885995
-358968060
-1091227163
2035115967
-195189915
-288674232
2042569833
782349811
2038772866
456269258
-1283991798
-1540176757
-1839705467
-2133748568
1665247632
-81173083
-219183358
-645894323
-1653976283
1888596622
975969836
449680645
-628519844
1708722040
-512750984
-788448045
642897268
-1601993110
-1048715649
53291906
1689312476
-826124937
-230424280
1455046393
-374257158
-210564046
-1041989627
-252519725
1332211751
396624992
-1468193795
1156516399
1364372990
-1186954769
-2142655444
-1119851837
-1909490474
1363338791
250893062
-2146880201
1018590348
-688233954
-1551433278
2064316080
-183908475
-321594255
1722930677
1492045738
-866452750
-319488464
255974780
-221098998
-1032528043
333945626
887958687
-1908332429
1305349444
-1119164151
373797490
-1586128681
314567277
-328385873
-1777963138
-1556224943
834304730
152056194
-1645415775
1652517426
1192067700
-640115979
1159413810
-1606654887
694401741
-641569560
-1171224728
-545064248
-1567284967
1064539488
1511606779
369196146
88187005
-1816161926
-1062872565
-1218129575
1626709132
-480706660
1517310529
1784904152
-1297211379
1036886254
-832082892
296267581
1353364482
-725844472
-624568051
167279002
-1026088219
553460460
1133772909
-81867044
-1929925580
-1553324490
-1706276467
399052572
963013680
1131442066
-988261722
2055893557
1255734240
-911740563
-1298154860
-1723778410
-40792740
1204931054
-339255115
-988036776
-858847161
1692598055
826949399
-371609710
746842780
-360559993
-435993903
1540815084
2039738798
-1127045229
844220081
1999858546
-1202401431
-1395942955
-143092713
608364714
-1039241251
-1543807468
1567723040
1671404519
855347965
1033796292
-257004794
-1074216481
-82592093
1874551744
2044796869
-1303521925
1626590422
-693623498
1852629506
2146383342
-1882547633
558582241
-1496652760
228235785
864262457
331903102
-281268268
1369105612
-104772552
1549550712
-1462484366
221785919
383118765
-1036857883
-1820438488
-314696830
-1140275401
-214020939
-1487318798
522962211
341507452
-1010560216
-1427817459
1577181871
921097256
599266176
-1505880679
-606540661
639675957
1784091896
138916473
-1246601980
-1980674451
452641780
58152573
-1701487197
1008016429
-1641934471
1930858691
1597535686
-492539798
-94661154
1101855322
-1853944213
-530239751
-1184437565
1945418535
204136271
-2050609142
1639788610
1939339532
-1467049673
476659189
1124086116
674469190
-1424989812
-1708610759
2010307543
-1375871978
1830810413
1003603136
-1735065891
-1103754589
757954688
1000186983
-2086173306
7065374
1080783562
1342580670
679321632
-1157880025
603407040
-1523773685
1846710510
-1760346002
-257350050
-504919915
312676377
794378141
1736818678
1373678622
-318473501
-764800651
1775794827
342469296
-421314014
-1852397001
144662367
-877218148
-1378530325
1399871300
275132618
-1766594625
-1094435700
109381383
-902308276
-2138202105
-1895900480
901622546
-1523931674
683422773
528483101
-2093082489
1065121445
1562041571
-588456240
-222819655
1199204478
562967497
-390901363
1461267474
1959222625
507429179
-1865624896
-1281996490
1195581319
1521507829
322512392
1536430696
-1156280049
1095200027
-1014520091
705695532
-26296120
542716538
721230767
1043507246
-959317936
1005898003
-498121783
1641900898
-704178339
1248230874
1036948758
378990187
-735784870
760189627
-1251353428
1600648000
-254567883
1850256861
1887352520
-1051479283
-335647881
-2002421463
-182119936
-900762794
-1301572972
777270797
-1965870658
1178323298
-1231405180
1413237116
-65346580
1420046294
2130088593
120259641
-1843929620
-416296289
-2126560142
1972251477
556954827
167294229
-1659552871
-1607465738
-111598411
1387042397
1046389449
757132633
1728486314
866990094
413947114
-1875462119
93404017
-610538730
1349104160
1414160816
2040284877
169248478
-494128615
-1142893250
-1018024466
-2044055892
-520534106
661899913
1720888874
-60651191
774793613
-279183292
1387706604
799166179
1595954332
1739478676
389502444
-212053708
1006885633
426872271
1571026080
361914850
-2130455335
1722461574
1462231281
-1787708631
1410139654
-1709549627
1134939954
-2034577737
-837677755
543526041
493597517
1016897238
-1313427330
1795727826
-437233857
-1769339440
1215502942
-568626423
-516987707
17928078
-2026578653
-2066084380
89118295
1109838210
1166855862
-27959656
-24378539
-170513210
198578686
-941383505
-753812608
-1807022459
-424418958
1713412106
-1828444757
1990263449
-1106710800
-607529431
-1389341263
-76465035
-328962867
-809267286
-996094551
816118341
-1626467284
-313080305
-45392296
873887315
-811877229
-1551775292
433593063
1646942892
865097915
-297772961
-650685483
-552414461
640511142
1195432745
1671941422
-1491642156
-2120396553
-19887652
1395500028
441097676
1479399293
-635406930
-1098017026
-1966458777
431498512
-173948786
1592239767
943322843
-1781803872
559383724
1514618889
31915060
1979758474
-1914621889
-802265118
18680767
-835467475
65558914
193238966
-520444244
-1616307267
-1597419778
1051280141
-1095311378
559283286
1392371726
636827551
1595279974
406019156
-213493344
-1980412738
-1309104833
-408266271
-989588680
-1067706861
-1245566309
2033291726
-1929975750
1347390860
2014028911
-196387673
-104003224
1335027860
-101700694
444745984
1106940584
-379843451
1384101276
654468885
374714635
2024232538
1539756949
1413691794
356558090
1574152617
1017137357
-1122017362
117122321
360446671
359635587
-1628156803
1565058113
1680001132
909246055
288726918
-1087159950
-1432930287
1933921084
-377163117
562586230
-1589458376
840617913
-1558695736
-568705116
-133572236
-1979305040
-96089353
-85695596
1280858345
-1514748046
1387224370
-144219353
-493386243
1642849648
-1795647072
-571125303
-622821041
-874821083
-1316909932
1620751865
-1383398681
-1748335053
1836617179
-1711029751
-1971937873
1288367820
805925717
-898247390
1625310754
-1214664621
-1548429114
-2081322869
1954353219
580642626
-1254911762
521260330
1118722255
-569842867
-1560833066
-1199514294
1462947253
1070790856
-543359380
354682526
2113604037
-2130607035
-1011681454
-1649700731
1728034728
-1271593855
-915567374
-1455144305
1818390544
-1724354944
-61939499
-822325441
1241630511
-904847371
-1461242827
910534418
2067545452
-919530521
1118874064
1830549440
-685439148
-595247726
285528318
905239489
1344856270
-2007749238
-42512891
-586875374
1364221843
1971283238
-423480404
-875743688
-1540327204
-889455589
153477645
1603199108
-1636749732
-1736606618
1491566255
460781209
1205704304
446175343
1656117716
-1908167637
1768928148
-45244565
1232196878
354456585
-436351207
-1823812607
2119081751
-1229876900
894847764
1683032368
-1594664734
-771417808
1710366617
-962451089
-1374554131
1101695028
657815337
469994517
-175867431
-743337795
1102650984
357448955
-1035420357
-802945776
-1282491630
1170840159
-937389132
2027651552
-1088618961
-1409848053
962093374
2074656021
1800422790
1715920565
1552407753
-1025868594
-1095802802
-241831255
-347748858
-1265730903
-609522901
1405052069
-654269311
387364673
-1099106472
-538111485
431743989
-1939734024
-749735648
-1555738339
-325983781
-83723
-1046283886
1896602348
852541507
-683997840
1725310836
1270164210
-1282338329
290854956
154166135
116750681
1644344189
1927948869
-1117662292
1405268828
-207788468
-68205013
-302183882
1959990758
1076363266
791878894
96987969
110644856
291652548
-1927124037
-1235190222
458311247
-1874151291
1183102374
-205447649
1489697733
1404768410
-829205079
-168641151
1544228343
-55904626
316746988
-873254616
-576397657
554849075
-1156026042
-524241298
-2111541660
878797049
-1360502781
1423648943
-351775000
-451534718
97835239
-23160328
544638912
-1621360011
2134254962
-102612226
1349364018
907795089
1087860838
-696123824
-806401702
464482309
881242502
220709584
1404909462
-1563607297
1221661087
2098057567
721859107
-596230269
-1286403381
1539934679
2097695240
1241040253
1001638132
1824135998
-580148942
-1883714024
1909952151
934642487
409102048
-6336944
1749885386
-1321103173
-1588971968
1712805574
1236698495
-1320296951
995965786
1268326610
-1792179446
993981915
231588397
1949325534
1856554976
-93710375
-1981213673
-9684495
-1251042399
606359634
750798713
721243786
938373719
-746662103
-325327462
2049829551
-1574248704
-973739507
-412513588
1369420612
-1368282551
1928762860
-392108852
-225851744
-1212673636
-848092247
2098180974
5790301
1573745244
-1912267765
1339207545
1212670575
1173808495
-661186823
1606122447
-1717365385
-1163227396
159369700
-1916664623
-269720999
-1689672075
-962918013
102887937
-1548702965
-1926989097
1619309254
-324334104
-2075502416
302249776
-1713066237
2077607993
-1313268508
841509729
-33912970
-879020491
1797518425
-261776091
-1349895192
-1155386031
1105215138
855663953
-1657581396
-448162793
-1020133553
460479837
458639314
640771401
-1851352007
-1501798110
1161558423
1969480011
-2094224098
-1791432475
712343578
-949978686
-266293137
191594387
-1717392811
1079116663
1253030248
2136660302
1782065738
1524832897
40790881
-799584728
180220540
1068639395
-418130332
-488129235
328300192
-2045209102
-1003681538
-2001527898
-423705708
-66102341
-141071526
-824363876
1732158096
187994531
-891471989
-470721381
1813461915
1788142862
1836098344
1994268087
1505749823
974998212
2021101085
-684646445
-989839489
2076175058
-576533824
-604843744
-376614903
1503749806
1453937442
242586340
1126688167
1716641181
-1146028121
828665468
-1657723653
1181176665
-915172647
-1499883868
1238544491
537222381
-1652019592
-1610270476
-231574183
255342564
-1524202027
1701929901
335124631
1674031010
-1707450017
1115161525
-117885414
-393710320
-118274178
567033568
-349247508
460901503
-1369088353
893955696
-183089049
1801434565
-1936860017
-783794721
1934877599
24375980
-765552884
1575465435
-1667675104
-1241346163
614042009
-1104536687
1718175449
-731721161
394159250
467319853
2086552150
-1358974188
-1629914753
-1146413919
2063895861
-2044902258
-1289447252
1874091430
444399570
1568844974
1549775864
-881916928
926158148
1687655686
1464883949
1134871813
-1421578355
68039889
1026843665
-1961617569
551281420
1512135000
-1713023109
1773505552
-1871993546
1828720790
-1506840920
-317770826
332769925
142006814
1962425742
-1811770352
1700970415
-1568636356
-1493280526
876999104
-2057500133
-1335424165
465341942
58847826
250452880
499075493
1536196341
-434578820
596839727
-1911548688
2028845459
-366154585
527586723
1403008216
291740175
1791994798
-1893577066
-1879807192
-1395814438
-2053372444
-458908314
1731805309
-1905617043
1620683867
-464653544
359298861
-904790697
-949478813
-1635854452
-1262204828
344506005
966005073
1744139250
-1356279920
-497280475
-119370623
-1298263940
-639219714
1641752541
-1719111267
-195610283
-1292828475
739412088
670466334
713932497
-630314270
-79002895
206916370
-1331952412
-778377820
-1397153005
1397042208
1854559704
49098058
-2078331567
439523017
896871482
-989687830
1545599954
1003433200
-105273323
885705875
-1030645552
1933864347
-2141740190
-1717911370
637774370
2059205371
-1208215106
1505118145
915472918
-399655767
-31598755
228978956
-1996953212
-99065294
-658398402
-694702088
-717588705
697633237
-2061870944
-27792811
-759330802
931729290
629973940
-127760124
-1866846790
-724744122
1306875283
-513675555
591963369
-932827779
1443660657
2137782738
-779015668
672447720
-647043821
-676629932
1899249364
1856966792
1861887614
-1608086283
-344378102
-719588631
975184112
-63348146
-1017507169
-1363348565
-199217389
174424354
-446618878
-859389890
1695879280
814087875
-1262630479
1035977964
-1724313567
-896947788
-1589941741
-1957078500
129589962
-842317169
555645059
-782761516
680325066
574218025
-1919350609
1619229055
-581830228
1359076339
-1983288029
-790649872
-1988535837
-930545758
-1874150368
1794871206
-1489157194
1301722386
1535659442
691281233
743228025
1537965927
-964524287
-2086925676
-1175165187
-1323758475
-1077639450
202597644
-1541416887
815696225
204441537
540322193
-2011743351
-1469899384
205130377
-1268902981
-493443258
392343455
-108126428
1250025896
-1274210857
1157585178
903044600
1624281083
1555270422
481045457
723936961
603738663
-133930665
1472998881
-460785500
-1761260820
1529213334
-869617712
900921220
326256929
-1554314513
-736075532
-413273451
1758596276
-608244398
-120928748
-1666580434
-1516414993
-2084979850
1962014287
-791411998
-430812932
-1258973171
-1701658052
2137172944
1579546539
-815013318
1270982994
1970327098
523285361
530924863
-469941878
1980815444
851918259
230592379
1464661314
-550599330
369192004
1718584466
1257454436
1158749428
780443692
158342893
1044950471
166843300
-792732501
1030485093
-473456171
-1572921151
-953955715
-1871007174
-794417299
1717509494
1103178590
806347849
383160841
1162887453
-1017347633
600013694
2420771
-1314320687
481161498
-1502099578
1806308564
-512980927
745576852
-1065822263
-1758259266
707951047
-883624670
1048344471
-557420756
1937765304
-1440876547
-1675019872
324929655
-1977776899
-1637287495
-1740749143
-109051221
-2046948638
-736318846
64807805
-1361711255
2049059373
108763305
1091559969
-1384333810
-1475230350
2023426654
-1917029814
-758794988
1615201445
432484287
451609875
-943514184
1534312945
-1821773551
1947088874
-494828067
-2024837177
-342237876
2044263115
-1451705296
694209593
-1244988196
1066689969
-1915884917
-1660029561
1114868902
871952712
-692948322
1684714490
-351083192
-560593178
-1631489844
1859259632
170463909
202251196
-705164974
1511879480
-1164845152
-451097784
-2046630994
-1666307937
2006866470
834643214
-849512386
1555211466
-1015803022
-97410682
-1100606426
-1252321978
870949003
234123863
1146337143
441273053
-1819533551
1696735686
2133406092
-841373653
217170490
888452456
1939021751
746055024
-969298922
1159251999
441758237
824950182
-1713793254
591089475
-1765713186
-1478567722
752751579
1016200990
-754988168
901679015
-104177895
1562444446
-978000788
-1182718921
-1097788417
1098381893
-310674654
-1621087187
1408188072
-1530169756
-176678391
198273038
1359450853
-772841337
967188226
903525328
129223485
1024067635
-479339522
-1014940500
-1461816268
85903054
1575591397
1636714552
-1936218160
-1693815074
-684081735
1626396852
1136360792
-830801290
-1213849605
-1331379549
-651611810
2081369324
1515046477
-1199765603
1526090240
1365384143
-1140107432
548964963
-923190423
261214999
1044365551
-2128252877
29053086
1376749726
1654806644
-368524450
1637473399
-914681137
-1924653702
-1371198697
-304417046
-1473079652
1225392812
1385483404
117066383
2069536949
1250713836
-430462662
1857467999
380771830
-307758914
-1061613955
-1481521217
-2033653984
974595559
-301733274
1375621309
325505995
-1789908655
-567862832
-1442079080
1448904859
1117760817
-873987147
-97577851
-657034062
774170475
491984317
-354013520
-841108891
1568865844
-1092684264
-1224265344
-1824932047
-936275207
1555070604
1874266399
228671215
1938855807
-574958383
-2074141383
-1722335673
176279882
-1269287908
-2059002622
-1204443038
-141775037
1554856953
-1340405890
1761403875
1639404948
-1275996067
-453905412
-456406250
-1987443754
30938875
-1943642397
-1910344854
-2090845842
2012904918
579796656
201685020
1887255604
1203812119
1034642750
-1291928523
1200612692
113419808
355725640
-2011965514
1101781113
161429984
-285682644
-694574064
-931362521
1455263848
629485553
-1269851175
-1613188504
1522810814
633835915
245694909
774055082
956028913
1817267037
1404371634
-1773138457
1468985965
-1009617922
1218856815
-1976295418
602628752
1418759487
-1460819682
-1238025855
1403870076
1139939180
901446991
-1362463673
-2085183698
68785362
-1781387984
-961298718
-962524465
439271809
-343798789
-122723364
-958589878
647824211
730701999
-1963580577
-1128133346
-1183164884
-873212158
-1674788069
-690012556
-692438910
1338821525
-620480405
1614426740
-1509663713
-181196951
565170362
236437203
1228873509
2124627601
250280995
1655874736
660214099
-777984471
1706991191
85711264
-1897592442
1007695238
-2049963581
-1381118457
-1580953727
1606198958
-1644033806
-1019394903
958176752
2068662794
-455960017
-993554560
1519845545
1889272153
-1687797394
-150518321
-289746123
491845096
-2082728853
-1303001225
1868489615
1795341823
-1080826605
-590274168
93912363
-1422989922
1623338531
740501530
338190393
409325161
-498883057
1656740190
108652842
-1673520416
-614687708
-616669713
-1052201869
-1604118318
-1322351632
-355386771
-1731851632
-885203181
1869632225
1461159500
-715095989
511185516
-342059989
-993379351
-1276070083
951223762
-1684908305
1902507486
1418238613
755050971
953440921
455257494
479753239
-595656851
644095369
-443527389
-640002713
1472987576
1055699445
-1756875186
599019911
322714469
-36995828
1536223471
-2067379554
-1480164593
230900831
1926406783
1449154555
667245298
-33018500
-208632597
-1477769128
1620348897
-400976932
75727530
1293616226
-1807764611
147380478
1018254865
1130222968
-1743323741
-216362285
422255077
293983411
-648961754
-157172644
-1899735246
-526940634
-2027110466
1523240081
-1848861606
-1577393050
896608575
394712964
1004728688
980901964
1379490317
136650182
-778322490
-225863431
427060430
690728457
-198774076
940445722
-1892027551
468057350
2142081019
1798069868
-221385969
-462776415
49992825
623029378
-26001408
-12102838
24555870
1263104965
-954297360
-2062180187
-1027845713
-1079784516
-1040040926
36627564
-596587671
-1966028914
671591060
-103613804
-1062515239
-1518950460
-539380109
747718574
-561946326
-913775534
963016657
-1142489968
-1872819393
-363441449
16165524
520843316
-2047087165
-1654854365
-547107663
-1458719777
993767805
565509114
802515866
-1661680251
-1554427160
415083031
-1392421643
-1681521557
-1918753790
-187612301
-814637427
-1603548146
-1744922780
-1301830458
-686900851
-391095997
1087645842
1903271758
593167595
-1491116641
-424872556
-803187506
1118868257
1508042008
633789893
-1711812647
-2002184414
1020686827
58014186
373054543
-1042076533
-1152027967
39682437
1673421864
-287871207
-1493666035
1917350251
1174459504
-1281157797
-1916353097
-943290476
1022512786
919929512
-90686978
1283450930
-449730088
-2002418606
-4355431
636813316
1733986609
-573559269
-725393632
922122219
559876405
550144487
-561588310
1164987837
-239089050
-1064726861
1662544566
-1416812968
1640225721
-1867312443
-883671730
-1644942086
-572110508
-751325915
1759861097
976557008
-1027124329
-1574651317
-1562679664
1973094860
223056480
1631942681
1934674117
249084347
1181976715
1294298379
-1340520033
-1853053290
-484807753
-948597076
2102374329
-1698793193
-579656625
2063129419
-182785971
107680399
637979080
-1573627154
-630610149
-1187088138
-1939333337
-1620460665
-1897029489
-470290365
-1862020154
421723237
1569571362
149279998
-642937770
403234029
-65467137
-1398010862
-1375340505
1210385033
1467610858
2069961703
1607890599
-867431969
-683379363
658195120
172167463
-981797051
913774323
1338514945
-646198043
1018608245
1776930570
490649507
-1885169338
-340543107
1198217122
-1004205141
992697954
175544056
1429753227
125787081
-749735994
-578902142
1451584191
-867114019
2022303604
69061224
1904771852
2107294671
1973464366
816355743
-1274927370
92222111
1643785715
-278584073
-284946214
2080132794
1136723914
-858936176
1875820630
-283959409
-1604637251
-1692397940
-1268586520
946117730
-1478997976
-779494394
1963561173
714591328
883905843
1070352705
-220194485
1249465330
412568988
1194487076
-1935445815
636879701
163500473
-664304666
-389531970
1662466666
-1520229699
-194893563
883138416
474035658
369552441
-395002757
-700234977
-1436509923
1888330214
-236820684
-1479525527
-894055764
1149793697
391869114
977023728
566359091
-447862346
2109401137
1740458809
-1866285829
-616086688
613067402
-2021131049
342298920
-1150525040
494043123
428103112
-214398385
1586281453
-83247475
-1532085730
-1243984565
1724845596
1456115809
-1952019743
-1544064687
4158272
375456403
-1292544205
-1949809600
1700853188
629101528
1239120821
1085734973
-2099128489
-33278427
-879471575
622970495
-100805320
-606668888
969827161
-188681370
403303603
1470678779
-1674832586
-300539950
1197040618
1258915479
1510735683
179921842
711203544
-198057082
233456435
-1516261925
1779591315
-406084772
-492636207
1154368794
865274064
1176264039
1828174879
379373196
627301804
512103205
-1254565694
-2098711252
-1233221207
-476816394
-669740132
1001320109
-232380938
839129106
1083546042
-675898999
920885490
295624380
444834673
-497393575
-1005432589
-828204105
-1175996733
-1364128153
-1892194494
-654241799
1957145606
924836225
-1518768278
-213243490
-733816633
241706255
1445951154
-791714017
1106511083
1636493927
1575090151
-256001597
-316994025
1405055584
494978910
-1647404204
-585966255
2087590949
-1271055560
117984022
-88173849
-68489909
866653159
554722804
-1654453105
-1010301148
-2119767823
-1743565316
1745889743
877239637
986521075
1937118477
1261400734
-955629147
-1243569175
-38805809
1862534219
-260597480
1460865708
386067938
-230561634
-876818884
-1560566085
-795029415
1906391868
942757057
-286798019
975724393
-1934376625
1371001423
1642231878
-715946403
1200215910
937574548
-131814055
-2072640307
-1709319783
-680682341
-441143251
-760897522
1951099376
1610135396
-1793998924
-1487439892
1502230788
-1845560400
1613155160
1299542678
-1057344281
-2007417573
1419679367
-657853479
113852992
-904666000
-312995727
-2079108207
-1042750534
-1635054280
-1050549232
1899218779
772567967
-206411628
433095784
185185167
1729024959
-562562740
187840784
549951341
-488065130
1687026983
-1181159696
476186773
-709956435
-153512068
2137641291
-1810009668
1780630848
-1047981816
-1281429761
28084380
1821444384
-1012023038
874999819
-353652948
-1344007973
-647826579
-656990382
5551121
113241881
2051825836
-1021424482
386508372
-1237005240
-1479800229
-1697690905
-687034284
1132320891
1006145883
818351827
354823677
37451663
-1453696721
2040705408
710505017
-635335793
84348038
621009793
-203690074
-278560423
2115524376
1300388903
898218122
-967965823
-671881036
1787392257
-921859581
-1119848588
363337114
608403877
-1264462206
1732684000
-721311739
1117737903
145982330
448350035
1161082636
1202060041
1124486739
-2090722782
-1472489814
2064190060
730205348
-281866612
-1263782629
625264679
1508850593
2128446494
1492482409
1546283807
925668050
577207128
-2047117499
1029874710
-1326543354
-74282352
253922330
1975056175
-2065882490
784514326
-163137185
-234575439
34804620
-2058239848
-736243668
143411211
378903029
1545405640
2119713296
202180631
443700022
-454840005
-1380078815
1281330082
-430396532
-1695312492
-1530959533
273139500
-1356646537
837973985
-1278421747
412487915
-568807320
444818756
-916852999
177970198
-1510766408
-1034032939
-381511909
-2024479649
-1841673508
-563655482
-1354653403
1238420928
1617049559
-1547941432
-1277928952
42171514
1809373423
-895760210
1868059342
-1566561958
514357411
1644796495
-977632090
-897223107
-1422477605
-687191633
-890494400
888932055
-1076122527
2093444192
784509531
1858036143
-1912385137
1576932646
-1959915621
1522883949
-76407734
302992601
319359391
-533160361
-262076114
-1021004401
-1217076398
1532946457
-1347124214
-178668551
921918081
-1091811388
-220929138
50068237
-242850642
-1143973352
132541507
-1644448283
692514083
1117467142
-1970663750
349146086
878764105
-2022988945
204428552
396151589
1433671738
-1473186254
1687368561
1806173445
-2025914733
-1188674203
-1534152606
1697106212
-1317996657
1561202401
806590372
1288546935
-204477871
35174147
929344719
-1795689805
196967040
969475249
913969404
616605678
870172440
-2049582693
-749088834
457492614
929743487
-29840701
607635281
2110316865
400324566
-913539778
1135566868
-435265099
1967116690
-388404421
127715124
-1115729174
-1659194038
-14355132
-2059231063
67916861
-2108323630
-1277189180
-691772314
1492320902
126841991
164412616
-775103796
-1503580803
-1513883924
2055803401
1086024799
-1052016807
410885493
362949418
-567658309
-1156285767
-264571229
159338557
692725960
-452267320
-1469574832
1618098315
-139366356
1553293723
-1583342261
-446865004
-234081791
-1001275172
-2146434777
-574991788
1676033223
-657995603
1376516432
-492155192
-1631579748
1086699718
1232573534
-1268760657
-988763478
543035359
213950637
-2099588459
-168250144
67032405
-685580499
819074572
1300443364
92363015
83070837
1781274172
-90525881
295406977
-854513378
-1434436194
983145466
-821403556
-310061490
711556612
2110737664
1549710564
-332889197
132351452
1740294244
1271719163
1174247665
1324320180
341276013
2147019836
-569528259
8473088
-924373743
-1078484637
544201900
243117339
1835556262
-1822449173
1688360870
-123755125
1134441951
-1161112584
-49174816
1202287753
-461632779
-506224009
1034129321
1453045951
-1406898652
673666947
1504537474
1963223379
717202776
989411594
-534597132
2115239204
-1535870168
-1447539792
2084686750
373768786
269064707
1956896754
1993507469
827894275
-1184569688
-1556525682
-781540400
-1542189980
-964588069
-1422425822
526558794
-170645266
1640806741
765149203
-261264695
-2078185750
2003050491
-943634768
-2073859753
1012767286
1924195667
-1979079530
-134029360
-1679765431
-1567851469
-718668971
1550570932
2057791859
851738810
-1844280493
-2143811266
267518569
-1917993596
-1205601552
914102709
389804545
1992675353
280159211
-822050047
1995792185
-77193051
-273239293
1087782528
96088957
394404078
-431368735
1448353050
1183804713
2106984065
512340788
1690775186
893687371
-1584761809
1471416606
-1007564257
-1984994386
-106641737
1062292942
656018491
2136195091
1440938180
-284035475
337763769
-9779263
1620922905
-1862350786
976214045
-1721796544
1916229130
-486893568
705796903
-1711269792
810329389
2039880598
-1812633679
-1475371904
1046333009
253538793
1772229562
-170751220
231475887
-657767155
657566657
1994859847
-1942814369
663792290
-1346087593
-932128694
-1390334451
-2050414980
350635759
60504651
773388012
-161680506
-809703176
2012813346
1155399146
-37488926
1203532845
8935177
1738692900
552534357
1827184939
57388707
-1417573
-1690746142
-256361149
771194687
-2093680856
696964276
-1579370351
616515677
987868333
134184256
1236009293
-299531408
-2035488883
519246506
1727807584
499640037
-575795363
-24699032
1462127418
1144935779
2018149083
-1295274715
333242082
-247268012
-850683106
-655402521
550762574
-2101449564
-998953457
1031347059
-1475027468
-509961015
1155351575
-556772113
-57626976
1240218370
471659801
-1937890615
-1051948664
-281956126
-528637790
-1126367016
362783645
458993935
-1832585889
916074176
1168956963
-1203024825
1198881743
331249305
1321644675
-1280453980
-629106632
-1758840366
-754612385
-1931541216
-1363003426
-1781864365
-79314201
-1879155878
997039474
-2138159647
-196858262
-1058250343
-535428919
-1116069433
-1343979728
-2135854319
1265956301
731210929
-132704122
1210012773
213634744
-1061578534
-1701815527
-275549587
2052877694
-399355799
81073543
1842858296
1997093002
125963800
1682238003
-1954760876
1030956717
-1711631337
-1358643624
216416588
-397928877
374390063
-1640462752
1609271665
90366967
422724649
-383974538
42958813
-62786600
-1889133201
545736281
-79294796
804266732
661014260
-1671885965
-1196865875
-2032708843
-1477692847
-1915337686
716591056
-692910446
-992531152
-1682349707
-1964891519
-1152598345
812018669
1688810417
-19772228
-1290595872
1513527929
-343116876
2072397729
1211608227
437065602
-1536931550
1082270003
1326428740
1484340688
-1994890753
609451612
1312108653
888561650
288649093
970340660
1637849630
-1497408999
-146793416
271458178
-220955166
-1121001917
-1890070729
-1161849470
-2068780221
1955978907
-700591917
-1295441688
1415527294
790870559
-478108571
-1914953692
1779708282
-854454397
-1244877989
59978216
-831937290
-973055404
1665951124
633934054
1406938370
-1786134943
576447214
1501226974
-766214736
-119429802
-972473828
665674199
-604214006
2028606120
-1490741060
-2057569620
304796486
1174458808
1396949160
-1678879798
103856696
-1628511694
541066891
1361547574
1602588679
-1657289033
567748023
-96468267
779571491
-188966469
1091403062
2048499175
1801379190
-981398353
-143029730
-92009772
-1515721511
983479649
-1533824215
-192066773
-2030086455
727010723
-1644250748
271072231
-1259232934
15517995
379970279
-935168013
-1586558101
-1610062407
818622693
-1174970641
1346995738
1012406654
99694981
472269876
1331578
-1266154564
-97422064
1552812565
-149671805
539214761
944313644
418426216
-1670748086
-2078418535
-172771031
