737688614
1677394151
-363093640
-40198438
981867867
2065660162
-1320714046
1233967991
-991567178
1194266136
-834634435
875756782
-1877388131
-744882577
-1114679522
889245357
-191958095
2046329280
1415483440
-171578138
-55223282
-861199059
378456754
-578092122
-901048111
-409963918
70759039
-2028246234
-1495684134
504452699
-471083921
-1684294303
896716242
-1410794891
-547878915
1451426022
-676124049
-1289484792
1983729449
-1755962129
1585323254
1763605059
-766619489
1675692721
874131713
1292279225
1130876953
1016842229
-108106878
-1075926260
-1590834943
-1716629785
10264583
1868445415
-477294759
1524549421
-1900718529
95387953
20683487
1155785787
-1610218564
924067198
-128982933
-1001009947
747281913
121626313
1672076700
-552769483
941082783
1643074144
-1636910413
1500193662
971187203
-2144594401
-813553986
-889485904
1818460147
487482848
1207357944
1853957102
599455410
-186631119
186755695
2043726685
1803105344
663536200
-1550729497
1667626047
1956933085
-964539597
1072229374
-1419587009
517721552
1977372243
-2085636208
353408526
2068731748
-1408363254
889257564
573158446
711821107
-912388173
-1903142937
-1954462452
99824550
923600338
945312928
808964692
-1941540421
-1593600628
-563348924
-421583488
-524058103
-1382828455
-818339197
-135009358
438766081
2013475575
-1623220252
405619396
-1247994507
1315917473
1377520869
412058524
-839328674
-1796667008
637364581
1664146884
-1549686567
128759906
-1449924026
-1015834567
-821085838
-2129730647
-215769266
6491010
1702759333
-1025269371
2089046861
-451041020
1780087457
-574300315
-1862514043
1996989332
628424271
-1376825686
1105904453
556207438
-1241753967
2092230813
1141333206
1891860132
780052174
1375681955
-755595109
-563045703
2012857774
-2109013073
307325299
-649329425
-2112928478
-567699465
1279378786
-2052285506
-169150810
-538155030
-1128731281
369757383
-94965814
-974555808
1196605391
1640044072
-915614994
-1559795181
-479975358
46795025
151806028
-1221398963
-1211710788
1186750871
1933284154
1833318114
-1259764664
701728712
1393872816
-150536607
29920809
1096158719
1647043592
-378643066
904695618
1593966712
1637540613
1722889970
833902519
372644390
1567889943
934750749
1697743571
2126049987
1634117595
-820428405
-1760863445
1165785641
-969443608
463523901
1047092484
-1832037152
1904779464
-1831718294
1729690353
-1673335305
-259687100
748053870
-466057024
146690583
1386865124
-1831752958
1978364054
454240212
-398502475
1776593838
138024537
-170436282
1620262220
-453456773
-2038297267
495665880
1385513739
1506782187
-33455103
-1625982113
-1614970974
-153552339
760416876
1017809262
-1056037160
1255219340
-1000532398
-1679156760
1358740619
-631346135
-1031083540
1518373845
-1219815947
1699327977
-1235566393
-197859975
-308761808
-984968784
1806132971
-1556576606
-654770949
-80808242
-2083414464
-1961939903
-1503391042
1067991993
-699402707
347806012
832722123
-360684804
-2022573694
21133442
-2136652058
413386607
-661793129
1264602207
1280501511
-158540376
-1902254667
-75202799
-203312035
-59727695
-859459148
-412358502
-583032170
-1286388229
-1383307548
1641176535
2078178653
1898394769
706006064
-598860591
333742116
-41436272
-931583360
-1098569134
-362273245
331627478
-1946958241
1608676539
1212839583
17283320
283299806
1559875604
1689473391
699663737
373353655
-47767707
-1704493125
2126970425
-736509772
686178115
-530019065
-23885525
-451667887
-2094627411
1187687535
1518291787
-1633576544
-1732908264
-1532154317
286345678
33431404
638398663
-402241162
2007820954
-433642847
512202848
-876921278
-988280840
714462698
765853884
-1735781425
-1801319545
571266972
-1264157698
31094533
749552755
-1904960046
-105467162
-320897730
565898471
2026897624
462989671
-959688881
2083361471
-1929082932
-101271434
175767752
167565186
-288859262
1226625316
1190991739
-372196465
1707213736
1956273390
-1282570437
27912341
1359237674
1488015188
2047616485
195014472
-1076682537
-1683211097
-56829020
915647569
-314325692
125733415
-1803742353
1111902341
-401187088
2125400909
-2068697130
758548569
-2041355352
1723768932
44304382
1651170965
-1492447699
-616453539
1970516202
753399368
-632646893
-117676060
320804603
-1720342533
-1707786261
-1396731986
1149643705
-593392087
2121132196
-540820460
795782099
2113006830
249513774
-1609073691
737132900
-1724718851
-893898401
412949623
25101943
1458768343
1985661210
1045594367
-1821594675
-1662770375
223087278
158243618
758433757
-383303211
-1373414021
-1249552181
820515355
1205053253
1146096346
-979625153
1431211645
-2088607428
-2138783938
-1524233363
2055925050
-1214765058
720861590
-2038374518
-80895276
-1733677039
-190411530
939517405
554892377
1676796724
2092537973
-887330601
1767355364
-309414768
1059035480
591380582
-1385969302
-1516993491
-268862609
1946985610
1086563250
1222133159
1718799295
-682453721
142851493
-481042912
-1885310623
-97555683
1900241863
-1709871752
-115896151
1284531861
-1451801083
-1589807429
-915604343
-1887088995
1570562480
-1026384933
-2064655817
1525511671
1621886921
-731324258
-1124574451
-1825588946
-1406925953
-2029672231
-632442703
2032912873
1021715701
-1383537186
364158837
1118067587
-857230265
-1384700110
-2031463680
356975834
-773746482
-2088271229
6641965
-76551322
-1899757405
68388568
1601234739
1964280718
1025078370
-1497977078
-1697329915
-1306381770
887833392
-816969870
1618918138
861010844
-1587043586
-1402995997
-1832403536
2084399972
1589141774
654277338
-1438968786
-90443280
1986928309
834467572
-2022587320
742585077
-1143204253
-429205601
-605515449
352788810
-184767264
748843028
653015240
137839619
-147369256
542219140
-1626203676
-1001015106
501512857
-1620543087
-277763439
-1808316612
2062853658
2067922431
-1003135161
469965363
1424740670
-321304661
-228595482
1140388193
-1330463654
1971909307
-317920042
1134551268
1305729780
405854742
-180184209
-1487851064
684845774
1399979030
1658570907
-1657260062
362968866
-193497476
-748131654
1327050971
-1539912658
1707003300
1633461189
1220444303
1453465330
-1514081543
281327797
957144727
1410592055
1770045098
-784950491
-491501276
-1849042477
-568668003
622848310
175952142
-1014200021
-37876573
655984562
697013036
-327204359
-281860627
618150515
-1024625947
-951953841
-1903366721
-555491579
1786407431
1575262428
553802083
313863562
-654474793
2132828780
-1601277089
-730586146
867879272
2066017205
-1123963927
1418690299
-449979088
-285933745
452148379
-1912084835
-814689321
-563066876
-457665694
2060431144
392471634
-223559862
158595260
1716147657
2008111408
681181196
-1716853470
-922412324
-1253726924
1530954160
1390918082
1718902413
157461795
-376766635
1408356464
-1273519167
-927327523
-777482404
207754974
-1960813258
955370930
1341796138
604612875
-657069848
-146686994
-1251555541
1677926137
548625846
-250226251
1562176281
-1549893214
-1008595131
870783254
-1938171267
-1713169620
-562172892
-1860446375
2101446006
-396257701
1111431729
-1628353637
-1026844232
549724486
1777759546
896846493
-762979369
1127319373
-671034393
1873605592
1735151813
-881625526
-173066538
310385619
857471897
-719363323
1759528455
904300473
1311585169
-553336595
-1041645447
785141285
-657533350
-350584571
347521557
435155264
2087443086
-45020132
1592394699
2001208846
62457469
-1605555135
-937330182
55278852
270585647
509843828
-1284836075
1025335261
1583326121
2121538976
131049602
-1219094355
-528275345
985564104
-204031035
-1439590858
-979163318
-1296382335
188565981
311091577
-271370421
-610192992
-383487250
-1635583856
859332879
-186225869
1373398047
2017067706
1713259331
-2118477900
545094085
-1243663945
-308577430
1843006843
2079252417
1976362070
890066653
-1242477708
-552840155
-357835189
-860942317
-1044568302
1452470301
1609673030
-1257169886
-1557437053
-6874356
1740337984
1450790021
-514903003
-1195111435
1632108055
-2072196833
1262498871
835157276
-1603767203
-1280235904
1831996883
89290220
191444844
-1318970266
-998392292
1833062171
-1284441411
893061
1161106611
-468495093
-60440455
-1086297718
1886131310
-856642445
1917619024
1183391325
1424698187
181099838
-1810769526
1775809958
-944212574
1897703347
603340123
-1911895661
-837451622
-1131018283
96183930
515433431
712130525
2034469644
1063596276
-1222113803
-928175473
-53781500
1277463868
122679741
520336251
-1598052140
-416459385
-1880099305
-1349152625
1353074531
-1495800746
631063551
-1919908470
-1951679482
-452820908
1861423055
-129915405
1361938030
1362686305
1976369860
-794541492
1537333441
1092080366
-621231942
1658188935
1025580293
350369675
1062438458
-413499463
-1237848891
1452634557
1091904182
1737586445
820928238
842012180
-1067855086
-1335173126
22794233
1939769981
2131804262
-2054732872
-1460893618
-619661612
646784770
-658316305
1005642983
-1465800003
341076402
-571275599
2019812916
628313268
1487115586
328699306
-2091824834
1743611489
533403716
-424522602
1847693070
-336551376
1814541072
1159254770
143955535
-71086559
-311696373
95198454
1973005106
-1937311780
-1017293780
-2077171775
-222416495
-1503447544
-1168242756
-1774951210
567954775
-696044836
-1219405988
989407431
1832201502
1959316469
-2098662068
816492847
902880025
-1041147030
1650885353
953109988
-332941261
1779793437
564296311
200259949
-341572232
-1137808557
-1745784544
1010027697
-2101600332
-1361006201
-1014172355
-144033295
1931759961
1853189242
1437961427
1440514808
20012709
-588756850
-1189636001
-1146118512
1570058244
-461248684
72687062
-1985674952
1934704306
1423669603
-130891802
-1491665645
1934665636
-492723861
-1408866942
1028042018
-2116679512
-918948727
938104221
-1430200395
-1106801718
198159324
-618673356
1476572190
732284154
-830383273
1782072722
-1277304920
1755334123
833798616
1548556495
1906822599
1174735933
1310918265
2097218201
-599912560
1945513437
-912722138
41928502
312331883
891512748
788274288
-1217652023
-1535953402
637235806
181057183
-1058252077
-773781108
1487094180
1665792013
-1123361796
-1458579434
-2030071411
-1412493135
-39399405
286753889
-1174444503
-782967046
1014958163
734860225
924606831
-1921295906
-1917839384
841611350
-1527770272
961218609
-1819043152
1486965372
1678485611
-471328454
294036549
1695196551
-198075885
1342567042
1056545595
1712430000
-1377352242
-1767553297
2039219366
-1751911095
122588720
-1011610862
-1071971362
-1891094728
1469442633
-1563960644
1372689029
-1532433246
-2008053942
-996105257
-1078610743
1840861157
904290414
1118481010
354299366
-1694404916
1651667223
-107726307
-1741653778
1734432253
1855677750
-2139318154
792660428
-682864714
-1924437008
2089225476
517741190
-1109040712
1055527038
-1577708989
-2030729023
-1198442878
-1712243372
-1717566465
2006091658
1243669954
-1356018300
-1932534043
1611934034
-386117624
1108824165
-1883642538
-93977030
384434620
1338827631
-590004866
647791249
-1870802606
-1825094039
2129190053
-1219331686
-585716549
-643527227
-441756732
1005605010
1239894558
-1305733302
112873819
-266160656
-636702776
-765745933
1135078529
795316462
1584449376
-1646214633
-752284356
-184818360
-1721339810
595646153
-263092718
-472010941
-1630550595
-906719871
2088743648
742456304
292981486
-379490565
140685545
67617201
743044112
-461973410
-1415347151
-1296024324
-508281506
-1662931039
-1838498293
-811215522
-1485978136
-1675855318
1770092785
-312684861
-1722113658
567785911
-1637499501
-1142863116
-2057644536
-963595391
-577264334
-1717149856
-1413171278
833291678
132500781
-1721089250
-1077667609
-658264410
-2066419749
1729157426
525353251
272264089
-39340388
-215606514
-1357521106
1029214208
390666538
-423745700
315714190
2001386577
850189876
545323258
-1586911172
-1214966121
-396422867
-1408497083
-320780645
721414482
1177846112
380922010
-1406024539
-1418408805
-1969512889
-866649062
1737562215
-1205682804
-2127674083
1553270700
1237764271
-708720674
-451259470
-2002049721
-1303613950
1932862930
-2130701187
-1531362703
-1891578157
-1185613227
-1237133321
-801087230
-1829500174
-308868770
-927379674
2047549485
709265986
-924839270
-1267696777
1997951424
-964975953
-1136807349
2064467921
454500266
-507762338
518188141
444997350
1879016894
-527146203
-1715485158
-1330703669
413803445
125569084
1739493678
1940416970
367176569
-1859236043
-1548235218
-135748489
-1936691296
612578089
2073544805
-426225408
-1810049482
-2049283789
-1312862128
-1954070583
-980962369
742111522
163264571
375909688
-902311301
341290345
-1971030229
-1200147252
364259819
-1362178470
-1644882434
-343694988
-1687778668
2060770451
163334865
-1163333858
154714626
-710361416
1055811233
1028231565
1987672847
-911141278
536049972
320427119
-1432723868
1889054806
-614346951
1638492334
121452352
2042971129
-209736018
-99126522
-1555685256
-46778877
-1074137727
495349719
1853160894
1233146483
1343454842
438403131
-163134171
1568059842
1500213335
1305867355
300113124
979385691
11983672
821241598
-874180263
-442726583
-1733539779
-424411550
303228753
1871833393
-1507451027
-1918949809
1157058182
-2065031549
1768622041
-1830267032
-1211041688
1036111340
433694208
-1546764349
-1795959008
264418830
-853058443
1402331324
-1215526703
-211324557
1949823678
360543750
-1307004128
488834494
1468941951
-49399294
-49605898
-1072319965
1521773272
-1512727725
-1019591548
2090578200
-84157942
1392752562
-836401273
-1466310324
1356635488
-2131349506
319488972
87525848
1313115980
-745297514
2004832758
-1527534156
1704336335
634228971
-1192342401
1626841707
-1222106338
-169676464
1651076348
-596648430
-1139875198
140015124
1470642596
-2083573642
789579647
-1102649135
1734575890
1936710548
505565496
-1276985082
1249677898
-1337376947
-1443142639
255105251
1827485433
-2052584358
-63655018
-836527260
1502529024
1195520636
-2118474085
191905697
-426164173
-1226899976
-54044253
-582032029
-1768621731
593434690
-1445158011
859252474
-1802180729
997679096
-2075705268
477492301
1395663481
-332608495
-621853089
-1554134223
-132819071
1498336854
1809336801
-86925058
981153138
-1609504496
1442173530
43798879
1297945839
683371522
1948190358
466593386
2007195881
-1888056167
1530311373
914574832
-2142534811
-860730015
-548729597
-822259691
2073778818
652273851
-238888015
-288171230
2091415994
1885385421
65266341
2717849
1681636199
818783929
660126246
1932394377
1872619145
398594832
-1743096741
-1856514012
1063414982
-1416554104
-2105232148
-463182706
202474673
-1208158739
-341762327
-379608329
1692607566
-359251883
-81707797
1338793195
-1479499818
462462615
1145849720
1129281512
-363138890
2108463357
1872260523
-2006500560
331344093
-845314504
402490388
-202334495
-1002908105
1145946772
931741148
-1228277694
1702976116
-1496144276
-325364691
1812174686
2139978509
637857759
649215952
-167499305
-2059260537
-1647733821
1024944407
923793139
-1603017735
610413017
222556668
553601274
916643276
735799362
-523927926
-1746823228
-1725611838
-568106446
-2063818885
688933005
2146123321
-289899038
411353890
-1391651061
-32913233
645748171
-1531981685
-340427838
-956523128
776796432
-1820471073
957719446
324577039
112082747
102451981
-2101687134
-1212941638
-1782832340
1937192359
1124998215
286848945
1531205965
1680581385
2000568966
195971473
-1115908854
-1761440833
-976257390
-2104110228
1103245696
-99460312
357488800
-1751070956
467612020
906240598
-1927371518
-157848424
-1232418170
-1244687048
1528800371
-1766367729
-1869942875
727135739
828069300
-839697517
373264069
1125208748
-1542894505
145431440
112686543
479246625
-611147558
1447377726
-1325788455
-309705447
1020513782
461550443
-1724873834
253930658
487493433
-2031864450
1091282960
1545744059
-2080205614
103748791
980167828
-530446279
-1363337045
-1503453253
-500384020
815911662
370991293
1836453455
574481107
-2077150458
1577622174
-684619933
424024485
-1447266636
-886277026
1759314770
703615318
-464450546
-973396332
170724968
-1740779868
2140729654
-135478349
-2121945180
-825227632
-1197833543
-1261977439
506853310
-1401808119
1430015035
2053372554
-1859191701
-898568470
-1230848174
1192392176
68731870
-1312029401
1131934898
-1763642618
1003218066
255369026
93051787
-745409730
-1772167866
2006175491
876444462
-1885928416
-631084727
2130145127
-117167370
-1159437475
1960334583
1064384728
-8788891
777146404
304387715
-526752610
-1263135859
280075699
-1678725386
-499018859
2094696881
754866992
-17459338
1900014624
2141877803
-596335432
-1608466741
-1314020515
136153487
-2030505544
-858989793
-331782759
1029678864
1636201596
1846514693
-525774330
1204799522
1114332933
-676771652
214138283
-1198066080
2000953630
808744627
-1740164709
1620737968
774108081
-301562801
1535072361
706398373
2070562134
-2096368660
1636421338
562192676
1705630764
503726882
-1862890532
-1409335479
-771768084
1899100745
941413303
532300939
713377594
-1983926210
-172758398
404713757
929679166
-923597210
1830812119
720071063
-956965773
459727090
-272949814
651768533
1652768190
1025924964
2087570710
-48936929
-1148091710
-1774298798
1550389401
-2125893750
-1781437838
1801675626
436747778
-1956188003
1854240487
1837408437
1829185992
-527757002
-936381837
1373889567
143983709
-407634770
-260853259
-19929545
2073777827
1102739771
-24237970
-140143822
-1122774626
879169430
807837652
1233761589
-1262557845
-1396733731
1234676518
161251027
1865962353
-954997063
596977088
24951251
-2105135147
169884099
-1688054800
-133652937
-116259277
940243491
32569544
-425290375
1539511690
173917818
1383822645
-1354732009
-739518602
-946819839
-1481030576
-1598045358
-97761627
798909170
-387028749
1602395441
-1819436925
865734182
-1559519089
-114586420
20143672
-1599765249
-1356959939
-408893242
2085175507
-751753081
866998546
843189786
-829174585
-1973633831
-611459913
1586841882
863895701
-1897733185
-1081670857
1730562741
-2065394998
2070879644
-2115200742
-397013512
360391468
400061580
-645110605
1402622423
1605815088
1404646857
889712054
2054589228
1861009838
-1853989552
-28661235
-1618775298
134940119
395286467
813016043
1969927430
-1287895706
-1143275887
-1768493792
-837778833
-282627563
891155027
-401312849
-8581923
-863061422
-1896433799
-1508439139
1018441137
-1390880462
-1872709339
-994328053
-557204086
-850726491
569874006
-929116793
845504526
-9934613
-126132919
-1498108002
667994089
-1638828986
-1429038821
-962896971
-606619883
1271942641
2137855411
2144761624
1987133276
-1068481200
1572109790
369559123
899548954
2046369384
-1956235334
-127919168
-1889561017
-639863664
-175889576
312433505
1365831605
-1903553432
1598037917
-1695979537
946403989
-1757708022
-1189054104
-1789424334
399736895
-1323952000
1171892473
1963277203
-837434831
1409715061
-482606704
-666818321
-1536168872
766483502
-2108016812
1936665261
-1652758642
571562170
1828183926
1097145618
-1643753372
-1842527128
-1516417386
31353811
1364891168
71246969
1570797925
-1001975829
2033681929
1047094294
-280446070
-1613228369
-776223007
-1624292477
-332551991
118294047
1744177330
-1643755883
-280015774
756724349
-841945907
887854689
-244811081
1569020195
-729355761
-914273739
-1293805264
-1451420527
-944131738
2080558028
1675133026
-108724795
-1426270573
2074004156
1712479342
89820879
-497303248
-977767629
-656756825
1700272804
1616849397
528014306
2040912759
1759931953
-510220234
-231416008
1350816642
2050944691
-1695607889
985322451
182443787
167823685
-983122300
-455157709
-466580329
-1976498246
-1690514558
-1630296656
-2126464049
1097244332
684270762
-2042028371
1239736746
1633732821
167695856
-1691808754
343796427
290931613
359845952
-463618586
-2132975577
423182579
-1696769855
-510295179
859091434
-1190583713
1303160924
-1397674415
1710476443
1943032152
144932735
-306506526
-1860608899
1099417810
635875869
271009811
1622762296
-1677253605
1267265529
-2030768059
-106626119
701843175
-405517020
441714055
-731338667
-1278020951
-1903866172
1676793604
-494672076
2036915491
1629716502
-1438509636
-2112829204
-1889002432
1423954869
239162998
524703084
-1989870815
-1339992805
-2054603019
-1818457317
1497468021
1970073192
-480390551
102114368
-971076083
-1730328990
1910411560
-1718169948
-1606520401
220986044
2013093789
-881673867
-2083545303
-1382172005
-595040128
1607376236
2119189417
1329005909
-1313640889
-650796238
-1030798773
1572311419
1516257244
524078079
460528116
607559705
-1574091633
1801568388
1726534749
-1910849476
910971725
1036855818
-840281486
-540293453
-1902950126
-880870949
-39024164
-1222246886
1465586332
2129478368
2113636316
-291384556
-1797710496
428116363
-1697428134
-1550614313
48915393
1107471863
-1063135171
1142587884
268863615
-1349266356
-997200387
-728708809
1652864365
774565736
1374911349
2059798325
868430182
-737816133
-1528324611
1062436741
1079894401
1961289842
892578232
253309609
1454320003
-1685257001
-311705302
-1866637299
546955157
-1483483145
-976563700
-669801401
173164342
-1821506428
-235992221
1675704223
-1194899598
-170661123
1906254030
-439873326
1856786516
168858635
-2142245088
-528814061
-902323304
-1924637394
-1433971154
972592722
649065636
-1838462056
-458073111
111979711
-1893755975
-1119934120
-640553810
1664688273
-231565211
-1391734597
1522715868
-2053966077
1034469180
1932937710
-971337817
-548807266
958066375
1472044776
-438524117
1518467773
-1621125189
-1621718650
-387456573
1302053454
-1026005907
-1559142409
724428956
-1627532587
1587997573
306701145
-1496607868
-416211274
1819105777
1397150884
1915889159
-608180813
1998276637
1879143367
972999100
1699496626
-292147616
5983504
1629411804
-279227965
688925881
-445187888
1689572371
2090742370
-1395189318
524202302
1679491738
391277048
-342815549
1766187675
-1382141051
1458006695
360372083
-596567657
-279178919
-223395257
462430812
1908667379
-27922207
20755882
1372332277
-1232406682
-176019391
1701923879
-1842540332
890335941
-122469557
-1721626794
-451676132
1433521501
-53630703
476185368
-549628109
-1173296989
1027180218
552442329
1613152696
825980943
923276185
287484184
-1602186572
996569924
706773627
1092919847
2122985486
973211251
-516279233
-695921873
1361744196
-1612667647
1336868780
-154880905
-646054568
-668327320
-108420482
-1518238235
-122866681
367850842
-203313214
288014532
-596543936
1256065323
181899107
458990023
1391206868
838451567
-2070387965
-1400221875
-844114839
-1598090270
1727718415
1506303974
1732528564
1239932040
-993816819
1395049749
-1924306714
1158664213
-1448103881
-1037623721
118568295
703443086
-699652787
1036040291
597661377
1641588783
-946476889
-719340364
1469721566
-1450316145
-5260919
1068062020
1472830838
633936897
1037661626
-667432807
1586570178
428068670
831191127
1194185220
1311257461
1389857088
811438564
-1020216792
-2087877140
-37297296
-577999453
-11734087
-1650069341
1491174402
1703245865
-1623113595
472694763
151549088
-1517708499
199795384
1648527577
-1513177275
401892003
-226779557
1673700993
-649300629
-961519863
-1914335459
-1839802780
-1023900311
-2015438593
166925910
-1295800282
-2021653995
-368137699
418047304
1130345603
1305985200
247942912
-177051737
1699925892
-1238404861
820676262
146018907
-1705399827
-667184187
968889083
-808101245
-1549953543
1841165119
-391876941
807835837
-621321400
1116373554
395086938
2136431780
703563288
-1094662920
1327362728
815658137
1748827571
818948328
2033961498
1902718406
1101508136
-715133442
903786429
1679790176
-1874190019
-778467653
1561747788
-169894869
1467605667
-488730038
527537789
694733123
-1403196565
1273091300
486120343
-980594408
-22687560
78434932
-1481342648
-1928789062
1968679350
-812519555
1115289012
-258364074
-1139941174
447036475
-1525409071
-1090924545
1817404427
1918127624
342289905
-383339086
-1487410960
1347930881
1978537120
-2140725612
-569821367
-1195406359
176825007
-1625813123
-880693389
-142313396
1519627664
-1181121351
1461485510
-367427353
1438367972
-1441985268
865287506
874994759
-1851357102
-1271623434
1452266443
322234799
-1817820518
1323289145
-1151795007
-457679298
701092329
171650968
-1427190253
-349462447
-1764524690
-969189152
256884645
595621158
551663660
915152683
771139664
-1560845119
-455278318
-1977942685
-1037280742
-1205438446
1985687624
-674728699
-2117622362
120272215
769246667
-1740342489
27876589
-757760321
1261833531
584462779
166284590
1095710544
-1989989645
-2012253931
1065640995
1956565513
130770522
-1234115158
-1716816779
-190763190
-1228192392
168543770
383077744
-84317068
-997569076
-42310289
950934010
1748732364
-144802213
-396810841
-785827135
1585515172
-534456564
-1845653905
-308670541
-286985284
1523220787
-423523279
839607475
-682177563
-1025020565
-1626006704
-1235978871
-1022721305
2130999976
-236395598
-1696219879
-1010474332
1278507659
338200702
-1271462953
463892092
-699881736
-450645978
744710522
-536161037
1281252581
-1741616985
437724655
1427462033
2131570804
-825832433
1170136464
409586953
-1168527804
-1879537345
-1725569899
-1491328611
-1694343676
50476274
-1515831862
-2132510272
167893576
914671357
-520970110
127949564
-612757089
2107172824
2074014154
1212350229
619316452
-1155501476
1176149218
-2016070289
-1429170476
185060814
-334266648
-834177364
217333985
-1800117221
-898672170
-1344336231
-206519995
1911404645
-462093650
1597079626
489231961
-1100815938
-1868710157
456099971
139287334
1573285426
-1608874661
2029216345
847862076
1570173450
1017124289
-568577512
-1796611134
474662735
-372761504
-390415769
-1009496114
1710866829
-511388610
192004010
-632513034
1460132312
-116925211
-2119254617
343681319
738203411
-464242856
117822315
-1510740300
-755026321
-977363387
-1475999378
1011008434
2063718450
-1424052874
814306805
-1624700030
-396217159
-811168627
1842742199
-1304902738
-1341284929
108925168
-669163837
-1991640839
-725987361
-1566995711
-1992438880
1729690032
-1897244585
51622546
1550625973
216324422
1108382478
-740989288
-36783637
1077549343
49874136
936195102
-934564208
1920895659
1575359991
-811345797
-313233026
-242172233
-1041731356
-1258671417
1143020412
2065602047
-1559262896
-1844422518
-1503756317
-897857785
-764604571
1870447030
899226500
737832234
163959632
1351991255
-1322414647
106231027
1299111171
1654568072
-161152999
-203818581
-1451377609
770554664
1306926977
-1761613774
1281316016
-1437222450
-1593209712
168786706
-128406844
1282149753
-1859459711
754017232
-609651683
-2030025333
-1862414689
1209841029
-1136627523
-158358920
243309797
1969808558
-194129854
-1830466630
-644053276
140472383
1912612715
548630792
-904036375
618039293
-184763942
1895877318
631906654
-983612403
1726749723
973680062
-33143184
1755791815
-876580380
-471390704
661732850
1318500815
32165022
508022119
412792448
-923704474
210333219
-1966518163
-4732697
1758574845
-1057950775
-55060608
1022608580
1471902219
1953410463
2044970661
-938564758
-1719974369
1078109686
881297596
2008368393
1222069560
-189522653
-2099095051
-1153573877
-1384869548
957054338
2039530882
-852153663
-1299471034
963185596
1224919694
1288664894
1162826956
-987769011
268098669
1075468675
1149616608
-995053760
738210324
-553990180
1376093006
1576607549
-1872619318
-237697656
936220806
602323141
-1408156129
-1401792609
-158841165
-46191429
1903109405
-2003655632
-1749667060
2014443813
679688893
-371826775
-1279242647
2104536884
-2029503076
412052603
1225025048
-2024335999
-1044648722
416141565
500788721
-646141287
-1031392590
-387487855
-507127897
-782414917
-1230226137
84405509
-1695315104
845087711
-1030276226
-1907814085
2039633288
-1395177734
-855789104
-374837749
-728572446
-1844306560
750360657
2852967
389118943
1218577450
847559110
-874496065
-1771471821
996639737
1568146740
2137673639
1172220836
-2027174279
-842938663
766822327
-833340636
-157701558
-1210975136
1600691634
-1448783582
253041628
578500687
-633881110
1118100508
849917561
-1082537789
85868002
529496696
-1740770936
-960883361
-1296984779
1561562004
64249359
886204546
-1179647819
329301531
1890629753
-474769481
310408150
435269530
-3878247
-1663615119
1081457741
1003974994
1897765358
1701414391
-1783776268
-998767025
-1204503000
-94922339
2056248560
-726782279
483900394
1259036212
-864279532
-1437985687
489574353
19922371
-999389816
-791171905
1971754421
23220342
-1401921627
1502143410
1613584430
-1217703978
602685475
724493351
519918682
-808318662
1570133878
1309610375
163083740
1266008957
-807518604
-1357543797
-873836761
666389488
1493496378
732966233
-750562821
-506749294
339487312
414893268
-1873769425
355818878
-1411224309
-996841681
2137779377
1070451620
406947379
1678009795
-1560455989
665271995
-1737800732
873565731
1524955559
-2069480330
-1775592007
2115251308
1265359380
-413026571
-1128420826
1199988448
1218399370
-1805247362
644810277
1386450614
902359403
1433218668
1567331092
1211441707
1006917003
1959252838
1520152285
1538243548
721989874
22436052
1880443479
-99312809
-866931232
-1640048753
-2043772437
1865413358
926979089
-128405545
-2003919750
1292256975
477475905
792678537
-1105881986
-2083509935
-1665724431
812498321
-649031826
-821761904
-1428866709
48728477
1236526951
-1964375749
-1906593788
420165394
238660360
1730570923
-1122878303
-411749309
2056107933
1261834296
-1869016453
-1432754464
-421604994
1116408776
60799014
-1808762196
-1577165127
1559197096
-1951204146
-1527814286
468625390
630447518
-1046577724
-1984503239
-1499872390
90423614
253919288
-1403736650
1231654616
-2063953028
1032266568
-1160774143
-1927587261
-1255593598
27405881
-1679596661
1303390878
-475750204
2138373891
-1221201585
587511192
1500844624
-35889902
-1287384504
-878019573
-213145750
1780757579
352043554
-615668059
-2041781417
-403866548
1024924980
1149864137
-548063623
200593400
8092588
-674763337
-1131729252
-601065166
-359494645
-1947888663
-93071218
-1652230937
771104980
202930880
-1275910412
1944793938
1746838911
792389216
-1058311589
62134394
-481333580
1634221527
-1630771571
-2128543489
-1644471883
-939055228
-1030557403
-752791786
1938779931
-1003583562
-775879323
-835632174
-1489470268
369706387
-1863497401
-1015633756
1360255755
263649850
402128849
591400229
-930426566
761654828
1056162989
957586706
-828682948
-582678297
1084615928
-825830762
-1748508010
-88959277
1500225882
199788751
-1030470504
1459030370
546178390
861614731
336768975
-584510095
2145452002
-90883759
-2091256131
1355469812
1462597946
1759103144
-1509743157
495306963
-274652688
1226606995
508097150
342225934
-1534388409
-748219814
-565024279
-1772990170
1666054338
-490795377
1054184034
2122541247
-2115681545
-1359453361
1356199032
-123807615
-1562049624
-154217528
-166838492
1193866560
-55035117
-229185028
416512829
-1234441380
22249096
1888364484
1983087153
-1878654615
-1999196100
-1731279850
1794616305
-1035542255
-839786403
-630490998
-514856915
513673785
-1685148826
1442587417
410629825
31118434
1904257459
892092456
2096739182
-98524591
1729414232
-211255100
238397644
-2022167566
-2021620947
198770991
-123183489
2131821177
-89151443
468312987
-1446537559
1691661002
-973100032
-1787014347
-146280801
1562323483
1633546197
620114788
905025246
797327574
-281626507
101121874
-1208740289
1574211523
368068245
2052890027
-19493782
502920038
1502519403
1206594723
-1929042040
1156997541
1221714051
-1390998978
903070012
-102107730
-739631662
943758539
-874981677
-1782622697
16335115
-903503952
1275285689
60021062
-850633935
662960237
50384174
-1974268910
381374828
-1968810022
-2119081414
1194426026
-1338576352
-784127053
-1883174178
353172405
1685767996
580559958
676213643
-730427974
1398356431
893965002
520624599
1435301570
1315822304
-267574525
2074538862
-1105953220
980084094
-1122453917
1095438406
-2052900577
-269201899
277439108
107965462
-980996011
592179971
-523282380
-68197624
75368791
-768097686
-283658560
1030127021
497816852
79948103
246845301
774670384
-793057001
219176899
825171299
1537173710
-1125783832
897214153
-249481884
-1299224187
1950176689
409455320
89076316
-1850087157
1305408036
-352124903
1314906561
1636411137
518854812
1637116851
-1170983843
1225989992
-340005502
-1575588258
-1495222446
2092345683
1874733041
-312015818
-1311303329
-1824961314
2123457181
1246957009
1707884641
-1782545314
899946224
-320563565
933999387
-584295207
-1213356427
1092529216
-256812231
-1223775816
1146295929
803642322
2110710673
-1523236933
1743348207
1082369932
588396204
1873308460
1391494548
-837055922
152494469
1096684887
619752019
1747147819
-891003248
1727352120
-1122692630
874622008
540511485
-1143658634
-92886580
1872225190
-1957308355
1212492176
-389912503
-4831725
1718408132
1774498901
839243755
-488692964
594104081
692724121
103707939
-1154282186
-1503844885
678005029
309248549
44640702
1983598828
166617327
-662293233
-1781273011
-165283261
460483722
-703110064
-2086412463
-620586316
-1355829281
956962119
-1417731111
-909876509
1592940829
-38989526
-249691473
723350738
-437594643
270918697
1275698347
1028370856
1584367594
-1829049646
-392464314
-1128390732
767609936
-1838788169
-147738003
-593744720
1775848178
-437851315
-1120606057
-116895671
-411058063
-1452408810
1875521561
1921766110
-1334921302
-875070206
1390194360
-2068726648
1706681968
-1823726574
1573890175
-172806054
14688635
1879286591
719525587
41400297
-1452008545
-321473127
1952586948
2102412046
-1925880768
1366274738
-1403786075
1325129706
672553221
-1914032068
-170069282
1156673322
2017656523
563649008
-1408804353
-1244014453
-1291323940
-659496015
-1115210727
702186400
565706080
-720389647
427824457
134748370
2090973714
1599329363
-1416213612
-1185558872
-49368009
1569279634
2129715194
-1412053175
1096794316
230108064
1836883141
-614251970
1055541758
857696018
-1274850015
-1223186821
-813880609
1461991610
566168049
1635231903
-743763370
147549845
-1137047585
-464121478
-2107399850
1107493095
1137332917
1161685200
-515655599
-967293788
1258811883
-1139931044
-895965201
-1912250350
-1585253760
797727511
-1919338245
676259243
-789106163
-1688777543
-2045591651
-1687832249
-645314794
-201314945
-503861810
882877306
1182341795
1501662767
-1071621881
739981114
107742990
166778969
1801840443
151645637
574197791
779790046
1800050440
-1843028799
-935131051
-1347575114
-1495148760
1719970468
168802182
605022189
-891428563
1616029013
-747874646
1362573038
1607453549
-1020715245
-689572622
-866355709
-1929230790
1025439126
-2006607329
-1620197
-433686442
-1704827021
1966291474
804697550
160280229
160734148
-570700386
1152926110
1763824420
694386695
81765541
-424753024
-1258692839
675881030
340477282
1528763802
-762921844
-1004151432
1554935042
368056396
-1708635403
1390224935
1011484026
-290912396
901872438
1970443602
-1098439532
-1609042706
-1730300213
379558804
-1663670199
-909142695
1164510783
-1430776187
456672342
676544544
975153889
-1019839905
1669600521
-2135659592
1223761847
1118728676
-1114829989
-1361761754
652064179
1349458047
-593410493
112683460
-1147846876
1946956457
-1781486264
1903754819
-1332707729
-2103965554
-1557241768
1243133427
348539902
-1479686417
-1474768680
1830879041
1723377527
1594264137
-691939332
1696129665
967125041
-1865320393
1357995607
1415861230
1734836451
-727086316
1787979957
-1337384466
-1101788514
-2134248476
759406120
274596761
-197424388
1456223860
237083488
100502396
1831381401
952722367
1938990912
-391183719
-663041854
174724754
88120493
-753700942
-2130102932
971445875
1978080680
1074089670
1479860840
280413375
-2107022434
628997339
-1619123501
-389957614
-721141506
1790581758
-1281943598
1807428074
-1146738676
-985042040
-431831681
-1394599282
-1497347340
-2057760606
-992214242
-198553812
-8312542
-1995691254
1331608211
-1825403327
1922702800
1495437846
-494851304
-640696771
-2068397088
-2098289159
1175593770
-516502938
1894138603
1289429316
-89365052
842625531
-1935418983
1472558768
-2044809521
1954571677
-366134990
410634010
-806679848
729765610
-1247115659
233419726
1178039811
-1062740373
-308997208
1921487111
1521808959
-1823843409
134686704
-440157002
1034003642
-1142803529
-697276446
910302594
-1772266857
-2072178284
1557115737
1513754128
1280308446
281218383
1112312969
-1848428413
1801151412
941612296
1008163924
997598790
1812134091
2045473889
706291676
-1540388856
-65754853
678606364
879790936
-223249912
406336977
1118247938
-901575125
-1838266222
1418948743
-280594170
-79223758
1643935944
-1980625226
-2051393110
-421760931
-2069096027
1624424552
-1962948958
1523391617
2133958975
-73236943
-371069514
-1037280661
717937227
411714143
-1739540
259220023
-1115249178
-1463639696
1237924837
-851475997
1637914002
44299716
-1650684025
1009324574
-1787977346
1675694739
-344681508
-1286314906
1365737225
-1916423648
-1963726791
165346897
-21472375
1831932718
-1452938846
-499337687
-427753657
1050180019
-1671350420
1542292670
2100272334
-1427863861
-1241817564
453910648
-706883483
1605868527
-472789841
1084929451
1947243480
-2082816666
1875539890
-407089105
1990011518
-1301174277
-625946829
-371275218
-786282120
1684934127
335145600
192304191
-1699413962
-1698353359
-2126180785
-2028148044
-1001052865
1684685004
-103026394
618744879
951405360
1682134944
1355309565
1348879739
622756357
-1670002092
1766536481
-1031117160
687368343
-2000535926
1742379866
1831695639
1526878821
2021119316
193742672
455749544
1892844950
1426664167
-349043414
686831345
452777278
-1144709746
1823844471
1955803040
-1768809504
-488599583
782988369
333541827
264133171
-81946058
31482303
90560854
1097039401
590339926
-585373605
1130204189
-1897195988
130349171
-1365037772
-958150476
-127306582
-1642910631
-8012811
-484240668
-774830125
641721828
-761647546
1031557431
748480929
-1575838287
1989371249
-1383485491
-1002050536
-226481384
2113747529
-1209246608
-649746993
-689590183
863618887
-1372491802
1621050030
-2104912364
-1970884363
-435447673
-283239176
-1955837442
1067716750
-404465138
-1141480821
-1344686894
-64166682
-241109325
1853114982
-1580754044
1825254791
329536888
1512742508
1864130492
997200924
1960344003
-1931895449
-1346579582
1499121683
-1273012180
492009806
-990440395
1899950205
-1019980648
-2093746742
-993287999
1329977399
637801862
680848118
905256720
-1967933361
-82618200
-1455312794
1252164800
1705821343
720405685
1518842987
-2032232681
824958654
1059501181
1407370132
-1613040077
938939161
-1443539139
-1750612874
1107568517
1367098460
1215365684
-2085033040
1613190016
2000857366
99043190
-109401047
-1119245684
-1555824741
984131071
-772741221
-933452479
-1790272468
1996023562
459285333
1274647505
-6310571
1175944355
826721596
1208103108
-903376234
1247196539
708746514
-559207701
1019183429
726784507
160906746
491838094
-1064586318
-943749477
276687931
-1832544793
-1306431861
643749747
-326098108
-875800364
1180444802
-1034733295
335673327
-1704348729
2138210348
539751053
-1571693815
1491088896
2043292716
-2028880677
-2145943534
1959577342
777537936
1181088608
-1793856448
2099946290
223194234
-255563321
-2121993783
-1504841739
1302664963
1393644308
-1289839774
1683954364
1730378331
-431249928
791759874
-19892342
850961972
-562333081
-1230268693
686477989
-1825502624
1837816935
-703392790
69527948
604991160
257945643
1669313500
-205193433
946849088
-898841760
56187252
1166737216
-834504056
-564502587
-1303397828
-1944787662
88205396
-692456703
1946209241
882268639
184143487
-352313424
306332050
764919015
1347614235
-591672386
88530451
-1627386603
-1349295395
-1841627144
-517956243
-1343200227
-35277128
-1008358176
-38995104
204405124
1333832647
-1900058432
-83306019
1682628831
330418287
1274968833
-1971467323
276887359
-1667452476
-306722628
-894253065
-1845644309
-944586709
1753511569
436635785
530501711
1442626113
-1962978377
-1818617260
638778165
1082841595
-1958387116
1324769461
-2040198350
-2080538610
-1719267057
-945843822
-52206494
-1336198767
-765134366
-1516900965
-64256681
378469343
-172475852
435370194
674033486
-315376958
-1689536474
-2016889012
-1435116125
-654263091
553838893
-1453739464
-1219526522
746344968
-247992864
2030749984
-1588154641
349229266
-825223406
203330415
-761707570
284818691
-1419040733
937186866
1846516359
725564752
-594285933
1078317602
1842142877
-850312461
-735189289
776826338
-256367956
-475527285
1740985967
-2100412284
1900769948
-1222097600
522429240
1335607377
-1661643501
719703338
1977354238
-652797495
-57905109
1229610995
-894884267
-1928039704
151799141
-2042696518
1269671336
-1480941910
1338849500
1030707770
1161244562
1621886161
232347581
-1969275349
583294316
175096293
-31288842
411576040
1426287398
-2013379716
-1049208019
1059085137
1686684506
-1060838213
1146480371
1051931890
1297725598
-290959588
1167684665
1881307236
-195493863
1808114545
-1002939390
1715097587
308789592
-215044312
-1175005350
-1636316032
1525108578
-1998736945
1867886726
188485801
1232396041
-1511950630
-1573956740
1684310566
-696660350
243976100
523301269
1474485621
415257144
1567652275
-1240093568
-529176647
1826986716
-810574528
880082041
-817136929
1199556800
18976757
1649722811
-194070526
492781669
-761661448
-1715285709
-344118256
1673016402
-1260721368
918592629
-321514835
964327463
-1727150427
-1308117773
-921345193
-789909263
661879445
517739115
1943571658
-1108134210
-286831067
226829473
-309787995
1204894580
-1610915890
-2007136178
-2003861171
1025116894
891708889
1005885272
790440976
1553987591
183399204
-1967372222
-1847203443
-1912747061
1198834726
-1250881307
-939941292
378390698
-1266493393
-1173307296
-1969207863
-55797793
175725300
-1626307508
-1477002931
-2137689168
293970507
-1898869452
-1303833186
690365191
1770701874
592905795
721999486
1622055490
-193492715
859264063
621011090
467227974
177389136
837668790
1953202573
-269041958
-790909711
374435446
982044301
1472674097
1194637507
-1119350719
-789707580
-2088461368
988441479
-602578239
-1832202149
-609928590
176779396
-132149063
-1392271982
-1830827600
-1508228030
552808573
1158305835
345551942
184654993
-1477237341
-579257080
1851176458
-2127508272
246966779
-1135173102
-1100623873
2017569387
1559294395
871553117
1152182689
852342181
-271835394
1790938249
-1909738622
-1660384617
1123448943
-1701688981
-858022123
631365239
-988965055
-1564868373
1309147081
628329757
1250984034
1013563183
98478425
130316995
1642061039
-1804014600
-1053057182
-1305391604
-1675311639
-1835286964
63416885
-1663547833
-1188292823
-1556298155
1101718766
561361396
-1565557359
-2008370807
-1366189883
116574598
-714820476
81505546
-1999439453
2126574186
2126423703
1236929102
-1402038280
913813063
1825793416
-469497342
2140052427
-624182649
1570057582
-1119686357
1854545170
1163535382
582739762
201051278
1094987075
1697272682
60808765
385779282
2088330794
-562670398
1293786482
2061382115
-1202253315
24699057
-727308450
1917301272
-1479262035
1978984669
-2044854866
362421655
1526095486
975351044
-949965855
-562657928
-961536039
65707072
1734723902
523436584
-1734158752
-485063029
-44063225
-696833393
-252214461
648405636
-1929701395
50747765
2047228625
-151377038
728439239
-1390516959
30911825
240950153
1684157054
2014817603
-839522029
967755372
-1715022004
308126483
1270786497
1479268339
1544502565
27602873
-4536070
-214402259
1191464308
2008587503
44278816
177974696
-1099779574
1468457956
1543015281
-1503984913
-1555289005
-996243869
-577532332
974724179
-483742774
1327126068
449722613
-25339666
1833555886
2106117826
-709093613
2014839268
1747124213
1941759229
-16117736
1353086700
1965205889
989950337
-1234243479
332341006
-743560815
-1676240649
-1148537857
-207281746
1831011450
267572923
1725392438
1606429640
1474364309
1874300351
-1725453595
1672791420
2064332411
1222853550
1935426734
-1552024627
1857770351
-20321708
146484374
-1640930651
-265934053
-1073882308
1642598103
493007644
-1377361025
1138387354
-433635084
1647086073
1771302438
-603246997
-913210098
2082998904
-2145849958
-1510378790
846212726
183855437
-1653473767
851139813
-77694077
-2070699032
1767544200
1471595072
-196724572
-1981421573
1154182823
-1327250055
1192951992
732524344
449524613
-1111908004
-1080512868
-1660497057
-444933322
496125592
-1937845243
1242963575
-509759804
-570970206
504121744
-1067639973
-1167578782
-954724647
-702862313
834906743
-329242649
919354090
-1284580538
2146574035
-1681122438
728628597
818597229
-624302255
2027303817
1131554800
-2105389929
-1058469838
-1805405442
2006225611
-811700006
288172254
1005577396
1638034133
666430448
1345534436
-1010998489
-875466531
-780174842
152893246
1017620331
-1034350692
951913428
-2051683622
1225397087
1290562514
-1425867283
61133653
-372184286
-1912417618
954069335
317854473
891023812
751708786
1277630814
973146953
1780587840
1788168535
-1145302364
612583403
-310569558
-14526803
-1762355331
436838150
83915684
542349894
1624155513
-704435972
-37228010
-522232300
-1589712831
-94030662
165807901
809616913
1268546982
-1742226370
262903875
869646942
-1996724489
-780788391
-885080591
-846692433
-1648215150
-1859380555
-1522152927
-240584219
1475408061
640903450
426477143
-783575812
1092602550
802573548
1019010257
-472653786
-1868248312
1717570552
685727997
-290134216
29831199
564934511
-1220318422
1620751941
-2082350562
164762161
-156255358
-1556745336
-1870223120
-1658218673
955242551
-2029210746
2066818973
1857807563
223189757
490859380
-2010638114
2030636705
974234039
1450649045
437434610
657038858
47027828
-1711121049
-121648974
-638435073
770605724
1743528511
350860771
-2077987333
692363622
-2000130765
1302623435
1478426629
-166632051
-2101426825
-2116624634
-2027024659
-1325160894
423402634
-1679119463
1590265813
1419061091
-1089010606
-1795468217
117852659
-340004627
-1215356027
-2005042141
796248980
-1290458705
1811876939
-1898075290
-1058239645
1993763136
1613420833
-30509950
1667748330
-550652621
2022454272
15423094
1137674073
-762864248
-1565742146
-581504924
-36101754
-793367451
-1308263501
1364220512
521989685
1382718725
-1574852194
-1478183030
566181272
689901039
-1020682806
-1801497250
-2094845672
1672258155
1590532460
-303305654
1177891414
-560085199
-2097762481
1761858944
-1925753236
-602698141
469508786
-401061363
1423585655
1896896190
-879406992
2079915818
-837755303
1684615691
-1029798303
1050129362
1974943419
432193242
-1001820928
-927038572
890091344
404056434
-1212684467
1951929002
1820191841
-1568651261
1133153524
1795549001
1867530884
586221085
-1143332177
-810384326
1395795886
-207973531
-1331317528
378673320
-169252756
2107345285
255146145
-488777412
781260141
-204440220
-1769285992
-507292058
2055257411
-404901993
1140540581
130180093
1355218538
138334230
-341323417
373909003
506246536
-404567758
-551877089
1007228641
-1085912074
1573176774
-319618341
678828656
-496178561
-464329044
630388950
-880807205
-657353626
679893875
1283942174
-890623417
276328109
1721225806
987692407
539870709
1225439124
829846350
1584679295
1368807059
-414043553
836164307
54694418
-525387314
-283571364
1561511744
-526220049
1011540267
-1118472156
577334765
317823643
1052193303
-1120364512
1371253601
-185510779
-833662148
-433301169
-1193377088
1364834666
-120816875
-1086036667
122790018
-420695046
230462404
442653302
-892414875
-569493572
463390755
1720571316
-721242460
1623150638
1653820952
-771420170
319679593
857243183
9241132
-242019238
-2056142977
-985528415
1388882014
316012
1107426635
1991187786
1614210613
1181126824
346116348
2135620346
-2050799084
-532184259
-1104376575
1821730291
-1858866223
-556168429
-28534853
949890436
1325576839
379543823
2083385204
2108002807
877243307
1975234965
1855453582
354530732
2095767389
823651406
885887231
-632849275
-1598349824
-54408150
977504252
1094155653
233718540
-1135944792
-959377164
-757732685
1552664866
48593236
1053377215
1549701956
-1148187808
2091851921
-1045681129
523527160
-842020874
458226328
-1374606778
-1954674237
-477191
202636224
-313297119
-183002448
459493495
86118655
-727375308
1216047362
1477902538
247079344
582740286
2059560092
-459046351
1286269334
479110111
1459531426
159845532
1874652960
-271501681
1513702239
285377734
-555738642
1783120082
-1601839512
-1598425207
-1732399725
1357707945
-147948286
2039543405
-1876382564
1953297739
472523456
-1323849343
1694689233
1092137749
271107184
-1747539346
-405979718
1645169342
1354267959
504691912
-1535259036
27560398
1638298107
-1231767641
-1717622939
-824030640
1912604416
1501049974
1600629788
-1059262522
943672277
1514854154
-139936195
1335770972
-1804091023
-1874476298
-1352045940
-1226242207
-1123623272
-1197862372
1308138984
-1270134286
-190974333
-1257283449
-276879734
-417603849
766600639
517915000
-1965423218
-1856257709
-642569899
-1281396290
940168371
1933736791
540886058
429644618
-838056866
197158518
766678696
-549798398
-1732184604
-709316033
1747127454
126980565
2043360776
2137024135
2125088100
-638421489
1182161858
1716442341
827202115
-2070330899
683331394
1520381282
-1076582637
-926905740
-19006157
1162488433
1801435428
-1046433410
2080881220
1960445980
-887764895
-1519889899
952883939
654981760
-1375805774
1885249027
223281995
956798843
1438519714
-464158551
1402598337
-2112034909
1429631554
1654299407
-266414823
954405497
-978020532
1911778620
-592950913
1355504094
-1289476726
1579303112
388121971
541939909
376109688
1077323951
774436117
-295061207
-629547736
-272258457
-1588973150
-1949444799
-952313499
978510899
514476862
-1745635342
-1282168549
955598009
-1954206989
-128110459
-1625501707
2044143570
890310905
-1094718055
-1004253880
-858067807
-2082966729
-572271781
-340719569
95049958
-655048695
-1420558093
1337612790
-1291297388
-1561589436
152451393
-1002349893
950145184
1133501302
-442260792
1033884754
-1894453221
-1587821199
1956188906
-1021771927
716030594
-1984539638
2000967765
2127982316
-1111185324
-1235253730
882325693
-1707225686
483406565
-209453867
1667241419
-2060299720
-242051982
-1382257622
-2093781676
-492892907
-178176652
-88797270
-1620006706
-1160415985
2042133305
-365877381
-1619005441
-2028087836
1330768815
-1260732001
1863185142
-812808917
-401745278
-45132934
-68821185
923861364
2087508842
584968081
1146680401
534142894
995636669
787735444
740715339
1579592393
533525835
-612259170
768452063
1870862747
216446058
-678387782
509597838
969228039
-1291553969
-891794263
1770365973
-1336960932
-2121068385
-1313296159
1841320486
-967959046
1571698501
1289485529
-315250341
-1831028165
-410921595
1528970627
147885159
1759758991
73625937
-1113736166
-1854941042
785977064
-79958565
344921629
-125814954
1821748057
1498388075
-1245949542
368367487
626532345
-939818382
1886286255
-799129297
-1542235379
98346718
-1911206067
1679669617
1050298725
-129619793
139049535
866576608
-1018590970
-1171143479
1910646378
1269348767
-1429790199
892231948
-2125567658
-435052405
1317693890
209590945
984828908
1970455988
-1151568861
-472488554
545715329
310951944
1327740770
-1756753491
-1912902381
1860687952
559138266
705579120
-275461679
-852162720
1468285486
-1287071607
941405152
-2144066678
2051043763
-1540922801
-84059044
1502015827
-1017966321
2120497572
-1926620260
1988103017
1021857565
-1621683971
-2091106118
1747441107
-1978002924
-1627602495
-1412508335
-1430196118
-468129049
-45955625
319576456
1409080455
1835424493
1469593210
-619856817
1424542205
-1933881404
512713807
1243223016
1621475145
-981468813
209214648
-540353879
-1434545912
443047630
1401811050
-628050945
539057321
-1306831842
1372852028
324074934
1592359522
1543485440
1532988738
-1619742346
1887574631
-22668659
-156457702
944069264
-621215399
-1744620869
1797966725
-251845638
-170125316
-1676556798
1165600825
-2017770856
-395066835
1589175874
272386036
1490960317
-1881722606
742238691
-517678124
878307312
-1648941934
2119549502
19700197
-1850285582
227463175
-1117612997
974164731
-1379520001
212981298
2075309882
-1687842366
1291005268
1302958191
2116156982
-1809688813
1120051697
-1748822743
5140263
1537263496
-1833552224
198357391
-451228504
-66331054
1555515189
-699872633
1151178202
423197001
-1348681450
-671131421
-2128240505
1464619588
1939063805
-1578732334
-1679052407
762034602
-1939141892
388605080
1771747181
-274471351
87908801
1020191361
-313619630
-119869850
-67655141
2020314642
272849943
2012462612
1341863356
-2137342846
325986229
1794744009
65370176
-56386456
148432616
-1916525523
1267881325
-1401560907
-752660716
1210880565
1694404540
-1978833181
875777639
669716592
1627659032
-1196585874
1462675002
-322748768
-1337829403
142075779
-1618393156
940375692
-1390380477
216618743
-443918639
874481428
100180371
771988858
1382283063
32642181
777937977
362347531
-786937878
-56178130
878433187
2006089646
942158026
1357486387
447495306
2086729309
-2136021382
2052472992
1269573496
1129561915
1280788618
-1061831999
-1104519799
-1232082417
-1027179049
722774960
-440535691
-1491772945
854160177
-994466514
-1342067507
870768443
-1958141889
-920955978
1330975108
1732607181
1885583007
-178001713
-557301840
-1220653970
-1488511151
152065698
2044671890
1724757643
-2020906412
1896820939
-232386605
1238495527
-393079663
1252804211
476022800
53606931
1557743608
-892122722
-1012154472
-918716323
-914327064
-1543170111
-1298328460
329085190
1645087700
385906583
1024290471
1198791414
-1889807837
-656908236
434535350
-1396236748
915055958
574561625
-1103913366
1396480593
-2143592081
-529603318
1660720851
1591234597
-1689389167
-980569506
1238640272
-956519747
-682789405
-1779205739
284570958
1572791187
-742774342
-1768486545
461715854
-354634241
-1060028425
274148795
1697573290
-409643538
-830240852
-384112851
-159614695
-1903256111
-851231995
-400765836
-2003638799
1208657879
-1133841819
862120076
1886132909
1044465245
-109173297
1655024208
1524230192
183766949
212197511
1828567378
-1204806647
-578096954
-1613591816
333038575
1887647480
1265794019
555085528
-331703651
-599947343
-1034656353
1683413385
138751110
1352969695
-1873418801
1857159362
-1675675302
1627769195
-519114895
1962020206
-217789343
1407113725
1369994205
683864276
567399631
197137090
-1161878214
1138943991
740061019
-1643633040
378235955
131453247
-1380862703
575328134
-2069461783
969259096
-2062539929
-1939793704
365950762
931511385
-1047006833
85404234
1888869859
-1168460759
450553611
-1704747557
1727377875
-125881058
721061765
-196042523
338856833
1032773606
1436329952
796878242
477696111
241113002
-856964982
95594738
-1397194864
747210607
932811027
5591130
328962294
-1555097152
-1691358973
-859937712
1677925583
-1463794038
-161175065
-1371280715
-519062126
-444474554
1424185005
-79534686
-890838668
1632870748
-1706048463
408353382
87228193
1156613830
577421079
1281787087
1948639656
557198580
159038170
1626086056
2109685686
-503578129
933748261
1622000515
-91680250
-824162367
1964769377
60713144
-568435433
1876143635
11299983
-845135443
-1008180704
747790870
-1730380457
2001420375
1388931905
-2017216346
744842847
-2012265985
-2111068422
-966273363
-1654604064
-1069414327
1465763552
751631301
502833527
-64668047
-896641651
565990177
-1202096840
116461272
1917974488
153644716
-355552247
-1699476289
447745349
1873137778
-709541332
-1079937455
-59481153
-1046993345
277031709
1601376998
1245442692
-1165681787
-1362241635
806629765
-711077792
-1800936062
2067075342
-669021269
-1221535459
-990974558
-1247123967
672272458
-348015047
1581202977
1240581133
-2135893228
1913929433
-1771072268
598825698
-1841243144
-1597611267
36126953
-63693667
-585960724
1318721013
15412492
1281584988
449807341
2093935636
845528653
1488053269
-1793538237
76242850
1067214687
234489507
-1983161847
-102698730
-2138040606
1794218785
-73870612
2079692420
787735491
-620569477
-1758437581
-66048428
-1418224669
1784844353
-706368514
-152245964
-2099635978
1632830398
-284778542
949608271
617709485
988890697
-317413292
174802110
-820654825
1139487962
-736190380
-811994817
-591636924
2085759712
-289107443
1058418468
735649323
-1230541744
1346296234
1933837709
2068129229
-897803007
1733717004
-1040879143
-1095296359
198433078
685000138
-1152760743
1380845330
-418364548
734676601
-1000041402
1988356527
1828789174
-545784788
-1369702667
2088261121
10400630
1571955518
164177480
-689863653
162648973
-572793266
518398567
-806063571
840132325
1340926602
-1462248784
-965018510
-4489587
-1930406864
863992299
-2040983732
-1582038251
-149196974
896692674
-248490068
578070299
2136283353
1454031215
-1125902921
1551036197
1023509451
1600680886
1974793638
-1895144783
124196560
-724006890
986125037
663632523
-2109399567
-1851475141
1147308447
-1382604707
-1988275037
-1563237706
1029782032
129291148
-700609532
1150406639
-884825413
-673921215
-1691946653
570224217
1686697062
707530181
-255543034
-2051075864
1234224259
1602495761
-2005126874
990913216
994509273
833583269
-969113282
-1374638290
1798770531
400796824
685021572
-750684965
1134897528
-1509620240
-1573251401
1594128446
-1694009045
-691043277
74718747
1928874322
-562923020
1786740797
294221249
-1495961463
-793537137
-1687886764
-1392419572
-259967233
-501278172
-1393995399
-2005210769
-1702347278
2110058151
692241920
-757666949
342268274
907127169
-1282303645
-1632853992
-869637548
-1558712977
-255729326
293712402
2019095404
1377317034
1316328461
-306032681
-1026669062
110842440
230554614
-1510057602
1422991716
332833249
1958760545
482142987
17699365
-145343115
-3504210
1099417329
-1932108795
-162207347
-988105062
1709466839
908024714
200722335
2146210001
-200759137
177343150
1510903478
881188551
-243956317
-322855727
-831837614
-2127299385
-1182657983
1788569072
908452748
884586315
-1283076199
1787920663
1430747262
-87156594
-1913050731
119859732
1033684449
4324191
399471401
2039152237
1643767542
-1821673672
196993755
-1351247469
1035268010
-2016183921
-1437117563
-2067513258
-1190157068
-1491918741
-2145596071
-1151856741
1020909441
-1315722695
404691750
-928292275
269239443
1773997791
315486169
-1251384687
-1414127322
944543249
1465212997
1448147517
446018388
441319140
347256102
-1972250998
-866738694
2110196896
-2102011549
1351185159
-151600486
1389268185
-894113645
120676304
1300028802
281356992
-133455423
418330368
2017083438
-2080922698
299418227
1900672355
-92058134
2086088994
-1777889815
437234288
-1839161669
-1821492349
164889762
858895221
1249176703
864332488
-1982033885
2068641299
2071080531
1699243999
-1950603526
-430518803
-1959098828
293856139
-111923967
1379836316
-361765656
-759843206
-1835166753
-2116070683
1610582046
-201740650
-95617068
-728039890
996456148
820305306
-468847436
397327660
1278238712
1778089193
-1261088973
-1527553823
639205202
343980698
923504228
1419466437
246705312
1338885079
1096003963
-1815270077
590182658
1868472423
-809783846
-335713434
-1555726696
1956164488
-797982390
367112148
-1852488087
2134373890
114959496
839011066
-637081466
344800632
-290659836
1066322056
750946926
1166615808
2079053028
1802312736
-1749147724
120875766
1105794126
1287808329
1777733855
1777326093
-1048162585
-995131735
-78713712
-18676826
-214836586
-1679111053
-511801622
2040695140
725515404
1971584541
-681759955
462128127
329330056
-1984579754
-18496604
1876648281
84958807
1366578231
691411905
1617454030
-1355513702
-894944072
-783376251
1414554831
-464398389
-386565275
2019771173
1362668721
-321923455
-1227257008
-75144726
-2045578302
-226325517
1778618697
1418255192
420012189
-1897994822
2069525580
1904521106
-93284417
176867802
-1570272966
2037502972
566374489
1682328834
1276364236
-412017374
1353654887
1094420755
-519000380
2070635224
-252050943
-1114187810
-2145028764
-1806875999
482221040
-98470350
-148113372
1079125076
1941686147
-961228011
-99575138
820536572
876052899
-100855984
1155737805
-202191872
-1605950171
-1184534224
1547057526
-372658557
441046111
7458955
-1863466011
-1734318835
2046584829
963919617
1366613212
1360656234
-530221291
1388212355
1700646600
-819846446
284249208
-815618023
-1594949322
1003363913
-221815478
1234185439
-816684156
-212156088
199759060
1658030928
-616280357
-611061603
1362823576
1682122438
-1434840228
894137743
-1465716827
-903553215
784835737
1430496069
-1515332564
-1675505818
344922438
-397119897
-473059756
15296203
1467740719
-1982342395
-2089963190
-1300929423
1077369965
-590027592
-1493709925
1530164625
-1360928044
-970046202
-617820219
-59147109
-1577958737
982301706
1884865034
401196155
383801262
-1810710700
1495607175
-1065049059
1560171295
-60706035
-447171963
142825011
-632180132
-178843297
-202055665
-1879570123
-379541372
-529914861
639064772
-1593873495
-1526730899
-403098501
1812870894
700987556
662189017
1499420049
-2056561710
-1494710128
1679397095
815410272
-590041527
1504766510
2026294987
-791061854
2115227791
-492206114
929650881
247951274
-910062758
-127541986
14294590
1408664452
1528181806
-1432371120
-1696935064
-1395072935
1126802671
-1454193473
-461486904
-1773117928
243439799
-610453277
-1760185794
-748333997
-679575062
851199204
950297908
291522150
521678214
-691212964
389674518
-1500533282
119850943
1431567969
1437005057
-390756585
1787041226
1764434625
2030496186
-106003418
-633734919
-661542001
1859509985
631179769
-1221292281
352570334
200731749
336616381
149128117
425938124
-1586203334
-819292033
-1241880683
304676290
2065304650
-1747030251
-536797148
-922327815
697513128
1570483262
552781086
2111009855
213479691
-1704982776
-1386447090
-1306769926
242177657
180080498
443759396
-1621154195
973968962
-484416687
128993354
1246457145
1665282863
-1968796297
-873320072
-615126233
1620137467
-1246153967
-1205835449
-1895829468
749368578
-890047664
-1977247036
-361091700
901497656
-2143052470
1677570951
740096171
370743900
1885118499
1892809475
784576895
891999340
1186060647
1458490142
867258819
1709983835
-313629254
2114174467
-1937741784
2022235649
-1449961549
-153590473
-1107229723
169995602
904952067
-1314071062
34296946
1203166418
-184190499
2082395791
-1586101873
718025544
1218196114
-1679763026
1422622603
923111601
-1160586374
-2112163336
306832322
1790034551
-69771494
287898524
-1905459866
-662214942
419637891
-455330088
1643820674
-507259954
-986112008
1907027922
-1316617924
-591055714
-195194925
714231719
1188877658
-397143184
1994021800
219916996
18481670
-27278958
480225194
1748492405
207345621
-46902477
1127464525
-1296523333
1923936005
996680285
-2039805395
710452577
-860058106
1814695202
-1316271571
1774274385
1725461563
-1367809259
-2060753949
1812783395
1567755521
-580930052
-1890355149
-1540688394
-1869263121
-791019069
896998969
260316035
-413676705
-1581391950
1428023404
-91684242
128627245
238663906
380409855
-1665585185
1013108158
1666591725
-402414966
-1520223151
-554321084
1506023908
684584425
1143581609
-593763521
-599126395
447014500
1970582154
997914182
-475826259
-1042459888
1152023783
1148514822
1507287051
-752710540
26003929
-713821557
624140566
-1271137938
-592187214
-1899277378
477413440
1169356375
504144721
13297454
963767147
1305315941
-524353097
-1389805038
422037660
1169461073
2000343770
-692689010
-562819859
769797945
-376572231
2031637301
998182600
1231019206
1424450992
-563664945
-1947220142
-299292271
-830844660
-1449720229
182056740
1585127106
588921058
-1627795113
-1038261696
556661754
-920515812
1208180798
-2132256958
-122584974
1489346516
-652286127
327087573
924983908
823011044
-1744005222
-225712024
879745193
-1162388803
-1020609747
1935050018
1878350499
925666424
-2038574671
663063059
-479659428
-968762070
-2038468322
30730411
536771823
1782003835
-1695289657
546853999
2049152294
1146610809
1770198170
-431257367
850846820
375569065
416310951
-1760789793
-1070357051
-1558946209
-2053915426
-957683512
88762243
-1007811505
1945842972
-205783429
-150899045
-1192714397
-1532247704
349700137
1761468591
829261518
2118506105
1460875405
88092718
32172384
-425197957
-1297979807
-609335631
669753884
-1165929454
1320092947
393607592
1023361543
442640798
1919241400
-890612427
1882743618
312041664
8598849
272083287
-1949001382
1259419165
-2011346709
73975115
33723103
-968456862
-424529412
351929646
-571457485
-559822457
1409085355
1289557479
1049891747
-936813226
-1300175265
2124059459
2084679355
-973553618
-674611428
1953293408
-1437888299
-413080828
-1877980614
1996618319
-484621
-1403928150
-1047602857
642241781
556629198
334351443
-809057138
-1753091535
-594059474
-953424554
891621096
522455875
-198811780
-998967502
-309109230
-305085333
-360992619
-462002478
1701558608
1822503632
-1244105504
70444561
158647217
-406561629
207070626
-1729140097
-1658133116
-707520636
-1089561712
-130921371
669915402
-936449756
525667493
-51981818
-1896657300
-1820537301
-1674669259
-1156076761
-61629713
1904151387
-488828350
970399954
-1568495771
212430068
-1505457394
1192492374
-1843850778
-2063230886
1782462449
1199992977
2104932032
1657230325
58851436
-976194448
-443804501
268626264
-139814275
-1683917386
878264385
912590244
743042356
107300093
1604590252
1105050670
-716666746
990024698
1749991328
874942303
-618379680
162366213
869424779
-249191461
-565221121
-1877540137
351400715
-1481735707
-13448578
-1920332140
-772042592
121833730
-278203984
-1508638196
-114936414
-2005042725
-503242705
1072009277
-100312715
1157020263
1658760629
-319939044
1424665082
856307785
852116649
-896825964
-2120111032
873139574
304337917
1984201934
762852507
1184123674
311249462
958684595
-2008946292
-2066182468
335244748
-1347262034
1748256386
-294435425
-1920244045
1390978486
-1470377624
-2004860309
-1825649351
-80184693
-733841504
870615309
671699474
1641891135
-1335212490
-218270502
-1485286479
716202999
-1447104168
-744907526
1164834008
-1985295630
-1856774395
-1838081277
256804978
-813931062
485206277
2022250468
974677664
1080150266
2065779224
860406532
109805329
-2082146400
1658481266
734271402
-913884010
-1279377021
-1808957595
2065896607
992644596
-808026794
-329403808
1062357521
-1414846468
-440655043
1379517207
513008057
244733145
250678161
-1421190909
-128547520
1971250344
328127968
1074755597
2016003806
-415165619
-904119241
-313258875
-1023545276
-365004924
-1974610270
-442908072
827808700
1400983350
1259410163
-1223779454
-923026547
1272429837
1692951746
-1683949119
1612837795
602721098
-863243851
-1864495221
1502833007
-1167177771
-818790911
1334963265
918023692
1890307477
-1910989520
1725929379
-1334597982
336367362
1377528612
-1627721594
609261327
-1300318729
1051349339
1947550405
1323545283
249326796
1566907507
1034471540
284661739
-1250958172
-1519262223
811502171
1225087185
2038492418
-1150970307
1284330402
807794562
812380322
748946160
-536367928
-1624410192
-1502909562
-609407662
584716761
-1068848422
976891470
-165583586
-1292249120
-107668823
138805964
-375499897
234386841
-274418275
-1450211881
1848849023
1490428779
-488300056
-288535969
1951052854
-1203108204
152099481
-1422550590
-456302880
-1903862875
-329352451
615736669
86466747
970609713
-39003071
2122333540
-1844895664
1896258497
-56563364
-395943690
1667894520
1366079498
1517440299
1435188075
-1899400287
1351006305
1750228701
1523835632
1780571090
-409999250
-1154813807
-872780714
-1229213460
1443527200
1512629308
142878758
1197095857
-928949536
-698307888
1144397048
489041930
-1925863416
2115572122
-1566158076
-1293659388
1978300054
1344995819
-1067596551
-1170801381
-889658852
-643098886
1458047501
730299579
155293435
-1677971960
2037058901
985963779
2033208272
968381637
1983014486
-1849928501
1775820333
1473231346
-1942018341
1756553704
-2038626677
-1542224825
1134965256
-2026253138
2082789247
-1252215914
-1852542801
1986908086
-1729922004
-908234705
-697207071
-756416544
-1979389448
-1204982650
-619811128
-1809018725
687372674
-1920451309
-229090124
-1458069405
-610821421
1237240441
1558319219
-1712424565
1520900307
1305166314
-1676978204
535237436
1550098429
1728653256
13649614
1029971644
1071217750
-855019376
-140204051
1215046899
868663963
-183188493
1013771086
1060534315
-1332848455
988565061
-1327028772
1559166487
1790939521
477873178
1240200761
928912918
186994587
473267246
-971480367
892477368
345957307
1710998405
1341064493
746349952
-18081261
-1962356781
261101188
-1177849877
-215471352
880342045
437072279
-295107407
-97090777
-1875838049
1196875198
1608668746
975148634
-1558917392
-1055967427
1080371123
-192204202
606127972
-1519499045
-823859087
-378993577
1077564593
-954602827
1000803542
347031055
-1129129772
1587296847
-1308219774
807585243
-1732125131
-1186922517
-147881684
563789367
719981577
1960023326
1603749794
1852190836
143555831
1564221599
1847293198
-996165976
-231449603
1368669025
1888360058
-1231552283
-800658539
-818392348
-773611371
1649308076
821189395
-1814274872
-1698013769
577932707
34344528
-1191202909
-230934494
-1226820986
-1471857780
1418007827
552363146
-348927653
1901003664
-118396650
679915734
1915938793
1868916755
-450602344
-221349080
-140962454
1948828766
-1534844595
1091015962
-962615681
1694739506
-1227998015
703829835
2106778723
-288008983
1330417836
810707225
1026945891
2138500314
-1487965558
-444792657
1759128717
-734755582
-457016213
-6447295
690347687
-1296535329
1824209159
-1451684458
1926343266
7487647
809368853
1055956166
-1016926769
1097906554
946242012
1302130501
995947282
356020315
1676088585
2019413535
1321850452
-191436091
-206933565
935038596
1033328382
-921933324
-1936615684
-1816474745
-1538062301
-479935422
-1442304246
378239010
781489213
-306581300
-440443787
-695693955
773589019
731982165
-846725102
-1852974737
798316826
1273874025
1849871440
805155140
-1487824237
948124101
57522641
1797819585
1079613075
1415695094
-214191812
-849031836
-297484847
-55576001
278691409
1648702959
-1988451620
-1858294337
73949245
-2025794009
-717982572
-770405165
1313065775
-1190695207
1777806298
-1266209351
-368758998
-1813409251
630612106
-2002847371
-927999972
-1502870562
-1369769559
450423287
-1045152976
278011544
-119001893
-1961392515
-883473056
551764067
-80969449
-1684094410
1562869581
1575715889
559138973
-409165528
645929554
1614302035
1066026534
-1969436846
1518811862
30759745
-1682935459
2005095956
-334097439
760714138
-131985778
-527582257
869181425
-1144094615
-341144164
1486772680
-1165212914
-1765389143
636216376
-1694358447
-1348926948
-1105733365
-769894577
1747820842
-303826065
-388171019
525526980
-2048858076
857267364
-1984223282
81876575
1979222535
942870958
-652799880
-843713788
-886341195
-231487185
-1075318498
1856940839
1951699854
876833288
-1408657105
2087324543
-672678122
-537113037
1465413545
79309049
1746645
2116409039
-1110247526
430482671
1599148670
-1895551620
145791203
1866088601
969731923
-1093515543
1024831807
-1391217725
-2018282809
-431949142
1896427907
-1727481152
258949988
-516996018
416303910
-759591010
-1768829969
-1401093712
1578693124
-1175305574
-992731959
1478148749
430192222
1019389398
-1007026281
1905163607
-206718171
-1770209207
-1100996315
-162644664
-547500937
-1724711946
925398407
1238310329
-563619223
2133754720
1350974081
1513629363
63921159
-1133936068
-1864549336
630054598
-1813422440
278936936
-1669447736
1495574041
-196000475
-1673054693
-771442424
1265970882
-1259635652
-723268514
1358441804
642754135
729359857
2066224315
-543823526
-1575000891
32244261
-1375087309
2077093183
733623391
1423578890
-1659380364
1590178419
39028537
-144384538
1624256075
2012590139
-1411568201
-1931479018
82617431
654492238
-1062968736
314552405
-1379722753
1765201339
1284718327
1595395134
36779173
287801353
-93589812
-176721393
643518747
-1520212833
-1663815089
1568089775
-871808171
2115734630
-144898075
404367345
1390599520
-518515796
-2145677826
729065242
7958930
-2001776053
505770599
-2095274080
-852835325
-196812278
731153116
-1610381772
-1564664005
2034771778
-1881525535
263351298
-1420066772
-1862254652
174402257
834941495
513019234
-1142064134
2066232374
119241155
-177582728
1432798795
1874007899
956037983
-374222643
1268489412
-1652343264
-1826991151
-419609992
931758324
1983590413
-1289367442
-1749478280
1073611286
902642600
1451491296
1858616112
1756153205
-828972790
472779561
-1737708527
-319606516
-516959825
-1323558168
-1280535656
1935252588
-2037868146
-1582609191
1660974715
-847500318
2015511913
-1506869854
1730523678
-2046576168
82418277
1822845643
-2068574132
1173975675
114668253
429650190
1405903395
-1840904802
-1894574990
-20747568
-467577266
601330397
1770099558
457274095
-436535687
653767685
-1378052310
-1478651970
-1914128383
-1559410253
-364211147
1157466701
1675389931
-1315180998
-1316368618
-379030035
-1968874984
-1408421174
2076032204
-1011602446
695198646
569248461
1698796629
891830202
-1856829192
-284358252
-803609212
-2146586898
-2075423224
-1064544718
-1142404841
-720186873
-460326084
2076473768
-1696498168
-2141932
-1171788664
1745054530
-512260061
-227794759
1281647667
1996848959
-1083268136
91212666
1551766733
901520311
-1523768494
-1569748167
-377891232
-1714399303
209946823
-1509296387
1254275813
915269811
-1574211055
-1760016140
-1846774278
935658006
1779509630
-1919975238
-1408758832
-1997010118
-446369821
-1831148069
-2095056022
-1525395586
195974135
1761455766
-1206888445
-314372941
283978461
107073252
2000848335
-162364486
1333329410
-32099400
1595641318
-1039339669
638124585
1335815815
-1738064515
1053656504
1851517891
1251874057
-1090943914
-100538607
815281283
-373008063
1583531641
-1538744310
133342770
568630715
-617933532
-1379688133
129121983
2113276436
533955327
-650129049
-511327847
595878847
1025247123
-1958666784
948996673
751218437
33531389
-787174103
-455511014
-1836032947
-121648418
-1979639843
-98571389
-1731099235
-26012267
-876164146
-2000126937
-2002845600
286982320
-98501264
-1194102637
855852905
-393798241
689556344
1390761736
1013285175
1602475946
973764800
1670545298
157558394
-1203899868
-850730899
245090137
-1747645226
-274516512
488736850
601638198
-512435738
-484703772
1136129431
-1416844408
636232323
964735836
1408051093
-1803914424
-1217349051
921245905
907697412
1914578011
1957558089
-1037867878
-193165480
-614641881
-737743308
2105758354
1094127719
1652165481
1676798584
1922135306
-1744120242
1148915780
-1973639466
741203201
-1440317035
527743388
2113735203
1681428882
1629723025
483167908
1483369550
-2080011603
-107611382
-1139401291
1662494624
-116841719
-1547070180
-1782496927
-1811514810
-729467559
212111458
532619976
-2054095860
-724674371
-681425840
1791266089
120466539
71561339
-1120035104
2049271483
-270345019
-1265827090
-261627280
-609328451
-564102418
525798334
-569188886
1839153356
-1830322194
804470097
1042547493
1345924468
337348356
1845618048
-392691830
729421832
-1504489234
673376653
1861532410
-1579740747
349124455
-2120381099
1705107695
-1152054827
-102443791
107018689
1809733600
-1702855808
-1361648428
-1193134462
-880063766
196730985
-1308844187
-193754372
1382787500
-1336541978
-2108942709
-134448510
1191264882
929978704
-829467009
-407318588
-232858988
1731165325
214191826
-1273468027
-1512511200
-1606960150
128174004
-1354708336
-655042634
175289389
491513714
-45320468
1703996851
487243754
-19985344
880007246
683493778
-1563754731
-181404104
-452061233
-1184854898
2128724952
-2124366430
-988804386
625548426
614234278
-1704365706
2056935799
905322549
481514384
-1691272674
-1937288300
-1447978647
-716412201
-390402945
-1711527452
-1287175724
-331153727
-2042365638
1510505914
2033847769
-826733392
-1093401554
-174425017
-552306248
-356090001
397406273
1874655500
-1366424341
1501204687
1024156512
360201097
-318603309
1033449586
645924547
1594192954
1650331540
-1882749978
1803683701
-2104488765
-882176964
-2139630603
-1921148141
-457226391
10296618
1544977210
-977171245
-134880828
1179072429
738109943
-719907128
1339862706
-1444912149
1876366118
438799203
1051220879
-1948947453
-597436723
1188336444
1004131490
1822677366
1071398294
-475004142
1278999769
-1730353982
-2052580962
671911440
1339600057
410336079
1834082445
-990848943
1472867471
749780879
1337447142
499821990
1114480107
-347625632
1129825439
324558998
-607254450
122985652
-365536524
1209701798
-1721303774
1601291379
446419831
1912667865
-421984535
1583665055
-1527928725
1999162233
2082035641
-283608391
-2054314414
1403768856
-1337365785
-1482416286
2132559557
-118773039
1979354626
-1207419834
554001539
-608933933
560760067
307304245
-1390699317
-498701793
915783106
-1992368750
-965217811
-32531312
-424229206
1252321008
-921140450
1658335004
857865392
162004473
-1508741748
-291019688
-1476680576
1830671250
14166706
-1494666431
-1924799751
1439563836
-2141782036
-391790280
969885915
1635203005
398676813
120059982
-908991041
-1467903234
-803931728
377535938
-176417209
795939894
28430861
-903312185
-1317305963
1622788424
920011277
-338069111
-399115776
1103704170
808478687
-2015895438
753087749
-47267066
-417589940
-1837087320
896896635
-167261468
1765468168
1398089946
208620298
1953555848
419763019
607113532
-609940003
1241635288
597995168
736318927
1942320534
-1501649918
-818504195
1255237093
92869762
-231548004
-223779054
-639330844
267204621
-2095392756
1394837477
-1990446007
906965880
-1504692439
2137006750
1225911024
1449468360
-429544926
-653651297
-543051630
-412331263
-71816034
-334840104
-1520382323
-894117740
460982820
-1388102312
-1281818901
-1447762667
-1214360131
1115397158
-62331236
-1354370256
1796323288
633168721
-352620538
1750656989
488093293
-1140087739
-396637761
-1785879598
443669347
1404840543
-398193255
1093515321
1567120694
1188733124
-647965730
-120507741
-987615788
456638830
-1369164068
1123005499
-80440376
-1454120569
-546895197
1846495294
170963354
-428511494
-960541428
2087038378
-1552441484
170996549
2071925246
-86505419
470022920
-1514967148
-1522569236
9448576
-1184755279
1886791179
-586207071
-736232564
-536999720
738337891
781535807
-410091155
-1803442023
69051320
519267460
491375420
-244208475
1134858656
-1259016625
-551311279
987021161
1970525823
-1948547230
1058720433
162300783
93465881
937542249
-1861944635
850087684
-162111640
-1382448325
354308685
85425691
418643119
-203719329
6075027
-495485327
-1646994226
-279865647
2143807971
-72353295
-2135489320
1459499780
53099578
-688929959
-471088926
-423712213
-529251524
-1453627108
-2037512419
1072132276
661281131
841257610
542341159
-318983404
-1545534314
-1328051411
603754653
74607049
-1489955954
2020319350
-1667375116
-1953814116
1189307167
441005465
54876296
505230375
-1977647554
-364727884
-686027531
1719241878
812092798
-861164490
-749343066
-2111236943
-1243657783
-1668547714
155607466
-1192233447
1392698955
-1482520126
856275406
-1681400879
2056136113
-1966730190
-509545241
763740160
-945615214
1366308956
-379697553
-1763159564
457372461
-249465902
-1504294830
-669501334
2049163349
-1022166519
2037572874
712225804
-300496984
1452639363
-1560129815
1527998010
-1881835257
449478960
1651349685
1494106124
-228868287
-782810351
-647511175
-832643689
1732178961
1132992799
-2069932646
-1347628689
652975946
978546538
1779027752
-765418387
-274500272
-1911857532
914460534
1636928946
2109229258
915295519
249823211
1439180523
-1642601579
1856866292
-1922623462
1099014358
84409083
931853286
1337626384
-116179964
1966125860
824000103
1056591342
4590047
-1039702580
-702795750
-860031050
-1493222930
1804771382
-1718811206
1239587433
1221162839
-1013216161
893449017
427089232
-312993115
-51365513
420885804
1160462490
1248146379
664631180
1827558501
658194983
-573067159
-667010424
1901232097
-817529950
36643405
669628509
1458118884
732827093
-1022956997
1831384702
1634602338
381676855
475712241
-940721520
2047933601
1155523530
-1051514780
-1844243871
1026826779
-535995357
-1761642672
1721558808
985600680
-633583158
-1865834257
-1691562066
483940316
-1124810045
1742036743
1274517149
-384150099
-564519316
-668281814
40183510
-1434556839
1669639561
1186718777
1150145527
-1065135994
-1556717667
1447563561
793211325
1891793834
866380155
1729814537
-2136478026
1836680876
-409911013
-220394941
84567611
-205249333
60392113
1517354785
939449757
966550719
560435963
72841619
-1671683938
-864696803
1025905370
-1902039505
103706915
-1884700417
-826116060
-1807821448
-172687834
1949475811
772300728
-623831454
-1890888207
597421011
-1017680686
808326421
-2143598712
1826454214
805783967
1441442289
-1085872282
-1387704250
-21848813
-510556974
142715756
-133584814
-170194438
1108525204
-502607338
-836262779
-1813673139
983214809
27953391
-1645157513
-611335737
816235529
-445217210
1830070882
-1863055690
52181914
582617634
1530365192
-1841604586
-1567396720
1369995890
-1924759596
-1585876517
-197124537
18943625
1791057983
-534730611
1360432496
-415416888
1740996469
1564498202
508133721
-1463097956
1192831799
2006581735
-79826576
1584290475
1494331651
-792307417
131399433
825743689
-1389594767
409269360
213206878
1966803248
114674143
-756656757
1380504023
-160528272
543046224
1210675339
-1296753012
1443148196
-70664815
673382176
-1285089017
1808666982
-1372461667
-262785748
-64687282
1665744644
-634986942
1229695638
1614032159
1980435571
1980829699
413961823
1916947325
-1603976829
793742656
-529172750
-1717369749
-656320940
-940724844
-954899521
794747639
1116201224
-443778179
-1266498550
-407263367
-1941656903
-2101159870
-963012865
-645404644
1883414445
1258387985
-927794934
-1272990307
-1139142968
-1170855833
-1198017947
254298195
-648090559
-1489249612
-353068303
1632172398
-859567208
-1864655554
1553000266
-1007154045
-1679588153
1660706885
-923553003
-1347547833
-32786249
-1562503833
1814518939
-993344102
-562845451
-669073595
-383875685
1053102023
758159013
1393448807
-1037578917
420415754
-1552802634
-104812964
-1843750912
1001154642
-970376873
-895833563
-994543841
1091632455
-1684931928
655001299
-1067186285
-608593011
727630516
-2114912913
872896656
1615984202
700405407
-1522830055
-955174920
358494181
-1167250149
-1215454605
-1877884947
998711825
1569304608
1876638015
502571430
638886409
464676316
1337496646
1096755590
-1844361956
1685730535
1211332475
748120170
-666408596
-1179240518
913526880
-1849070014
-1023441166
-704654495
796039337
-1765432862
677645508
347407727
-2095497442
1269580314
-571519334
1222319411
-1055245627
-1398316029
-594786674
634868776
1265937471
-2028600677
945499938
-734791247
899363186
631239572
-560514681
752887301
1246383976
-975973016
1613423644
2042832999
792794742
980241073
-1403734732
308028571
1000170656
7542454
-862560740
-105278572
-707827140
-2008944824
-29062565
-6579343
388912340
-1349380145
-22159557
1011839658
796017744
-472704609
-650907768
-318684538
536211028
773467535
-619108457
1344617680
400856039
1754606284
-1686964855
-1368401719
362753364
171773674
-421547567
-136287392
-1326583724
-1650429125
982780914
1960873632
-1287547796
-61897884
-1186201715
-458355607
-1449526892
2130200877
-756574822
-747880350
215880985
1138450839
1698428405
110437678
1137395907
-1758564557
-567964388
357662941
1264617530
478338481
-730838473
-826088284
-1844711259
446483127
-487114408
432108496
-1121470829
-712038413
262995458
-616913416
29199902
581921395
861073903
-109217678
794161485
-666608845
918350861
1184088839
-401938246
-1124541193
1541141450
1905239018
174865012
-1839940773
2074764433
-1045481755
1916609318
2131416871
985154963
1839729620
-1158546056
-888323096
-859907638
-1332801449
206994356
-1253233989
1351527482
334028994
-2060757075
1662355051
-115630983
-1095125928
185900252
273484990
-1029787791
1663785145
18870475
-539174645
66955365
-1026363240
683441589
-381768688
-1322996175
-871929424
578052974
1829688578
184451285
1414847992
777114240
-743761948
-109313229
740840469
-573033065
799614236
-1679549161
697471759
-182711010
931427906
934361464
985136455
873095465
-544431045
-1764629251
795780776
-962925163
471501446
-545894206
-1008002532
-1464439699
-1650209835
-1041449637
1332707906
55353999
564759519
-1867836904
150481245
-240381298
-436702604
63186058
68912271
-488146470
-461550639
1609266246
956513862
-114066402
1314052661
-770547992
784790517
317268201
-1444762444
-1479143334
1053334279
612370319
2067533642
-1029328042
490586384
-224561839
1147234354
469542441
235936581
763601339
1451071096
1417983928
1358108974
771679565
-1846008371
1118875848
859008665
-979063203
460876698
-140530311
1688258769
-2095947717
-732634794
790498067
-1505680624
-1525120874
1055739932
295759364
1619029553
-1885284579
1749262711
1365615657
-897155159
-1595645079
-1861195392
1051617100
-393708617
-1620030183
248348203
1990869997
311045850
-540593602
973221852
1429088325
-212399485
-1788971015
264369984
-1623105657
-138299124
1284342115
1510452314
-1008730776
599031016
872345772
-89875748
628751841
-729034982
-225290618
672925624
-1176625869
1909977322
1017050051
-1338442763
-877941717
-1237752618
124678460
1656056006
676783271
-1932033337
365998581
-1406732073
-1400929704
1815059332
51913598
-942202134
370254792
1072586603
-320851813
997282210
-1264240737
-261325731
1307949607
315307167
-317687263
847423226
-1881949644
1773702858
1097221882
-990346482
-1163627145
-1357048335
1658929981
-1927995574
-1881547037
-192661611
-1144446038
151975990
930484627
-374352125
1550816047
1753527910
-1773730580
-2129897311
-1942585935
-670622741
-504963326
-368472439
-1234582773
1884280076
948209978
-1505928613
-1898801578
-79159242
-326210767
657332302
730533227
-876773072
26439644
435169160
1157407909
399635346
-1773356816
1554195376
-1436763413
890785911
-637229948
1972413376
1554401772
1193597809
-944371469
1031246367
1279286956
560278205
1904790279
-1817415186
-898296256
2056380087
-906022317
1147676065
-942333227
-29369201
-814112801
2099514066
-1612702474
524156989
-252933366
159088465
-1458952947
-691570254
-1174476628
972563327
-88368854
945965391
-8036230
1991208411
-781196541
600084378
900789422
-1628609571
-404446661
-1936546769
-2054291481
244419586
-1013270810
645081076
-103109299
1585474856
-687935411
-1844083056
1913278200
954019611
78144494
-258303204
1472018066
954478703
1232515269
2107010075
-1656032198
846767503
1866117841
668807847
-1116266581
604280086
-1153930543
901587181
457641885
-815020707
-1418125746
-1519805477
-1351539861
-1446547628
1607529438
-176956393
-1119583499
-1230386539
535531430
1316497970
-848135993
-2012887370
854029344
367405597
1209059962
550012382
-1757402339
-448927269
985576282
-755536742
121862925
-796743816
-1974704824
1811864305
-2024919938
490701369
-1965083678
2013979317
-1278139422
-930510060
-1400189472
151293723
1575474068
-248649630
653928640
73634190
978668061
-755892014
-884407643
1571645375
2018336946
330752417
-103211396
-8892672
-943469055
-1028631545
687644256
995727570
1918050604
1475565044
318840895
-7588676
-1167464171
-156833285
213745853
1888846685
1250724828
425554574
-612472744
-621033788
1851691685
97258604
-1337194804
-830290945
1896770974
-25650090
1766170808
-23565839
1827337280
760120328
1987433345
-1276866199
916071892
-325766553
2018292597
-24368529
-1076040136
331547382
18556979
-790009121
977531618
-1504042866
-1833096373
-327167428
-1779061723
195321678
-1537815263
1611404989
