2117417688
1155664643
-1331381285
1259411923
-1933484660
-671858184
-648600433
-1843208613
-749052685
571441560
-1305987993
337582446
1567106889
-407581036
1803575996
-941941771
910339614
1718805423
-579667815
-1541364420
-765797470
-94259276
211767713
504585226
27727906
1677455018
-1217738959
1363952880
-1659624494
-1115575738
1531685313
1023789542
1971538124
835939744
-1166021489
1145579283
-68474536
711657513
1125148542
1840206059
-1480544658
-1979466788
1789645626
-413096065
253876856
-1260252492
502457248
-698873073
-1147894693
1639913309
1736516701
177808868
315047608
778167598
-107709484
2102067036
-1125978258
-1540504747
-152078267
2140220486
501209955
446316371
1118882602
-900255633
356067972
-890373461
1973196516
-1787304579
-477747191
2028740565
-268799337
-118228230
-265239811
-1968196999
334841937
-360193101
385159933
-168874279
-1550290575
-1910324157
223208767
1838558350
1230484806
2110076650
2142148054
256505974
549850614
1852307618
1839905075
4807148
1895389089
-923282572
2133875182
-211355846
-514372155
-1586144761
67227334
702614859
376077027
-266581895
-974623514
-841978204
-1927020958
710909553
233413226
1645477269
-1848030028
-1060845964
962331936
-1069738581
-1818538569
-1669767560
89325970
-1135306648
-1233748643
1361343926
-1716365756
-6844107
771879566
1043157956
698152761
700818583
2141024332
-1950409502
1226143164
1804254881
-1625496296
-1670256749
2010064988
-416238423
-610141036
-638118033
-1281667273
2120011326
-1689606295
1789923639
-1983006597
-949458600
-312099478
1827904554
984131881
-1574752815
1649221113
1815577750
1016598044
-306150380
1612116649
1503220657
855652682
-812039405
977664036
-308662103
769961800
-1752839810
-1296371377
-644923656
2028980499
-635177423
-1448630101
92868093
430714380
-962612243
-1285151746
-2004226616
1515022916
-204731318
69004849
1846295861
-529193734
-87689748
-1136419972
1649870139
439794529
-1019653643
-1666651201
1211135365
-2022489179
-1443640134
-1496436941
-1688005054
516176944
-587688520
897700161
-2054962375
-741643480
-737991992
-740479567
716424223
-316493252
-1869188462
342365191
66819628
982440608
-526810561
426155305
26229483
1959042389
-1051137422
2021406533
-1575083951
-1086362707
-237971592
-518452239
2052191761
-828523506
-241053507
215295123
-1299643346
49209078
-112852095
1160704258
2098714321
-2120572866
-1086061364
1499010157
1060066140
910899362
678903455
-2095211397
911575742
-1849273472
-833258389
563807924
2112412936
-651547425
-929281338
-1375619042
7946816
466619314
-2025316772
398379819
-1322464139
845519966
560100899
619403218
1327609619
48426874
475229394
1202035195
1896978296
857415893
-650744429
-211052001
-6389050
1124199100
24707062
619002927
32259323
144746876
621141801
-318383947
1874117950
-832990427
1638781030
877380665
-282537094
-121624687
815983788
107374821
551689008
2017074340
586305969
-537799061
-1707710583
1141656276
1681092118
696314918
2073552042
1420516843
-1167893284
589136255
-828364213
-1302311413
-1906965482
-2080886638
2066275210
533521650
1754131168
1635231504
-1246892036
501011327
-2048460145
426877286
-1469908475
-1267459211
1972346665
-346688482
-1255801239
-923545219
-1987118313
901138310
-837832414
1438284657
-1412554216
1729849742
-569758861
-1940549929
2122682233
885217782
1070886717
-1821518933
-1622193277
-1779338072
-1855304816
-237981856
858879027
-114532766
1630369413
-577463255
1190927664
-1336174697
-358223798
561467508
-175064327
1399904663
1467810685
1870158518
207129949
-446193171
1337423550
513488237
546487600
-1893232633
2003354494
384309090
-1116069573
1568438556
1096967709
846398511
-1093804428
1428248138
184523572
-2136678144
-1136175250
-2146864899
643767854
-1971678819
70983442
333803927
-2090746595
522871207
1565123215
563622989
1440601546
14695969
736198286
707364943
98897934
1967489842
-1482837078
-1375519445
385542495
-1114545624
966471199
556212851
-1980766803
-1976884288
-1899572032
1490214300
-1543603858
-558380380
996053806
1592834601
1778647287
-1862215116
1316492102
-603793400
-2122229490
-1615182456
-390784549
-618111941
1605627068
1510591157
-946570587
1404209082
-1563341722
-2045624752
-364259464
-1967531881
1602003486
-135689424
-1661624648
1401002339
-433154250
-209163658
-1497760501
1769636560
-1363312874
531568593
1438692945
1755009943
1824316239
497714686
756095440
1120961179
-616002321
781834126
-95124045
-642617522
859916054
-762568725
-1197789771
-1664895917
-247130423
1825222812
2014976281
-1670414235
436737029
-1557891385
1425443805
1931090294
1767804951
408104183
-1748873426
638840347
998987050
64709919
1552911646
-1033774810
-830878943
5549791
2025468820
-212632684
179639719
-1273537019
-420474237
1024118953
124419971
-64899755
1407199581
1638293593
852936496
1172208013
-1081288758
-420367382
-2040323924
1452486819
-1094457963
-1164578602
-1666187120
-287534768
687511014
-1107378699
1561920608
1510205137
-939837002
533059291
1293847588
-463442708
-2085292674
146403710
1507252535
-2052855760
206941745
1555814940
189908574
1679949441
-354332307
1576462683
-554210020
-1726606381
1408822508
-2119681871
-577024957
870559541
-55097024
-84264698
461554638
-1886802927
1571814335
-1867477098
1966537198
-767509582
1333339067
-2017829604
-1461224094
-675153147
1039615734
1971278636
-1834731253
-885350237
-2027552428
-81904672
1460309183
-1833040114
512719826
-182855753
1164615516
-1554540742
-1689264458
-346344007
489111072
1727158095
983642888
1111419357
-1419518664
-1805377107
-1614846144
953468335
-1153856106
-2109290448
-1430557888
1758459693
2095381511
-416700492
1305450372
-1407208974
-1796420220
-1186304037
-214510697
-788085098
1147202759
229384973
-1616171064
-771044269
-1270309599
1313837760
1321723421
-1317420820
-1721866614
-1044325383
165017224
449790665
-1349112071
-815683567
1581896280
1697696102
400233718
1410348476
1118554866
63602670
1664606060
-1505268153
1040988096
1095542306
376837827
131369760
314541928
-580674688
225254190
1778585499
2994241
-1274873696
1325124673
-806872334
1547940866
-1862378784
1597806021
-1115531634
852306620
753976899
-970132017
32769156
1659308297
-1524776554
-2097229809
-1955532191
1746670981
-1929015084
1088103013
-1663937494
1624162685
-1609027125
-297603399
-1151415394
-1382328090
-1568080130
2108976651
-1888149571
-1600602736
-738255667
302506184
279734413
2131567003
-2080566061
1012437088
98874139
-1483770583
-1868807281
-1585195500
-1074830913
149257045
1927216197
-745456876
572968100
1987689059
-1297709274
888407496
1807804039
2101590839
1300782510
-1178089363
-1356797505
-1968157685
-1987032755
-2094086940
-1507307140
-708920740
2108901449
-334349882
1271374675
342046757
395402466
1240591547
-938226439
-1685200817
-1084052810
-1854831092
1160583758
-902230425
-1043429786
1109889397
-326039651
920190353
305224570
-1860487104
-700419038
-575544644
-1597993855
714803342
565704908
-717687274
-1521897092
333995511
-867145917
-688382014
-1019422595
148389717
1836692779
783498184
-1803047798
306431453
-1616717910
-1979111091
-524179770
1026515310
415585064
1337596163
-611865134
556895789
-407665835
-362819870
703055728
-334049455
-810229905
368823063
-106708887
-1437990085
-1293173052
1032490556
538701489
-1939512119
-1984667274
1024093386
1612804552
-1681797654
-1310375554
274179531
-1610508958
522129269
-657133582
-1356418861
-367904183
1725526582
1451885194
1568732976
-1809749630
-1295141558
868078944
1303866464
1269331374
-733078100
-6085386
-2013152829
398806707
1503685391
166577277
-1942490735
-1660752997
-811219475
162067540
645922061
740552379
-1496646945
-163701554
128399866
-491722729
-881813713
635826488
544471886
-2076321275
484424363
802832153
-1144921819
-1133452273
-908479813
-1455493701
1224162296
1443772445
-1273122122
1847390698
-1768886514
820755923
1713454448
-1674429957
1986364977
-1846474696
-991095785
-804923889
-233344347
-479297129
1960427071
903864473
288990038
1533079977
805568314
-63378659
-349639601
-555433484
-234697555
338490169
936374643
544121965
-1829922209
-1699077143
-1548580762
-2020245404
-44363948
-212605179
-537344565
932432288
-1259505638
2111245071
1040263604
862234057
-1769764254
-546045653
-763060394
2109965318
494489041
1274050414
-976337924
1587219174
-1546764776
-621685926
-130799298
148537475
-222102975
1075204265
1260226162
1903628516
-1882057396
-1128609719
850791777
-1529833821
-737354758
-1549311064
708138557
-1861760561
1931355111
-1715617743
-409168174
2085484819
1623357406
-144226539
-616818436
68464919
1353069928
1697299790
1987388504
-7997914
-2104528986
1589399520
-1421586626
1259598864
1690479456
-1823760287
241920750
-696694703
1575929949
-1006135876
1876000520
678513266
-404902924
1929901361
-1155364799
1845622447
32276707
1497958303
-1658851756
2091343577
-282615714
-1570386171
195945781
2034943357
-1928103829
-1937665978
649670028
133023558
1189938028
2056893739
1775495265
-1819003233
-2101238531
1132808878
958362131
-646083172
996638720
-1871208587
319060110
141105690
2036111861
925877916
714719420
1924024356
1176788878
1851196087
-1481814213
-1432047976
522215042
-1842586346
-127211439
1785577993
2136623265
2092690762
1893079836
-1930669593
-796748760
-1950051096
1157450765
-1412156451
-2084025002
-1487457396
-819039593
1618919802
-1604063938
-1821993183
315457058
1087835154
955795934
-1406161826
-1040738747
964356838
-1081478287
-975850605
1729997365
-128170110
2063504129
721845669
393479031
2046839910
-1508172225
-784927402
-1766076451
489708008
1209070742
2068347081
-1547250001
-1345657512
1058486653
560711493
1046793511
-509565339
1871642636
119441208
-831717854
1110226622
-1694098478
711764095
-812762859
431785980
592816869
1785669348
-507888579
-393817154
1549184313
-359272217
698420762
1551821333
192429365
-589105471
-888931811
61080098
623394179
1259906469
-286317409
-1436389122
-1514631129
2118013768
1701046805
513207001
-881317165
-654221917
602766722
1176646245
-883385224
-190709001
-63145428
234740340
-34744288
1837577745
779967634
-2102854177
824137978
1820652239
1843992220
1590563242
1354691510
-1063987486
2051945236
-412011163
-1767184109
1920533205
977550421
134784468
1600523701
-1933736115
-559785407
852964818
594156347
1326244497
-739419273
-1661275790
-853180783
-535801268
1627430341
1881165670
550975362
-2057503342
-1099396644
-1880320860
1938857360
1903901472
396138050
-1925689786
-624026105
-718964761
1592919436
1868367281
-74102961
1454408139
-1115696181
-1704488199
-266881662
-1452852569
-413169850
1781707140
1925166142
1119877012
29218921
612612844
-964384325
754061419
1898538238
-780293079
733126431
-1982438521
-1170414950
-396568337
657553936
1449513423
764773465
-1062211243
1577958283
-2099972365
-371357747
1953054135
1087231987
494707188
-1900143310
-1888668452
-2026079123
-2085432854
-116711705
737267802
1862358378
-1280296191
1856916505
844383032
-2098779516
-1579509820
-1761674559
-2059340075
793207694
176966301
-2054261553
979628553
-1358935323
-1812589668
2034267303
1251348105
-1663262452
708828791
-217418548
-1260543856
883447160
-1898320687
-1775515942
467629242
-1500022617
-616570689
979084729
-943241166
-1134445706
-1149015161
-2037795057
1836916495
-221900876
-301161302
-744443914
-1989206789
1766800881
-262517468
1904349423
-963787755
241927324
-59997455
1617767701
999472664
-193555380
-1406621485
1165160597
260608956
376864093
-676493742
-1531241891
-989071780
641819327
-310713340
125230355
1478852568
-2100623862
-138401778
-1599595704
-14349124
-1179221804
1700378346
-1297894675
-1714023263
473546566
658316393
-1968665595
771138771
-366637075
-1332723461
2001493659
-1571757773
1874746573
1487417134
-182819849
-982438049
-1992367685
-1225773708
701458188
2146529295
1117746156
159526953
492955699
1861479106
-2133741880
205907923
1471957022
2146357145
-1538680316
-671354966
1039805958
496202625
279616751
854515803
-916873945
212511384
1006621451
-128169208
-1071420051
-512629559
-296970786
-331095917
752229231
-2137329480
1505447946
124471580
1427710876
348817637
-1451364965
1464430535
1202609331
1351618315
584351136
1333020354
1375339896
1871911369
1575213308
2052605830
1376876964
-967198588
-330341763
-172936356
617333276
-1999335030
-953797587
-122693598
256799846
-485736837
1977961960
-1372529330
1547998552
1327336164
1112906030
556064051
-845909230
-429360852
1109775930
-2071310717
-2025543123
196096435
613271123
928907796
-1232090572
1730691127
-1186388127
-1099546
606686546
-1773288582
336483522
-716138907
-1045571763
-567184607
495821150
1768911594
-211554382
2042732511
-1102856456
-2031136121
672246610
82940370
-1724201273
1132430339
1140783340
-343021268
1517991749
1312631843
1904444715
1835263254
-677151930
303317291
1006266834
-1554271024
-432550325
-1841939805
283450421
1216624412
-1413377513
1793423710
-1314238742
-787428388
-311596669
390114232
234142401
1714428922
1078242446
-441863650
-427752720
-1431503993
-32896584
68667346
1768499346
397986342
774793359
-329452561
1458520402
1297151403
-1684479607
-1570568533
-1078958749
-995654914
-1604985068
-1679513892
-565966669
-149896891
-1527858197
2120954813
769340255
-1351185598
1533833899
-576553231
-1598665368
-244073736
-1558367579
-979393849
-1551928921
-1639926892
459140597
-1563920194
-1996325890
-557570677
1713779923
1205695564
-1684322608
-643206913
942010920
-1300240934
-1438266446
2123385447
-1456874140
1269492243
-1379722398
981435757
-311118450
-868906658
-2113838857
1744775706
889756060
2044251048
-2010880934
-857982928
-239267324
-140721050
-378585100
-1428505386
498311058
-2126783782
-1440268888
-440328582
1116070780
-1136930156
-2137846013
-1032731918
1134933171
-1217374149
-1497836366
1719038948
756594299
-1567418739
-2135905996
-944560792
943604797
-405170269
-863460657
1328284395
-1545091428
-785287559
789741768
1512367702
16303557
-1236294483
-775784499
-1331782290
-498774773
-800601977
-1672883786
1234739581
-88443982
1999435577
-2012261268
-2101074638
960896778
2123190119
-145578967
-1530946363
1269846463
581842920
-1394141983
-457169826
-1578525585
176637646
2135269119
1929406647
-411597955
366351523
-1585648812
-794626561
1507913252
1401257974
159492684
170922241
646574798
-1488509675
886090338
1538621061
1636799654
1843793435
628580821
-1559175946
1462322796
851828524
-1313939557
844330052
723469959
645006079
578836374
-1984389109
2067933280
575970204
296336901
479606772
734076653
1222982502
-1620302276
155228763
-1677599605
-1474581924
-1923819369
-11387598
1232477200
502479771
-693283924
-60757724
-1189599456
1351579430
-1051874113
-81198339
1358491071
224074730
-1924136070
-1093040312
1591706408
1351007739
1188756701
28417081
-1197272100
-1864596189
1713666419
365616589
1541777661
1999818654
-299042106
1996081199
-161002277
-1390428898
1573350420
-2023758754
-477207345
-131340780
-1081589183
1004641035
-1740942265
-169688271
1601316624
-2073308729
-1463108318
-704411350
-2014993523
-871123363
529199422
-1157792581
901545421
-1193452420
555641166
-1844509969
-53428774
-258207335
1502500080
1544483229
-1782936089
-769029357
762157054
-363076555
1922001355
-429960553
-1885484765
-387606340
-1507831380
219157701
-615709263
-620717804
-1227099142
-1108036077
1943842482
620016769
794100383
-430222863
-825334980
-868545176
-507762828
681871406
534105097
-1133985960
-1801434122
1551744154
704842823
-753966770
-717281223
-594727701
-740103253
-106108876
-774157028
1244594404
1957629387
777563563
-1272177219
942717107
1736034989
-1837916406
-61903825
-2073387622
468090010
-1233266523
-823415446
-739436334
-2085071048
865349969
816642179
-1871571797
-1634788393
-902006233
1698055452
1042336759
-758497526
1263498888
1799593245
-122377303
1627411322
1597755490
575747491
889072312
1208077814
835554480
-2098814152
-2118206392
1866168013
1096401991
1759812933
1330593804
-2051138465
937862350
1646724292
-1030581019
712399601
937688589
1521754681
732705231
796429761
1418256235
-1513271582
-301143811
-68010662
-1137768015
130317612
-337233599
-1483497687
558709012
-88255383
-315174479
-1403454897
691899249
1471665088
-123131001
1371866551
-1760721190
-257052572
1151819337
-333802645
-798391216
258663177
-946499031
-197845725
-2087877934
2052921490
-1588153171
-293272033
725722774
-870516210
-1537911918
984458806
25749653
-13664283
1401209326
-1232047571
1997322829
-324221874
1265429396
-1334717108
1421386178
-1252194045
1888844475
-644247506
1654985157
682878008
2076914657
-1097223975
1805714040
-149108536
-821777428
159676430
463343120
76242353
-2108048237
1577762785
-247786020
1752520898
-1848419589
-1392396405
-203050105
1753403538
688895140
896010365
1221261977
245184948
-2096056698
703576249
223628867
1624539944
1632199287
-862757283
108351323
-317389292
257988303
1259501696
-186898780
1931492531
2003184718
1486487873
2003152723
1474655372
1319210556
1469811996
-615823922
91680743
-1678823215
1680247679
-1801961802
-307549572
672434647
138181789
634472999
172045677
348680077
1104294017
1268270910
391798390
1252524494
-2101517467
1689996251
-2088069533
1999536498
-957396157
1623581863
-18593087
1682487796
-363730260
1528287576
2004592344
-511516331
1185365209
1324663091
690515928
-1118170561
-534343937
-1506487342
-1626541999
1244185708
646290151
1886773799
1121691368
532145992
-2065680707
-1071000640
1866247239
-1628142891
-1362448857
1843299404
995034197
-1159462194
688396441
-1931477667
475090599
-1628467185
-367050521
1730021487
2067827253
-1992221645
-543296997
1565154600
-571285424
242418558
-2122072696
-1951076383
-518018349
-1803720451
-1823830497
1488987236
170207640
601534699
-2104189696
-551622409
795843374
1502526806
334273364
-2002059879
-1804817208
-783101694
-411163303
-1228805237
-986614409
1994538125
-814099779
1459319057
497578139
-561890861
-1992722384
385115513
-880792681
-1046373997
-1905365452
739596636
141204163
-1693243566
-571674313
1961654051
2127055270
-651171969
-1723535646
-47814708
-187049372
1365021655
-2037787469
-1951776786
-582645643
1379924491
565195721
135837946
-1637506409
-2035408737
939609598
-500221245
-810536955
-1658431980
-1483612102
-1366066881
1423389929
-2063561143
-39141882
1502915214
-733722098
-582438371
1457984095
1572575548
831093721
-1609775783
733305292
-1714219325
1334617209
30213837
153446834
-1264151981
-1194216099
638283448
-1715529497
2085410772
-375675930
-1846923412
-1446879868
-1481557205
-823988898
-224453582
-420809730
-1553091652
-912529881
-914613654
987685751
858565679
-961132489
682295542
-1710197935
1190234743
350401731
-725775911
-1672387068
1276326928
-658367174
-1374143974
-371290831
-593227129
-772913292
877224942
-2071459081
565664831
2122965291
-1563711723
-636758908
-1381259919
855234217
-1798990972
-805484051
1872690548
122740931
843993667
602797890
-1733223362
1460764165
-1344702312
1765331677
-1828953046
964283182
-840275611
303205626
964082683
-1009783074
508684494
-1869167476
1400341792
-77788019
322881054
263402830
1857040953
892334783
1570029547
944714519
-751222311
-845154187
1636501111
773785202
-1087528563
-467943962
-1396309928
2121793133
-429212387
1482081391
1714828635
1265847217
1873526289
262410695
-801078362
200997075
647675766
1803244150
-1219362020
-683830296
853211617
1745432455
1011104516
1153064286
1924869044
-1702704260
-384004628
1793134601
1030734239
-167798143
-1577320501
-1034054020
816350057
169609701
1774369381
-1931918950
810404080
1004186309
1547498483
-2004855700
-1855095954
509662217
-723182590
-13371085
-1155504387
-1719210092
-1012829541
-1103236159
1303683164
1996744374
1587637667
-354638588
301073139
1870553573
65114245
2119381987
-870708460
239456173
1814206989
311619404
1351913603
404776676
-1500828521
2085633421
1733240120
1589286945
1845056616
-106517277
-1360192413
-1843944851
-1451519909
-761988784
-1774027345
724188987
-1765850945
-1814881359
-109811510
-1581803115
-1581473665
1242674703
213757221
-485096296
382119043
-1529646796
427727352
1115432226
497524054
-771350655
-2027206008
-1515420983
467195657
1871362303
-1726221652
2098508814
862942038
-1422359373
-663294068
-1808361007
-230372857
-1244069067
-156983124
430267912
-344679528
-10523005
-46576344
2085038507
1254146587
1400365842
1279367489
824690162
298075
985105958
1805799447
-516449086
-689952956
-277332638
1208255928
1410714724
1046919554
-2097165406
-1814866599
331039351
606082407
1497065224
-1319059486
-674754008
-1353112303
341187669
-2003079505
1435728287
-607357749
654414713
-1055433068
-550352196
-1889632333
565053804
348632866
-22107390
1413456541
359109438
1625838120
-555262253
159373623
333184621
360298364
943461341
-1371625107
2020467318
10129659
-1349558572
-1721507569
-1485916242
-835331379
696148065
-1888220753
-941422767
237851629
-1120320167
-203573553
1993410779
261878504
1634145842
-380956100
-229949290
1195664100
-2060285518
1465207476
-210898060
1979436259
-549138712
565037262
-1432386530
169963849
1598980704
799755803
-1378808500
-1187523173
1544438417
1634165383
1451085142
-2068018551
-2100848742
192590853
301807371
61328941
1561600557
-1037218709
-1683702847
550342293
1378108875
-86392423
1785963181
-1980919682
673432113
-1802451999
-858488460
-740770206
1019867153
-1845711198
296036865
703456181
-396061435
-61145290
-1620106855
177231978
-265846080
-195308019
919074092
-1419812677
846886278
-1340742118
-1536033044
-1088600790
631367133
2134865517
-2142539485
1486972610
-1648967292
-1094493664
-123553215
-366947422
363610020
-455933321
593794612
181215163
1466057797
-586870974
-2130091780
-427719208
2075526915
-886963834
-1116963202
1882363102
1818882305
-516492196
-770577513
-1873482411
567862812
1285586968
1493912692
1219744550
83389795
-1002558548
-1863381984
-545744986
510684359
169939022
-1905696419
-1884282926
-188322802
-1290890407
-1206367048
2125204188
1225102093
-665167248
-1696537641
259079398
-768878826
2066275817
-1459782123
1748881932
-281539666
1969110375
-1578527152
-1504920152
1027328643
-493667640
1581872641
-509765168
2106549916
480542530
104398220
-1712624861
527785682
1242468040
1666063832
1197825221
-1554119810
1116409266
-279914718
-1318537049
1943225203
1317682332
1853083918
-72638453
1948242990
980274829
-1661607937
1933330503
-1773917876
-48726693
-1647965273
1890631624
738127675
213385294
524872417
-803242151
819330356
-1830467324
1576495293
-1170650203
-2006453656
1284582035
1736197852
-1201591558
-1675758983
-1326330124
-176754434
1210544975
416822571
1325899422
1784640985
-1789315960
-274244261
1637252721
-2039432916
1831174903
-2024813777
-1076197419
993735442
1693345318
242441614
1275961123
466866331
477327315
-1693362478
843418691
-1699231336
1096826683
-1294772036
-125273707
-21528651
-634817381
-1550210136
-160432876
1925692109
1942411507
-601340671
361828281
582604409
830586380
217661686
778147613
500217066
-872752452
139510637
1169843553
-248411400
620439401
435778616
-677457071
613210490
-589857077
1372588678
450975943
474818520
-194574603
599235483
1087293261
1398690781
-402086251
-487087933
-1971320058
1819904721
1161038458
1235216515
755799501
-1525727290
-1193869482
765323026
1423300766
-1414941902
831005637
804395527
-1194954956
-2043158594
1772369549
-30706861
-1897537036
-346431396
50038055
1178206064
-297000439
1640309663
336150142
-804701478
-1114758193
1667760198
1711713781
308660926
-630244492
1012498201
-1211587921
-1061581583
-1237770276
287010296
-1284143351
677655331
-606685243
1635913776
956755051
505797971
-940829396
251002896
-2056155328
-915118203
-639089938
-889580100
846927682
-739549517
-2051815247
1462265664
771037178
-1584279296
174655748
-143215129
2089358727
-357536461
-374219324
1136909517
-860253795
-1129994910
-281536831
1538593971
-1233623856
-473118483
1850523298
-1459412718
-1292703726
-1737995858
1069828613
1975827058
-751259014
-87121810
692327658
-683357701
2070540103
723289242
-2078289327
-808957364
-1486450653
1034316597
-357838304
730915211
-1110974549
-762412784
1104363850
-324630340
-1165871058
-75262919
-535836626
381932630
-1943739724
1644208304
-1127077060
778416659
696934978
1101788256
1111609822
-1397182457
-97800356
-252699059
2033407892
1126899956
1030563787
-52945655
580160353
-569593380
-983288160
-1613004692
-594640539
-1961278250
1946220664
-589401469
-2105238837
2018911525
-696819712
1131731912
-2011060252
914745478
511155899
1203181203
2131921044
-370634296
-1149381117
-907418159
1193275116
-1857894238
1685935180
-2145213710
2135894040
-1887421760
1806426800
959174439
-1228140677
217217566
1869997735
-1552043059
64786456
57601177
-1662231531
1482759716
541087795
564371651
-1115034743
1233863236
-345660617
2133072886
-1271095101
1911218512
1443249626
153908651
544605559
1614794475
-1102174081
-517319668
-505699248
514347498
-908100646
-1358914105
-1202833353
1423400011
-635604007
1391719716
1251871700
-1235104154
2036516034
-344240039
1319587156
-1161807518
593862296
-619625700
939088492
-729426711
-1035074877
1188547962
-757577570
1747229727
992563183
1638515687
681061819
1537328591
-1448073165
223487125
1548086440
1864174567
318903670
-833425912
1133087332
-2059373018
-1555263474
1932151530
65687369
1909824531
562645929
-274847973
542980241
-686255568
1893330544
-461143540
445283867
-1892682128
1724225129
-839380403
247410799
1236586469
1123995932
1650069091
-1119079681
-1934871107
-425793159
-458019105
140777135
-2013269649
-533876744
-83280469
-1902274409
-241004496
1033576706
2102904487
1079560455
-228681812
935497103
35372403
1705057995
2132267506
2053450255
311635086
-754517329
-79633233
1912874893
-1470086753
445603653
-826890338
1960885010
828394259
1921048805
-2041188802
1072346951
-92505369
851513844
-357058362
1909234781
-935099706
182841193
785055830
-405913039
427318614
324211085
1606586990
3506346
900978894
1123198209
-1136611421
1314814565
-1241794869
-1919520763
-1592696433
-1539609196
-1341426332
1829595127
-1721779191
92679971
1949832571
213818136
-1771995755
283882523
-761695658
-178097514
-768097506
1025264971
-474415507
1753190598
-763706654
1764849956
883882373
-1713320016
-70139219
1266970597
596931581
1687036880
1079491913
1042206199
-255741081
-1054185701
1772120884
1721827481
548785241
825511999
205038227
-955230017
-352483963
365500975
1085817446
263776311
-1724065785
-714367010
757800189
510496014
2011144446
591065162
1274647979
-1489842383
-1255450531
1194303163
986768824
604468310
-1128996605
312955724
-275366757
-1756893668
299550216
452616106
711929704
72877680
-988448423
-850437093
1033710471
-2028966349
-1829476474
530387138
630251686
1243877913
-776473382
-1156894944
-126495248
294345172
686143403
-270098466
-339370370
-834554512
-701135884
191260873
1131766029
-1903944448
34282528
2143973149
407348978
-813341062
1956223784
-131229179
-587749814
-1787324961
1225452511
-285664926
865237877
-82343009
114745740
-1199647541
10880452
81442106
-1474640455
1998407380
-1338746000
867476522
1870360394
-340834157
2077624525
-2107330817
1177106128
539922783
-781939008
1956249804
2084461599
462941915
287954030
-1690387775
-668618467
25983282
19431478
1126239257
-1639932452
-1776597085
64777184
-449092554
-1377775125
986933567
1259448342
-1068817655
-1659160855
1173759473
-2040282350
-998806601
1463744602
2073938879
-2015476072
-1849688711
-1290488643
1663929422
-749559513
-1023002941
-1682494499
-442290517
1166470763
-2013223256
840433255
-877946552
-358329611
-1165242244
56119996
1357346884
-1635590355
500237754
1783001864
-1797422098
1222389126
1776712232
500086931
2112629643
38612980
-1424361928
205477974
-278615977
1889722522
1934216113
153347281
-1911178039
1752484296
1808134286
-1435068133
-970152933
-892626652
695034918
1999814970
783742473
-2034159066
1230652044
1312084916
-1703378216
871035849
78719544
-1777725338
1064594329
1781933439
-1404119066
1310374035
-21431634
-1981169820
324607166
-860408769
1626472589
1107296694
2019988148
-1253984066
-1170360124
-1354920059
977449777
858997895
-990086340
1116930214
-1115016205
-1823210419
269729217
-995025171
-1514811856
158102864
-845076031
1183269530
-1796746239
2134235375
-610088365
-840531437
1546860542
916835714
-2065328517
972794067
408480549
1863983206
903601068
-1879234142
2137175295
128396632
-1156494195
1820950534
1615915525
-904110330
504018943
1023784185
1770169407
-143153949
-1514427297
-1659700517
-86613459
1085927994
832342792
1781372073
2147168235
1268521606
772788251
-235504529
1548271247
-1966825728
-697462143
-506692357
1173818837
-1307295368
-1191673807
393261779
1626639358
-1566019480
1534057134
498968680
-198979596
-594550715
405157843
1832354186
347623857
1998513688
2075986642
-1716590050
-1661221662
1234593613
2132883833
-2087207921
-1673791033
1437168331
1617248695
-1202745214
-1355061156
161142596
-874925217
664776781
1232914877
-2123543859
-1249050069
-1450633304
2053399494
1396045744
778564610
-450854619
-1682969863
-2092268927
-1481887875
-1691636771
862985892
654368111
1072606887
881873131
683508547
-1052214053
-1509942780
-2135393250
-636231902
415875374
-456044588
-2112406551
886463814
-726554137
-1753048168
-365699938
1228438157
-1860360718
-357539371
-632216869
182853908
-411527872
-940030953
-1255589564
-1350068776
2136821651
786301240
1351501170
-18604897
448808089
854037986
-565520342
-1489996264
-2115892932
1044144465
563915985
1631886401
-1717443016
-91532707
1566010399
642146568
-19219475
-877109065
761554451
-1861430475
-2071343242
-921577870
-1070631130
-1956999802
-2048076551
248655301
-1595896637
-934587365
1388694336
-1833203953
759463157
473146388
399015048
400947994
-1858132638
888609144
-1591822183
-1347793501
-1865677449
1724174168
-1641178090
1814479897
-667826204
1853300275
-1516799722
-1938545499
-77566133
382098588
-199543566
-948100758
-1195828685
1582597658
-1448399008
1087026189
-1543925182
-57545649
1529022144
-1229181577
-1292559701
1087985243
-39531082
868875737
-1838730780
874787458
538674680
-656508688
1959017116
2023603723
-789973912
-1782572406
-1296613396
-1788459157
2125079140
-96661688
70994124
-1908019549
1012080733
-545258076
-181276984
-652179483
-2006983258
-386757835
406858738
-604863363
-1796527730
-1215202767
701862938
674825710
-245222992
-706987212
315714876
304447323
-827321976
-1781539009
2038192953
488605993
702170954
1374377474
935629514
-98710815
1345266158
1045054557
-1172977743
-1719066790
413432975
2075672356
-1979364816
-1746184426
420895477
-1267306974
1587414975
886914284
553270128
-1115038880
815751928
347980007
-2028654105
-1744244057
1857885909
1911975278
-636477393
-1874660030
1679661342
-1473279324
1436983201
-184261113
-986206180
1561891857
81948646
333951384
-1408815214
227533953
-1365344492
1892783846
-811855635
-1388397524
-643178754
-223538186
-1551476038
-261290729
1117010887
1718803175
752126807
102922681
-1145919560
-272329933
-1820230931
568398304
1770311763
-198939851
-745936739
-2103518763
-1081085784
-1219117590
-273602823
1449367486
1028003046
888918267
-595616843
1095820099
887456564
22540026
729613981
-1574857868
2024103361
-514301460
-1470905399
1201121002
-1841180135
-583134713
1789492496
-400684501
-1488229958
1496763580
-615711046
-1319772077
-1228779545
145127415
1226843000
-157470225
-608198469
-1413892700
-1793061992
-837343700
1920734592
-2021606539
1415385972
429664816
-1306222015
-2022087966
1574386987
2121968327
-1411196771
1348187505
-666173037
-2108210110
-544726051
527202615
2084945006
-553284453
1168650825
-1009942115
1352148955
18930653
-287301706
-126105497
-844063986
264156866
499987811
-769158414
651034691
889896861
370103046
1142106044
-1047022097
-1305063046
467686689
652793897
1689636664
-2094782077
1049300121
-465476988
-808949849
-1982152028
1235327880
1839198275
-1445724644
-582072462
1987857233
1983460494
-1708913919
-2067972536
1585917941
-936415486
33834434
-1628875853
7744676
-934979919
-289124996
1428678415
-69456489
-626642579
847292660
-1948500623
555461404
-259941562
174543306
-1364754745
343132658
1696449104
-1310900499
1287184702
-1689342762
-773121367
-833772975
728409827
-1607808163
1079037625
-960311841
-1728130676
-2067635708
1033465787
401863597
-652693255
-927903867
-1243895172
947008879
-1631670475
-1106578581
104006755
206747436
1854013250
844554728
-1722227535
-1822774988
488641012
-494632730
1273916936
-208831152
902559005
-523050405
1003220017
1129102139
361496810
-173314079
-5055975
893134929
-923109492
2101558149
1326171164
-1407961466
-310510822
1824524766
472484485
548925081
-654770763
1876650337
320850005
-125646456
1497206764
1959750388
1540514371
1880501574
1501901154
1425919936
-1279229436
-1892319061
1845659566
2122039370
1131250124
-541390165
-1768087678
-759603003
-1871803373
-73461558
-934962162
706598561
810283932
-944903985
-363661146
-1192914073
1171359666
-1591676489
-918568799
-1474692920
-1168545612
1595516908
69755268
-1554601486
-1286528812
-1120057162
-1931871392
-2105401819
569443611
899856625
-179088520
182732934
-468049233
355181312
1603259686
-1906349773
-1311818664
2038235137
2140048638
-818127978
-1224631232
710574146
705047091
1950152190
-172835334
-731150606
1985450553
-927183253
1559762117
-123228901
2119762604
-657590103
1719562768
85196751
1555840368
-557149793
1241436225
274296225
-1319019752
-1345770520
-1259436623
-581953705
-870719605
1953132962
13706235
1428322269
-1334446876
-1403809914
741508982
-110717061
-1703939942
-1174127303
900979455
-893731254
308840160
328496865
-1107389445
1465276899
690507854
-1734624262
555526811
-1630074278
952206785
1867310953
702911074
-258143638
-1082714498
2012148944
2133047012
260663025
880573597
-1081325788
1510899919
-1675380322
1437856676
372720765
-1527699665
-464233752
-2017004174
-740533459
2140590317
-918864063
-1051778722
92718099
1234750104
-277154933
-863768161
1702794800
-1322003353
399666379
-1018961171
670826362
471190654
1951899419
-1114246552
1704244976
-823838352
1833963493
355112377
-1320813586
72907013
1589892941
523342198
-1286687038
902469436
-390413073
860639690
-919433602
-107474542
-287663158
-2001032875
393742351
1601047172
68721019
1280973393
-398392690
-1403342509
-610288467
552472053
-201448234
-535436794
1144028879
1906941469
1819480150
-555400779
-162138872
-212216534
-1890947801
1475304195
320310375
-585529305
-1311366304
721780460
126735711
-1536807124
1149851049
-752587328
-986443150
-469803001
796848398
543689838
-164135381
-277819624
725149205
-986797563
1403026512
-121570693
-1225695471
451713400
1212230232
-2000886932
-107444296
1140401057
169345818
-285509145
-114378253
-324397688
-1282635321
-1288069489
-19651595
1738764004
1104621594
-1873158448
-505136241
2073359585
-985338931
409030471
319066817
-1141396189
1176121166
1920804960
779346323
-1090943734
-1663026766
917702976
1147099429
-2132432585
-1440550422
-392690458
-472804347
490492239
1465172275
159964556
-634406976
261424126
-1410260781
-576712110
-345072709
110270270
239980289
1665966878
-9238205
434139353
-1172971740
1580641981
749562081
-844838100
1047075136
-783462578
137523442
-1572077011
-699573075
-1683269409
-308827785
726477998
-20514295
-961094056
-839657174
2059961826
1506293871
1002021015
584101841
-1897632992
-1284015640
980339676
282870229
-791285273
-1823558879
-622549145
-1677842155
1489918497
-879875490
-640214177
610098935
-841555797
-760761938
-1047383818
-1491000384
1631106581
-1427713952
1891233993
1871218469
-1700323930
-1209167947
-297319540
-627481054
-1187120990
384098006
752859366
1918956041
633815502
146457096
-1045931879
852301021
1759395123
1555546397
-233709083
315049696
-475045854
-531085011
-887153362
-1783715478
142620024
-286395002
160179164
-321357061
1629143587
-883428384
1866973826
463157395
2028744164
1734408148
371087681
1138360385
-413223850
1111781775
1669848686
843778298
-1460461010
-1312556094
1551951730
-99794004
-1558289725
38876380
1148247026
-875660911
1278468561
-1570801797
496875311
-1492878392
-1242708615
-164354529
-556794962
1355888672
-1565506421
1673756192
-154157797
2102576951
1538628872
-1131207198
495838313
-90323005
-182161695
-176494010
-94694850
833723183
-722829563
1554997091
-255868018
-1902422167
911353498
1829329013
2023726213
2130018810
384365193
1698196245
-326369878
843049046
1303525184
-910298710
1086867265
862726517
1544068274
-2072952545
-792432912
867222689
-331487582
-215677483
1979239332
-310525551
-1925677791
-1542390821
-1537721419
814433719
1883404629
-383617444
-197392057
-827610410
657865339
-1232508328
-1845546765
-108008746
1232127790
1140781207
-1498091865
1967551707
-1380811031
-1365413159
1036039370
-282476653
-2103779383
-504235950
517206435
2121608399
-151755625
-1921956524
-583514373
1477186133
-1831747834
116572750
848500736
-1419248653
-1697779144
243162612
-155610773
1616935639
1540690310
1121574591
1710919653
-2049960418
-1745639552
1008031640
1303775398
88027306
1208420658
689812431
1785714783
150403128
-754378327
576163409
755375194
762032560
-833207883
1152632858
210860510
1712256703
1794416623
-372076056
-235407401
-1785743198
1053799677
-1176445648
2141277878
1939283013
-28569580
-567842731
1967510166
57574284
-1630879810
-1224615401
331307936
-1192470545
-437482787
1214750793
-1319776081
1758095948
-2015283729
748127687
175585334
1348598776
420436114
-1877855323
-815434911
1006028054
1898284874
1142886827
1801586554
192646188
-412232318
-925222399
-1753048690
1364206322
-2042039344
-1266584538
1893662799
1579277421
-163156355
-1365152986
427036732
-300625859
883150915
1646498572
1663337982
-1762820302
-178999976
340816276
1190376213
-1571312348
-497952085
-1344192987
2116800691
-740260861
1359893869
-176747267
568073448
-1257810900
-673931566
-2055407187
-851892738
-198605314
-1078489064
-1377958712
321644582
-1841065811
1089333960
1464768727
-1123901101
-2134242731
-417322693
1433725583
-100630683
-1183111854
1302614879
1782229061
-2085122934
658124494
-2128880710
-498750303
-2081784351
504095386
-391919441
641509522
1684686943
-362567615
1426566656
2102917249
1782423542
-899740326
745290388
-1995564856
1100924147
-1618079458
351166073
1789816165
1111376807
-625208007
-1124053717
-1313582870
-385906103
-1508472860
-1390551018
-3694920
-1471252198
-1840538829
1879448921
218049644
8081610
168598955
-583014708
1733093016
-1334009062
1644480535
965481796
-498957131
-2092095038
1796117659
38241301
1540950104
-1323980908
914289417
669241559
-556500060
1269905376
301919859
-792341651
-1761565953
-1373851622
1189189632
1430590018
-971336184
1011349434
-1720890621
1601681110
1829139400
-422938013
-328425911
439010936
-1691376089
980031559
1842124466
1243521876
-253400928
1215707337
-1085083902
2006718896
1886160440
1357833059
869304569
-453608078
127566508
-729152823
1390500768
-1529635867
-2007129367
19347022
-728993051
1901757884
81299648
1499780487
1881920618
-403278506
-1695590951
-32568787
-2010292839
74143043
-963671576
944514119
-1682247941
1707977478
-522514401
1274514568
-1184270134
1489496604
-940429341
1422850293
133414084
1622373181
-23112511
86755274
83810625
346801121
1340268963
-1271094114
-751570553
1931909637
126649150
-766387259
-371488931
637800494
-1309493810
-971964427
-1780721187
-1363806802
-1733266939
2072692267
-137831026
-1236408539
-1805896384
-931644465
-775708239
741731146
2058017019
-711804138
1806972635
-531654677
1352920455
1045184935
-909415741
-2039348431
1354009594
-1268511359
837741917
-1040251608
-808922267
-164781029
-1517178073
-322138753
-1704753844
2065606604
939501762
-1121513077
-1238469294
-1264967828
-1971811389
-142715247
-1258962892
1463161916
-790692661
-1180820412
1319828984
757246466
-2139218220
728263564
-1741888667
858264952
-1346807858
69176713
1734543029
-1725754138
-1902180759
665448150
-1039877239
-214053107
-1500495564
-182815983
1046297116
-459457465
2008871655
-882115429
600737211
-1659273749
-413865988
-486069092
-1359493516
471451638
-431775357
1049993033
-361035251
-1592606489
-11140810
68561001
212443191
-2135917591
-1576656181
-1403399148
-1424128509
-1700564681
639301257
-884363331
2058982549
1771706555
-1592889058
-1429102733
-739154154
-2090398983
-1039768401
-45300893
466955247
-454177750
1633244975
-1089195615
1097651507
-2106677844
911862259
832112679
665934940
-613666408
-21453178
696195869
2116685113
938179764
661996729
-1262632102
-803271641
1434051212
-447365633
706777386
-2085516417
-1552807974
1667940855
-925243567
-499293106
1638635310
-695312312
964018768
-915470773
-1990745142
-2042430540
295383014
1001648901
126211790
858118759
1173306073
240859227
-1980970348
1116333968
-1856745739
2132713009
-1554892707
587495987
-487761579
-1859880096
-208282580
-268487364
-50583328
-300587538
36451058
1073698006
2049364758
1507865215
-1224444182
-1551631107
1428693260
-226887926
-1750630842
-563978927
-55883595
-812710706
-887922677
-1667252691
-1571588510
-1410003577
816972600
-348730632
1156835979
318629853
-1140392914
1177988538
1795534799
-909269219
-1718395829
-1652568078
1471425849
2144205354
406083543
1632326822
-89515836
344196533
-953424349
-454582342
-178483680
1135422891
-363806737
837123717
-668316234
1306165743
903176204
-1785281119
2055301098
856277577
2011949634
-1351059454
-610412385
2033593757
1518804083
-835728567
-510142721
-506818465
148286975
-882729638
715185531
830555718
891273578
-97964245
-725963247
-1915346113
-1837609924
-648005409
52680396
1828288420
1291229480
536849170
577338001
-1737317459
-1068218256
118206838
-1530502633
-225186266
-1558809977
-537212258
-1804363465
583570018
-113061641
-1731917543
-653321115
-807323281
1875120517
-1518480957
478239357
-518892918
-1357006958
1402645335
-1827500349
1369112277
-751685693
304018247
-2048051419
1598194758
2095315428
353209295
-547673406
1548057571
-75166455
-1761683641
1625232559
-1054134485
1435884022
449483960
-450603273
-2054235945
-1534619712
-2045087310
-1495557660
2138029250
1280018099
-441227940
171608956
-95007964
1068758390
-1567545140
-1388735666
-1043610874
1279808621
-187670375
1662156398
277153777
-2056121506
1545161645
1445947325
-1099391255
1846314326
-838464673
2028560493
1596130969
-1431492915
1864161472
359308483
-172237105
1957143048
-341329100
402663711
1515295530
-131910210
-1741122491
1231252281
937983248
1691181566
792827059
1212412844
-1139429146
185597775
1729588943
-1629592648
593291899
359605272
1798560264
-889885885
1981566148
-1726645182
31734726
-1337056479
793241806
266073883
1845070198
2015446932
-2082324497
730066813
-674514971
-687401194
1732130111
329855535
-1154200623
-1627661995
-1209392570
-396130678
-699867203
813126270
-1293221130
417701215
-942165244
477210302
-1981158181
702646808
-1305110991
768897541
-463125104
-1185338851
537774221
863967244
-15045516
1459822200
987339512
-1594781543
-822883426
2144549819
1454304252
1394684929
17990669
717198368
2054279455
489638894
1464477988
-1161199630
-10026632
-571380638
-623362220
1491355692
-1662397052
-1346905861
-980913638
365516639
1038217273
-1212253576
521254188
1248072920
851567964
1719216251
-1601714962
1803406849
-1516670705
-709604464
-310396373
2096386567
1801131181
-644932755
20817153
-129227843
1058942170
1306852731
1764516635
-333879873
1327748309
-284178539
-1673517787
1405674714
-1997133041
1799678734
871847804
-872094549
-681653503
1567345657
-1229659611
1569165957
862621754
460048547
-278268927
-924368232
-25299273
81048932
-617296579
-1744381106
668904566
-1548955497
368917775
-275311880
-1991497651
341537510
1785644702
1119577002
629823991
-346554422
-79978175
1588582754
1449052015
330881617
311625708
-495247761
-558781568
-784965086
1684573158
-511022576
1988749725
1458715838
-808362305
-842320550
179563245
-225218808
-157825151
-1599022497
777042090
357305094
1467234085
-1059946100
1384900523
40203753
-1436635064
632291666
1166813502
1497139786
-1235061218
1928500233
1453036859
1332157110
-1870055769
174622736
-1212022443
1129355372
2064786463
-1505145288
1306327475
1614013028
1987883450
-834565534
-320459074
-1506508653
-97130608
798820966
-405640132
-1665544339
1681031638
1977534262
528510365
-699211861
481251150
58020931
735060885
-728625586
-2131459328
-868458210
2054176490
-1547986717
-1399853782
1801597282
158930062
303215111
-1488629900
1448226514
-976670992
-649799123
1177763943
615774653
797515918
-1842642786
-744599008
1285594026
797010894
1209544897
-373592000
1344651312
-2025417714
-379596900
-1527928538
944314404
-638800903
1528671642
-1468344736
-935572742
1681192220
1450143886
1493031006
596908644
1597859000
1777801719
286546280
-1436836801
283320793
58764677
171002833
-1475957073
1720078503
-2021835812
-866347156
-1663759736
-487670021
2128434583
2000398911
-2039900177
-1141488075
1408313998
1413865590
-1569724096
1771501132
76863836
1220736922
-547094478
457727526
1867756315
-849280766
439271737
-1686600407
1251309425
-1676507255
-1786005205
10643985
-2070623024
-759374720
-531424986
558701315
1628338424
-1790328858
-603124560
1633401570
-1970463296
1932449750
1675742750
-53999646
-517112298
-558847168
2001476922
593901402
-1007448252
-1236397093
-366347232
-739624227
344513140
1176263514
-1088301464
-2024553846
1002500726
-1096058915
672167561
442994851
-137821761
479009706
76967292
2117202524
-139217740
101747740
-819867489
737636853
-77396951
-1754237989
-1757711908
297145866
-555375581
1070539853
-1431505398
732611113
762714853
909179467
1216834962
-1703703387
1587921962
611047959
1869108053
631315881
136201390
436074126
-170584627
2098621327
738734579
-919775335
1852018290
-2118686606
2009985601
1358222313
1407716190
-1931709183
484317421
760902114
-230174925
1326034070
-847199522
1360421847
-250008772
-20554106
-150489268
1446056824
740857810
1365395642
953766091
1118957704
629960448
238774142
1095922312
-1444940078
996617578
49311384
377228753
1160781661
1930583402
286867356
-1789592614
957165790
174755963
-304090754
-684118083
-1939365011
-1466496294
-1100333719
-1376025406
1303612284
1882064234
-626236210
-2066240288
266715140
-146757161
-667163457
1924531075
-446648320
1156066558
1363774076
-242005872
-1999332578
161459084
1045413198
-1954904155
-1273093708
-565400348
-730132077
1872736165
-1503043600
395472966
-1398769382
-1643274637
-326170541
-1238734803
267756720
-2042452740
-1274793632
-474052617
234187514
826460027
1359792784
-731363381
-350009211
2052537848
1735126152
-1983806794
1476283675
1462171921
13400205
-207449321
329583192
-1471402244
818920247
108745021
1538348924
-1421396789
190252644
1038800974
468450945
-1645271054
829978223
1846818154
-773478800
-427480058
333338274
-311663345
-1149006097
-1701363513
-246163224
-710917442
828633375
1177285728
892933319
318197470
401021348
-1669302804
113475980
276983521
-1998090236
1211550780
-426811449
1119095717
1039982389
1785345239
660194809
-2081344996
-1396059280
-889458879
-670940020
-310273490
495993163
415955072
-2089921278
2101262301
-2058245626
1923971803
-1646786447
-1145029974
1768247588
1646982628
-508253906
-1446600905
803313469
1398956729
-2013838392
1418377005
-1212174830
-898115450
-1421980872
-1985787041
-226625055
1117353293
851102806
-1700774865
544650235
-312242455
-74259315
-124992464
-1234853229
-546803633
896036818
-1904164596
1592850903
-2011158761
-741858863
847455912
-608781756
1422468410
-774603159
-1283587963
799088694
-955598051
-1027381926
203859305
-1118177090
364293582
-1342429891
197329214
970846135
538406284
-1341175373
1893669177
699280155
1460449420
2141231329
2106863166
1479526290
-1961855494
-101780453
-1691016830
1773013580
-681921219
-785575969
-1169555599
2053987343
955923839
-1030146300
-436284206
764043667
-1726117524
-1770943182
-1916259799
-1371421427
70159161
465929364
-2025717412
-621640439
-1877953305
-2097382708
-747400807
334879868
-1291796280
-1158368985
-1180298
1183127577
-427164094
-216198127
736644953
-1500058397
-822270254
69174731
-1915811815
-685562877
1813053267
400072794
-185406491
-942362661
1125468544
-2085281086
2002598244
1864334938
-224081481
-446923404
-208818402
1899011217
726361343
1678979588
-1689713894
1015316358
-597583028
-1464403426
-1780174649
-984054200
1085202945
98691514
1206337823
-1091958461
-545742155
954269838
-1314754295
2110163669
347857465
-1510089020
14604798
-426386144
313250778
1851953389
688324847
1509970209
-546317086
-421943500
-2084966554
769671937
-1463825307
-333706282
-276055317
1192204203
-73053383
646008017
238853800
-216596578
1570097221
1258179803
2098563919
1863193347
1300784382
-978743403
-1549577925
643341058
2078254639
1773901056
-587740971
-1042375600
-1221137160
-411764689
-802513607
-1809713396
-1902117864
-121944770
743021848
-781340725
1876757870
-1126647166
880981471
-1299696143
1172847548
1507485953
-1991246568
219364162
-1981725522
566978596
-183473135
-598150984
-762910949
-1832709973
738079162
-2131772266
888234377
765948640
52281043
1385872828
9950454
1608809487
-1647382458
1063170109
1359122389
1533771573
408681425
841484078
-1524071082
1834358006
-847772953
-2082975807
-1214876438
432178900
660172760
-933351023
-2023586298
1513044382
154829103
1876729918
953637926
-436352219
-171137190
1461391932
-907155692
1914558261
-1060005744
-71184152
-1436716183
-1872062525
-1881719057
1703065052
-42090668
-129641374
1312941284
1451223427
-1917904999
-340929285
1168262094
809989871
1907933405
1974684605
-351577883
2027145449
-993119968
-200316334
-285858728
-1452383159
233823625
-1125542318
1702868661
559117192
-2090557335
1860137212
1118843022
-1127614573
-145425543
995698211
541038680
-934432287
727824998
492779109
708291222
1000676295
-1901872753
-1060753245
1679820854
1536098058
203085069
-505934164
458516282
-413629514
-613530637
468330811
318417306
-1150957779
188802006
-1597376733
-1391919512
-1882959742
1333803151
-891679800
1479176501
58717703
389882943
995887313
-833451085
535300132
-385246317
-2063894757
162983323
-1552165526
-490284472
-1149715728
1072692944
-1072505881
511958001
-1819109512
191897540
742800315
-775676680
-1388317329
882048026
-362397973
-1417484318
-986521320
729605005
-2136995212
801616598
-1397165200
1159482639
1805962403
1239699807
1201445543
-1642207179
-932905821
-1061290384
1642984907
952492241
-813203625
-1626439000
-623822906
1957116128
527287658
2090531543
-2133080694
2069650598
-1525467485
691143361
-1620540534
703747351
2049408637
-820295647
-438368661
2112502905
1554550262
-994129424
963681019
-1530209978
-1556453721
82462694
-1836492447
-1468628138
1053295380
1988077121
543340438
-552093891
-2032537531
-1480635964
570969875
-172426254
532966549
-2096254974
-1141454388
-1228734800
966270921
1799604188
1200106076
-874116832
31309923
-2138190265
1558176641
1268921783
1238776376
-187387054
205288137
670303837
-864146880
-68531353
935031437
-1277083313
-198392915
946917584
-839362786
-1157875643
-1668058562
2130344317
1203587902
-1095639594
-1000026668
1566975235
1921048530
731467035
-146885819
1095395048
1709343444
-213801069
98342511
496005405
-553455218
1197829446
1431593360
-1854627125
-256566780
-130501844
661747157
1513799506
-2041110607
-1829119026
325493040
289411469
401241974
373470765
-532079250
838205275
-872591665
1360144099
-816583544
854839643
1046917703
-1771782264
1947477560
989246198
217720621
-877336490
-1584133425
43200161
-328291192
1394704400
-291246267
-1513379229
1526748999
1686378014
1841125009
703834261
2064842172
-240246020
-1880241093
-192950040
1502586443
-1281957163
-1157868498
1256129964
-115495586
-558254485
-355105838
-1569126065
938727067
-964743623
578263130
1051949091
-921911975
1485382618
1784225370
-1851385245
1984780367
1667007915
1725562523
-2026646921
518227086
-2039891793
167248946
1372433271
-15873103
236893363
-1250086962
1081723885
-740501166
-608420174
258960466
1594904798
563237823
1884939642
1726904483
809260299
-45610003
-887446386
2099649218
1156556916
633714860
-1370599090
-775426020
584842269
1394258204
475674197
-975081696
728532499
-2081138081
637894946
1746398738
-1561894479
-1174324081
241985017
60670751
-1274138593
1195111154
262610443
1691406768
1007271195
871918444
-866114604
-1801185022
887401467
-1002362572
2020037060
-1006954506
-426413838
297369290
-1559902431
-1959323099
1339562642
-1726680280
464566059
497271351
-316887151
2122532407
-755530112
-848206475
-1663621937
-562837372
-1335108926
1086393499
-1714802793
1728707123
-787971978
472854002
-1648986076
-1916230349
1518750510
411530398
1030484071
1268246194
1163678698
2031954228
2060669703
1654512595
320551356
2078871439
-1369305431
-995564130
531187882
-1924739613
399188337
-379209672
64989911
70856978
837003463
1619700051
-1519974428
-1027743170
-405132963
12906983
78919315
-315727457
-565456015
130799394
1961616557
-1120576875
-1984739505
-842469732
-1535223514
1304208640
-379544039
1166275022
381334654
-1096185905
-1696417078
112448708
1756058473
-1367207721
29763448
-1480715247
-595380303
1315935717
1661862617
-2092405244
956210011
532656918
-955268601
-342852840
2073498120
709253733
-274543993
884988336
1066261662
1981335684
-1340004217
-810884861
114643751
574780144
-121182873
47386452
-552826632
1116881727
869384826
929408871
-1437692139
28292028
1889229836
-1904070353
-1010239276
1871487285
-737937241
-1080307253
-786200897
272754194
-299595630
-2038190413
2113739710
699536041
-1079862886
98160686
744513653
137287377
1030308628
210056967
-2041267989
-518852427
473320993
-1448404609
1742106731
-1760840471
1050353203
-1515684987
130760623
-1142258750
-1408950832
2131793444
943100218
-1601716255
-430328938
1407566396
1279469572
-909764079
1911423870
-2140546444
-739373988
-2090973613
-1587347356
-1052882834
863560458
-1559728587
678597062
-849661635
-695725389
-1843792790
-1774005813
-655854317
-1372365951
-435987049
-576673913
1803187774
76924162
-897355158
1070809469
-975185067
-774633904
807530225
-909233051
-1932738386
1683934322
-1747627223
-1549778386
293801234
-1163361534
-958617388
-2091315899
-681648716
-1512275185
353325710
-142590953
-2010563234
497011780
561133602
98357461
-2004706580
-490623927
-704453607
-504120970
-1663454466
474282089
-375495020
-1617896447
1434116328
1435549044
-1225584293
-1591860468
1083116269
-1474197018
-691445451
-1145024897
-1700749907
-989678008
-1813927815
1281985693
-2068821285
-2065084458
-60207388
-1383194811
-1052082382
121669985
300137133
354914676
-341195863
-1022241162
-1047513385
309805325
-1006535196
783357120
-703108411
-490651428
-36715538
1589077930
-1126156525
541382360
1607218981
-1470256568
-1626010718
-414704984
-1812653451
-1997431945
492833524
912291944
-795142200
-768661438
-1225421125
-780526676
1281321149
66680967
501866924
1455195844
-299936105
1434821081
491274903
294312513
-905755273
-456973144
1043236028
-1094545224
496418510
-521365601
-1718492842
1044624069
-1322111220
-18012851
-1585000836
-1258698926
-732542307
-1309818873
-1607536855
139265049
-802927083
975646731
17658009
-1000897946
1444777385
-1102815256
-1800181546
1370651681
-2063071263
309496605
331025041
174839051
-243470453
838021888
2116141621
-269192121
1048666354
-1898054175
746491961
-237227492
1004058191
1711203439
-1298975563
1463311865
-423415936
211767641
327942200
-1361174343
-1244471049
1775179576
1496014296
-311804121
615259636
1454137515
-849646967
396624067
-802827786
-1216872765
-495899214
207699654
-1584300690
-1539982942
387073789
-17965213
-2143696458
-1318156450
-1066982034
-900120241
-308156351
1118096682
-581887050
187718531
1929326866
375983799
-1191385655
2018743616
805942385
-503337001
-677416018
553884243
1943516124
-1368478621
649334165
1714466714
-1958529476
-1261147553
-1074780882
-607368250
-862442664
307694171
1553098808
-459999135
20763278
-686958053
1391978583
1003536146
988633279
-1791177350
733703210
-1393907936
-1371610741
-1185668725
1666203036
-1523841228
-1767018562
94670336
977996154
-804081822
1690001673
-1596282673
-828332986
-2024722582
1809871092
844783634
1951123530
211205434
259094291
-1514295762
289939695
-1995407434
-1702275977
-582489033
1625438030
-177323588
-1030831001
-61774189
-1975446521
-514797214
-2055601072
214243292
-1895323054
-1566011519
263751417
-1073435125
1043947603
-1729170569
2025596666
2049261010
-1636939599
-1114765529
69635182
-390510520
236511592
-831185084
-1218922009
847443659
-1570214946
-1710599217
859436194
-1917603551
-495963596
-1197703971
260602875
1561096672
-1108521505
-1217284195
1396294690
461667600
1116324726
281720729
-342415345
-2142085874
-518715444
1928554556
1025459891
-1400026702
722944577
-1023565164
-1794932881
-1906614860
-2119835563
-297075881
-1818476087
1174617675
-1112191363
1020718379
-962190243
1971198230
26012218
763552545
-255527151
1435573311
-1883274906
2042226562
-1175894900
-230437667
928772816
920255182
1023932135
1845157786
-198261749
-164800767
-1839524955
-455772267
908509315
-1877073128
-1117928736
-345706615
-1719929392
150166227
1780815301
2058719534
56205646
-854724933
2044346434
-635380001
968942317
-1131847578
1228028413
331895676
1650673988
43212536
-653657465
891403409
-393114900
671229933
902353
-403926345
1061945611
-622219242
-1346030114
1400501306
-1085819090
1919670497
918883002
413607420
-1970002852
-1224722979
-1872571990
646233752
1169875303
540288636
-11142492
144891849
-1980501883
-1045673959
-680199423
-1130552819
-90281442
104629308
-495683472
-1996024187
-1160338713
427573021
-814108882
1451524895
-872407250
1116760678
-1397717133
-1427718922
1688921975
1044217917
1210650159
1071301880
631312968
-420500863
960972021
-917894456
-496855231
-1081632174
692813111
-2058749466
2015543151
-1784753193
388543156
-1365986035
2075903712
-1042386374
-599680723
-1790467108
-1052605574
758097911
737956190
-1907706184
1613571336
1346207574
-492308180
-762477328
-1432526187
-1003249867
1747880730
-361387743
-158357251
-1742858229
-1816084223
564920283
1236672192
-1576370903
911273472
1647094916
1038061849
508218945
-980614224
-2057828228
1765252687
-1774258900
-1890109796
-721362815
1823387978
-1290675225
432010736
-279534507
-2001886616
203644638
-2072302993
1028680861
1445073297
1822990189
-1040846678
-2044200180
1831718280
2090891939
-1630453138
566368448
1553259652
919742536
-774290563
-1043073301
850065918
1818773025
-1411897983
-2073332298
-482697780
-1759849615
-1591814339
-327518879
1257037935
-117514045
1837953797
-1000106578
1096470696
490403815
1384423536
-980875393
-1134162352
323715129
734944587
-54242114
855621225
-1754094808
1346101712
1085817468
1080175727
-358386442
1410896919
173814108
-1540182796
-1963956804
1902722763
-1674403790
-1790536341
-1216266575
736362273
-2020428570
2099207491
-1600835670
-2019254778
1401352094
1994341431
156872932
422627479
-1136563172
-960964124
-1364771583
1185078230
-951560861
871490203
-146725040
738801561
-1249677407
414815608
-934931887
-747418427
-880944056
-980312141
391301751
1661262524
2008906877
-1021781707
1135708463
-872738797
-1320970826
-1578322322
-317987807
-1676246392
-2090820451
-1907391643
-122295115
1117270579
-901821893
1099873296
-1827847208
1110379514
-1289134254
1057363429
282011135
-48849079
-691357175
1934692016
-1057705109
-1887503613
-790781490
1124471975
-1563101009
1096869299
1240821111
678665147
-230655121
-1419713274
466282410
243840048
-62763159
-1651062659
-792717953
1469576815
1601107897
37137246
1653031779
-1170417638
-362178472
1685299691
338918463
-224870815
-1362347035
-188512810
1068945112
1671324051
-1909968473
170825203
1077216632
-1334356488
-1096824878
1674370351
2144842702
-1434923555
1156245001
691967168
1933229842
-1713772305
-1364440028
-1408502371
-1269382036
1739531468
-99256014
-1179898576
-582942314
-606879017
1530101441
1572497738
2121180095
1654863691
-1004583844
-254070953
-22830926
1643246994
-806355115
1514369746
714309175
1540763095
150397635
1391861498
700230585
499535833
-709407794
165939142
-882027992
1016882946
-2055279063
-1167755755
610975264
-1351965768
-1581923104
172213033
564316235
-1661032974
2083900243
2096936790
-1998528510
1471569165
-646528383
240164854
1140235322
438472927
-10844535
1640452255
1331820189
-1172281332
-1825916818
-1494776937
695833847
685014936
-1021263846
-845197944
-1127627565
-108566595
-1243780443
1393793135
-304935579
688691711
616933590
1744296410
-872055894
677002364
562967017
-2047969198
-438170418
-2138487160
462950034
2089128981
182311629
-639968647
1398558786
1198204680
1631121243
1809377470
-1723500376
-1985040405
-860561144
-545951690
-835103366
-1265247026
1127587487
107802559
1996379252
-1091770173
-2011624241
-496640756
1825805216
-351100716
1958238733
-1013959493
1833120216
-1450490825
777006264
-1759152218
-441801847
-622545985
-1917120643
861579640
-1133703239
-244734826
1312538620
-1118100349
914356554
281594409
-62176341
2013026001
474134655
-760206493
-566696198
-62407560
1620412607
-894691556
1554549432
1090104114
1093480089
-191075373
-1696734283
-253181140
-613647864
-1895160165
-1400270681
2066946334
-975361801
1490185555
45558353
1883991451
1744170502
255559706
-2117488159
634521002
-1871470706
1641774593
426115481
365557908
2053624546
1409239297
1929454514
-445315329
-629184552
1522324782
1187165052
-1305653445
1160235143
315178796
1858710729
3502811
-614342319
2094007778
-656126580
367853959
-1954671325
-1851841683
-726536772
1717583120
-1259556357
742867288
-365956738
-33060155
-956126806
-1366393847
-1054787198
1291593220
-1437953317
117926269
-1361988180
-1607669741
-688507309
1996838711
598605303
-1468581584
-645583751
1824650101
2000754070
1882554086
1694060313
983029157
-441926565
-2028627039
-1472593052
1517853207
129167964
1042240389
1725145147
737969394
-1663200813
-470046086
-732924756
-824909716
1050354502
-1190424693
-1455607108
1917422133
80629735
216885616
-1581071770
1878877235
1721734717
-1191815063
467386596
62692469
-1092147966
505233740
-288608212
-690814880
-90242993
1847784929
-1427760451
-1030238418
-1469065994
1755582061
269365146
-1228947559
346889774
-1166653300
-820012394
467479762
1799061877
-780370109
914267346
344039096
992380082
-2043047851
-1591891580
-688709306
-866581863
1478214357
-919532807
-509927604
-1052901038
-687897860
688477148
-595872671
-1572483235
-50231492
-1924325192
-1655461353
2057669295
-861556075
-665915973
2045285488
1248163361
836323366
-1362885444
259113361
339001610
1840006150
-1762801794
244707509
-339761878
-704189100
-1130964427
-870775709
-38863159
1499329932
-1839599030
511058915
-750337249
-2085045988
1941982555
-210370578
1930098934
193099062
136451205
2107125412
-1138157683
-1697085721
-1005375515
-1960717630
-572657729
1519716201
-1697952166
-1491926509
-454130844
141973940
-761256560
-496525529
2043440887
1052343642
1536503354
1495243330
1751435641
1116093076
-579575650
-1378497129
-517824876
-1125549161
-1743276714
1064036534
1872520962
1359701804
-859607468
-372957375
-386522321
118755455
-1494389722
-873427226
2021129245
118149174
-305261702
515870856
-25981305
2133433029
1658554085
1574135999
445662281
-1092687872
-870827809
1441860482
154755070
1347289073
-1070982638
2099308323
1785634538
113688811
1572857811
-418649478
-1327327974
-1096076578
-333553936
1097218661
1499473865
-1412793363
-1073260885
1280002671
-970798586
597559869
-1295448058
-260682546
912482194
2051999504
-1855716031
1417489811
2048256526
-919116015
2073732513
-2115793636
-1024301995
-588043279
-1901794958
1581149644
10842150
2102111026
158341709
-84375298
615234054
999288385
2030152606
-1026392266
891631460
-1047887926
1325997920
-2043062375
1528537853
-1653196216
1931801386
977339038
-628499582
-212276262
354081135
-1061694458
-953677705
-1690049699
-209468671
-844945399
450537821
-1553483082
-479167273
-154884143
-1075776749
501871215
580118031
-540352213
-71229576
-1707068795
-1697906123
-255384197
649565013
-1044495233
-72127547
-273816591
-1739063686
-1270801726
1903749870
-2142899462
1801312806
-172852957
-808242024
-79790856
312207787
-725216578
-1866263128
879395892
1976607058
403321093
-650735998
-727961069
1495242619
-1384957925
1707320015
2089379207
2068734984
-483746718
1742332288
1321612488
266703356
-69264046
-734664431
108615236
-650344610
1985829260
-833459182
-499538732
629245795
756355118
-565806622
1438855983
-1354943797
664839016
-1623650371
1294312099
-538760565
195670095
9319929
1744089345
402110635
350146545
-76403316
-1105251880
1986831217
979097001
1974170065
-1180703002
-1906995521
472325811
-1444638069
1266609099
-1590259783
-1032075518
-785700311
651274496
1127601834
2076301136
1903260747
-724401658
-542928088
-359481225
-441169787
-251088158
-438733195
-600197121
-1237353118
-284421944
-1700431833
-553334281
-1230571606
-1409834475
-1484144373
-273370104
-1414862361
660160898
-1319772089
1940315590
1235355686
-241450858
289124030
590742089
-2073250822
-1144242852
1891927223
1786994428
-2002754363
-2056085674
-1741576768
396590004
-355807174
-465539151
1914504912
960946180
161519389
-36142919
-1126313301
-1180153393
-1293714867
-383444850
1552306314
1007630621
2097699844
567907096
-444133126
-657529550
694522204
-1860718793
308118788
-1583943972
-1204402156
-385877185
343040909
258761741
-1723333484
-512224093
1672380672
569829544
-839680978
1911074543
261291305
-1506338657
-1554886746
-916417029
-99882140
-1099401411
1790405107
1403592541
-1912416010
-542998592
-897054905
296468255
-735521350
1580313386
-1225807795
1699722161
-2050628865
-1067810984
684291505
-672006880
1372974256
409336659
1438504932
1980306312
-1030115146
-76024603
-1757722848
-307687225
-2092681063
1659190127
-1294100566
2008301939
-2066495123
575181817
-1236842922
-1345367795
682585579
669180555
-1230730928
1290765686
93355741
-1731980102
692594968
1322040737
-1848521281
-67133051
592340430
-1024972919
1672762787
420000353
171076783
158589285
1455658581
1249855889
1392976351
1047984667
-1417544258
-1049036357
298599016
-1857256207
-1238891635
1390740152
-899341694
1263776906
1623644947
-1034623061
826706964
-1450036977
1053417326
1081070164
390431099
-1956045397
836771305
-1058515034
1648945289
361791805
1292477090
2033283478
-1069784625
2073298505
1075473261
-274152907
1120063519
373769774
-826333960
2142860288
-1660201908
576131998
-1204939217
-1411626121
-1441545933
176191561
-1301226014
1737407979
-858797058
72178139
1272571556
715399580
-983794521
1069677097
1627567348
-370062589
-1562664261
-1452947802
2078176162
1619274603
1896567392
-1513805029
-1556192661
-1650572091
1332325785
-1791927401
-2015622426
-675150147
1979022791
-513914461
1591173028
-1315935992
-1113562766
-741459782
1205152145
-1691003137
143626825
788375031
-1462999136
-805912463
479496039
607745808
693601447
-1268554828
1763112919
-1607162750
-985102457
2077992189
-851574438
1477563149
143499663
-50329871
-876710041
-2098687901
-815415519
1362499707
-74408334
-1206573285
-1548026218
757984224
-1070606479
740113899
-311217826
207579919
-47513701
467842582
-169555092
555228477
670337138
-209617629
681632976
589771185
-1404204029
-355711537
-609668700
1237246940
1805082988
-400073661
959648812
117410988
1510700447
1790970249
59190585
504493345
110193764
-1441646020
-627110195
-587481569
-1628975708
-1718264705
1360590084
716304774
-1303133469
-544954064
-2060211919
-1784999809
1162914062
1279675484
-1996295353
267596569
1895856758
-264757004
-1120977542
-744878829
-978692836
1994388417
1369001509
1459350523
2024055086
199786901
-2124071955
-29097353
1339857873
1328784578
1383989287
-2011720478
-2012919263
81618384
-975877258
822008602
714348661
1939006313
-2084994888
1436134295
2119281127
844842392
1356200483
1997226944
1151966227
1579167794
-1961886550
-1457799
659309341
1646684307
-1011548763
-407690752
828482041
880714382
1553276592
1351801337
230499046
-612259682
300876754
-1000318266
1819661370
1927959392
834693089
-1418716900
-834720411
-1722612667
744559397
-1353324333
