-407157906
475033288
1190140111
-1284513632
-79015469
-1596363482
-1351449070
1830501045
26786691
-1352551091
-1672317480
-486020516
1160025936
1057934082
102032947
1344941286
-1439931830
-729123611
-29407214
1619672081
-512607355
-1752873243
1530964641
-1732796518
-1676634081
-374153226
-1690846992
-785939434
-1206406272
1331678977
1080585682
-501142782
-1956954141
1196184348
-1979801081
1534642200
-498328810
41315067
367581341
646602724
-466482307
674293669
1869147538
1844149141
14010716
1317828202
2007927486
1717814808
99342420
368236051
-1129740561
891938402
-258673362
-400315557
1686147925
1633889037
2035358679
-372922210
603642656
129620774
1930324395
1639316688
2045868391
2143764548
550330357
-1922351697
-70784693
-1186218531
-1528280394
-580894404
490263644
1275103700
-1448882267
-355558809
1790370619
-579610027
-1467291273
407350536
1870099583
102341861
-1787243680
-466186986
1631018460
2127039156
-1084774184
507780370
2049448834
-344412619
197311906
-1036378172
-1753869886
-1264865808
673706505
2073637161
381601015
-959156074
1123256172
1071700651
14166947
-824971691
2114337021
-238537070
-1296531752
1031160685
-1183998779
1083758266
1751133400
-2071046141
-28110613
-1950031226
933089791
404992309
-1500137164
1189912596
866016225
-1349271698
298340557
1830214833
213498543
2001288698
76797000
-165484401
-1676753698
-1546553380
-1341372444
-558753355
1585918217
2067826143
1402281489
1144130102
151439894
525523434
-1178140110
-342882907
-1776860776
1791732632
-1079964764
-2068751929
-1768668044
611654152
829136126
1448312458
821147078
-887089423
-1571589222
548555062
1072706565
-850432264
1327999828
-796811550
-130921372
773489477
1913502353
-1565828568
-1771634565
1284081747
-928339326
588863516
-337346010
-1267311097
275845034
-1193353095
1742227885
-585476860
1236764317
1737743645
366996004
1663202621
305379593
-202926921
976242709
1470699978
112340730
-2020090690
-576252325
1947006463
178483289
1381299876
192724304
-2121607237
-2036647243
-118911925
1695223850
-1140802819
493276997
495026103
1484747938
-292158788
1043045677
308380165
-342531882
409856759
424659968
923575708
98587503
2084997129
1510107782
1710514081
888842758
-1724389566
659637694
-1180521296
1784740291
32253108
571911205
1125469384
1964494407
-1008563638
-1461083848
-1157870970
1655960267
-824374243
-1260436168
-469941867
1379641737
-558320118
966030637
272636004
165246298
-186196353
1961027372
-811523814
616520096
-1413074283
-418036005
825218502
1797502053
712503140
1738675765
-1453284389
-1188096316
1556012177
-1666361718
-1177847078
1162133383
1161485355
-250790455
-21491120
-2138727407
-768793673
1838054401
-1789650173
-1073220738
-350326135
-889662171
-1568747672
1211899912
1770117461
-484633841
-1864853673
-929498452
486795012
-733899833
-864242943
1244716300
-1226879285
-1278019580
-290053855
-1569038953
-1416799366
1469232626
-2090847119
-1566168602
-2001091567
1339397173
-1749644193
495821673
2076620185
-1241493203
-832609024
14426690
2091329072
-2137982341
-1313443260
-875625872
-1096628892
-169363260
-888292757
-1257840848
1039670724
-253094988
-1224924233
-2086231905
-477709388
-1832390075
187738467
346242979
1072983425
-740697279
-1531941933
1978754060
459141301
251935237
-1919086580
-1939062539
1725210795
126069639
2047746661
555963248
-1225786779
885168025
1013411967
-1653414047
-1680668260
51944046
223710833
1965393578
-2005724392
-1487371683
435223368
1897576072
-1175580606
-1776687643
780834990
-1915640004
-1248538634
1660392944
765159912
-1510163987
-1707749218
-3379108
729599493
-2077425460
343091067
210523830
-802313900
1978867065
1203702086
770657608
196882966
-121298523
1128253431
-2147416491
791893108
1540314615
-1936369181
34037154
1181082034
600836915
663207436
-547977160
-1109328219
-310584935
440848820
1423047784
1190298978
1777463946
1733913395
-2126162417
-783856073
-1248696207
-1981624822
263240475
-781151265
-1362456352
-1144861641
-2108128179
-723589392
1972626681
1350969546
471871040
970220696
-525597681
-1318973513
1739904681
1538729096
1617345676
-1899055378
428591583
1833439791
-2095235308
-1996325719
922608798
-774789845
-1967464470
1389369092
-1039086073
-5952260
1342835347
1870637266
-1559540246
-1200315398
90852280
2103693229
-1493023928
-897434232
1640142160
828964686
1902116627
662578058
-737074946
-51462625
1983907639
780015380
-1171483465
-467691762
144016861
-989730717
945835431
2029376676
1236461805
-1296893424
1707603285
-1150789291
741176789
-2084813950
-1729313532
-618911463
-1702898295
-1854175580
-345433252
1739356219
1182457034
1076079831
-1602402231
1533301616
1371804841
-1124892886
868922147
-429771478
1167443790
-1021104696
286834447
-691069906
418157813
148789937
-1772547676
-1554516124
-58010311
-926442580
743907281
1085373165
2080000149
1927128956
1121527037
651932282
775478822
1751753297
-2135496593
-262413093
-1471835723
-182370943
-775097105
1375247574
-477190667
-1558274441
1643718317
1710025530
-1835876600
-352632597
1605874530
1464153650
1931125063
-327530413
1355157685
-496424482
394893378
-771623783
967007455
872128031
-1407268347
954936845
471608721
-663583310
971111069
497638556
-880154348
1784035968
-342195238
2084306498
-1790177870
-868697293
-103316139
-427904835
864291668
594193932
2113704116
-1979473278
1166185324
-1300415245
1639339564
2037358324
-1763736812
-1409474865
-1804659385
-116512301
-1306277001
1069834775
1267914215
784817650
410975344
1963314345
1089449354
34112300
1668830576
-502405926
343839950
2076938136
438665379
1575155661
1621463351
1358497787
258956373
1353625864
-372492496
-450694274
1150252690
326178628
405260367
1749997216
7806733
-1222245756
-1657507363
1399843181
-1401212094
-1132241048
-1985646700
-2087584528
246286558
-2130193470
-185723222
1321780197
1292048990
24549481
-1188950770
-553749838
1206802933
-1235837875
1024143601
-789058920
-102019406
-1177008949
657978503
-392960987
-1317642270
-1461297342
2007839246
-1314009875
-557518158
811341798
-2028815345
644107385
1680817689
1822624212
-371053085
722379902
-1710688012
-90588059
412336248
-1926537135
-1563146638
903094726
-348313772
-1740240998
93095089
-682825016
-1680688678
-1720137657
1870455209
1102562292
-830772020
1527401412
-940516792
-485371934
-2022940655
-1124652184
-1807022113
1594815178
1908999351
-935741390
-588193860
-1193819301
659627834
-1734735436
155207959
-2055916341
-2055853562
385583182
1554918705
-1065071058
-1912218566
196896415
528180666
731742987
-533735250
-1861304775
-329273998
58753324
-829896393
1467630483
-530548973
902727606
1208838697
-1372535485
1828965998
1546296184
-917747172
1959717484
-1653757996
1731734663
-268090893
1472586868
-1359461961
-1167720182
-218502887
1128400890
-1010926448
972847441
-1986360818
1294827783
731467010
-2067562196
-537961695
1697486467
-1535136706
-486161798
852885374
-2073284375
139111081
-755241728
195531883
1978046526
164989116
268707707
-1193554226
1846910270
-259261908
1538719223
1199697138
-984440360
502724426
-1624481439
-1615822710
916468957
-1493516117
1960348763
2023314677
-340511501
1618934027
697426255
536802755
2056040143
-2023491218
1926108614
-794977929
1471670946
607568775
-1170850054
-739150706
1712020692
-1773717922
144085929
2044770496
1879862767
1440377132
1965553451
477086853
-469152291
611143817
125739463
-1022736678
17778262
446304712
1128954433
1616141124
1406091411
2138351777
46855351
857924117
1985507911
727302929
-794719572
661297389
932996559
-1569392770
-389341083
-1830176893
-819015257
-1343112931
1278864243
-1152904027
1910960928
1545383575
-1743868271
-458877060
1412390991
-1007595798
1644781231
1750268181
-231963320
-370546547
-726235826
2011634204
-743358324
-1129941289
-664800242
-1316523799
628904639
-1704924767
-954425980
-1025289280
-1850698338
-1100233943
331654993
-909237420
438644271
-1570623431
1514932591
1869257101
659172921
763297416
-2057875762
1844822155
154228982
-201190049
1711491871
362534377
1158807302
216159359
-1324230162
-895377851
-476437081
-1887175359
-1925514506
1926294784
-1429312221
1812597247
176349104
1908368450
-1805817207
2036012978
527089197
-2022526656
-1369282401
-1705458212
1608219941
-2091530047
-471940074
978497704
403082575
-358160419
1525700351
-173250226
-328563726
364797191
1279174526
-1858072388
-1930540357
-821404338
-2004890180
-813860750
1960769745
-1717802529
-1718532831
-941625939
2043259174
-1477899826
1269832899
307434183
15458832
1847778325
-467715303
-289314083
-611687913
447104476
-1002329869
126712754
-551066096
444285178
1310332846
509651410
2089729130
-330887493
-1602218334
-607571206
-1589691961
-1453337885
-244405281
-1110250825
-1491180850
-414164237
-1562950631
1180474700
-1478729921
1949996458
-1784730144
-1180287784
825985607
1248558798
371004435
112344248
-1496304620
1130070827
416230294
-2015969495
-100505428
746758364
1683621954
-1065256654
1130680314
152553416
-227848931
-805605184
-32441558
1732722287
-216355894
505936146
-1880444107
-1511780634
-652810429
-1861447337
-1649337153
89440288
-7090748
111511956
-1327643360
331079534
1623809546
-1469738549
-1933644609
-446620088
1948486589
586979161
1765515943
258476109
1497716521
-1343974241
696616275
1076729224
-1745277900
-453429531
-1528480564
-696902412
-799818612
1128889978
-1525939723
53046081
149801247
-1079984865
1495648037
-655162920
-563310896
-550070620
2089604598
2113454621
-1495807385
1204545491
1018754652
1312458995
-810055736
-1233864819
1091662585
-1252950396
-152883097
-2119330253
-370504018
1953373761
-829518597
207425351
-1888731275
-908051672
213429873
-1236790958
-156679571
-496729020
-269749725
-578129913
1745542454
1176980858
914199881
-904731480
1873207422
-1138450303
1701743535
-499896152
-883245092
-762717646
2146864552
877872785
-320875812
-901949439
-1545760446
1070898471
-1665526950
-1024132661
-1604902214
1692995789
656665875
1821146065
-2141827022
-1845692632
1395585656
769191172
227024032
-1668134654
-1887794491
558286210
-1584550391
1282999920
-329323182
-1067163296
-1091654929
-102287051
-360972759
-514661463
634354440
-618382999
-343875624
1345570215
-1593942224
-1013901227
1526353543
-481716640
161846431
1309824417
-347924404
1055305315
-635439266
-964869456
-1735178563
1856822212
-1370433546
-756172725
1860160966
541936228
-927532949
-183565700
1208341437
1227369589
-629283736
-1230166340
735700659
-1205868740
290461883
1385293904
-1939557619
-269760487
-1293963774
755183343
-82047150
1349682628
725777062
-1670466648
-243240635
1064636888
1939464200
-1524033534
-42721226
-1638498667
-1722960134
283429732
-1054689132
1683356897
648351601
99050167
1151653063
-430164336
1660860280
692733513
-1376456900
-271742748
781630822
-989996556
2139607488
-689511593
1927635283
471106430
-2144590318
-1287434601
1081551303
1884107587
-1124467790
-1702600751
887426996
-2127867119
424957695
-1778901966
1385100710
-379306158
1452023168
-121958230
791273016
-2125943184
-1244335231
-260201998
425104841
1179822708
2033311458
-134227760
1468842864
-1889074960
-871840982
432483993
-420375252
82005279
-1888941342
1472601591
-1771013281
-914358198
1241715232
-1176142868
618637181
-6288276
93529697
1708907798
1063338496
-1004661479
1012674460
650087220
718113695
1581337243
2122012307
646172392
1191271870
-1300081827
429866091
-2024107586
-391135705
-1922373748
-1824352385
-2097177492
-1525908998
-1822358790
120801648
-1165822629
-1248789534
601411910
-1490271616
914105190
-1602498167
1215739962
1842988576
99113185
-1749117875
2103256179
755295430
2106706652
-1156241101
1165491271
488390404
1660860583
-2042852325
-1101931294
-115513898
550168473
-1863411147
-786594382
239299643
-684288243
1990954931
-463464955
-535527930
1323446445
1202793664
-1454440209
-1867411467
-1520551694
-2046118480
-2084643983
-269976318
-542424086
413418104
967731414
1253713145
1312682556
771690847
-766801568
101408842
81214057
399233269
2047209252
55631136
1187086932
1133188420
-1407337166
1651718577
570903812
-1717343163
-128289544
-1708527657
37781671
1868547477
1333319143
484500959
-2116056871
-2143280792
-2002480298
-316295007
1874319654
-349062467
-1472396121
248976080
-502557747
1206067411
-1838009433
-1423858285
1359370438
-1833176101
624553274
-637823404
1550287110
-498648850
-84756425
1032353239
-478262783
-1034258111
1006950032
803017869
129938800
1328750742
942650550
54249513
694034772
275173109
-231445701
1700198003
-959259590
1746571675
812922552
280033629
-1006487105
-1447020749
-47969808
-1458720685
547154774
-2082983101
656711221
-1973726505
-1226727096
-47594264
1268819466
-373467060
-1459996676
1858753734
512296457
2008910097
-1683491464
1818771001
388052999
-1772843823
1966578471
-1294174257
-1001636747
-1631811048
-939634724
-313929990
-328417783
-418010326
1412212246
1380428545
884034460
-1878156272
-1512750459
-536769736
1976552533
1278760434
98100941
-418139024
-1631481337
-1898329172
121758857
-478101072
860073431
-205173862
2058697874
-1868362716
435514146
1727048374
-1891635584
465051221
-1222044515
363236581
925580400
936617626
-870750275
-1776001395
1626007303
820681934
1886935640
-635055254
1407493559
2038337346
-730720629
1722351266
654335808
1249659637
-2054598434
1012094998
937748090
-161459454
1331715238
-1181662470
767377232
1793514329
-992697686
1057941927
362721295
-558613839
738745865
1237484207
-1184357664
-574748739
995148634
682447666
1752669075
1326208413
2075981333
553255535
-65354339
-605174889
-1840484304
1047794333
745266787
2066764806
1496432653
-776105221
228360121
630996626
-253181806
-1503305947
1304694436
-1290980960
-2085245031
-900628567
274715239
341423884
-1080768885
-1424588838
-619776067
83865621
1358444871
-1106391837
1056244834
-1819796328
1445773127
-1702202850
-674136360
-1610374783
-1508177147
-1280522586
-175911321
-2145090946
1335808923
-565518294
715036516
529662708
1058165929
-1066606844
-350349386
744251958
-130586502
-1204197495
92882837
-1707612428
-1449811863
-652223326
-1224883563
647540209
234291073
1154690971
1411562723
-1557123080
-14468253
1803639099
1845463245
-286739696
-728520852
14733332
779513991
1854544622
-1747440106
-1553035237
-1662195669
-118043478
1359477918
365725562
213277697
-291071563
-1507932953
1490648228
610737920
871425547
1523693982
488161706
2072591765
286686628
-378165090
-1533982515
-2088421214
1427033391
323082132
-525275565
1563225288
941847042
1825670886
54135709
-294180375
1285576011
1031814864
-619796615
1474215656
-1383217525
-1822733616
-1089611851
650116530
-1597159099
-467335356
-546494476
-298058878
306776562
-1936923312
306256324
1792610656
-462344649
-1282848507
1602556398
-494116630
-1103006631
-1494309441
354699024
-78618282
599578096
1915845838
965379433
-232212298
-1703665190
-554229161
341629940
-1548491394
-343424654
183725180
-697858377
-1435534269
1055137026
1976545466
1557113436
1843133893
-2089069707
-1363561581
-1519602432
351897903
87439696
1375694444
-468289462
644279964
243389155
-1375285321
-1343074113
1023469021
1342029243
1782503764
1973087829
-1586008711
-2010956454
-862338764
346264133
472618484
2114182953
-2131363777
900781605
-1089979052
12183981
-69846152
-1217507275
1361870560
-535557383
86446941
1565108472
107404074
229177955
-1697487469
1481700870
518806608
-1894317702
63438018
169569824
1353136766
503226423
-1792267586
-1870607739
-1758673738
797360241
-1295259418
-531306109
1646432723
1194077334
-66577711
-358447536
2144812490
-2038088297
1163908902
70851098
-2091698381
683537444
-19146038
1745828443
1986683143
1142944025
1729858113
-1556346766
564104363
-1187184329
2078680397
1247774319
288821293
-1920323561
-232189733
-579148498
1088814284
698652250
-1166648545
-440983642
1113569725
-1588046043
849665533
1638496130
249300780
-1877638964
1130734506
-1786075407
214674816
1728431308
1337487763
1993268154
965893347
-1246676225
912498045
-1428566126
-1350532863
-632314870
1093767405
-2140433999
-1028649713
919002905
-319250743
1343739298
-938245106
170821326
244846398
1122163546
-382287536
532408694
912229860
-331594612
-1859828421
-763834243
-217831904
1329687355
1809975884
1415236387
-107406902
-2085220976
1310271070
-1904742288
1731681807
112943853
-697058260
1517374565
-1789199721
-214241727
695927060
-1040552845
28968681
-1753505378
-998286563
-1813463247
-407100914
-1515378936
1204083515
497859400
-1828765580
765354638
75929553
-1883110991
-2118061035
-1819180642
-1804162186
1388506914
-506359080
1416702869
1316543483
-593538875
757653303
-271603818
-609079891
-516083669
-225831135
760351644
-790108457
-1295652225
-1793094367
-491337519
382519178
1800472318
-774623298
-1295505121
813922719
-557743962
-1800166619
427856391
1854504188
532772653
1912590597
-1213226830
-1246882793
-1860994252
1748308666
-1110674619
1508701368
2083514812
1210341805
-1282231431
1279049986
446171864
-1059259911
-1647495575
1826458803
-5249116
-57279662
-1232452178
-1447824726
680201077
-2074012638
-350034520
-570327383
1697096785
-1334856972
272608542
1720938332
-967395679
-732644843
-73727479
-2020797286
-1538828251
271831416
1323945900
394481129
1184245287
-747015462
-464451096
720563527
1193372403
-1446702042
1012896205
2071200295
938845829
-2124344295
-1662431372
195580089
-1716687228
-1036366551
1754895627
-1543276178
-1243948689
-284986718
-1780474064
-1989176133
-675288811
911121426
-1573042557
-1783019748
-1208047542
19505895
1378301558
1054511451
-985600041
-965724586
1997225318
1038868753
2137196210
-271529603
-1584690705
1291265389
195793262
-1917861941
2001398139
-1000281036
-498170636
-1276740705
-1902289892
-380122360
1327501427
1225929519
-2138205797
788175084
70759060
-1627344981
-267082799
-135644154
747826674
-2096670047
-983391692
100929447
-104181559
1794325922
-756301132
1984833160
971162605
-1392060378
-1596503097
669969750
-193964804
694480812
-1616213054
-1029836431
-1344344106
-1349140955
-2049216149
1133760495
-737625267
-1647959406
-224683573
1406898406
-1651962599
2134292459
-2082085049
-2142768406
1756768526
-1236601277
-1679428111
1316186836
1662730128
-754531800
-344850149
-1285956667
1106206534
181079631
566562349
2072464234
-1164095987
805860209
-1775210312
583472768
-1556382417
-2102861201
1817770954
-1913427558
-1022194476
442487996
939881603
1027408418
440668856
-2061328645
-137815576
1279228829
1519032349
1677773286
-416393737
-541676238
1025966851
1638831474
112389114
720231276
-1835082090
1049758256
-1154992096
-1186348482
1261582056
-263897866
-736144312
517651271
841415648
-326719298
-80595424
502563928
-982311055
-1011170611
-1317528978
-207787470
103670542
-1414517481
-695938643
561961875
-1748760484
-1433785631
1379385819
1042131059
997316905
-1177863256
161001873
599814538
373373596
-1531707327
1145942099
399445014
418987950
566808129
622243881
266198490
-430969128
-409823842
-1183800210
725906793
998649613
1456864406
1682651623
1884218020
-442429461
46519759
1389984791
