542108033
1954684543
-2109552779
1197050693
1872263960
-616229915
-1253165013
-876386757
639942812
1543150293
1247891183
-330693792
-55442055
143923372
-852251133
-416731447
-1817845298
272665866
-518293484
-1314950917
449112435
421703297
-1622064922
876534977
804702013
1694473864
-1477450704
891053631
-1139128192
1871734965
518022852
-1179314361
-1542447916
-1190149845
1849705970
-1610500886
-1723118052
2067838544
1205000494
1420208722
211989700
1640122819
-722163216
-1665708849
-1609634743
-2091965299
1251075547
1902169391
-1800107011
-1211639147
-1961930975
-1941804463
-1034770420
-1579585191
623333157
-243418884
271179449
-235332133
-1162670239
165876972
502298093
1451847128
-1217282935
-1723101394
-2119414542
2039238719
-1403103248
2087906733
1838392955
1250472160
-1303987413
-474378229
-1281224985
-1971217564
-597904909
241126837
1939792582
994580861
463752783
155558193
-1876477541
-1034928035
2091965170
-430394183
-1742391069
-2067455637
-2074865695
1537483789
-1338305706
-1239510476
-1543934632
-468613243
1128806508
1865875359
1973543150
-719578011
-1366067166
-921780123
940710135
1973821044
-1785913603
927832767
268970537
-539908401
650661455
1114272096
-109876351
1401431034
-322376
-1016312923
1307815015
-428294345
-305591569
313994506
-225236720
302465819
-434865982
462057440
-536813277
891967325
-53590437
-839018692
-188271457
-2133776911
-469942844
77843506
575990523
240500052
-1137090388
550337091
-1167259506
-1040006103
-1956620694
-1813856493
1022629425
-1660399099
-669764030
1825087838
-1135100126
-609943162
1776693735
686703404
456649002
-1694134358
-1943870399
1220444996
-960058622
1202625629
-196196240
33931742
-2000239374
376004691
1639554319
1470282907
-530153541
-1343919080
-2122467396
-2016102983
1823413687
-1076968348
-1379365672
1223187074
606014014
-1808207949
-652939381
-2111300347
-846720182
-1892366059
-1177563638
-603196152
-995133091
326118466
-111251940
-1578124228
62525857
1528549105
1722641881
1884723634
-1889847727
1866783593
-1599566668
808792205
1095786840
848633943
1148682428
19105273
-383169225
776333794
-698590178
1022546523
1626783787
-398534660
-1898690834
1848816073
1886938510
-283425285
677613862
1542743996
-1073456771
1097209703
964845806
-1764611580
585714362
436534805
-1850769123
-651450629
-1045014828
-1446408844
1023611903
501758717
635569284
-1632653530
116600408
1361217815
2080112730
565595346
-1617387863
-1540855042
371949465
-709344456
1994548401
-982160318
-126456482
1501098629
1258986806
-453163838
292275718
1853423592
-1551374844
-1736505758
1720566993
-1839391644
-1679655370
1777398267
-2105620542
184149224
-1702582605
1453336467
-1782706742
-357224548
-1156446469
2006885837
401584933
-853648771
-1169548765
-691188574
293441538
799305515
1060497438
1853282129
840228201
-1586876415
581013309
122421652
1113506905
749036134
1189503480
417352723
-2070922448
-2064127390
655531246
-1362488291
173004111
-1241085069
969406762
1199567509
-1657378563
1568301729
-637886809
-2059889110
1813622667
1490513360
-1571931371
-1414427446
-2137111623
996389973
258425053
1259647064
-260005288
-1342184246
509776483
393947803
-1831136976
126581797
1191583114
-251116422
-1515679709
-612644345
962669436
696611942
-1859962734
-1360107951
-994350934
1963745302
-945901826
2079648765
505276690
-220019334
2003143410
-664728278
-1078874945
-713589015
1529534752
-499821448
1944283286
1403983516
-888202294
290465686
-134965426
1570872671
1179282787
-684990696
1704859328
-1563248508
-360470155
669517709
854119776
-1693967589
-1141456955
2122129360
-962243573
-1267605919
-1358260812
440232094
389218306
2098949493
588847591
1524275561
-2066437834
2043869265
-449679830
-1689153941
-1595959099
2099290615
-87143535
1754940413
468126660
1153818090
-571669280
-1341410520
-287435202
785428703
-1604596948
-1740086404
-1975111043
802539700
-1595533118
1333904928
2065760391
1168088993
1165518406
-1339183574
1539308011
1271930541
383159839
1126857264
-420143683
-304778398
-674594286
-1056718049
-1160521506
-93713213
-657049811
-1127046070
1700900480
1407382398
347991013
-414060346
495609064
1292824925
804138114
963635700
1973664374
1469856770
-2028783174
137120606
252241634
1445041875
913159580
1361756102
269905095
-1270669262
-1245005137
-1789979780
-883753115
440024561
-87834277
104445936
-1608875870
1502305541
1582102406
701525127
-554935470
908818552
-102830463
-43507535
634305975
1292016548
770884389
-35495109
-1068730293
1574425501
1163273273
-865996063
-1565817668
780551151
290380566
-983612377
1700165943
-1893576055
802929293
857673832
-2074907671
1706106615
-639952888
-1977990609
726076098
864270551
1757229807
-1492659516
422243195
292211077
-1393873332
2016308490
63592410
1913562392
91324593
262990216
982063668
235075218
1762066009
1606809540
-1104409037
-1561560238
376955276
-164853545
1083406809
-914193971
-250710712
-451686594
1876128452
748494717
185157149
-1314986003
68604851
689721880
382270808
-193363799
1937606216
310607877
1432242787
1277431703
720315663
1978141707
-1329430933
370372623
854014398
596176971
2005646915
-177407819
1003527102
575706224
1100476040
-1457168694
-220613910
115430180
-549995004
-656803137
-24927594
1021338309
2031448663
-450805237
634036434
1547310424
-1129751852
378047037
2112224750
-1873435715
-1043853912
-1153275564
1568841793
-1008863196
1341444929
1877624654
-1723664346
-1004000321
-1776660
1492579582
-797200313
-359158855
-45720640
-239117278
1926536733
1273706854
-1599600454
412196020
-1947617610
-1537394246
-678594775
-2037503104
830475193
-1758132225
462217292
587056630
-677440345
-1207025726
923459384
-437104831
2082392163
-1091161586
285347839
-495981929
88034036
1036974556
1602419982
-966990125
-857263224
-529865783
1148911319
-1421062336
-529420613
1489640713
806810031
-1876937290
1002832153
1896865179
-905910792
-1380054549
973483489
-1536982594
1426468482
299930114
-1497709044
440747683
-509251282
1471699048
-1807866996
-467296669
2044370388
-540761376
797545688
378097458
628682598
-866367781
-894747480
1693700565
-2000594091
402583308
-564942339
-1653300399
-521792717
-84105668
-1403622300
88833508
437386393
1082833754
-655808390
-1495093960
-1567276214
758797014
-484380494
161346006
-716805736
-751421138
115730005
821012440
1547270918
-1728918840
798058186
-1190320926
-1427815122
-699136766
720062743
1068925267
-1377256732
-1610935161
-193007705
1041580214
2099307932
-1850870556
1904816717
16289150
1289881864
-320801446
1246520456
1844247538
53271813
143865589
916978696
-652670874
-807206473
-1993574435
1436916593
-391723861
1905005042
1662762987
1250264414
-1575589688
-1922107429
1591460479
1777384360
2069674729
-1210488881
-637859440
1335316199
275481239
-1565940350
1410547203
-1813667272
-856589527
-221448341
159129920
-488396992
84048249
-1415091105
1429998595
-2063772047
623884507
125818748
-914291089
547612555
-1901886645
810886728
789237096
2091617894
-1923962651
993031449
-912303839
-1086210067
-2138473831
1264158134
254327027
-1198242963
-1606337506
17398846
968120432
1795265551
-821673690
-1701706168
-545717832
690968227
537274836
632115275
-1198903030
1156310942
1449194090
453864768
1966378397
-1534311066
-850474425
-158854011
-1687643215
1741150924
1264051727
749066756
-1168770080
-1792545319
217760043
19547284
1655360441
507033292
1475379828
-1684248930
-1928332402
788947811
-1626965974
-1926374141
-659247731
89164377
1384046378
953702461
239596045
-1987914960
156920160
23598020
-371100374
-1356212688
-1878050951
1001119666
2102325651
-1735952210
1615411677
-76963671
-1119519583
2035960209
245050588
1648388596
-1940717652
-467688942
-976837593
-24144404
-144870758
860917442
380950913
-2012446564
1312992184
160810193
1335964341
1176946856
1493489868
-521197684
2140254922
871709290
2082272618
-2054184409
71879285
1952696669
508416646
1576425916
1939815374
1912421310
-723025078
47872915
1156318534
-1909363600
-1709948119
-418436189
1863026648
648234783
-926602956
1842960217
1257659519
-233315672
-1939456852
-1786154857
887852263
-330146376
1961279191
1489458430
1446585190
-1094819405
-1692680681
-1424038544
-1561770451
1971679190
860898871
-784330288
-934719046
1808358559
624411144
592272651
-1633442159
1619041643
-1498652116
-1547690660
-1327751638
773278817
1659673905
1612315851
-752198867
1673660046
933764321
772767222
1043097820
513673297
1700637911
-263223021
-1740677680
-1131664391
1854996053
1304970548
464713191
23768748
309876053
1569309133
675829628
-752099446
1898935005
-1402260365
146503641
-125428463
-1434562409
-1465921818
1025102569
450610370
840401312
-1498123951
-677352911
1690302725
-1105507168
-1690321713
1191591681
1298620745
-1947610342
1361201713
-1783120922
-1264433041
-1121986044
1573718270
-1260732062
1156562280
-1740699750
-1478489414
-751154722
-401630692
1866181230
-791396757
783538399
-529296243
255286723
-863575976
-508548744
491634236
-1185865956
27632147
953405439
-1845684789
1642637583
1348914874
1722532611
-1837166877
188491614
-1310134407
1860501372
1872180311
-1893427129
-297159598
-807551932
617367689
-1289326822
1379673376
1800528070
-496203764
1733381132
-1025351976
214676212
2093019786
482532683
3105042
2040328318
1504820712
290340178
123318216
1907607360
-979609689
-1274387843
271568220
1709334779
-1187145587
664761311
-1918119713
-832113081
60362372
-1135339693
1815321743
384670920
-1779400511
-1302786863
-1027114847
-1826339680
-613608920
-303912190
-1741089215
596416804
-1269979666
-1752887019
-962511146
1421785297
-477861248
356590035
2112533386
1057683584
-1477988702
-654468111
1051525385
546842073
1706583259
1091101604
955927432
738131205
-461178608
469062010
-479242488
-667236953
-830120849
1139481192
-33206309
-539866356
202337166
-2086132449
1847138151
1000055712
-452914477
1914134690
-569108183
-1531937885
-958671595
-571576292
2002709501
1615845149
1293129859
-1973829650
-1727642725
1388674831
-39526971
2108446728
218035812
322866666
-1011563168
-1400242311
-377611426
754306884
-547256482
-464026296
1067877501
161081033
-80723667
405160580
-1256384220
-2005241233
-1225835065
-1995626087
-1356213014
-718758931
-72213485
791869157
1411608224
705351021
922711946
-1594730870
658500499
1193966975
1922955037
-491121787
-1278958834
780027473
-1930893738
-908549121
-1288407518
1281473565
1769127101
1065592547
1858289576
1745860322
1027487612
-580835664
725729414
1410007894
1933371717
1256306063
405113906
1420603162
-2025036685
1554087
579123572
47080495
2111398767
-1062639440
-602580113
888833960
-824011947
893420998
1220347617
1240666017
445310166
-1934390145
1262282665
1459307631
1443202911
1565656639
-951375223
-94379752
1067709051
192831178
-1657618643
1518094085
1651548533
-1974132454
-585189780
-1842169611
994534721
919252338
-154746676
280547637
-989433701
44416178
25596235
1392027405
-847150480
-464632595
1229072476
-1680189571
-1684876675
533566264
571820847
-1513036503
641442870
634760900
804039477
-1639930991
260088808
1953716527
604733923
1912906116
-775130591
-1418772458
-915888971
-1665415466
-966459057
1234711534
-1376103051
1373477200
1965468070
-1049004012
-357018948
841080040
-1283319993
-1868726239
1653599417
-2134539471
-1729595746
632204931
838738481
1441439252
-73170165
-590550968
566233542
-185054784
-1462936637
2005406269
1867123579
-1027948066
-1493810440
-732116169
-1715818889
1448285705
-1153127624
2039609264
-1845100792
2097754493
-289523950
-836046187
1835192554
1795828237
-1423012098
-1299482787
-908893751
-1790440870
252391806
-22570659
2050433029
575638337
-1946050176
1047223386
-773088844
-2076479339
-1496344826
-1414872481
1407113196
-1674281714
-2032462328
-928750895
1851107905
-345493120
-621113448
1546510016
-540236148
1833945935
-1120177849
-1170028929
-92086034
381957665
-1552431417
-568081291
396992532
-470620970
-462302767
-1614995147
-1994092101
1477625268
-482952120
1240003789
1568293750
1140311526
-352860002
-1416455845
2102191023
932616231
781952119
-536464668
2024771307
-982404422
524272011
68182120
-1255363247
-2130462563
1845221584
-1153471951
1201022060
-1580547587
-38274089
1004044651
1459642671
1725642732
-603465610
-701963015
1825930809
-1575471280
33821350
-301727867
285084251
1369091871
977590447
-792931623
-990825642
1890561480
-1783687806
-134593427
626415848
1936298484
2012734821
933961536
1006521353
1732711022
2094543061
878173930
-342180238
-466726562
1914999207
-866281486
-1342265762
-1305907523
-274995601
-344026788
-1994745197
-583709180
-444516314
1911186310
-392926557
1749713702
-449063418
1739108404
-2113308817
-1496081728
629328824
-261175319
1358925804
-1488768625
-196667983
999936120
1837127209
-307261662
-1377683495
-1249099559
228028560
-645875760
-1857742227
-733559232
-2035545237
-2137445909
775770405
369223275
976383658
204519989
1671770264
-552668357
230337507
-350469230
1102403039
1503404934
-1691506535
-1582031361
-554400647
-413080277
1801062592
-63532862
-1632829842
133479526
-821641856
-1130187805
1285339830
1340359780
-774292423
198931674
755506650
-2118310630
448373191
1990832777
-122873637
1954746961
-1489025530
-1120951188
462344787
-275961851
1062503320
1439629582
1114652122
1407989744
1541978085
245798846
-1084865109
-193995680
1668530018
2044940674
-405771642
-1737923503
1904112150
-999568052
-1034879529
1604906167
-6822822
-1423111317
13392407
958544666
1582788576
-1665016764
-395788943
1315712360
-393754379
-896137663
-964777303
908514054
-1449679862
1229018888
2093216825
-880704729
120631152
585503728
1870255548
584811617
345892194
-618562128
1259913103
989565
162953800
-1043047591
561690805
1268778894
-426579142
737460357
-483427589
1979967812
1571156162
1324974800
917744988
1154212737
1999329765
-813493625
-956899162
-1042510035
259724132
-840127841
-617467299
-1705366458
-437330113
1185680360
231455198
649884218
-1074954118
1477785474
1428235207
685674872
-2087297245
2121981071
-103407722
1830107716
-1145771886
570125610
552174479
1637727434
-749522958
567676566
-157398301
827758198
1723306752
253876410
1752420878
1558380674
840001298
-411756339
2050684288
1700811728
-1747652005
-1364096179
1124857471
653088249
570897773
-788152011
1287342667
-1666137179
918440190
-1165810578
-1716930686
621653020
-249342994
1135300485
-877763130
9007645
1771003272
424586397
-2120236132
-909081106
-248741880
-46035033
-638949737
1988373684
-468107428
-200523823
1576225205
273475844
-1062991826
755868732
1307905544
-1722656583
1997609762
-1513125903
501096856
1609735175
868051036
1640409364
-609226617
-1600087600
-778756284
749209434
2101183606
-1955482314
1157428877
-1843386952
-1473628633
978897008
-2084999054
1229992796
1106204003
-1768589087
357539650
1077956576
-256251106
-1531168666
-1257296353
-1430954307
257948120
-802387985
1806545409
-1681121795
1891557445
235949904
-1369995519
1503818804
-1882537425
-1772593575
1419427284
-1854723664
2075204507
1540844323
1238687124
404193519
1626268203
-857857620
2048163270
-366648751
324851906
13637798
-1712587624
-1894248690
1748695405
-1504526453
-1933388438
-144928919
-1670506112
1983158773
-1710793841
-184922075
-256824321
-499360725
-1619337900
-853302472
900580928
1106558206
-1980861632
1300305854
990235342
193138902
-1503199331
-1245323984
546463375
820249095
-1476189641
-2075482667
-155546584
-1815414167
1667638371
1582283895
470170015
-1860824538
1528242498
1767784794
1899516994
-510552107
-378278330
910934633
210065095
-974944824
-2134145035
115516082
640257460
-2010613599
-1993603347
-1603992300
-822821376
-2075067605
-2119409369
-565760457
-1030286854
-370721946
1757051775
-589721157
-1646956438
1674738915
8015731
1516895923
-1702256139
1982782546
1103833387
166109012
45410501
883243097
1985233336
730120169
120712808
-1911008346
-1068877408
832082186
-402838535
-1170635705
-776783974
1357535500
567881853
-605518792
-989352043
531155131
25586062
-43567299
980030974
1272932166
-702787011
-1834780174
1603273538
-1521268358
1821125684
1734757919
1897630610
1444382771
1412671259
-1671890863
-1429483803
72231438
434641469
1002824357
-589822653
2107733091
-2109131670
923031782
-667382977
1967970162
1337214494
-723815974
1037415108
927721947
706709986
-518407719
-1647551468
565782355
1370951410
996438686
678730510
1338861204
1183525407
-1072006047
-355013457
1938569877
171610358
1330920484
-536821542
590918395
41976610
-590671027
1081171035
1366372303
1597089294
-1123533708
-454797527
-1450689424
-1313311026
-1444667010
1246706411
-1197759030
-1177782721
1734115050
-1908668995
910835655
1227715436
1264117866
1560450355
687607301
685676595
-1000701259
1392459165
-1061698614
-1544348632
-41089381
1325732236
-2084843724
1891156408
-411279015
-80831083
683697076
791314833
-854358482
-1172825004
1328232381
1297614913
-1715583698
-843422029
886368695
1846864413
-1999553707
315499628
-829734855
638366051
-319279138
-200081205
-210060936
629615266
2040296149
743368632
-10674695
1945801561
758780139
-1198158092
-1024324978
-465596706
-206311287
-1364668509
1495377279
655689089
-266064858
-112815095
-2139557114
199250417
1202142685
-1103012456
531791104
1735942365
1198903353
613197610
1207255522
1955636958
-242595757
-1825134710
866066153
725815443
-917742305
1507670072
-1139857003
1132876045
646860802
130278509
-1892176809
995111534
902601382
-728931236
101104264
-1829122868
173680146
888867002
170889117
1802880858
-13607180
-1690772864
-1680986727
407308233
-423904447
224752367
-1862144318
-47680533
-562920193
-1972318252
1647509143
188524954
-1181942175
-2057459699
-1199444480
1571213527
-334286060
900006987
-266348857
802942005
1306921687
1093935128
2034287175
-1290908809
1773039953
-981936357
-1891547294
168494200
-554260706
-244243813
-374107209
-168061365
-2040590294
-285840575
362238996
-251913566
-199158974
2110108449
21180457
-1483167373
-316154137
1532091387
-625095297
-297086248
-1087363226
-545419843
-911241817
-1908780234
-639815131
1546551628
-621446218
319972769
-960314818
344208259
-412017424
1156536447
-968312239
-1801960325
-1858594622
863914091
273057685
-464582900
218229749
-727505573
2122426928
1394803860
820058913
-946379260
1310453449
1212053750
-1070032801
-4846212
-1867305638
-1243477275
-1363849150
105899809
-809655990
692601954
-736161274
1663900857
-1714737478
1428787074
2018723594
772770522
319105310
-855852171
485436795
316372876
-439652592
508317123
-799634862
1413648172
-555290784
-1137105961
790562431
-534295662
934734703
1002907841
-2068337818
61679990
-1052800324
639181623
1839673994
223105039
1381340095
1686953948
473111687
1736806140
-1567859211
-1040630844
1189921605
-918694297
138957116
-1335635145
-1497310358
-1080652441
-475429280
-73639755
1123621136
1921673894
791108853
461887546
342289336
1609347907
586095206
-993629501
1894352253
1239614457
-828053938
939662864
1425056140
-1932523392
1464317958
-1075964758
-725565997
-282606285
1240336766
661201447
-1974158344
437016306
1763337040
-1754830932
-1308353140
-1105441463
247731730
-604326734
1188319104
-758512943
-769542933
1047113741
-221333289
-500852778
-1962400408
-868086486
656179356
1434022714
378165392
-2045619816
1984184086
-1028428392
-961347275
-1195643191
401935931
1033046699
452123532
-316230632
-997347999
1010263281
91445760
-550839027
1044753467
724414347
1948699458
-837337120
-2117480190
-204770713
1080839588
-74620869
-948163086
1991107744
-827382873
415590980
-56911369
-169211612
500055506
-1024960038
-543326040
621769111
1972506052
-1789996514
1614822772
-1160131722
1229190796
408381748
-1450478054
-7627905
-790893000
1164930122
1700210782
-1649489072
-1251072853
420831192
1565089529
-2019693234
1842070452
-632504279
-674905648
-855418168
1541872731
1081001499
-1622575767
-559312805
-1011034755
1555837986
-345965158
-1094030185
-2037846118
1355837330
-1156769918
-1631505182
1915204077
374762013
608616125
987595932
-1980771140
1667506073
-1432235565
273910403
626294001
-2115392506
-1961817616
573061209
510844138
2079145423
-1144702502
515786948
-1466397044
-1977784240
5048350
848510836
839711390
1121426072
851024013
-334903414
-298229421
-1520910737
-975185690
705762360
586176552
329925530
-2112527148
-363911260
-28389136
1849563997
-1069337318
-714202095
-809632212
1649436736
-1911058932
-276100288
-817977184
810411542
-2067537600
-909733868
-811873758
-1779806662
-112552315
-824254860
61571508
-2138948581
86765588
-1044152972
1906488533
-602384901
-1484751355
-1602048074
1794175507
1643494899
-1937582844
-637405682
-664835867
603066170
2071034948
132749412
-360248649
-1494783066
-875739469
843405534
-1554044603
1679514993
-762868882
1977267518
669460012
917344576
-386469514
-883467640
503515069
-1951814559
1772143268
-1702842649
-473168108
-1586904236
-581961254
-742943280
-669815959
30094476
617775227
-105786777
2028422821
-225449098
-196587748
-142824414
-506599624
1684164538
-1418238597
-638404180
1499861801
59925696
-430781009
-1308035573
-1570283411
1241963893
-384688479
-1795849212
-1210106243
-1471862706
-551931462
309642173
1698465058
673167244
1255079901
-1500012892
-1048273774
-288749118
-1183721065
-573559409
1193972416
570832532
11431573
-1247797980
-256790032
1427637184
-559130538
2090759291
583691401
1919272546
-1599988704
935371265
137474606
1181717619
-2109614024
-1423117665
2005402127
1414105746
1227296844
1083889434
953601659
1800284679
1710247220
1990695868
214959545
-846589180
-936999975
-2117306828
-868428776
1454546732
-306219147
-1425207878
1070461765
-2138234791
1512540924
-2143035018
1892752092
-473643110
244495833
2019832098
2138334784
-1215727494
1293651933
-1990243347
-327564369
657591431
-1926059916
-1076532830
2009710736
801164050
827301145
9990665
-1938405617
802232626
385393419
730420877
-760012565
-949901809
1246525504
884924958
575886222
-228681892
-125440102
-294706343
1102555485
352549413
-1599108008
167957733
-1089733551
-1536885814
-1708072754
-884185057
-1183443514
468627274
1833346136
1817351672
-1498269805
2057396933
1964094604
-860317154
1690739290
-995964613
-1795656274
-1412662183
674802976
930577561
-421968280
-370799561
-624737761
2102172662
-1807484230
-1689816340
506975450
910592537
635146799
-1369800846
-1875892878
1780387902
-2006934191
-2026630920
-557292232
-1464768231
-1711798690
-587644039
1375637634
-641927141
-79089350
-514309462
1238176194
-1960070925
172598952
-251599080
-740032044
1177580375
-1220821324
-869826159
1984272790
1851645699
1657339507
1373534403
54503613
118514689
762846447
-2034655965
948250086
-1825402069
1347019611
150492944
-607638549
-36211986
-347644786
413274935
1550186616
-6366128
-1803614290
-892169928
-256131107
-241949645
798360107
-2094401399
-137074140
578262234
-1091740433
791599003
-1165193882
57113516
-223670061
732852538
-1421133478
1424346936
-352762284
101317689
-29136850
-1585204871
-1731861370
690338125
-14997350
139219546
1048025928
-778501319
1360188721
-1566771588
397204664
-1660109525
1301802233
-1213192651
661420521
-1884830874
-808165058
-1073854244
-1904814381
1178550816
-746296158
-1007275965
-1025382005
653989548
-1620424839
2025085060
773421235
175939291
-1856484013
981983232
1778404659
-6776160
-1338021927
-2071954524
-662287576
1234895858
-1590111524
640740206
500344348
-2028601098
-1939894870
1636152111
190882936
1806390364
-2034299484
1917328274
1835050550
-1538134008
-1394473459
870432604
-2104073510
1099927029
-958047964
-1737152267
2097713826
1748530006
-257915277
581190694
2120578811
2110112253
-944362903
1235593251
155383351
-1686832128
1400136486
-1714029108
-1080541571
-1050042983
-1869205866
50529839
-1707465728
590606670
-227273279
1568802129
469937779
2007925329
-2059159200
133928237
-1595962948
-1722429143
-1091890254
636691709
76172775
5516945
-1629125744
-1968133961
-513224099
-558505825
-16386881
-1852359462
1967325269
2010641960
-138233467
-463748503
1650382985
-530158494
-529733250
-1791314121
-1888837587
-1033598261
-1216456273
-1619210651
313026844
1124374858
-297369125
932056361
-1941083820
1556239507
-1896881387
-1109168176
2084230564
696632527
828162966
1361533701
-815975517
-590718341
-67939376
350575955
609900260
-685738609
509513922
1047659752
-1660584601
-115492125
2127198094
-766259813
-1382793391
2117262286
997678664
-314676433
1661355487
1713615888
-1008105968
1023538137
1792867736
675865073
-1816708510
1944301311
-1906329662
-728744791
-2042031700
-1947300798
-696520938
1168362754
-1543167200
1814398654
-1575443530
-470471621
-1751693877
1063418000
1252983390
484797743
1788194022
-1605361000
-1586902310
-367004745
216167788
-1080660865
1831872951
96525899
-1491076884
893133051
-417859267
105244143
127334815
615623249
-100229732
332585036
659225533
1613533979
856092772
356585500
-202743797
-197931189
-45224134
-1727819829
806163384
-474410641
240067016
-1033919909
1594747242
1343991861
383576821
-1324079481
-1309151342
53862450
-1520420522
512223275
-1195223033
-1940044322
368462563
-633754654
-72694574
1481384931
-554010643
-575483664
1831276103
1601743254
376256847
2028449122
182769236
-88857147
-972497437
-1728116620
-992051939
-347856461
1273471800
120346418
1911704263
-1237079968
1403397505
970891105
-488512877
-1422180852
-752330033
-1707072354
74273583
-1614656514
1171688834
18957255
144595016
-303758207
881527293
1529553051
596484451
892732207
-155159656
1927088540
37040621
-551342735
-1105464102
-1985890756
-1887424880
1520015173
393068263
-831012040
1039772615
1367109698
2130021431
-1568992962
411128244
-265339688
-933225848
-1605178923
-1685722832
