202983809
-780813308
1663954215
-817765779
-596094447
649640810
1475071055
-434662683
1313897727
-1629689024
-748518118
-728579280
-2005523834
-1725183013
1344673919
904387911
244108497
-1056966054
416376191
950536957
1955430081
1446341148
-2107844727
-762884455
1688478445
1843347826
1808209696
-1189932891
533096169
1446137237
-368729926
-1864157435
1321633483
-1811004966
-433232405
-1965221558
885574891
-1333840349
539090115
-1195317688
-1255486999
-1808525159
1947935091
1689210597
39291123
-981596521
1127878198
1675528755
-1863039929
-29900567
1902865773
-1064106303
931487223
691253045
-347493876
-740205267
1583587563
-1916655943
398369333
1912887294
987106860
1523116086
-518160351
-1385487184
849656415
-1392506581
713473351
-900660721
1740472206
-730350522
-18435146
-1208942648
-976517330
-137515753
-1593744954
176005948
-1171328931
649061126
-704363537
1529709975
-2116938134
-1799987321
1749117176
-819249375
-198296678
-1602491509
1950688339
-1807207469
799644713
-1133393863
-1180040505
2016875821
362098063
2121348829
-383457969
-2046022330
732990979
1942555680
-327326142
1259259684
310306884
-1196113287
-104534861
415778893
589287318
1326301155
459346458
871550878
285956106
1339998928
-928760269
1471311194
1010888451
294431325
1895406885
-1751037819
460109812
1741098438
341300199
1525171571
863990126
514217755
1895831263
-1675427429
527509081
-1769712333
382043851
-1771620176
1739009921
-42501919
494073828
-1397430542
1224362324
-1926745755
-56391872
1469430976
132235753
-1556407259
1774494327
-1039681678
1091896132
-1493042275
1665033609
339211109
-1773863464
-741299822
136934143
626002774
-1616693428
-76384115
1221044815
-286680845
-1174109822
-1425033081
1063739524
-102716753
-372662828
1167741664
1638858526
2121745109
-325562208
1288941974
566832438
-699845664
-879515386
1416455602
-741873946
1991306761
-446005008
-857128699
806823655
456331808
-679511726
-1124804844
-297924998
1250942367
-941754702
-1689806512
766998412
-2089368581
-85728790
935985802
-1818624748
1086966077
-4181716
608142757
-1386740289
-1641844271
40009031
1779708812
-1319580465
-1121231970
1752704808
-544584602
-1480334016
-2139958186
-36187742
-644665336
1322767148
-1303117554
-746310799
-1134403157
1086740335
48458512
259753340
1921028830
1939296654
1219298800
1125716313
-1274025539
-1203938348
1240662749
908239894
1431434851
1662354878
-927595208
905177398
1335036828
1740492952
808684650
-287968775
-1717178657
1925468775
-1073699086
833711329
408294267
-1754586359
1689535164
506351984
1390793999
215709594
695578297
1362887733
1058104638
-421228518
-1241964117
-1909901559
1785094307
1225349964
448617024
-48035434
1061895939
23721184
251309154
1902587416
-770633023
-498834988
434442189
468522599
-383956074
1452945174
552076257
-922325708
702574720
926865005
-946053959
-122200174
103417083
-1687351910
-1851437701
1049328312
834211182
1899979706
-73186319
-692837883
-1041504536
-380972818
-868193960
-7741117
1214866955
-480240579
-901522312
-1470488785
415789384
1801665464
1037433076
1828647993
-941979060
846598878
720453603
-1453905529
-728696135
-1398394046
-559893090
-57629633
1169922073
-601652374
560318683
-1432895227
140202767
-1023414278
1680676602
2116182978
-1624111666
1104579346
1541054879
-1208631385
-1864616497
-960840205
1592478080
343022449
1029225662
1924559080
842179199
1600132590
-642937676
1059605859
-761694982
-1817235777
798491563
-1916699035
-751665054
1234016094
187335214
1878299427
-1908387062
-1522691998
-1876936368
-1147312154
908086081
76338946
-808754210
-1127990990
-1514400350
68609751
638672599
1843152170
409222313
-658304027
321606940
-1426022606
-200565366
1635500251
1612280419
-944236074
-402336195
1093416346
2015482225
1676897001
2061500637
99015155
-1852597880
-762909199
-48738254
669898932
-962986211
-74209086
-920231540
242511589
-747496498
1718187624
-310028334
1485794127
1024577938
715553866
1334186969
992977469
159198513
2113293707
397221369
-1318495866
-2064974857
-1659543373
-1358097186
-1627918135
1404078244
31701902
-1176980069
2115848698
66565030
1872492884
-1685794556
636532254
-1564353911
-135131383
226738748
220818002
1760379566
-97553882
-534168948
-743653103
1041890106
1721271673
-421628298
48810933
-1683592623
-1899925431
1924935689
-829949890
-926221948
758563773
1243669111
613601105
-1386244729
1715507837
1177498340
-907997564
-1169361625
-2033394023
1099534976
1443603160
5692282
-1879539286
-1151504937
623200134
1326172503
-344198346
2194791
1301794046
-1585851896
1504940376
596642675
568347692
-1408268482
-1957605472
111100694
281332220
-1173671868
1363144759
-976823142
-415101152
1347010679
-1424086201
-1862026486
-1508329456
308953334
-1304794983
1023364869
-1513307822
-179199595
-1034031234
214553300
-2024074245
-630840042
-851398413
-755780673
303879796
-1332159334
1466765311
-1195131749
1216906625
1321657940
-1209185184
-1341336153
-1711466113
2103665536
1033007974
-654348903
-1748780051
1593203091
1597963037
1451220979
725143853
1460400820
110980017
441216154
852843146
687001962
-397559026
-472738648
534639740
-1302369387
807026375
-633540480
-1358105301
-51011422
628054072
20960035
-404656335
1947795194
-765509907
163335873
-124445532
-1653117765
-936538811
1085697683
1415018066
2043226025
1576301394
1234483687
1049393998
-1686351770
-491801597
-512994180
-55448405
1773237473
1108856965
-1317122033
-1720319609
38915596
1031407077
-1673526475
313972555
-983620399
761266425
1804695915
433201712
19436102
10775680
627200107
505471492
705597214
-138429048
-281635136
351477549
-466352542
837476879
-2046656612
-2061765650
1092706145
728479213
804061161
1985897960
2050601701
-1824955920
1308010653
2064634852
573677479
-1872426680
-2054991278
-1806894129
-155553276
2140498213
-493195755
-345318139
-812936465
346705566
1822101373
-2044921134
2082435625
2122778324
-581041153
979288884
85483440
-380555945
2140244864
1137057253
-1131083660
1751350472
-2118154708
1103194009
-922514864
-1291156034
824716165
-442278524
-1954720969
538669037
-811032898
-997999330
212156333
986917253
-477760438
874748970
-861623175
426682583
-1670742865
-1351566093
863727512
567485502
-278108001
1462985433
-375264140
480732220
1775376968
-500798709
-2059684010
-1179806749
280606698
-579752555
-653493224
-79744139
1745802154
-411374947
1732779038
1220743502
1989295270
-2088646680
-831375482
856648962
744836424
-121658717
-1190095459
-1339512638
1724599007
470563168
-583589739
-806408957
736668267
-476810658
-701798284
-1621794208
-42905929
-1186938355
868802896
903931327
-155970643
-297994800
-1876012871
1070095027
310590181
-1058314492
399515253
-533626847
-2057400962
-1565926848
-376275854
-1993774299
-1187166415
-462516514
2001312248
-1943335882
-1482482013
2091401914
2049791517
1017537159
495779577
238300729
-1246681730
-1203961424
-931707215
-739689331
755506987
-594621043
-1115119696
912786486
1470653667
-625209242
-922106730
-19708981
1990220416
-747614384
503564121
-1190336775
1388535988
899383506
-1453085423
-1756375092
970655477
1681230282
580612880
935272493
308603061
-1228790639
312856885
-16310357
1362405847
-351693219
584273281
1236654461
-1244346787
-421734681
-1675856662
-1128554809
418916709
1828851277
-1356968593
1020631324
-1493581995
-2100261576
-777824916
280492356
1720088405
1926341441
-1175673809
-219820482
1818322941
-30541936
-1760297014
713083016
267979599
-1325054010
-2112291798
1983606173
-2072001049
-683101924
-2118617240
-1103331394
-2035733136
244180940
760153951
963288565
726712922
1473511599
637283454
1417896022
241569993
815313191
2051366366
366048391
650472656
388442430
617955990
-1819705725
-899432994
-789058545
1407495246
84787610
430378360
1435191908
-106944750
-321595973
808242472
-895589472
1471558248
1102048501
1742342069
305451231
644315043
-1896780485
1881207187
-168862117
-1825336967
-205725081
1781173405
-1882556655
1641167059
919964801
172643073
-1528486237
-724440348
-841937344
-1962074758
-711207552
-684565380
-2132279344
362002628
-850386111
-287158626
133589461
-386081203
-1645640874
1584240719
-1512411985
-1230404568
-1246724127
866220464
-176187393
1180809286
199280353
-826635185
600421994
-485524761
1198286227
1125180601
192549276
1646808141
1982649876
879507795
-1336511856
-734699085
-10173622
-59563415
-1920376307
1333114237
-1925208315
-1085945977
-190354061
2106877615
-735402400
109415943
1060991927
102833059
649351277
-1273979669
8928939
-266380298
1331110672
-355382804
1748364418
819795395
23919147
-1989229613
370535827
-728776173
-2050503429
833457670
832871005
825941139
-397517375
-1658609307
1806411211
223978119
-1866350684
1171080790
-469700680
1827753215
-1279600939
-1672676322
-972981324
542128711
-1472383244
661782898
-738291704
991017635
-869334094
-834252211
1487880439
1061516347
81508278
547237636
-568791994
856986196
-90049084
-282034025
797272318
-1506921536
1045088284
-1126126007
675671920
854051992
-2054491616
743946353
2137914746
-1936363737
-250267592
1083419794
-2120107257
745091112
-743521799
569493161
-1580752165
392698420
354744964
-1129786426
539325328
-1376361355
269914924
1861134814
694987995
-1889279841
-1804104613
-1520645921
-1397023469
620549153
-1798149963
-1865058045
1960329972
-1615679337
1606872701
-2090075544
-2042591329
213081985
879303480
1055365600
1562088677
-2021845702
1965632911
-257769722
-464827452
-1771577566
-736630407
1761888145
630529841
-126000867
183007897
-1847409684
180344599
-603294143
725850340
1409706245
-1667498081
-740448054
1461048198
704105317
260933810
1491121489
-423811578
177649536
1905351099
367693117
983055271
836090702
-870195791
931826809
-524548847
2125215001
554290004
140826215
1824162865
-1676018792
1952755126
-3994092
-1733299620
1161098045
2080436476
1115413932
-1569086278
-1964366645
-179341467
1367802159
-1739828511
-895407830
-1152845173
347785316
-1827298368
-930480514
-1385054999
-1500822514
-43047746
1011522165
1151881116
-1099787683
-1448669406
-1002254880
1240756333
-2043871577
-221937740
670190981
-1017691121
829089879
-1447361371
-1368001486
-1829867356
860202277
2068817323
-3239403
-103818107
937677447
-1959277968
267705675
-1172564670
-1634940314
-1759075540
1189304246
-1088314649
-2009977067
1477179280
-503824877
1330367361
1399964286
1915060197
647943242
-298087712
-1333724003
-462803851
-1118788856
1444004509
680990002
-11010263
-1812694390
-1445075362
-863931214
-795649165
816467644
412395608
-1202077570
508620910
-143638398
1009150485
-1508641193
1634836802
-1359058860
998602103
151931664
701108173
-2130954736
82330108
959692932
1669705087
-796165621
1200900674
1474143946
-1724942715
-313365656
1581397453
-1833993049
2045295401
-772849747
1425300232
-1402215613
821599095
-2007685230
455400841
-1468491488
-245032668
1446757660
-977212263
-1229803449
401662891
-1530433814
1203430898
429093827
1843872441
1914819791
72704202
2075766867
164741835
-1759520352
535127312
-1158523814
-1899395052
-276122034
183128821
-2129224934
-909087837
2121251382
-1002553683
1975858977
-188987707
-1975829321
302630006
2053058562
-369028953
-879193083
307402969
1124624200
-364072384
-1621482180
598497583
-151586648
-156126099
-2075532872
688349286
-10753675
1313614941
1794360739
2031199237
836950872
387877422
-1266603058
-1906713236
1768797759
1167732184
2010450628
2040890208
-259228267
1059186250
1585868572
-1611769913
-595540812
-1475166510
1465370383
-377188945
1352627863
532790977
2124337993
-199308396
1071310036
312704846
268062979
1450282466
-2140515896
515685306
1693430097
-1787056712
857958931
113852341
-220433992
441323502
-1603444410
-1082599424
-1119098365
-1896824743
-1224956453
-2047334062
-1317297322
1516764493
2013356133
301306239
434474115
318764898
1885483528
632321751
-1639407716
1127106939
977266218
-291264052
-1155674936
-1530630908
748030826
-1354646313
-68141478
1612623482
1402447824
4486811
-1678947809
229598768
2057731142
-58801591
544318455
1476294991
464948039
-550321594
2141103526
-1758370019
114742997
-387716853
-94650389
-2052036990
1387497904
-877183923
-623548206
-205432888
-478871612
-588110243
936123206
-566653278
-2086510110
-414549552
-149210134
2129901679
300271795
-1346335902
-402065624
1422353087
-1040508183
652641815
-1653773175
9692693
1844583094
1493589411
-237978809
1976088814
-1166059903
-1698036981
-377175008
-353276158
-1801522985
874495883
565752940
1114368201
-1148750945
307157434
-1529762191
550729536
2132419217
1657727211
-449502474
1846802412
736198889
-1799980330
-1385779179
-1413206753
1367735895
884731768
2398549
-6891911
-492044488
-1576161481
2051747063
1873169841
1286452235
1458904904
-1409766768
5680021
-170494947
-1316358059
-1007649065
-725173937
-387149945
-185474215
-1730811712
1401434601
-533607334
-318603058
-1262265399
-1780738030
-539884776
-489013750
977613715
137896993
1396346469
-1150903066
-887911245
1537642074
1363968509
1595199904
-1571793206
2028058992
-1543054104
1179900674
-1026821166
-1809743541
1080371948
-144869181
-282855238
1403531787
-2046670525
-919755732
1924457269
-8819893
1523991182
-1545179394
-124725041
914715561
-1319012855
576220306
-2042969279
-1053310842
1577483775
960891202
2080792069
-486558198
645368191
-780504057
1643317547
1616307050
1932729679
-399311261
2128639341
758660973
-94932960
1206130305
1314487681
87042347
-1949116925
-1605288038
2277550
-1301991144
-60100837
847359129
964678306
1886776896
511413652
-779001599
1543181441
319316947
266962643
788069390
-39220415
-1700021532
-1546329106
904172058
-190494924
-445295507
-950459042
802437186
537800934
-1479641194
-631140877
54994505
-846573784
-713547722
-1417500409
-1378053445
1748753004
-551636583
657031158
610512213
-961236652
1848611203
-1702612275
-1492755548
-2049703292
-1556156555
1619978304
-598696981
267665343
-613663698
-689223455
1435546185
933015089
-82307724
-271058545
-2010479589
1011558409
-2010732013
-1308571348
2084226463
203416395
406182438
2100790674
126672345
394154467
-539060332
934325190
514892985
-514625796
1804421853
1230923630
-1289003139
14880146
-1594540010
-440953472
2140249940
-1107100603
1172267058
-287326660
-1358043581
398725744
508869250
1124088411
1202861644
2096527994
-1255562626
-2064517240
-734990644
-151532181
-2030672443
526028815
-864314332
118412226
1289150050
72788436
1670159772
377618309
-904239792
1593233541
-2054503037
-2032995432
-895358656
1584611091
851728282
727362642
-146657896
2018397277
-470742606
354884941
375158207
-303796434
151054994
112482429
155197591
912526697
-407350497
-601320829
-284428214
-954824061
1891059126
-2024040381
-470926775
-460895952
42786780
-1838708301
-1274111086
-156461984
1499316761
688516598
-329396943
-1006525588
279876128
2113500328
490358024
-356504180
-2108556493
-1631192965
194137809
-1889845108
1938542789
-467822846
1629989220
457461439
-831441056
-1364528692
471413813
-635525069
-1549273144
-412226379
1025208609
-2062232794
1311072353
917601656
-1156522391
1330018231
-508602163
1540776071
-1908445954
-1300442400
65571801
-615266530
896571134
733930659
148556697
80499349
-1340220802
-616706685
629216208
1646719221
-761029494
-710602955
-419115370
125857486
-1601128343
492938391
-495435980
600035911
231292708
472786145
-384682158
402969462
-40424631
-278829543
-2037548460
1368983026
1730940140
2137019084
1552970496
228689829
1304621550
-1284839686
623386467
92293350
1472335489
-637040559
28006133
399589830
-1473254934
-1026609762
-653668613
842082473
-1731718263
-342881920
719094060
-1029669352
-1120426986
1608756318
163797143
-1796537898
1640632109
-1968123494
838224067
1449714992
1968376075
-1142928378
380515095
-1175433575
2007663769
-1123039850
-1670627716
-467467659
-673444438
-1518057897
1030522176
-22198987
-411368575
-1958103392
-486851267
2093501091
-1348372587
-2071211898
-1875788230
1034143358
272086167
738735252
1930627728
-1484819895
1870574003
-46099013
1448459792
2037816415
783808022
202322055
715360036
663557195
761901232
-156302956
1072991795
1840121942
-144308166
1282174783
1093627722
-2008897440
648603514
-984982881
1805429240
1695523315
-376452667
-1959605322
1262922616
-1301952107
606292933
-351687453
1531827989
379815261
-261979012
778783131
-943050550
63556808
1107061384
893879384
-1672835544
-1816079924
-1780233816
-198838320
1889235324
-15358163
300846206
-1149078
327021360
-2101643248
-2072420714
1037345517
1520000369
-1359993651
-871044441
213680506
-1770496494
-83011319
1406286103
1750685628
-888343889
1158442754
1175974596
-1398330019
-1220250859
1494529068
-1505588223
-2056079941
-1964548639
1389421309
-1259496482
-257257509
1872153446
1220666885
1810162604
-160427619
1785965267
915552320
-778057025
915214897
-1508233835
399406767
-1189981579
-1151899703
-1705114374
-40044764
-708131209
-1386083184
1591367190
425162846
-33313474
-991486247
2033354730
143081301
-389694247
1557475483
-972075071
-2047527467
-1783769108
991795741
1991614429
881122897
44521211
-779566099
717970515
-861261584
-1842667032
1966119958
-1195902413
699905516
-23568966
-804214127
1833790699
-1169985252
1698935455
1394505979
1061684716
-1279888690
-1842975181
1465139592
1526344333
906240474
-2082011646
-1002235593
1617101872
-1228696845
596164171
-899610297
-264401245
-1816755904
1806203143
-1986343960
-1786271545
1768864810
84472105
1358438454
2128022390
-1535369609
-2121210330
-1382225566
-1077130590
-140877161
1879178166
1566608690
1163019449
-1057527746
433541596
-1093122645
962241616
-1725972686
-1238951644
-850896373
447633407
11045733
-1739413717
-1782877444
1165173897
1938495046
-2080059548
1253998087
1869985088
-1281908397
28738584
1362285638
-1302737241
1403670002
-1142029394
1771018333
197691224
-56217983
-2048059860
1090944938
-892425432
1760023723
1690771197
2089777851
-1608799096
471986429
-2078275852
-1474170624
116639790
-1314138184
1684095632
1167688641
1957576435
-1821180184
1229092993
-1674605487
1187170815
-1254241867
1096256619
1917962628
1106750754
-872467208
1378750953
-885919651
-1032582267
2095069457
-190813228
1324422156
-2104466815
1419572471
715463620
-1694164714
1199132366
2065757840
-414906922
933603285
1565982688
439301186
449555631
-370060765
-890372723
899124169
-1796167231
408084562
-1663818766
960813642
-1259739700
-1296434850
-727778921
311165352
-263563864
-1179018651
119456721
668299030
-41337023
-103673513
-938738329
-1589643538
-1840624927
-1303154967
-809299080
-9102912
1480516788
-1264540722
-1694200676
282330796
-235031927
-1872052951
-881983928
-1583747340
-1682628138
-822152132
465728630
1325629132
1584026110
976848229
-2090913916
1221365620
-1345986859
240812619
-2103190436
1966106248
948195171
-1877404844
1155771092
-622979434
-524800793
1428479066
-1377376680
-1082534671
-144177633
336361629
-816122682
-109225788
-1561140538
-1266990598
269016985
1188468585
-716575906
-1188047011
1367919432
1606775291
-625587921
-852486541
195756272
476981289
-1613856114
81165476
-46830032
-1801477043
-609298590
1017127744
840875860
833221820
180117988
1516358391
-1772193868
1527940703
1014169509
889039502
-1678005154
-1380387710
272254677
-1575291696
159007986
-1831304725
1245580225
-335853119
1566631629
-293630162
1577794205
2056881945
1116728938
1826071103
1635387779
1040231408
-373023996
2016269129
-1954888005
-880753739
891670654
-262884675
-1343568068
-1085076380
359666567
-2081030996
-672450189
-543306760
1128834041
-822366887
-309600190
2010876189
1158994306
-1281537270
2117597771
598776617
-131258747
1863809310
1769199981
-1317714611
1175151938
-1394530204
1029566094
1181339911
1496208179
-460130135
1615744411
-1813160998
1009704633
82485138
-1826886196
-1117303743
-433444105
1251829932
-230741460
-987848224
208498174
-246799679
1232946776
-1573284611
-1065415382
-1861480851
910228358
-422364883
-1384997941
-1456102928
1686131144
1908152146
1445699590
1507014212
-649049710
-1755974972
-770883075
1057157490
827005305
2001350093
1557350702
-198147552
1878393917
-1931640485
1932725272
-15171474
882903817
-1801782288
-559335901
-597653501
553844728
2134604764
-641497151
248405858
-91964197
-1504831314
-1719405361
1744420993
-1735491015
-696700952
-361970367
452564636
1431093910
-59569935
-157574146
1883686214
1116331512
-2142485425
-1605138423
1662766272
1853526438
1033210389
1874101216
-583409779
-1535434701
-510841959
-715061464
1399930181
673740218
-1843876758
1287163529
-321657175
1311820906
-1810274688
-1319617065
760676087
-1309960892
619363765
1124139122
-199725440
1098950947
-2067032460
1528089582
-222061961
-530381316
-572783697
-1512904459
535381514
-513565593
275996694
-778738068
-422842186
-890965666
-1188936059
-2049959212
1835222487
1895864387
-235463235
615766002
2054058366
1861994791
1188244310
1398715570
-1432981882
-344418488
789144052
-1616080568
1780392425
-1650095140
-1403035976
1447639448
-776775857
-2054838004
-1273214471
-640169512
634057447
1116150082
-111636684
-1827063438
2047339642
2050952871
-75718592
204877870
1515644861
696620775
-1072941115
-2064742000
1801813478
-594254025
-289485073
2092116606
-1732014975
-1015552872
-1447216547
1758792998
-1714807421
122809436
753377887
1245619998
-1535099745
249700585
763775585
-1243935284
-261665320
-306200900
49994657
1730182407
-409093801
-1242743375
-1473304792
-1016454146
1549795454
-13745536
-1344695561
422009944
-388132804
-1492343670
-763451777
-1918586980
2027414690
-2013164586
-6657450
-376090925
1691865526
-368841899
-86798552
-37101460
388892039
2064505709
-440037397
-1997813666
-659482751
926849204
1980646230
451038867
-1619216126
1448553212
-2128703341
-856078460
-501556436
-475268977
1930771250
221717280
-289874436
1720043963
-555353503
-1714780686
-711451493
126943376
-1149350054
-313143167
-385193228
77727975
-423833828
945895674
1363171462
1661093030
-215559331
-308126964
1882737786
-1981220797
328451774
1481794067
1601883896
1727527814
-1748729792
-1950731912
-817785931
-1647562094
22045174
-1146212522
-227796528
-164752603
1488531196
489264481
-176294690
846117406
1645333671
1456696323
504369987
-448637633
1588814589
959812551
215979459
-63904460
-1589669785
-2146402054
2084179032
-37577772
-1041914716
935103887
271592517
1897749158
1439438593
-1523317437
-1829416086
1276974501
-1126257722
997150721
123956442
1699290695
-1470825229
-546382202
-352318806
-861627717
558651948
65322312
2035861771
695774578
-49597456
-1473646188
-1051046245
538644705
859014673
306840821
1940291063
-1449383036
-2071136928
-474914084
-467424108
-864821211
1449563303
-2119078787
1112011471
1760861789
-769948453
1893164790
1480649026
-1296009381
-381361006
1380034486
-1840683176
1643395812
953598642
1861264156
-628877533
-814161766
1057818731
-859324066
1137373804
-1070874240
2095615590
1976311212
743505163
244475325
-347352770
309171092
-1594568583
584510111
1489631535
227065512
1626852515
-115981085
1999776012
-493432739
146211328
-1764105422
1913407606
-831889355
239085797
1177187567
685489482
522623520
1567504919
-1086203601
-1672492965
-1290768609
1474198690
-440501752
-1143965344
-1649431510
-1329062680
-1281714162
-1269666256
1370495828
1254990076
-280081894
-917843668
1649480492
-1216295376
-206883507
-264221957
-483125147
-490286100
-76725932
638376828
2000778680
-1999384639
1886113005
1034931704
962850312
1632763581
-754243928
-1429324649
843771079
247083008
306597362
687068949
125098136
1395149967
195379279
-1282613067
-541496267
1431308391
1425299174
-726820491
715536787
-1109192491
466974786
558532226
2021505859
-1728361468
-1987304874
-1144500754
-221538277
1966144983
-1343123262
-788457057
1065811221
-1943149063
260997972
1397273994
-991547018
-2079610063
-1968412464
1238883617
-527120078
-824367110
1577578995
614099978
-735045234
-341349294
166416565
-605854192
-251407353
-83326766
102148047
-1538979234
406514546
-1223198978
2084662908
-2013633047
-2124994716
-85347618
-261632894
-600630994
419695059
-2015340083
-809291149
-798407395
-998249731
-1767382384
-142757328
-67841196
-1541378168
1290977961
-953951314
26119568
-1339704086
1219007725
-1462689284
78166112
6426634
-892824236
-833680252
-1733679845
-546203097
1893172752
1730132112
292810515
-1080506375
-123842080
-1141870832
778655754
-266512619
-260046939
1618563738
817133540
-531571307
-66925771
1234921905
-1309035618
130656247
294745966
-891385527
1565994878
-1951329979
-1187566194
-796597366
-793988980
769440118
1567194562
-1568522540
-352607936
1574583828
-2078714628
-452912893
494284156
-1402250978
-1333986295
-1258276109
-1563448901
-781546961
2056418274
-1086881722
-355485301
-1192317473
1769653057
488298340
-498276040
419833704
1992558967
-71385661
-792023351
1002995852
197225084
1926347879
1212286512
1812439990
1416439879
588425388
-2007294788
-1411902369
239238496
-605835965
-539901999
-1917204045
2051148978
-1827250311
472220379
-1717465229
-651363675
-653433665
1146212480
549261596
892339052
-636195738
1851349780
-1278610615
637084314
613908905
-332160942
712679253
2026348539
1324284400
-1167952825
-991320764
246388129
923108179
-1537161327
80140259
88556348
-1234036900
142286025
1761052461
444973743
251123217
1219846461
-569017105
-922750497
301600048
-2140594974
-20013137
2133435853
-1449988164
-243126904
-756981814
-1878099226
1205846456
670007631
-1466936612
-1621698919
821918770
557876313
-1658216093
-1163727318
844967298
-524339776
65350310
-2003900730
1187486163
-119400502
-786005293
-1085250858
-975446046
1760587611
-1587663001
-753987433
-129161723
476481194
-1600666158
-1273033238
1809814383
-1202788552
679006297
-799197848
-614131278
-1130316036
676240702
-161830727
1677644420
1409475810
-2079892449
1711680549
-1980762683
777400438
1574251931
1314334571
-124015680
425793756
1761610043
1265065937
857161649
-1843278077
-850027122
-1717190788
-1722911098
-1880406246
133467797
-1566720511
1095765481
1405412674
2049095265
460602939
2033493886
164348292
-1078703110
234091870
611492969
-1295010044
1585714307
269528908
597013778
-1185566089
903545499
1953104935
662249772
432796626
967305221
97211175
-1785721870
1767126851
1347296650
-1590683988
-642303821
-1001195164
-1797503715
-894376554
-809495663
-1254995282
686459456
-886131244
-73596283
398059051
728892583
1943483451
2131968677
1967488879
988094746
-621394536
257349033
490568648
720057503
540411144
1345930155
-1832547660
-1214276137
-156249210
-1512295123
-1076375150
324475048
-1639559996
-1117443744
-1640325476
653535260
1961440575
1094700195
-886450411
1509800584
149009805
-1437551799
1382847678
892955632
-665422087
760380575
740468366
1388120745
-987990703
-290217428
-1524832095
-679394752
-538797571
-1345734
-1622235280
1320784026
135492691
60890261
638943809
-1126962852
128557866
-1972933486
-872906527
1363454860
820560813
1685922642
878071953
1500106104
280361328
-433010873
-964305859
907698902
-798465080
-662956553
7058419
-1222254292
1184568406
-295503616
398063506
-1504131470
755981029
-975288485
1782036673
-1663924747
1128757877
-388311324
-1312290781
-1009590403
1869552535
-463887847
-2017975864
-1948056398
-492302341
1497761314
-1352700698
77672635
1747401543
543382800
160645832
-1967417817
-252267223
-117213079
1411100934
1393674000
233797807
1162592228
-1049253131
-1346241667
-540134187
-1763248016
-1996333471
676977160
1735135839
274593659
1166712697
-407329088
2002617065
842122863
-84369398
44760144
-1849266884
-1552549248
194602480
-2144963744
173296354
-61717340
341488840
1234033722
-96204036
-373391901
1569808106
-1798508879
744672850
222082000
1176449430
1839502397
-1370107733
1703475542
948891756
-1653657494
1281823582
2121203639
2016416801
-751400077
-623272664
175225810
2124628079
-9747670
-593403072
1358011300
65250637
-517478886
814231464
994185232
-488063136
-1259856658
-460711738
-85496094
1321151408
1614710292
-389456333
-1086164719
-1632730465
-778426467
-249381167
-1182871228
-152211946
819370854
-1821860830
-2031169897
1304719104
-346007172
1507622616
-866805858
-2045573637
1063830716
-1427910489
1681842601
1194472268
859561402
-1183981726
-1885196215
-898989548
-1971077148
709786949
1861521683
1726157505
1499745510
1261556367
45338531
1230133446
-14964145
84096084
-1448974877
-2079293554
763000179
-1763044208
-1466192755
-1179211091
-363802221
1839030143
-1604579347
-1082817192
1243329595
1979636267
-653177621
402707735
-1039133717
1324701253
641923656
1804927928
22535417
110481208
-2015108568
-1334389625
271503541
924370043
190902224
-1868777285
768324301
-1843763930
1099609519
1882486578
1575250163
964255944
-1602039902
-189850784
-2107510596
-971935370
-1683577485
-400007291
398675915
-87297241
587551138
547227166
1895621166
-548266945
-1601785752
-1329670499
-2070697209
777104233
-1228547336
274739547
-963998866
-1862394199
-855534841
1210347213
330400662
1233504176
1755931278
499875318
-1455070674
-2116857486
272004046
407533084
2043708937
409570038
-798268012
996020158
-1138518528
867208044
-586768450
219625668
1296519959
703103876
1286007805
-1004521480
-927536930
174575612
-983935269
107746228
356802585
-1055972997
-2142528257
-51826723
1996429218
-264778339
1199745200
2095798031
160327566
353213774
-1393499241
-493837543
1223742095
-947475365
1850368200
-475531093
313682328
792800838
-1044831485
131533390
1169376710
1924672601
-1534590154
-1406593389
-188662658
-1547857667
2058812230
353293711
2127966674
-1137109941
-1522345714
1433094534
-251744984
-1240408605
-1190748761
-221223195
-536701923
-770052099
-1044574999
-1714829451
-1792790618
960212925
1343041842
-935142195
-2014847112
1507008202
-822814875
-1560717815
-518447190
-1625843168
-527415499
-1128026952
1063765143
1510748709
-328287325
645860634
1715638537
950398970
-23633979
-604566134
-2109568365
1501600788
-27601976
1884088633
-2050183107
-1644111350
-884376009
-1836371428
-221907098
458993071
627518844
-1402065369
2106569446
-1847018141
1614335399
-113749061
4245618
1386603942
-1227803026
871209308
-2056103868
2049438189
-439462540
-1966633818
-29574405
2141032121
931674317
1012884609
-647235137
-1287206684
-221790783
-248872301
-389995352
-350966211
-1519196208
213456886
780675936
-1689656489
-554097674
1290658090
-1742726138
1563312798
-366347216
-983487155
-1148326827
745855146
130350910
-1181703031
890253573
-1105931817
-1430658903
-593460787
-1339267215
1716202772
-1594092281
-662031426
1410643321
1216628731
-935498115
-1411409680
-1345371223
-1874225118
-1860731516
-603370672
1031181722
1463887280
-849102352
-849760539
-1485011816
-1760453838
67024942
-508184649
-1924153212
534183599
892530381
-1792042226
543030012
1644259321
-741617601
1828642783
-2056576840
-566736826
-275104545
-1543208317
47727926
74585854
-1556115146
2009145258
553329817
236550101
-928721799
1821268622
-1739497522
454438428
-1982346410
-548670869
946394864
1344368980
1600123631
-2000405715
2080949741
2066904836
2109319206
-351081109
-910325911
-2109127220
700841755
-426475116
363012578
-1767168583
1004670706
1234405991
-932642028
1678066137
-1690257959
659341992
709594526
-1658892526
1263409480
658096656
-1385800476
-669955025
-476813686
136154500
193749815
1871490875
-603089027
-229804406
1593919027
1996133394
-465158251
1298398712
-314466968
-248135628
-1351506650
-164450835
-306317508
-1363111972
-355489054
1973624581
-163133424
499392593
-355906145
931568839
304457632
489114491
1982904925
1817648482
-1312653137
-1847506760
-1302445945
-505184103
1299814114
731186928
-827087751
-1878242822
-1590589716
-524315674
-1365010878
659901013
227452139
882189521
2129875114
-1570509716
-778871535
642618410
701015158
-1463215897
978549382
-1537578809
-847842326
-1544493686
-2141554547
-1022510551
1210180238
1577157545
566444517
-1764063727
779402549
823534042
251789937
332155736
-98968006
2061087980
-850989286
1868365312
1166905868
-1336878056
-1100273676
1152231557
-1432600595
-18787210
1774655647
-963162503
2006178550
-2053591118
-312214801
340714575
1496112990
1939554815
-1846517809
-709857162
1018126331
-1983939766
-537271710
2029169065
-1021515769
-588701773
-127112854
902145669
1534080295
939201336
1736022765
-1628147109
2073038249
107850931
638674453
1690999623
-173885683
1594016774
490653528
-1526985343
1447284934
670035859
-1102435624
31379442
-671705279
-1502960398
1152717067
-810846710
1430967078
1376334046
37280158
477256400
-842336035
-467223953
-752035690
-1413416646
1580088403
866633102
425073080
1121187262
-760111875
291498148
-1905953237
-1159221976
1462185500
-1875859052
-57745317
906124462
-612688061
-1459309077
-1393620449
-726649023
-245217002
759818838
-1088239331
1239088165
-1730264493
1572855123
-440017555
1517019843
1367294230
379052331
1455750780
-2113933379
101469272
1614721311
1724469810
-1176238269
-71401032
-721994271
-222186921
1829720228
-842763394
-504279739
-1141873614
-2144878808
-443620644
-1644306120
1747592819
-1727671268
-1866966410
464427504
1264433490
1793715757
1382903075
-1882421403
927548663
1021753849
-531391243
-488235521
-1397407204
2083100643
776547958
-998554992
887277808
1560480550
1362652212
-1018584700
-866817474
287213100
-337830272
1739244886
-268503346
1081747488
1627601777
-1508335547
2102778123
1654931393
-1984818385
294215
-2092636955
-2016565383
187137133
1266125886
-680672776
-1566749010
1153090871
-843874967
-1624943635
-1784511402
-789091347
1031594012
-2145139424
520672977
-1413749618
1981823155
1079515011
1141480690
-1456935366
1876820420
-924229695
1891925086
988953841
880348307
-1267855706
300515609
-1016497248
1919284426
1577315517
-1053517219
1672014430
1842453353
1148824634
224628910
1288903922
-140518150
476394778
-1622357718
-407790184
-689768695
470814600
-1051825627
1783920644
1952403667
-2032824190
-1313688331
-1125060441
1354144573
-920343364
1428138249
1851649072
-938443769
1024562628
-789232576
1097911125
1086732353
-8288922
-539036553
-412762414
821694973
-910337199
-1173221788
1688917937
1884966213
551416058
-1476633182
-2062198836
1255870543
374294464
-1765596660
-1896020336
1848742639
1758852432
-1423700403
-97415677
2039370060
-699108790
240065463
2088379399
79377878
-2109460700
1382631252
-242220065
-325194121
1169199950
1859488826
-192381966
-1771183864
-1178580329
-1469927645
-458517553
1542484742
-1480882994
-1001279684
1140887153
419797125
-146535508
-1072566211
581553347
-1191584156
257839857
1607299513
-1547840410
-139303999
658040524
1018210230
-1629258064
1394243247
445766783
1719584896
1104385016
1535232038
-1049614014
331129786
776099600
1494575930
1977680744
2110346933
2010629394
948769680
-1429753408
-1277332988
-1291481761
885606157
785411389
-1906416561
-722074140
95844047
-998426407
-1266860441
1455398815
-107728032
374199221
-436919141
113024865
872345640
443689348
321847625
1520377557
17697316
-1232542422
-1269478217
1473616320
1371473365
-941487713
-851706333
911510410
-587057030
-1445481191
-38929896
1881006332
1162629248
1481470570
1425183234
-1238941110
-120360647
1921563814
-1586304763
1036810580
836097484
-1600415480
-74427895
-1995737048
-1615646868
1304718101
37354265
1939588043
1753297612
-894146814
-371099155
936068921
-1604908846
-572504494
810749381
-735653207
1058182794
-1810554173
-1427133833
-829109484
1914032221
-221930646
907288779
-1762865672
-995521406
-1910396900
-1655048186
-1702933160
-1835628365
692961040
1242811588
-1884526584
341612324
-2060177214
-651146998
1020887590
-830789968
-1800020455
952895899
1695113707
1958582869
296594635
963380362
-28126045
1253123042
663510528
1281312016
263069689
-1970203154
-1131893963
1096814751
-1135492232
1867637004
465161571
1450821943
257642062
-1539166148
254857824
-2017845001
50941266
1211947171
730293380
1166635766
1066898759
-1965191042
1554049166
703550803
-417370782
-1965711020
130356681
-607799158
-101622263
1419577707
269053034
-1943132151
-101275683
865058940
426847804
-1279131646
1074046714
1817056169
-746472066
1395633282
1139582589
-1724756818
1199801867
-1148959294
-71899066
1612519511
-276441925
377626045
-2011175682
-419602383
733888777
-1269165310
5965915
294620036
-633172747
-1020871477
898526626
706435967
-609870037
317047885
1538220141
-1883842891
200440677
127729489
1369417134
-2113407032
755260685
-803332093
-1310207757
1004933987
-741517275
1807027721
1483418091
-1898501779
664020075
1496988887
-734665176
-663448198
390854327
-406613183
-2024883419
-343551355
666733736
-775702447
2105609355
-933804580
-1681731969
-401548966
1185233583
1572750683
276835146
1212759372
625005919
362466524
-1198189756
-1432536758
1873852126
1740281581
-856738693
1399544441
615205676
-871854908
377642419
-829105893
-66484343
338608495
1273047946
-901928741
-22456772
-729781169
1859183580
-1106462102
1143241360
660903622
313860968
-264879542
2000892191
-992906961
324420019
1407391976
1388449874
1542685454
2119143212
2049279984
1266085159
119220872
1721815440
-1059252004
-78067659
-188866795
-877616497
1190148302
-961870099
1392634739
1371772080
1012647328
1372355873
-1189113123
197542513
-2079991752
657394378
-1304439428
864463793
2118279200
-637218299
1668466718
945522002
986539093
-1082373794
828158757
-1157734630
1491598686
1177857617
-1520603967
-1169701927
-243114848
103324685
-325672351
-1647659055
187593968
-488322437
680052070
-750831279
524032106
1388132733
1615171353
545367970
202940288
-535606150
1571966943
-2014890969
-1340510891
-639395302
-1018987093
-167394881
578413899
2130342990
2134783411
-653273490
-1144347174
-1751487342
-1188846234
281772859
-1801904989
-867149706
-407531876
1429562971
-571226172
979671642
-649962737
-1622201458
484489325
-149835144
-1076202743
1303064264
1428236979
-828089306
1593297758
-1824709356
435570340
-2077639844
322690717
1158803381
709385883
-577479052
-696810110
-1055982194
567492308
-1752623055
-1921817938
2130435779
672096834
-275712509
-1054419559
-601952609
-1195827041
1266538119
2104928455
-220186697
1448356293
-442276780
-76288199
1366554192
1847255612
-1755416332
1067894054
1187011837
61764883
1786850352
628615146
1237876620
181776115
-1764093040
-628664002
-534738910
602273392
-814647775
1861058986
-376595803
-850201182
461338744
1833403959
-1942615463
-275330828
97158391
-297351833
1005372877
-378681541
1380807758
176598889
-1167254280
1048459018
167328324
434859400
336217502
-1556773564
-279045449
-1124135707
-962051592
187289841
21277409
300556389
-1777726061
1692917845
-1040244004
-1090515476
1524315255
-335359170
2143273831
665221834
127481996
565978781
-875998230
1625459573
-2115802823
317709656
-400884553
2018372216
-33681074
811197022
-175570542
-1243559253
-1614799069
-1845037061
-1689771917
2115852452
-34559231
-1995126675
1158256777
-503558291
629931968
956951478
-1172169342
868328567
666765744
-45615437
118897417
-824475955
-2116399172
1554442093
-1886720880
-1000542836
-1736975668
-1905622354
-1186894513
550048146
-2141606037
1035433687
1437697163
-906318220
-1087193686
-2068359184
-1622814181
-2143332683
98462531
-1812477695
-311304409
-881023179
60103680
1182951071
-669911245
-1347861017
-667526051
-185579831
1258360155
38442951
-1053257108
982852084
1993421279
1883464202
-345483016
1829468515
-816358430
1867434646
-912267027
824987324
-1669100690
-330929228
-2143210250
-1508753192
-2113239109
-301371645
1422105448
-395238950
-822690383
935715759
978342494
1669880450
596247210
1136968675
-2039025116
1116188355
-768458885
2095865211
901104088
-224184430
1542408116
540283390
1965533774
-1400068608
430465319
-1820352053
258208564
1758798730
-556515417
-1543014767
-323342730
119301040
2126412049
383164676
-994642461
824621763
954316176
1228832205
-24879344
440225283
1249779739
-2002045503
1233340796
1977135337
537385794
-129790635
-844567820
1070040000
-931037654
-1301170351
-1241629127
1762125689
-1953309226
-1407574332
-313182241
2024004288
-1989368153
1109417015
-131996297
1280169034
-1920103899
1193921061
346282736
-1837355408
864421119
-1836028758
107909690
1553414145
-484179632
560996473
-500850389
1555496531
1077926179
-1427946221
-1406408282
1957373083
1979219257
1747146293
-413980678
752376958
1304740873
-1013634927
697009031
1310479335
-1801706233
-1643135551
979961254
463612955
-1143380951
187163512
206510794
-979448311
2090725798
1798967802
1534099938
1972219878
598016512
-141607475
-673952254
1828446201
-320757179
1905299632
1333190209
-763860813
-634172272
751386060
1302851556
35545602
-617561898
196404521
1932865211
698237926
364979678
-464766365
1778575307
401690179
339195537
-1305943396
-1398095315
3873273
2116452211
-868958796
1909629493
1527424817
-2124353423
1114115767
1366039253
-2106753799
-386971940
-2007156841
-1037102781
1633463827
205525941
-1967653862
1302886105
-281749750
-1040883157
1523154965
1801469245
-513316475
-1686158751
1287222490
-702027583
1101322463
697154675
-66049554
64316684
-2103149578
1904242618
1610904831
902037497
1789409346
563765839
1470866708
-1984975169
908544554
1227146446
-1118243578
354222417
-1075003758
991145564
-1285738194
-1681758202
732656056
-378792726
36602975
-242372740
2110957376
366642618
-1005871082
-852830534
76255116
-1931582943
1806480368
1453302676
1534676561
-1394236273
1439164507
1491179859
-614836634
1710322124
1599492240
-746441324
960704223
-652477820
2011269056
82286448
337114458
-1109626619
1458662797
-1807354659
-479514216
-1385294010
-1858816581
-1762622893
-1371681201
-1484019414
1819688743
-52514638
-1148892355
1325442822
1545364983
-693312158
-15041408
78005344
-770783982
-1574039365
-586912988
-1267073286
-1934484782
-1139423577
1345858302
-1495784946
963724536
-2087142010
-98584137
1204074970
-817526816
308008785
-624477397
-1412318370
-1927310091
1978145025
-1078909197
-1109826461
-533330842
-1973668815
-28886208
-827320385
1700083225
1182435074
132597994
-1738458665
-1181233697
-239290818
1575496904
1304351077
1370373865
1006912959
-2065397183
-1388056453
911153787
101831441
-983688413
801515976
1741755871
1080219222
-710563661
-1066232296
361429915
632294762
1394672132
676802081
-2036007963
759493959
684295052
-1266582405
-53866409
-234162775
1800602611
382200816
1692362462
1806246644
-1441514962
383989238
-237828104
-775701931
1673982156
533837176
-789435362
1416936488
-121136496
-724131364
-917834626
583616665
-1360978881
-1375504831
2141485804
-2035965299
-836051015
-1235613432
835939610
-684983102
-2008251314
964302742
1709221639
-1243581132
-858013622
-726316457
1457160373
696705730
-876722223
-1819216635
-511655138
1247631633
717409522
-1569908951
-1853458328
270567088
-1421775627
-1753456414
-467399849
-1988800131
-2000347401
1118912484
1097296386
405099846
1875179449
-1929365309
-363388983
-464377677
-728934732
-560459663
-1311204730
1553828962
1273385071
1052019205
-929493247
2021845075
-2113541611
1589165245
-465850199
1593883525
-1909327295
-1047902650
1057435777
-998841887
-1017199844
1878449466
846706520
-1584868265
760519082
797050857
-742797507
270616390
-1481101728
43055963
6680624
94817057
-1107932423
600237717
-1424251876
273109838
835525001
-2101072357
504788484
456836945
1597655250
-1700832330
-188342147
-650444247
-1992908331
-493435273
269922140
-1083055110
270328492
-203016453
179079343
1275353579
1646457494
748424175
774082800
-1536458671
757711699
989700822
-1885348233
-952417523
-1734773838
-1077737207
1811001392
-1660411855
-1958443161
-2089928449
-1317692530
185856233
-978958302
-2071828530
-1426774593
-763110248
-1048730660
497297137
844839969
-295708095
1174871155
1676893771
-1487716365
1539204136
-1188193159
-1552129428
69245263
-1199226440
-1020050104
162376466
-311949992
139627431
-1999599015
1620307441
260248495
-1297133993
-791073323
-2122931786
-930511062
-1814073729
-212077972
1720397129
952339911
-927419382
-1708452250
-1844099246
-957152290
-534438081
-1559696393
-1313912321
-770623850
-527242207
-342547754
-824344829
1107417497
1188489240
1540134672
515614689
1939022859
-450101808
515291416
969164393
1429096631
-1908073632
-285678813
-1767544445
-1608860277
1611978415
-1883689038
-133234133
-781580730
-1908378606
-1363171984
-1046281029
-1261898129
-479579334
1281215549
200268400
97427080
483984973
2106720138
-958273754
1630558339
1942099793
-1638067737
1033971558
-1446664331
1826275281
1519785433
446442146
1287511689
-1742743878
-336502800
1590816190
-803945674
-1574340475
2041386521
545282514
-1653432652
-1271878246
715579440
-613061842
-1921551701
39752435
-1966895655
1956463774
-885504723
-682432256
-909458032
457683694
-391071770
-766890806
-781840131
21226672
-1973789038
959029082
-1961633140
-1885775300
-1119975250
-1556488357
315895869
-1533980169
-1628540302
851376382
962486200
1765029080
1964577021
-1926819811
772521892
210945832
439676370
-1586034525
-1902822856
-630513272
-517487229
-1792093910
1720085777
-1657424328
-633545301
1196766181
-484281786
2040981141
55985696
1240814015
128165561
-1485443869
592738665
-363451452
1921057199
-788390324
1349718125
1909907136
200855971
-176436951
-770671251
-1428130523
432665174
1741042559
-884866508
-2130152655
-519974870
-1281589813
-202091124
1200456016
1985399984
-1696895486
1567402996
1879693502
887871615
175007442
-1945823345
-892512656
869488199
1769869102
-29723810
1963677748
-109798619
1382247945
-405713487
1831258134
710451256
-204833184
-1975876134
355006982
1813494131
-1516535938
817336612
1293303735
-1502911052
-923630213
-1438016765
-56797495
17075221
-1193210363
-730467188
-70445783
-705185150
1261280610
-878868697
256767928
-2087306868
1359062965
-145998206
-1001162966
-559675013
1605782143
-171926072
760432432
-1672995671
1576311400
1631253522
13558745
-1827314931
1499892031
1051124765
962466101
828406550
-1048467393
1059664701
-940625605
369040314
-1933227372
-1203301486
152867820
-993293363
190434332
-1610916488
-1161550409
-82330986
1150746737
-161387453
167845919
115395998
13897255
-857435604
-1048731494
-1622329397
-566019502
-1235331195
-1895020100
1393339822
-1698666422
2071787828
332944021
-2100131048
-1381936719
-965813666
-293820330
-1332183565
1073920693
1600576865
3737146
1759545934
-402774382
72931336
-796514397
1057668025
1743245402
-796092679
-2101839742
-498853934
1047325688
798565490
1383262204
-1428576736
2070311794
306267700
-475938486
-1324113633
-4914067
1439000254
-338710816
1684677787
-1061252618
1187929534
1126517712
623242561
-1838223746
-749220924
1434838897
-661324430
1495822886
1110965560
776101691
707017562
-668843715
1045334158
218444533
-684958655
-595200250
1044519863
388577041
1095872800
-1837713218
323562714
1876855126
-1455708041
-347605796
-385842620
-778589249
174201181
868897434
-1458715236
-697112157
368815064
586782132
1719375450
32664341
1341780590
-1665238417
-1046491271
-2036884851
-1162540804
1042533852
-1523321750
-1004748601
-978203451
680412765
189987148
-783156502
-1492450867
-864362392
-728835494
-1387204883
-961087129
306168714
126072484
822927926
610831885
-595070033
-478846462
-1300556157
1835239535
-1392356704
400532036
-940994291
-326516274
608220620
-1397716050
1792585706
1298634633
575411274
-429412189
806236594
-665091081
-1304489698
-573826913
-1663134875
-211947400
1753769402
-141151638
705947788
1034654918
-175443768
-1266010742
27759005
233174928
-311857882
-112023816
1475769507
-949820343
-165145295
1714550039
-1318216674
-845354436
-13715898
1285381857
-584622041
-1857799965
-321259386
1665309283
-1177584168
-1701810823
1483923160
1528622699
1856422122
-1251400242
80724787
-1319783554
-186309730
-1224446887
1381126941
-2064158705
407079137
1190613395
-164999058
1144652782
1449424042
-928627070
687675993
-694053122
-1100650842
-355988333
1418609324
-1768866005
-1973896425
-1970843987
1862644566
1099796890
771896825
-604227710
-516675542
-1048931551
-282157978
460888359
1140785377
-974930952
1587609658
800487910
-332877979
-99351887
-1424580102
1973557843
591087180
-693165467
1686932721
-1737111396
-726733918
-1428385745
-620736100
-1653664475
666776555
1160238046
1939309127
-1094042540
83274087
1447114725
-1615866377
-14034520
1924400023
721749142
1024726410
-2107754480
1503187712
249477775
464533277
1138807674
-100686546
-1627324300
-438219859
462282665
-1047796485
-1723713570
1260659456
-1620121525
1689385744
2046356882
-877671995
587652682
125989548
976394485
-55097862
985736802
-1015273820
374496959
1390425485
-97878797
568703658
-875771153
422720326
-424426729
-479271727
-1097812482
10298851
-332658441
450775888
-218314409
-713892476
-1256167078
-1315374459
1933858565
923968329
-1524266370
-1642285251
907901101
1623957305
1861736491
-1504267982
-876762689
65353829
1235012356
2119457236
1154044136
537580364
528535839
2003067724
-131207990
-1823829375
-1909281832
278539197
-131737617
-1951597174
370562786
1611012300
1461704698
73773579
-1401500514
270116706
1916005407
1442546468
-788579409
651572144
-1552806188
-1916228842
-149323314
-657343117
1240391368
-1810238676
1027145690
-1458754440
2067620628
457045464
485890866
743168354
-515613008
1128521499
-1739587513
458514091
-481237209
-801419478
-542147988
1602156008
-651218290
-1447214258
178189552
1618339152
1982714034
614476043
534313325
-984563330
394183568
-1053327484
-1047543966
-830765194
548219657
-1549685987
-1511677697
1701237477
-116033578
246210402
-357070528
2064561324
-1447470664
-1358544089
-61362371
-1824920161
447208692
167031535
1911042751
-1339321975
-976917762
185779601
82472470
-979544461
-1723424140
2106717976
-846130903
2054755365
569129549
1640701419
-1347397171
590100461
-885169070
360615469
1980300634
1524117662
-1511955764
1583910758
1616877435
-1806756133
957367678
-1443559326
-576998842
83629461
656277973
2082964825
457620364
-808757551
228743773
-1317340081
-529237135
-1122142034
-353154697
634319805
-2002526146
-1022439770
1271849801
-1414664335
-1396690059
1461383955
-1603476747
1301497778
978848805
-341218059
-687909108
1150602919
346067584
295202290
-299032252
926345208
1697704106
-1280906083
-1014481559
1719137973
348835027
-2014339334
1269629841
-930462345
1816316039
-1497720510
1926683027
1854000324
468418884
-1107061534
-1601566791
1454209975
839712332
1651450825
-1229347660
1051322080
1210709949
-649505821
265014480
-1867153048
543326942
2009892576
-1773299608
-173226887
1633988538
1922531897
1749779867
-627644196
1028713459
287701875
1448757567
-1408100637
-805224753
-1936776027
-291030251
628633736
1887416982
318897464
371642686
-1283221034
828997408
581921518
-1737826578
349021063
1371654569
-1689362651
-1458468258
2079751150
1955597799
-177828773
1532571143
165726743
1993573470
911372276
1416927500
1885951787
-1709827598
-1347308485
-419536137
-2119865831
998165694
-586076506
-1063172440
-751257229
1290568227
-1021444515
-101271415
184424341
1822403106
-720531715
-1157878778
-531874549
-1987427346
1597801368
-2020426692
-36547276
331552700
-710750720
1585720304
1100886306
1930574302
-1176799676
230912194
93865156
-564516081
1801639547
-682738271
819974727
1191324176
1972784831
-830979967
-2076973128
1086032499
1848423804
1019217739
2000425709
423961782
1418659818
450412565
-867307611
-2106772590
-2098389289
-309114734
-629476370
-1547488619
-1922929750
-2113650484
881073863
1450217966
238748067
1877742864
1829203205
-37203065
145321831
-2143210712
253048954
2139809113
-1321063237
386653903
-1533418158
-2133013254
-2053529457
1053186401
-1544912448
1170471034
1722680126
-1754574638
294206426
2045298800
613851412
260557280
1696649666
798304079
-1719254768
1095039372
251944965
-2034417155
516338666
-1817067067
-1200410041
-2038254170
472895319
-790968986
-894010850
-1453570356
-2114168438
-423934109
-634843074
-1407617630
-1174165250
-1560262338
-1869110313
731546522
-1601766286
-1153786689
-1872102342
696958524
976080693
-1548493597
1575760066
1727275833
-2068009565
300253716
-1608975631
-1319063104
247877103
2077263258
1555334873
1705966863
542044450
375867473
916022717
316492
-1755951006
1512222876
252675831
463737748
532454007
-1191791719
-971023589
-1525484972
-767867509
862567829
-1605270180
-1505074472
1114814769
-824857150
611172142
1152538401
-1801841496
2081446183
131191340
-1663238406
-663841441
-551237417
371444796
-848342195
-455843397
765831013
1739641329
-88702286
-1905083368
1152684438
-755223760
1951339336
-541990386
1633762904
1478010389
-1757688376
35724277
-121720333
2040515607
102221270
-1531985750
-398724994
-1648728727
1878004634
-1349766766
766567315
-605170013
1107759759
573051614
275212102
545907873
1116486042
-1441709040
-596397486
-2032416085
2138103902
1044602046
925797781
-705032490
372475342
982364566
-1982394690
1800321193
-721392637
-974772831
-578237884
-1204040190
1545575759
-314487861
-720457575
395328058
1435872913
-1089692509
-1259730273
-767458425
1096667850
-772815778
-748140198
54588066
-1141304336
944131361
-2129027865
-561442647
-1535654654
-1324144257
-660240723
166371141
199197020
1933828927
-1155933487
-185700593
-484356788
-1053724061
245621999
-762070993
1140370404
1420361829
-1737841658
1242093894
1564851729
-140043325
708596146
-1929994099
973192940
1469325246
2033232033
282362686
470708559
1752749149
-1635475905
524183346
521556651
-544306504
-955546700
631956171
-2068011239
1224620402
-354631153
-1721034989
-138825042
-1479123578
-39541309
1204520997
1617998867
293053254
57797969
-2051041333
-2007862189
993303457
-314503354
1291290216
-885489674
-371129948
1596025704
2010848792
-736993969
-741256125
1189075756
-387879915
-838904814
110348376
-387623574
241183836
1367644713
-1095248150
682596691
1483983759
-2143749689
-645272654
-298511198
1967858461
1698448572
1660745691
-1327204079
2133873567
-1889392373
89386249
654554382
1499095429
-2007156039
1488544925
-1808186450
-886474767
-206551321
-820775114
524683233
657061346
-1107737565
-1874196358
1420109543
-2108118635
1787458554
1695550229
-1658153470
1659166247
-1619293743
1720221953
-66039955
-229433473
145091316
-1347601400
443376268
-542254998
1436310511
-1494375802
772887396
1503604486
-689983716
-1964639117
175209804
-1608400028
1217874045
-389018463
-84054812
1210856553
-164787509
915241537
1913283910
865439476
798851534
1764806315
500532348
-1565586619
943742447
-2081289379
1226783537
1978776732
1824429323
2127043652
903482282
1793398560
1941027977
-944723398
965854198
-1303547902
1338077358
172233168
466593636
-318776350
467066159
-557088180
-1844233419
1252724593
-274220281
-789870347
-1438733678
-121952682
-846014581
-1504342899
-1362037313
829977685
-942311237
-2078868194
792158353
1524614318
-1815989543
491076601
-1390226403
-1280005181
722928447
1412530171
1164257201
-499855620
-1625701267
138426898
-89815800
1289570030
-335589535
1379122687
24796088
-652116038
244506155
1467102044
862623727
-2147140685
1331200960
-1899293983
943657054
58825795
784256269
-1094667294
-836214924
-71871218
2057363279
-627134949
550280143
-563188393
1201383329
-387050576
1217635311
-1601817693
365817814
1197786990
-1111494356
368986011
-1446744952
1853715286
-515037719
1550573110
-992995215
230286172
1198312202
-482565097
756445433
1097451628
1879896226
794485299
1922066447
1206658989
1213965809
1255983286
-1138352325
-1895695864
-1745519475
396559399
610451444
103596011
1016892126
57213129
-652409554
830213449
1664655823
386629700
841370167
-1663479323
1270393281
535848325
1104884419
-1424924208
1383619267
-70984991
1284390981
-1311800784
609010688
2054502016
-92936065
1286995522
227366520
445923576
-1337130660
2046593185
395732722
1067303480
242062845
-1698894649
782064433
-1311082329
1109096721
-862268204
1383986789
-345383284
1244997737
972793742
330004708
1062756784
349623755
768590504
2028439321
2096034113
132425989
-1338075833
1040976828
-1395456520
137269061
-1231331647
-145454781
-1520662402
-349099097
186684839
-1972990312
-637978101
-1013138160
-867419387
371213067
1019970384
302255417
278371816
1999584649
-1272132202
1319288078
-303475937
954276622
1436142119
-800357832
-188193466
-1027438504
-1089385492
-326882824
2051277056
-1145523492
-581658793
-2032241354
-1326243453
-443788035
-1425912701
-1359339047
899940696
-1885548165
-663531624
-2037533351
-7646365
1340412457
1490244468
1754848401
-2109765599
232988130
-328930681
968651993
-1311988943
-561079875
1954234878
1155633748
-1292802795
2056890751
431090467
1709958
-1956721351
-1409621167
-1567795453
1362801192
-1679869901
1417038514
1043654736
1096241471
282762827
1069975214
379699081
-1354209174
-1996376514
-530135216
900441431
1022399612
-1102970817
554765908
1259321146
-27298486
247528766
1443614496
891468388
107466949
-356706709
-73590283
2090547428
-955493558
-1122567939
-1314339231
1274924295
-293109448
925788719
-622702344
2130198266
1491643843
-1712728182
2001887299
-878815052
1401490183
-982505623
2038113527
2034603026
-1741084833
1804635578
-1570371223
-1259665597
1933077496
-1639159551
1184392257
467743589
-1374850912
1219718050
-1819008403
825858416
1668233443
-1669163681
-1906008999
-348636845
1792847448
-1761951458
252119644
-1973592228
-964629448
-345257233
629230709
1299473372
1893216303
-1640132018
1131477302
198983946
712148086
-1475322716
319285247
589898535
-395413727
438459411
1644866159
-1249093917
1125610165
2076204659
-138893032
-714982913
-1766290435
-1067194218
-2033395855
-1373892046
1483594013
394346963
1547776784
-306844079
-1429494297
-2043923518
-1888583144
-230230615
1406409069
1340244548
-1547369233
2134690223
2083070166
-1959305275
116526900
-742859301
-806243467
957047236
454147056
-510596656
-1043938281
-172967533
2060136714
2028067263
1886221211
185840987
-2144786944
-2127109875
2120833224
-1241789085
1709679060
-1254321356
-1882525350
-956710511
1762337859
-753785114
-62156706
500927280
1562684988
1070155639
50945471
-1933105421
602496400
-892921733
-1219806433
1923709753
1341886437
-2084614226
1272816107
1404493458
103727344
-1909683948
35049129
646906497
2137954274
95893857
329371027
1030637187
-1559963613
-2110856550
-2011874199
821213007
1149315389
-1647350021
844354947
228277856
222358042
935777819
-1962797019
311150000
-557546638
-1785892787
-700603882
1737053125
467856766
837131338
-529002893
1842177008
1254317297
243112716
-1709150784
1400897236
-1550824664
-143079940
1088662335
-1063495899
-1890169441
-187464882
2029876101
905703089
-1162579801
1726454956
1855483977
-1199536220
137038165
663542801
-1747587713
-753572345
1764831933
-894692617
419576741
-825973367
-217552288
1842933685
-822320293
816162690
-1748434974
-1058454239
623705657
1446370612
-325497857
1204201596
-1244575524
704475731
-1364401472
-1574860401
840745538
-394945593
415773929
-1501877999
-1257968553
1346277039
366498997
-1251077813
-995098161
755983273
1777717700
510850302
1287173430
1118464592
-1255874476
718936196
-2079961788
1220849925
-644595793
881830196
1293529718
41403634
-1522560028
-2033998070
1420116441
-541004212
1810966201
-51100537
961444136
-436114217
2112504799
-479993642
-304754663
2041018543
-2009553817
1626472496
1842500339
-1218442428
288529780
803268224
-1175203228
1118680230
-2063923662
126335049
-325600112
985727234
-293009146
1586185671
1873408877
-1724698005
1220498439
171304020
-494128051
-787721506
-1142858580
1177090573
-682367812
-1819680128
-2056475963
1445535669
324491403
732669481
1313300143
-730858280
-1660885716
-1377805787
1687447234
-671268301
1500468800
243551544
1855002638
303195731
-456091794
478160866
1910971975
1453000827
1373415286
-311008283
1645803261
1660820938
-1801181051
-757975036
811494415
804408477
474423754
-890045428
-1565933215
1605507634
-346175928
735791383
233146828
9621133
-786017042
494623247
-1408870570
-1630850402
187196900
1159884913
1485486754
-1654289245
-248563417
-1441054381
1756841385
-936739125
-1853760937
-1993101657
1870890410
-1391940580
-1705431601
842027201
-1828181921
1431783317
889273078
-1691315178
-1450327951
-1668288106
-1072412716
-1961857210
1381948716
1962837888
-1508664856
-786369189
1366780278
-1582577256
-41226185
912345171
2018936317
-1582171344
-1658254680
-1359630373
-1462283601
-92741368
-636956017
-634202019
71850863
-1639398927
369883271
1617919548
406887429
-1585820237
-2132731004
137300318
-13873323
-1266446800
895274279
73129194
-1820656173
981485256
-9566380
-1687134382
1425768246
1154901503
980150017
-1210450285
-1081482389
326987101
352567376
-1798196037
201225932
-260443243
753655776
-1264987989
-1752410735
-1299405591
-2114941600
-976681186
498156166
-383359540
-1422515356
-2126049303
616543486
-1867940920
-1947971461
-903916668
1076318726
1008328865
1528550784
663907528
1563378910
1323115451
525948208
-921206022
572074660
1078754744
75303165
-1618296825
1675265362
-371066267
-1898418399
920020753
-150607382
-1443636010
1243629045
607670058
878468591
780116431
1915906178
1461569118
-1273849833
666387557
1250189400
-240377610
995956797
-148789020
-1861697378
-1834190597
160516764
-667069965
799448682
16081401
2086218298
-1989491722
356498002
-925526780
-128313695
1491090099
-638111933
-1297164033
-1400450860
-1060727497
2066987664
-1491031269
-580922495
-1462920198
1609953614
-48862306
434403954
-1858337471
-691276066
-1190849819
-248861367
-1647256637
288458954
-1629441365
1287258476
-738055281
230978517
1376929675
-2078111939
847190316
144885324
205168323
286701198
1033488129
-1731636318
-1390980038
-1278005676
-2019578633
530472251
1202400452
-48874598
-747813284
909997191
-1692708701
-258712649
217332234
1071049299
-1664669104
-1745474109
892952776
-1161404581
-449254020
1849657158
-406696465
-1473689053
1055459921
-45703118
-1799340464
-721975802
347017468
-2049078765
1472237909
-1255325809
576637295
918513284
1149841509
716624391
-1397193885
561385700
-1924560755
600074830
46129820
-1903939766
1554971228
-1338735890
33336176
-2039816523
502653965
-1860072084
1834832777
-891195769
318679531
2039504097
-1012180247
906551092
117465329
822224330
-755125970
-1681123274
166264752
-1853479141
-90854633
658049348
-149603979
1343508633
408374342
-2119292222
134768554
-1866761623
-1160386233
1333465466
1802446204
1036190179
-654678576
474614156
1077772734
-896999509
81302346
1284762787
107211532
-1511879934
-1801620593
532588393
-1868285389
-447201703
1524130805
60432956
1740799696
938963239
1258124427
620134689
-454856138
-1645044997
1612672930
894037752
-1180388203
-1223584812
-1631300209
705390577
916011095
1180116400
1872711854
1523267390
378961869
846570338
1948738984
-563536886
2095419658
1240832168
2008179705
-1722594903
-399195121
881780604
607115948
-977750256
978702120
-1570380118
-1860692631
1045197190
1604695444
719541666
-908106319
-740366693
1051884651
-1325975153
-1216463769
15554905
864864700
654571432
-492644463
1670837945
-1603153419
1655718085
-1037465504
963263832
-514050169
1572053556
2009388397
1349823594
-405749559
-577056819
999226693
1495920110
-903477219
1992162115
1255316775
-1940459485
-472610223
930401468
-17793013
849912378
-1521567929
-717696860
186964454
-1080735668
-1481185065
-551522626
-1823575252
183671437
-305961997
2099887739
1862174870
1651647426
-1115764725
1936575631
322986789
31494896
546672819
550118848
653519973
1167848533
-1329099389
-1156072704
294044406
427820444
-568429506
753103550
109810504
-1362683573
-1292308170
1393425272
1382529189
139541887
1091295726
1627239316
1766550132
95066587
1081173505
1902557808
1646852539
222640318
150508097
-1655013705
-811343131
-1930842189
1550127650
-862888458
154712005
799365933
-2005765287
368453998
-345299494
-910941837
796088256
1336189995
1591188692
-1337003815
-1601181316
118050389
-673556138
203910448
-1825247904
-975040059
-1017784323
-185827201
1987516308
1556390875
88011937
29016818
1531217521
281587854
1530214874
-518590958
-109541457
2101420739
1959929030
1514131254
-92009534
-850321949
-1128111864
1686662457
-1029739648
-1998685017
1030242579
1329747308
2040554502
-2043877067
1643574951
13321166
1356426460
-225844624
-169193573
1288739450
-1844065193
-1306312053
414644957
739138656
655887935
1185356511
-1899259465
301375287
657899696
-958072577
465248595
-1039554382
-603088059
1419110664
1475170432
1584802545
1157067890
-1712207556
-1229308490
656167994
-1117279951
-1274166574
1822572887
-1434081816
1115675360
577305607
1487126583
1561249442
1118381929
-859187336
-2084267426
1956627408
-1530511453
1876907187
-1090698740
203585099
772145143
473916938
772783869
1756233299
-474714298
1402228651
1974804973
1851361989
-471709686
1918395373
-516936611
51896205
1117351866
-895438612
1056714903
505433945
869728371
1131180887
-902074896
1501633678
-2098607916
-1325899129
385379661
79852927
-2007079383
-84792876
1182933479
1648394204
1452301514
-1504074972
1868747346
139863912
881447621
1872930500
233704890
1792648174
491901114
1468236922
-278777488
-1543050635
1633889542
923367898
-1906425180
1828945330
-1492875996
-1890731560
2083856500
1223315901
-287577777
-1682253410
-1280093659
-1727678713
1788812906
-1938049376
-1887636049
1086881931
1986763300
1722427884
1551733374
-1149839036
-530604713
442834118
-398732169
-813531938
2143293617
-2124754317
125793080
463816624
1938622357
-741508267
1943521700
2063618536
-501150397
-1276811976
-629808738
255134215
-829054923
-930784022
-457902061
-1261370736
1063878604
1728779536
-19350210
-960731397
445362220
2007934519
-868690650
-1679406096
2142787683
1607564329
1971674219
-966177103
692248272
-1312930687
910718274
806762455
926607298
-547310975
-293265218
351900992
1737497183
2123705379
-1265375152
474775367
-374157370
1864217709
-429778031
1787821366
-479326088
-1790269687
-2143246786
798342392
832144371
-432334572
1186710146
-1875897838
-1475856737
1283584822
-658175109
-1200721964
-352101906
-482731790
202224631
-1343565109
804151997
728052030
252110205
956288377
-1532745216
152429654
-19231852
-1928975289
-1275923553
1822401228
-1139863745
1446274234
-1013481574
-854373917
1655490246
2057913317
-1418360462
-705611490
2061770171
1993248798
-120694325
-2022789869
-1717585605
1859621364
-384020915
1077244804
492706932
1122678880
-515605556
-966636369
526553448
-1094398919
1564331688
217550308
-1140499984
395798253
-329298571
-1740711592
-353932030
-389308307
-1384291875
-1880228039
827212854
-1922226071
-300397627
-1634706430
976256389
1334918845
2136744622
603408399
-2000399020
1682980650
349505885
1099525236
132988080
-249580472
-1983875138
1014108425
-1426714661
-2117720645
1427029765
1211021257
-287723257
-201255515
1068903446
1158322524
389286753
847831387
-1087673305
1862063857
185713232
1537571162
753473442
-1957202607
-864743170
-1958599557
-1641380017
1409447217
2110430743
1419625062
-358852686
-1092641593
-1695463473
-1751629500
-1341702479
883476127
-1809568726
1349860024
-366995590
-849098322
-129601161
32959503
1123174563
-2036052313
906269468
-1741423179
805824658
42280589
406271641
29216234
-2067446754
1791489672
774884550
332673718
-2119980170
1529040124
2086110047
-1463884006
-598628031
1437889496
286083778
-1003219065
1954351110
-301231061
1698165750
473350547
-1234351666
262012668
63810287
-733029654
1172010504
617852762
-1880993521
-525831294
-891395669
1503812017
1776450544
902186770
1586550177
1090100319
1924734048
591884740
2139699043
476652934
-1963322964
1946631209
-309291040
1386406435
-1123275487
-690408852
-1165931357
17336927
-1745786417
-929891638
303265588
1469390629
888429712
-1925669055
635444925
-1167577868
292429896
-2110308729
-1538670608
-1304303627
793264749
837113917
-1568442584
312243535
1997697993
-2143344540
-908187442
-1979714118
-977534594
759744015
1763003389
83109202
1383946827
-639174310
701184873
-288643923
-1619123187
60488858
587149436
-894288081
629712263
-912483115
-1052422975
-869743972
-1729918875
898723188
388715909
-978437138
2138519421
-1697184969
297469371
-805327512
-688628392
71395944
1622481440
-1588293142
-2130360591
-1467069357
-1641120865
1804583303
-605278532
-1126139916
132852726
-675181740
1670165481
1906229746
1953028248
-36628350
33489385
1548513228
-1069205547
99642543
732916784
1738580561
-859139017
132093816
1509261885
-1383763115
3090991
523823954
-1942364201
1677638305
-1581630479
88690074
1265778072
-2122076629
567017371
-1651182615
573539759
-1638542970
2113129372
593109677
2096230624
1108535451
1041376595
1097384181
-1624018993
-1771642471
-1489332746
-1681992309
2044257406
-325195223
2112055733
-792247993
733933588
-1557781530
959429918
-400995678
1159682272
1964223500
-1358791485
-1955803511
1188580508
-1078924690
-1169212647
1566583411
-2022767883
-1404019795
84410530
-1242942539
-1388608438
-1103869274
861239886
-14430188
1338218676
146025772
280570398
-1279655013
1579623238
1074698231
-678461941
-2079160401
1843424661
449969627
576844069
-1522909344
-1472256134
-1313493444
-623404290
-1772741375
1177362198
190826177
2115293512
1673809146
1161295126
271322183
675332028
1403304411
-1630842569
986898200
49420861
56442293
-281322740
1829682780
1253199165
-232844123
1308064510
-28176690
685297759
-1229429584
-2026264684
-41543501
-17399970
945155798
-502873355
-2132315896
-2111627988
260455777
-677851990
-6077958
-1795332770
672195453
1402203047
52176539
1095782342
441033229
989041803
-386626094
2086038113
-726628933
-1834135514
241686674
-1665241741
-1037217199
-220535236
542811981
371355120
-549073081
1209397384
-1256322389
1289048606
1049872796
-959768061
-60257417
755002487
2075713257
1944817253
-1564262951
-884645677
156984754
-1748541973
-556248118
1102493638
865666815
-1421616805
-1812733245
1815856198
34659626
-246601147
215929015
832225169
-730846213
-1768772726
-934863804
-458342579
-276167183
1150404130
1399321636
-1711707664
414413538
-85240295
601313769
1394642273
-2036143162
1731976154
-1652159511
-1040057377
-1549058098
141491631
22712950
1787122466
2048341691
587931015
1654508626
-1024093761
-638811026
-528873734
687130209
-249782576
-592322118
538966410
957950624
480061395
-113418623
1180865324
-80891307
1601304786
1280131326
936730374
-374667384
-498584892
-1812003234
903482488
-1565210191
232522803
-245540714
1247711840
376285618
852871198
1031212400
-1438399846
182243591
153071392
1543406309
94048709
-395966405
-1131784495
-980292430
982685516
1811501213
1494807403
-1396545755
-1479374428
1026942259
-1548488784
-604445897
1300216530
2047334127
1049306891
1152729055
-1387603664
2114369568
1096752629
1402283172
-1842579345
-1521546453
-1350902630
1834316148
-2081806625
-1611175814
-711045189
-1998956620
427889389
1742573491
598954965
108490904
-732494611
-845752275
1998966403
-1636670285
-455429862
1309848735
-1789298144
1297086673
-1404525094
-533381606
1077823408
1562678276
-19244475
1134230072
1940814592
1025413884
-637984536
521556117
-145758965
-2062418788
996606661
-1316330626
677634206
-550343735
350996126
-1311883288
931657023
1201750660
-1942706062
629053604
-1172093877
490961466
611943751
-766279473
1817912414
1924375898
1868726058
-1930241650
153849590
1314518568
282418548
311387899
-924433318
-1895997744
1577200974
-1959804838
489015736
-1010950466
-1887771018
-126382193
-1032870515
-728018644
1218058306
327209940
-40665527
279597308
1211687653
-889578586
2072706866
1648362951
536133872
1016719872
-1736923257
-1531351499
1145693468
-1454982453
-73275415
-1802372210
550449222
894851732
1294152182
-1773432175
-718470214
-314669697
81976887
-1265285756
423130035
1580990843
-885912517
660282252
-2060411358
1762961334
-656875261
1966766398
649341358
-831778477
406701984
-1535377803
803287292
1198119770
1110284315
-512955035
2087853615
-169101840
-1195063148
-1157665040
885930674
879538887
-933753683
1832536120
-1725106380
-1569814825
725419816
1215681908
-749260812
-37178547
138015182
-705864185
-192810690
1728891331
510484370
-217508402
577929268
107888562
-890405642
1580621753
-1814844463
1250919716
242250414
-1888934499
-1012880853
-1031974227
-1706701182
-1128638137
654968311
-1422105957
1040389752
1984230099
1685938258
-287504020
1086581297
-995884993
1170279102
2051760512
1409308307
1888066106
1587592554
1598684687
-654164056
1762644546
632876469
1282431324
1059914949
-824054291
1237485813
216363562
-824655122
1030587269
-1416030349
1075989615
1689573752
-1775219750
542215098
-2037429945
2059113712
-30360236
123224593
1703578155
-2013584325
1744618567
-1427049404
60085090
-837403650
-26530677
635151786
658874807
1285622847
-216952758
1133366116
545154923
-576361396
-1876303845
564081890
778052717
-1377607461
1170200656
-1526826837
-1123693112
-183410574
-1632634997
-2072450724
1597585500
1219623433
1351010967
1751013105
-1988134192
1162527213
-1159159436
-1664540605
-667616570
-534599450
1159135667
93804753
-1858037424
762061212
-878024188
1621755586
1315484323
371308598
1122777869
-1463042774
1993073930
-1809711037
1822808444
1508906636
-1079323875
-327025443
-269001377
-225324129
634344754
-975476981
-937860430
-569531819
884002322
1154381415
823316281
-986459880
1983682287
-767225856
1621402000
1697346134
958707349
1065320321
859512192
-1788496833
-1694083104
1909530258
-774575725
738750669
-1025723539
225807997
1539699177
1361263108
1045192852
307062805
121971788
1819436667
2090746261
-2133097005
-2096014974
-743972326
-603947248
-943043519
-882180125
1617544996
-870889798
1825739930
308632362
162726775
1129201998
-2058084942
-664048241
-196964846
1979118528
-1383487725
989978132
1569321176
642744248
792795752
-963612641
-2074858861
1984984894
-2069731553
-2121080760
-1100337862
1188542385
-820644791
1295661684
1124760694
2125561853
-804926269
1183120674
-1688358814
509621772
1866656155
1281728004
-328605550
-1902735492
-2088091989
-923515951
1973631831
-698412653
-348426870
-31340199
1012419904
1176968303
-1207090523
1596939737
1125956834
93517185
1319788712
-2138089840
893222620
-429685444
-1797079518
1158219154
-1250572779
-301089784
885315943
-1572689445
-1530121145
1831785085
1388037816
1836174502
-1628172607
-418916147
-151159647
2082709503
2097576808
-555857536
-1721302366
974402199
438569470
885429095
1620731409
-316371753
-2016473690
-1707553078
-2079549122
-655553737
-841774425
-803270173
183476439
2104134095
-1281770384
-2028988272
-1446530162
1293563181
-1559463973
-2040515773
2084581368
-2017389463
-1207112267
182300988
-1564504904
-715546505
-2029940354
1772960250
-1584945444
-915211076
430319724
-233977362
-1541270906
2012390627
1595884725
-1055701391
1101943247
-1578982416
-1548504818
-404628232
-140372505
-117200748
699568238
-2031902330
-1763053952
1551600323
1211446807
-1441456031
1163594604
1701713539
1641544150
186439432
1363997828
-656986105
-176845688
-525547421
-516138036
-1445288708
564433120
2129436732
-473535020
-969982175
1500478568
1704860142
-1889647520
1653599261
700122309
93625947
588537675
1886850700
-1152410306
-751547101
2095204263
773147738
-373372801
1715201297
-328548055
-826905004
195379865
1667252185
2101423556
1373381884
-514373812
-1586014976
-1076820077
461358748
202668169
-2057570277
-165112581
1835621021
901065009
2089993787
-126338288
-1046772200
-140832733
306968231
1179259447
1303981485
600549237
-1947925813
-1819565811
-800923501
1689959424
-1261938319
-574758521
-1344839440
196079905
1689817390
1144910938
2072239467
857357502
-361247202
-1327815011
-421154818
768647047
1720930003
-367710805
1722332688
913284478
36066442
682081614
-418736702
-688440648
-85534049
1555487769
-1749252983
-121274268
-1677602494
910268948
738353916
-1538929140
1098108779
-424211042
-58244626
1584233243
2095476746
-1193035121
1330422975
-1130197858
-555102589
-1221867620
1520112879
774996814
-119220647
-127359489
-416294157
1497597390
177101352
134680407
1565323339
-2137625808
-731109928
-1871938100
1963818708
-1152620099
116686863
-1250327946
900890970
-515805707
1052888807
-898589185
-1094690447
-1196401196
-384871455
-1998618746
-369135996
2110966870
1940992792
262327750
-335599058
1590288701
-265733703
-2013602185
47965640
365394193
-1516431438
-852885516
637377858
-983907992
-1198915415
796604701
-1097958602
2134103399
207415343
-535125122
1153798714
283516552
1104530741
-1642675280
1393776501
2087288221
1485818046
1618248703
1258467956
-812220396
426693590
1538635084
293254718
1322919291
1448048834
1825323573
238704549
1344403782
-127671432
-1770897294
1848161502
-339114800
1030554961
1786915969
1856619092
1314807199
-877281284
1701780357
181432504
-140487700
144788405
145301355
-280715172
1433896289
1828539575
-540632754
-532384319
-1259186140
811289583
905860636
1401807726
-2080792044
1220314865
-1676390023
-1888060157
-460750767
1360415535
613761763
642049933
-232676607
-823898009
2069584150
-1304397030
738726225
-1738422691
1746454449
-1323243120
-685397574
-782693942
2018183961
-1110376774
-118234491
1325741204
902039196
-82522717
-1368945008
-478151362
-1843109671
-1445667033
-29578670
2045352353
-814431648
-673892922
163804443
1696569564
-792601963
414726843
1519344288
1454565512
762924761
-258283444
1919709367
572291376
-846989334
781763939
772312414
1815295487
217846154
-212105634
-1240909567
1474118587
589578334
-1648138462
-434634500
35764978
-1557229031
-1024290186
1107488349
-2141236878
-1531913255
-1328076147
-827906833
381658877
1469455056
-1745565980
-1153962381
2051418429
1110620967
1139243854
-2016102864
1414841077
303819038
2133310540
-729499474
-2073048455
264261751
-1355303774
-673748035
464380767
-607982060
-2015895514
-2099977540
181913463
-100739106
-1620443173
-254168297
1946626807
-886759703
1099348797
296623377
1909665786
1364471765
-1204059426
-1428128573
-1811145429
2014991735
-575961039
1197950819
-470856771
2068529591
-1473782107
1645156553
-1026064226
2083176635
1736448501
-1132620497
-1510136597
-940770748
76414398
567943992
-2095246939
-676403880
152310353
-977681869
-1676418395
-1626353119
-550489398
-2047115104
1441203405
1841245717
1109420129
-719890702
2039739264
-136321450
-2027313409
1111059094
-443459245
726994010
1247100692
27262259
-1921710076
1394712782
1353914535
-1840083917
351075242
-666916681
-1776546898
2058151042
996728110
1055977690
-1873745505
-341758314
1102362617
47063902
-1710748602
121648814
-107161874
-1057025105
793017817
709326173
79559834
-246324060
1986989641
1449696329
438594218
-493818653
1616570842
469150512
-577803107
114785668
702842101
-773795540
-1101637190
-4198668
91418940
-1163682249
-2109259197
-1832740837
1183903711
-664975120
296139753
1774162881
1196709165
-1581642594
-294525
-1793230803
-341864083
-1053170827
1355274746
1646880015
-1162710289
1218519320
1929247368
-1680897121
-247696035
-814108321
823908385
1938920709
779366998
1436745561
-508683216
2131921659
-891500740
1179306132
-205442938
-1310316880
-392477619
-326541157
-1346201969
1842063855
-1597277968
629156031
-826016314
2069538432
-1469796015
880885786
859098474
1823102926
-2026620625
-1330401328
1581127025
-387812663
1031583732
1897371544
792206013
623808525
-2044282363
-939385222
2121265805
997954627
-446694565
-228512806
1558634806
-1543980345
1531725650
1167273140
1193046033
969680523
-381419071
-794859224
-1265668425
1879383354
2068426058
123711033
-542026901
-1613475680
673252082
-537636911
-573919529
917822024
-569938189
149407496
-1962498309
2025246054
1370949328
-1997049691
130461026
583434999
-1906684758
-188010524
-1732320106
2027553830
-1733798958
993917305
1852762325
-694143247
-892986721
-495613228
-510529532
887337228
-1962726016
-14167641
-61049629
-326281979
-1034623148
-2007971932
319611265
1615928744
-1848319240
1149486731
-860361486
-774784092
-1648594399
120559715
1452318784
346941806
1369451884
1809631239
-881379682
-877356699
-1840516685
-1746799133
-828814109
-2136251850
-959390046
-1333644033
1436619830
-136000127
828123785
-802835395
-57115643
1150971068
-2105090189
161298398
-2038397126
601413719
71030134
-396023990
1626095792
805960993
-581796276
1357198096
-772668701
1762417641
-908962270
1744164650
-1916991769
176955240
1320947120
2110078342
-1489736037
-1774375842
1483915657
-506903359
1959542302
-1880911878
1504760499
201633589
451410048
-1878396802
999896186
-138297803
-276966468
-837032925
-1490074752
