1469933832
1434245114
-1325722298
-1125510313
1832345670
-621030792
1483274290
2117808507
185849498
1816919700
2139322392
492668395
-1986800593
-221195630
-255193815
-1187068145
-1464927294
303679318
170090721
2041313060
670381994
1505401626
-674272080
119523339
378516247
-128414885
940203740
-890050467
-209607778
-369313260
-16881243
-1432646206
-613570828
806040110
1809899689
-576008061
170703097
-482263242
1190742153
-1307857828
-1613756936
-2028663728
1796685005
-1510950249
578231597
-855916949
635850756
-1608844971
-1527232633
1018854837
-2274769
1056257070
-705624402
3809873
7891296
178577916
-810483642
1419540551
742688925
-1226142732
533846389
181227196
-1304735479
-860286475
-1183660381
-1363622302
1397676357
-636723164
-147401856
-1326214351
-200976621
1308453304
1452353354
-1841748650
-756299972
681213202
-1931818673
233762155
-1984909388
-1360509680
610380209
-2011484183
673603579
81857441
475591273
925965274
1652446149
1586303388
2123293837
972757202
-586834980
-274198579
1900856789
-788037601
566522181
-1141557935
-1358323109
-2004142785
769742497
1520711459
954263201
921751954
-674599978
-364952330
-2008410664
880957264
-1976707090
834860868
-123789217
889626556
217345342
-335639898
-573366647
1141569689
-754979894
-1116996506
194212771
-752573219
-1549761048
1872026706
-81158860
-973261660
2144045858
-384702510
1460941446
1572333671
2136431968
1937818173
1303500901
-1284664467
-1608575930
1252810343
-2134823642
-1419792000
1379037915
249163134
-769330966
2002428900
123540330
-2131400938
1334570532
-1714796155
1805249964
930479745
2056283736
327378542
-843670745
-1618732700
-1982134492
-545812862
-440664624
1416600454
-1374573692
-256866459
-1209520905
1763613675
320499024
-1689561670
425708643
-922101983
935316234
670722451
91959740
165507801
1128981974
2115608101
-772408279
1764353720
1987386313
2044068027
-1685192135
-604365201
1935835749
93754093
1443412486
-169793272
1667958116
921861137
-2140897385
-2090661501
-2121257548
55860720
-93495930
1438743713
299488451
372359356
574831586
1433323518
-1598797828
-1783051711
-1596352170
972416613
-1643208560
1380299867
-229166454
-1823955617
513823609
-871057753
884882377
1180272653
514407867
1891391357
1923879139
1995473719
-319835924
1783060509
-209092780
-1610160476
250889207
-1014714329
-193786203
1944586155
-1601475556
-1550365616
263383826
-82214646
-712433094
221676627
-367241620
1441209333
1277892688
799767588
137544512
-576997774
2125611841
-1348017045
-553320903
422689507
308591830
-808595920
-532215358
-757400348
2117943817
1939047890
-591687697
1902710615
-1944202880
903981373
1034423965
-1214486596
1353657943
1198452059
1142759895
-185474363
678382370
1102595786
1435406459
485195305
537714993
1251437008
-422772964
-867542088
2068756501
-1263741557
2066574634
-58891857
615080291
428007020
2076762192
-1779889075
143551671
-827167770
343990813
-1629338459
1454135292
-1767285407
1612428261
-394309451
2030485481
-1019360652
-1265279767
-1593888584
692229326
1530434132
-219089227
2126052792
1341806480
-1749750138
480762825
2072649062
1957339889
-1847984932
-1031103365
-1596760275
654804244
-934382434
-272507365
-863873404
1754230080
1024850694
769362008
-777681277
792244707
59427569
-156048159
-404802887
1549988570
-769809452
348689743
502524220
906353647
1739666412
-326532287
-504423936
-1750398046
-1610255943
-1353568568
-1373024404
-1252449748
-252012372
-303169787
1528880170
-1200472896
-1296384738
-1440188143
1674515006
-2048368365
844376964
-805273316
-768518310
844012830
-1069676831
896272856
1566485103
-1552556254
98818683
-711141865
653749895
2091960812
904663761
-929222478
877039313
315230554
-1648848437
1948630701
1162366973
-345183459
-1428172237
-50606184
-1438883126
1635270592
1079004772
456773687
-1532097572
-659568664
-742973888
98157413
1144419538
1740681692
131989606
1022616885
1726642840
-1143870649
-1824243036
-56501159
44469497
-316585155
779697579
647568839
1686139767
79353979
-352954367
1821730457
-3142818
-1872252942
-861813701
-1814663116
1673351958
398872454
1560440426
1216496300
1045649081
-598324974
1925237973
1223674215
201118181
-1839357521
-912816152
-1158443521
1531484882
-1037147850
-1315820179
1786953068
-467588442
347543042
-274242823
262069090
679728903
-877571846
2023705512
-1145124872
-797339406
695033294
-2129783540
1259338634
1826372810
912964479
758505313
1714756831
294713268
-2015291099
690124038
-472558195
697359905
-766125332
2139391272
1889667227
-1163974741
-627676321
-67545664
1991167848
-853234651
-298853144
1321672894
-1806573364
-208263700
1728094103
-2082107258
1031882364
-1387543165
-737587422
1621954459
-1291615053
537258591
1886248236
167698329
-2028955635
-87812866
1491639242
1264790376
-915771979
827352637
-201003966
-977696594
1807890882
590561259
-896559595
-1259627387
-592293922
-1582440
1745291839
1457051502
-2115345880
1046734003
381032124
-173179772
195447387
-2070839597
2093469262
1279682548
1650835759
-1250154156
1598793853
1063667884
-1638029313
803632934
2047679967
-2120728238
1686227115
-871917087
1334985881
-1528355721
-1450168385
1804409627
-1211551451
-867188724
376800468
334386941
1847861076
-1035473900
-1661729482
-2048619500
-580868202
-920956774
-1645411130
515085412
1479967865
1350178534
-565765854
-434332734
116305007
-1734018581
1516851970
-275421341
1252770772
-1570412030
1692805605
1811153583
-1405539538
45594589
-646513172
-882383525
-1647956555
-453477707
605246468
1268180662
692524054
-976902714
1794977867
71668290
-527556749
-19463940
-196201812
-1957187195
348827822
-803669778
1780963787
1215242017
289218535
395311627
-1772122072
-2042874078
617744450
-1086731502
-1649711234
-856393577
138415085
562404039
1559930476
2073635939
1047483489
1230157027
-395408297
1711351124
-1952296217
1022431819
68546445
1094053236
1900774749
597571717
-506816082
1072034975
-1460387015
1839996007
1063093831
-1565354923
206886606
-1876493295
-755636289
1966734545
-469866802
-391486436
-1822353802
-701866150
-1392806897
-60500973
89116202
799861208
-2133594223
827110945
526343581
-1286838359
648948928
25206284
1133751412
1516542901
-1340722187
1509426017
399588194
124037055
1686714690
-1505170703
-298548603
771757310
-1401210002
-23448709
-736734705
1980715500
-211218626
-98469462
157489449
127514973
-387360010
-83441855
2078619411
-745507118
-1227667938
-8945260
964737679
224582670
1186587017
1918192441
-1822346369
-888538134
1734839187
1669647616
-1191150899
481468005
-336276311
2007734815
-554199926
-267787777
-573921267
-1335123023
-252112807
1587682886
-1181238054
-1944195231
1516669966
271244208
-650276026
2113242466
-2081866607
-1450183509
-1841724889
814664098
1217372424
-1228852238
-447571784
-1535200194
1215349813
-2027617246
-1717741412
-38232777
-1275613157
1506673804
1047694370
-1663529114
-402655257
1337235276
1443282121
264984237
303463438
-1800225638
421793287
120372591
-1816146766
1293012831
610304069
373796161
500682314
710866699
2085019694
-903141663
-2009824128
1077174949
-1064770007
67257702
1743791965
1173528867
-223000029
1527562425
-430119261
-163140869
-1152069743
779658051
-1914241159
-1777438471
-1258451531
-2043336985
-1085274035
-755563437
-1742997473
-1495143118
-2097637643
1816964090
-1876595850
2138900177
228304151
1462139698
-203406728
-1163559357
-667855157
-6537884
-1163282626
409950670
-1109063810
-1269904589
-2006838076
-736016201
2070200601
1299717324
-47448920
-1174179924
-695303839
1849273730
364102962
1743390853
-152964704
-617282407
276837268
647874859
1147368581
-438077599
1025382002
904873432
-704139704
-975210362
-687045469
409059968
-796071151
1772292262
543671353
-382916722
1964640154
610540580
598547902
-2028073517
1246806034
267455035
684859329
198579643
754682180
-1124312747
344856208
-1067582015
-44214280
862485661
-1319322554
1495149604
2108422809
1947817683
-1532140281
-2090229798
597944599
-539322786
1881287562
-1324188475
-1800491250
-1471725913
-84483625
37660452
537089063
-510659932
1658833489
1445339723
1320838846
-473770830
707550455
-3397994
-179991355
1896943527
-1292198682
-1486937445
-1638613273
-373596889
-1995718111
1123752862
-1691250192
-1492116170
2106801045
1028464969
322646635
712692495
-2040181418
1028507804
-1984694644
-45212877
-1401237714
724820514
414952016
384724676
-518795431
320855909
274725346
580208658
354098569
689150883
1667145281
-1589019530
2013856303
718371776
-691326946
1361239902
-492591620
-1770448513
-259734262
1975288489
2061495717
124186092
814070480
672802869
-384971290
-1723879652
-321235681
461027509
-1616421942
2053592345
-978251412
-1042623545
-557179608
380566038
-792603370
998755653
651582832
671353322
1870092746
1649716186
-1557624153
-392268613
68713512
-1073218344
-493035857
-271394567
233132198
-1582132919
-1479681844
2072565902
1693852340
1544321091
721570659
195366227
-1964457439
1761004160
1271398915
-172404539
524993213
1360403246
-1534835799
-1656403208
880120382
1868734978
1997780287
586972363
1568376935
-188190062
52912230
-215598756
370365798
683889892
228909685
-1551940930
2086761085
-1903750335
-2144598080
55311849
5601509
1040077135
-515614948
1204122098
-1756658962
-1577631650
-1931914846
2063238779
2063596394
-1166621439
-1579914573
383923564
1927708492
-1600134687
1762655293
1223861218
-186993269
304511949
-338773189
928798311
137118027
1243728660
-1466470270
-1220021148
578105919
92540438
-49481287
-697807149
851220296
-1212002024
1582749352
18456120
-1554180254
831545176
-936458570
878848977
1346483392
759312737
-1729348948
-810034677
-1282859468
-878351200
388931263
816922680
-255708460
1312475190
408142028
838880639
-453338150
-1579128050
771217125
176138003
302162124
1148950322
-1466897909
1878734248
-1680369188
-96389542
-435181251
-1896901087
-1034378096
-1188947002
1502341297
-1811717747
1300201125
1406734157
-1935453856
-1732738988
1905371953
1063646644
-527104824
-1576862547
1365001735
1587718723
-460506899
-1739192238
-1462818466
-179085931
-868216672
1016015223
1752320436
-1210217040
-1910295549
-684539145
1551526895
-1410471083
-678826677
-420713520
-17786426
436650136
-1092629049
1266207185
-1917716386
-579490638
-1787158750
709223313
-1857821385
-1194800876
-1556568860
494017955
2060614985
365464512
-491621826
-1549707513
-1938951574
1920793300
-46934010
1923274979
821908210
907674983
111062783
1733954930
2007213985
1511527832
-1836154274
-1375260101
-356611137
712716259
842423945
908884358
863216516
-576965706
-981055455
404705035
1244959930
1022169412
377659202
-1222855700
-1594399328
1986660504
1134031625
-860690971
660301329
787957228
-1587934890
1220658626
298911461
1644916538
231022290
-545869552
1566393239
-1476593901
-1962630349
62898967
2012709416
1532053680
1043527102
-469913337
-1140126398
1405755718
1136256525
930788720
1788054687
-1394693474
-684458734
1755332343
81665963
1108552420
-64302501
21780038
-1150353816
1065049534
-1743851113
2135093060
-1524251503
-1260336480
-125168552
-1647928954
-2034709758
2009574494
1276425242
572998660
-1321061546
-1860026878
432289923
-1160968177
1562347985
-802455329
1222067692
506474370
2131698048
299880422
-1931874273
1619978807
1719963294
488297527
-661400222
793011901
534766393
868724475
-594647628
-22265273
566858261
1393126512
505535062
649626598
-458286128
-1945168828
903586188
-904947974
-1267013050
1990716199
-1745272156
1189804262
157548086
-488523365
-1948320201
-549024254
-1822928091
423898126
-937316690
2054934997
-1638982270
-153509847
1815063815
-1939646845
-1426176246
1684468586
-1357070887
-1328920700
-918499986
1144596208
-1060025707
-1129258090
372369202
1091103893
-1206031602
1956782580
-2116349225
-2015268543
1899266874
-1077676344
-577670084
-1745291139
1830713657
-985470243
-16702400
-79749818
-805845097
-1934427496
850089644
38652963
-911609906
1428877352
629570128
-207140231
123343118
830385404
381532011
-2114134242
1264822079
-1789913483
1786736719
-1528893397
1116845638
1442159069
1671473221
66103829
-274143865
1588624278
-975866707
1137083390
645484458
-1734580842
-1147347863
2117612872
634849954
-1620776686
-2080323204
-1419513749
1212460011
325379961
-80678675
1982461704
1577798930
731846307
644337
-205202626
-1255156614
-2059529142
1711752520
-1684798917
1148028508
-1237467976
-1858862617
527645716
1247420943
1959180482
-291609642
-279739175
-380104823
-2066700
1106522203
561398500
-1874894555
531432461
-1503266216
-1662151055
250523046
2124773037
940881393
52006515
159450747
830792268
-1705876879
1208178341
-1795781052
469435758
271117934
-571165986
1760654228
203368212
505985578
263936937
-2080287752
690935669
-793617349
-1276309484
-283948232
-492075026
-821719954
-210079544
-1992477988
1453665846
-2087102231
-332662694
1132385777
137324245
1675626895
-1786403617
-864281332
1289865942
-153397849
1631790789
2061465231
-1726255941
-1190408257
-1855477536
-364642518
-2117291856
-1617908786
2046395843
-1636094300
386528260
1643856792
-1120698799
-2080764709
131905492
481033558
-1149614701
-160025847
-1527758072
1925478549
-1241614902
1216027976
1611788163
1628775774
-1595915576
-1941663657
1363973781
556444054
153845115
-1884088418
-890646348
520206504
1230486730
-688136337
1125842028
1395540320
627163043
-1543147634
800538771
-1465051622
-1152361388
1198983667
-1382351424
795177755
-12021478
-1667714610
1963483900
483526462
276400631
1987976906
640686522
1235182290
-10309688
1003954325
268713220
1602744514
-612166506
191116960
1457983479
345234934
1604505899
-1648992221
-1544935567
308646649
2111580136
231565411
258603784
-677272612
-1735163690
-1583860937
-971173571
2030787161
-253062406
965660103
1701657328
-2049098182
-550744340
-472496233
1583649303
-109625349
-1150001494
400201667
-320917590
2045929902
-38908247
-884272500
-1504850719
-1312540130
1765127213
355087122
258261921
1218055735
52552921
-1486242461
2111185459
1865890981
-539159671
-2020049740
837600822
-1851340870
1582294623
464986605
-1496730921
750504340
1508366876
-1650588054
-1503390146
-169214338
-95418704
498456319
2071966283
556929430
-1525081837
2036427581
1590992001
510889904
-603548075
-1701360397
-522286782
1345365114
2139405300
1359852535
-159836612
267257312
-1859415699
1917057574
-2033072093
-2112114254
-1821835499
1222691752
-326127712
-619093630
2058681896
-712206472
94103944
-2102142766
-1622133214
-538704861
-604672431
430338415
-1648452787
1033268431
162391233
-2021750249
-852172133
880847486
299133927
-1930118303
793304757
584363412
-1964076977
-1448479010
413276755
442674070
619634800
-1569393542
-2140585011
1377887540
-6564759
1900974632
-385204750
-145012600
374406380
-1749939778
1237707288
1053062048
-1775260294
-1976557284
-1295122572
-1590305991
326342096
1984084116
-1770617941
-125494835
-990708064
-597664891
-2035435352
45132496
689544580
640005961
-1213951056
2097583669
-383241169
1835342928
-190901837
571199542
359821029
1665822093
-1148912413
-200060587
1123530284
-1597758960
-1941899382
1071655581
-280303677
2034777331
-612048872
111024685
1451764435
-1458151558
-1838685573
691037174
-2024320156
1183209845
918801075
-393284925
-1645442798
1023728617
947678373
-2082077319
1071654144
777400815
-147507922
-575869792
-2100167925
-305060901
-1079625605
-785605599
-1772387774
1338140831
-1325182569
-97053359
-904425322
-817149583
1996302148
492629293
-1044537907
-1928045652
1695361551
-1610714393
-155598404
2069329139
1899683742
-647349599
-1752571467
-1370341988
278531916
-1055715209
-1396981443
-580582070
598123511
637769667
1626270210
792182235
496785176
1096161947
-940007669
-1669775227
-583698157
-321172066
1752649521
392905019
1478322895
-394064912
-1375323443
1823446101
706256009
-2134487166
-803651406
-1846433169
1185752549
914483606
1569982045
189884048
-986428602
564510594
-1364267157
-685591922
-454130594
336891827
-521168822
719812017
-1372006392
-1387494668
-1960720333
1654641047
-929324716
-902754832
345574999
518441302
1482166755
-86841611
181567064
1561310951
-1432681099
-493153286
638664698
-1462029631
-1429144896
-636857117
268953114
-1751100988
654329219
-1802605054
-901005090
-483304104
-1177825831
1963136737
-1804689619
1972464086
1209135314
680300862
-294735007
-402493658
-1287629249
-573166506
1123258171
-1505114200
430886860
1319057510
-1865782505
2088974679
2027984212
-416993682
864234592
-1598493396
330068592
-1163784137
-2093818043
-1141311296
-985548463
33703063
846698412
1728536116
-1559687473
2053469172
321187175
2002101844
-2017631295
-1070454522
-1396734043
936868090
2064297871
1639725536
-144610390
-1059203152
1472544772
-973456080
-1324875070
2023284377
-1599753624
-1731817531
1843923826
-444977264
2107828685
1793896017
1970465265
1387293585
1405392553
-787749008
679218134
-409575849
333325221
90483176
2024035090
863420487
323689395
-432671950
-2128823265
1773122188
834887014
-526081479
-1540312199
-1655744126
-101798019
-1216433568
1931202125
-655017641
-456881472
701014730
-843720080
2119842031
-1690424049
-685535788
12286354
-1835307256
-72463945
-1275153178
-1826047054
-1887298145
1500703495
1164936299
8285396
-1329234031
1273714979
1354191901
-702412302
350833796
-437970409
-852596859
-929853137
640030471
642801454
-1665142078
154378578
-1225332489
1060991876
-1080350840
-771253135
-776355292
640286682
-1887859093
428917228
294051125
163461033
-1105514403
950432669
1044176584
1653031801
-845327243
-23913907
83776221
-1891795854
-128395790
-273261207
-750838668
1325026611
-1119791490
-538533388
-884556941
229297122
-980496202
-1627978561
1475775693
1179214211
-1659941143
1382433752
1357998305
1010438797
-938030561
1586383679
-902544353
-825606982
1826583901
1660115167
1493546481
411950622
-628295385
-204674116
-1239643689
627161467
1244226374
97645160
-2143568172
511372243
-568668469
-1007358789
1837406472
-2124298435
-16971693
139719874
1252370846
104793852
565883531
1835786999
-1206390553
-792743731
-428495114
-774045262
84508359
105199487
-2105094418
-620559392
-676907697
1633465033
-170323737
411644657
1768788395
1590771799
-1788547589
-1338046442
105029438
156951077
-1378583646
755016876
-1533445877
-1490260464
581002688
550100467
-436077226
-440900950
-209058588
-1472081917
-1869768822
-315771571
-62188338
-1602737153
-1264827299
-1280643726
1432342322
359445898
-1238158286
959914307
-1067290949
1552720761
1999679421
511027054
197353042
-1462183990
-288939284
1912771131
1747818655
438510293
-1125944827
414402528
441646031
889193921
1270938891
-321401837
-1639737961
-387078088
154137958
2102300385
1377774457
1426584926
1111026114
805688510
-1256160442
346887166
1897049142
-1046279204
-1711919133
871673350
-183634263
-1900436801
-1068177841
-485508299
2020372849
2004890641
-840196380
1858978578
-548470724
1317804978
-1029568804
-153105889
-952010445
-1157052141
-1148320234
1329618511
245901916
-127835452
462773530
-1532266828
-524955329
1839763274
1014800218
59251324
-1814632244
1332967222
1601506746
542180126
-1612091013
1285182578
894375250
-2018988593
-848914507
715268830
-1936755086
773361723
-518661006
-2034743782
1258379238
-1421712271
-1221090270
358758565
557828730
-314195938
1737445328
1922078758
1968537792
-24417539
2006140037
786834186
-298205424
1699424397
-1014266646
1794669390
819840975
2016930053
-120733392
928629405
-1594996748
-1173777019
-1261436620
-1516805219
-140474424
1432021901
2092518621
474717317
-367303700
1321540530
1235875528
203726578
-746040672
193601422
-1117033177
-1633855237
-723977918
-1430652168
-1009666842
-1101972606
1376917011
617503860
1561785102
-577400371
1521795649
-1518645011
521906286
-409452972
-588558303
-2077557087
486310775
-1410535204
-2119218757
1015389020
-266802072
24062404
2138198923
-523890200
-1850495062
-1796170082
1496053638
1991183043
856255100
1871762432
1833606234
1023101970
-783376942
1628700828
-81384198
-446716715
-1916695686
-1587769970
846672985
-1109141668
-434486911
-1165244427
1329426805
-1497680134
2036692948
-2004641852
1370302358
-1893929737
-1493359575
1271680986
-1385517353
1193744586
-1021581281
1115614031
969935077
1842823047
-189350493
1392856080
-1502577146
-2083144042
-719682154
1200049837
-406157731
226047397
1098996908
787793777
676889451
-1153295393
1135467159
1326038194
1043664345
-950143907
-1227317405
-626298261
-309339276
-876292644
740217635
1590827783
410812792
-293914191
1130789837
-1491320449
-1519085808
1001211385
228052322
661012646
1669004317
-1359476972
1498994770
-1030661181
-1922676682
-913814445
-429180387
-448050080
297051631
-1728177169
732017725
1197496673
1101766238
-293670340
-1973564094
2083474263
-1783981862
-716160993
-958144449
-1669869034
1707021062
1878449341
1490435684
1714499460
-1460284147
-1989190027
2030978796
-341820493
1674880558
-656503025
-1273718471
1589712434
-1961081478
542666549
-1729641156
1384781984
-341136676
-1773175519
-590143974
1708318337
-1890462630
69546647
-452095220
1023637076
150447001
2121264662
535999110
-715321372
-996700250
-736511158
1613118363
133086174
-1576587533
-1145131324
-1777016417
-933359453
-1075126881
1239992556
-968153587
-1512781729
-279444487
1915917365
256208043
-1987494
343327046
-801574253
1978314219
2133614989
88932034
-153629143
655715220
-943658376
-772198684
1135911239
-324744287
833679922
-649904922
500500883
-406192791
437662913
1976463492
1999559301
-958116609
593664171
1134512643
-167615720
-712996645
1704971725
391420532
-626599234
-2026463815
386499946
1621318713
1148987795
-1268085567
-393570426
1016664008
338984917
1218715623
290892149
1512087727
903573652
-545062764
-2040583762
-1333651753
1898415013
-443870074
-419711772
341153804
100561628
-1889581837
1561016407
-404324932
-723286407
180294644
-1118542490
1888191230
-762657566
50177057
574704233
-12235050
843245970
619648632
-1602542403
-666575177
1737709393
380854914
2141765663
521114952
-1416988251
345246904
316864317
-1945177750
-1727247992
2006736674
966273418
548811130
741861722
451545152
600881745
-1052219693
-1493791720
1278100526
-380375795
-1561477738
-1355473970
-2135559166
726512375
-227607380
1030574922
-590264456
2030779871
1473937932
1798979346
232381649
-1016239041
-439992519
-587245161
-2120189193
1561158284
1008105998
-831998295
-2030450204
-134158897
-697739843
-620891603
-592204475
-1158591628
-1849464812
-1989618162
213067098
-284093854
-602284286
-1263801487
848615967
1286175051
-283444646
-376149204
1713943728
2109384260
643685846
594952567
-2067584279
-759286889
1815019357
1761089764
-152755892
910505432
-541149816
1000382604
-328890585
1445465910
-3429790
-1439334006
1582698742
2106565650
-1774504337
-502286419
-1785809659
1334101205
1739450351
227557736
-2057187751
522969342
-700532125
287005453
-1514862128
111171449
-1937784240
-1414547142
752451975
-1463551945
1034899778
-1215138157
1245686395
579635962
776787475
-908089167
-439748494
-1901957264
-1394279059
2019217497
642472987
1874897539
-899623284
-891709200
-1158873228
-1132989201
1671168072
878091054
1493754987
1459330836
398598738
912332562
-1195554360
-1095213555
-936102211
326752533
1616312905
1558337024
733636544
-1321419102
-269555186
573109687
1339000250
-1254519356
762955319
1200912239
1411340661
-1504308191
-2075239733
8002288
2116114094
1270792486
-602803493
884042973
-112364844
-250990717
-666364186
-234475699
1006707728
-1467526694
-1649062529
-7882855
1711721605
267728562
-342179283
-972040841
-737012264
-1403086927
-1765083502
-731343033
665321714
1187162122
-1846156850
1947828141
-1122914812
534238771
-1685249499
-1285947297
-714792757
-1664322341
1015489758
-1305457089
-106986219
-1263239397
-162371474
-241114453
1904260995
-711791637
-1346880298
2101624340
1032853135
-740277033
-1568627128
2128461773
1135534032
1465349105
614417936
-1444436187
958176636
-420676343
-1312068175
-810184265
1468463
1935939099
65257550
1158679295
1652687082
-13085944
-476051892
-717160143
1252132701
-1429612407
-1642457292
632435525
1457573992
405097056
-790561315
1438379094
714318047
1503652047
64469705
-1856790484
1936740493
-1257008818
1884506319
1345273111
-829712005
-1441950089
1711392762
1055606526
-1739155598
1191093060
576647857
-770764874
360070077
-811000451
890781975
1420533912
515356978
-1729184917
-452632908
-888723123
-1391383437
1391804625
-1937779116
915408875
-338819983
2108004124
-886106065
-126894523
989523761
-1542998823
1426865738
482830462
857558738
472975462
1421030172
-148600609
-243369266
1117936108
-263381389
1918254314
-367832704
-2075305844
-826655592
-407359569
629988837
-1991686440
744457137
-309732003
665261478
-1497269628
1985919846
-700580837
-141102251
-1876974756
-1236931897
756489752
-1429638921
1763642744
-1314045843
1143202016
-449239358
-1416277329
1057544414
1711160817
-1967615449
1334849353
1432749878
-942223218
636176658
-1037079049
237110274
1468933330
-1534550673
580722439
-1742592401
-1289001977
153515248
334859987
-906753117
1277227576
-1317840627
169062266
96358506
381997316
682820428
357427666
-716127979
1718344628
297855426
-780498531
-2144525410
1173631120
638619608
-1370343174
-1085276144
-595829907
1079746386
1840922397
487787301
868881802
-701887091
-2031651262
-386328784
180137629
-1822371577
1726360798
2043522877
-1621855448
851962660
119694871
-1300184970
2056889360
1715522095
2085563766
-238488121
172151663
628246430
1522725339
941468101
295942824
171951769
-1270211664
-45903157
-496312900
1135949501
365974113
-457863834
-1622831141
-496369892
206841099
-521852686
468135230
-520546936
262146675
-421209468
-395731405
-531839471
696183865
-1060636150
-1228245127
1851846347
-1462652596
-484250191
564743117
788968404
-1135707232
467150726
1352729284
-43978860
-133591778
335862111
-2116073253
981525318
-965539876
-1364557060
-281383732
-570496073
1215561102
1742782056
943144482
1759723086
-1811381701
-1087574363
-1485455089
-1108413876
-329533901
290698375
-1709913219
-862594477
88472383
-590197280
-1609965726
1644032556
-1520645862
1852588765
-831793576
-849255228
-1194928864
857474479
897856108
259812983
-889290427
544958573
-1788598219
1199611792
-1042823608
-1499263688
-1309166040
-6601968
-406975193
-1395772257
207772971
-407573074
-646861867
386043461
538332775
-1024689889
-1143736022
80867265
2010128993
-1682968681
1674325018
1246107077
1051618636
1333406606
1950251561
-496708735
759022744
-966512697
934422814
951931977
2126973390
-1876591731
1809483766
-78294156
-1313403233
-2012291265
-805174501
-1437110649
1137960505
-1338010353
-74070059
-1387137645
23427036
-770924026
1929620224
1491590619
1388062381
177128266
-1241299201
-372524359
-1093033270
785083299
-427916048
351723713
2041395101
-1758358213
-371391199
-678619354
-1181340811
510356389
2058951361
-1124107428
-785326
-267251168
1849446106
-704152833
-726284800
-1461646821
-1848861058
826083315
1515617638
-2015691268
-1970083776
1285122763
-674845409
1319760924
1274428646
-798337170
-173576375
2074160662
1135544156
-162584585
490037405
-781764543
-1395638294
1947492829
-1500600128
2075323770
1985224361
685762899
1658893272
1710125862
1620902194
1432520433
1925149025
-1539346058
-281905255
-337009772
984689728
-1046213651
1141746841
-1116316031
-183021545
-1027056097
524786960
-1817353776
-1169313829
489717946
-198258003
-423290617
-1822482012
1905220298
586257895
-120705531
306676676
-1226652872
-144389328
-15962079
430472986
-1502497133
-1858146454
1423214994
-1504208217
-1756257006
-2086541414
-876271856
344028257
-823911207
-263874598
1098413499
428290887
1527665787
-2126482028
221584188
1886946997
1459640768
-1165326100
1458834473
-2107783431
-1938167641
757764478
1585636525
2058029861
-2049495379
-1731968439
1809885032
-1536276442
-1458569649
-1472608022
-76740972
1532480789
-310888754
-763227124
-2023711896
-1646415667
1169712177
-721908450
-2037993536
-2001730371
1231149968
-8242873
748125693
-256057090
-437135474
539981206
-1524888790
2103483815
-1974773465
-1295990146
-994902177
827313504
31969451
870863489
136323178
864931125
-92613879
797528106
-1828302165
-342098516
1740988240
533794623
1137067070
-2110064360
-635864973
940940599
-856021409
-2082972881
-1663625396
891839721
-1448535798
-2141655590
-1892173597
-1400710778
634596578
-292008116
592317679
-1348576055
866197331
2113168726
-1988917092
2610284
1553020154
516698616
-1850351218
1204986589
1873598019
-113320646
1165145381
-2104101071
543740499
-252639172
963633154
-145053607
1200385065
845921676
1889749450
416223122
-291924481
738824887
-1312478935
-1988520414
1894973173
-1499738334
166986777
1249503808
1654839025
-365253606
-43913116
250875731
1299147968
-950992344
-2139695001
1981791583
-803665279
1545926569
676055064
-290864196
57586754
-1188789090
1025476169
-1766038776
-476205845
1666572225
749010477
400478814
-1543903910
-1044829992
-1190118117
1143694279
1992014287
-244718516
-1529935726
-832635920
1125228938
1378098172
1042698364
2134626589
-1196772174
1924806990
1371406774
-1545296547
46738553
1212542087
-1279722288
1769271295
1278886268
-860900004
-997247727
1970121284
864226415
382591177
1706834877
1070969685
23612665
-1592455136
-1967866983
-1368916105
-705611044
14785892
-2001098578
-820443524
1600374104
-1727893289
340273229
-1495259780
-38083375
2074287057
1498510675
524871621
1241375407
1933331666
743851182
-1390712049
-840320123
353300698
439709215
1135235827
-1412694156
1931449848
1127603521
776470430
176215249
-185801951
-540012855
323746753
880541957
-1770702525
-79978994
2100090315
-2065753163
701288856
218736332
230807642
-383954910
-1446580929
1616707364
-385657362
-87076655
2034887175
-1596092954
-690521121
2053136750
-334540658
-208387821
837083281
1516739308
1477324682
-122591076
-2092744475
319737329
1944016998
991394160
-344579854
-1088772239
55595280
2007006389
1738818548
-1757545576
-246214895
-659247276
163196804
-425960723
1925566429
-1758652997
978660873
452875700
-1183866260
1071974365
-1489533842
1316753811
-12356088
1107949949
534630164
-1383525001
1086636648
90768044
249084426
-1516867656
663100670
-34739056
-1458730885
1949211258
1282101133
1786758758
926097255
-1094663594
-773995523
1436763849
-519534698
1988580154
700143986
906722612
672996040
-1135612019
-961218918
684038084
1221709873
1806251414
777219398
640991554
918445091
-1101203682
-449936580
48192353
85726989
1315161939
-1689570230
1163860291
-1618747485
-135724306
-1068269154
1608105537
-1838453666
2093266584
-1079287211
897615083
-928923609
-1321007223
-393500335
-806325683
181515854
-1385758094
-544934833
355342708
1661786560
1750135965
576321591
1100714800
1741683577
323924817
-163463498
-101732838
-1290388425
-241273478
815245577
1411488472
841383279
-1621941367
-469218276
464296095
-2062389884
928203161
-1515750957
2042848761
-1063410890
1817827283
-145945690
-1253869112
-1246331816
-177013486
1683702387
-592164726
2115089350
165930953
216715151
1319049693
-1055595884
-1660376796
377871133
1850749509
-1370791798
-2035288467
-1302553693
-1663412947
2120497104
1512023217
-462204199
1145168683
-798023707
-747455838
-822950972
1699027080
167359445
313277631
633435652
1804283902
218978219
1407719345
1511873129
-665031229
-501120733
382061816
-1722637109
-1516153146
354244516
985580998
-1910116582
-1442342856
1723785068
617902123
-279643725
403661645
1986864140
-1692366223
-671965963
-995344061
1054742039
1452556489
362266644
-749689949
-1320153066
-254213850
2108451116
-722750266
-1566427458
-2045761176
-1012319591
970271898
1251354724
1046279101
-1755123323
337325477
725135280
-1141488316
964082113
-1134399926
-1407816303
-969653518
2114415320
-1479986613
-1782796688
1122488505
6881889
356636815
-447357273
-746037530
1180233621
-1528692444
-650882508
229026250
-1003027424
670011270
1159025577
-69644388
916201019
1162153249
185708135
943874205
99147770
-281333740
1406150667
-1038398083
1731725282
652053047
-790520537
-1901668355
-2134556994
1879876703
-294275788
-1983977003
-409833806
2073037280
-1995284025
758019543
-1776093296
2067728466
535272707
1449510739
-775596950
-376494184
-402908338
-2112232515
-94828953
625188381
-553196473
-347741555
-1324885798
2078885217
-2120939785
823091046
709284496
1048498867
106552646
2071816826
2145675369
1801541695
-1686400337
-1677485268
-433142487
-1013886389
-1315642825
1121528054
1284913808
-1209744195
-1371521125
523120268
199045031
822029536
-1399857208
214924097
1126703196
-2093986969
806966415
1609275050
-1353350575
-504952143
-965562472
-441329024
1982767856
-579467954
-1637195625
1756284618
1048564418
633041089
-1423818050
-262736837
1077375489
1024880775
1053396338
-1369159464
-779046293
-2060446376
1547213888
-1598074147
-2125979048
717130924
-1150500334
-2048332319
-2027596530
-1026734976
-2112775267
1786156600
1292254292
-1015216295
-1842834147
41291416
-263321788
2145080457
-1799973052
1202928638
-681403803
-1834977104
1214975855
-1339728942
503379192
311962245
1270007578
1551300681
-1897785454
-311382058
2044477078
535707402
-693157910
115920588
-619020551
1597087252
1558023668
1796542323
579770196
-994129186
-671717842
-151449222
1129265451
1588107199
-179100359
1262090806
-118937567
865221519
-844629846
-444907796
1615491315
-215683185
-115150558
-1639493809
1186306983
1923549061
-727604837
125428807
1954106628
-416683989
1859182597
-902170892
1945897796
-1506377783
-181437680
-135420943
-1569515000
-365550304
-1088030389
-1754104100
1637261707
324010122
-34425490
-1551295978
672437530
-296656034
-196416525
1225443015
-995685181
599372185
-1920561686
-680734428
885655116
1734918586
1932913933
1686420724
-279461530
-805775636
-430074606
1102399055
-468571358
-1044670102
-930748864
-1260115288
-695006044
-1763462882
1569801541
-552272370
1015279893
182118028
1797583942
-981102418
-1348864290
-195105299
-761403082
1156360348
316735506
-151175009
-2008271510
-1992027182
866448939
455649467
-1555770771
-208447880
1476334840
581526279
96659472
583039333
1928884438
-1881998577
-66134074
-524239643
-1483592674
-1359395443
-395126482
-891604036
605491165
626007313
992564207
-1236563349
-450790454
485999837
917250763
-1565294927
-2030313100
-978184687
1486289902
-710030508
1404124858
-1696933113
1051867783
-692220896
1199983488
1677720832
-336616038
218193456
-605335905
-870553601
-479440877
-658390933
1166134813
1849870581
1965549085
241596497
600870558
1941146141
844299188
-1630077193
-873228775
422293929
52113528
654719568
-1304615475
1307608734
250952900
-978712915
-1936203914
-386523141
802307071
1730368646
-1748399684
-709017055
833538097
748936826
-1481037844
-312005010
-1346389287
1760213908
-36546327
-1488697046
275359485
583094735
600519012
1091352998
1584226433
670461147
-1951333046
-1337956190
-1987763012
-2094170847
2071188606
2115895535
-934070200
-407616763
-915452216
1685509717
1379667481
821127786
1407951628
94361270
-1361884208
-81601926
-2038460994
-1155667598
992231249
961199526
14703253
665739533
-392980078
1553368556
-767308418
-802004209
1453425334
-2072284841
910370515
1980656171
1303403353
1752715980
1131263692
-1560459613
-295321811
1696899842
732738613
-865582870
343973061
-1171186222
578898529
-1857273206
-27756880
-2038534224
-2143219106
-473028280
552018378
515028856
-1962644631
-585193339
-1669360434
-1308696466
1631413924
-1720689434
1298767150
-867100544
-1104856571
-1060571593
1321438502
-1522407731
-795251054
1788910476
-1568131314
-1814190486
-1327415862
1406201257
-794244625
-1186698910
1818677862
176638883
-972070055
-1959360513
1459052609
-922468922
878209651
1816420423
-1026013293
1613507257
-1453455277
-977532471
1261352805
1552661216
-1684909680
-136838759
303727424
-1380676095
-1562774252
190714520
1018961960
-1627576535
-27098058
-49414664
1315503304
469316304
-1408456697
590587902
-120542994
-1465021637
-1766598677
-123155190
1812496441
1742053153
1931634028
852394708
-23409649
650518161
-1860570806
-1580791305
907120853
-120385006
1271242198
-407063629
1262778970
568180747
-1804823937
-1920278546
1848941459
990970981
-795827027
-1662363780
1924658573
-736559506
-1962001971
1922205343
-1931347554
-1332922112
865056428
1909808081
691370718
-485314334
-638054392
794021568
1015005909
-802333331
-779267996
1438995353
419675509
-670097550
-622516453
1185726089
-1785237430
1932278363
-1725770568
1568234368
1053110511
-1086604400
3606660
-566542793
891637443
1137472539
1002931039
1442713204
238822365
1828546702
-2106747949
1783485580
-2123120324
1517476643
-329793690
1805486633
1351068227
110056485
-666096337
461337421
-718515357
-125154161
-1546738261
-400850026
69425177
292839154
-2079966256
-766487613
-746021861
450044571
-2111048861
2142202742
-2043425843
2071794932
-250808186
-716315845
-607326214
1862284586
-423609196
1617863368
-202766144
-1016842736
928549937
-962871418
1836508106
314796610
1213821596
1008254800
34054596
-1471951219
-1706656186
1575994233
1372167947
1688983182
-1425425752
-797450220
2144187300
-1939546216
-2107149487
1012081518
-1969095056
427257307
-830303170
113709535
1507897244
103520193
-2099889299
-952460862
1505527390
-1162198117
-717336652
-1630485567
954922461
-266200195
-1275973426
1489478485
785851760
-1375904923
837932214
2125941644
-955760629
-1486627422
1318512183
994364429
-296171787
-440989325
503363780
748255833
1044634558
233539565
-64281212
-701559981
-848775824
1740563234
-1192385103
-1417330431
565425412
1418031999
-1054786014
727593108
-207631081
-417382539
906039333
-244685659
-369479459
-2039959204
-1060985966
1126064065
767393366
-916043885
715144732
1878999847
-46606402
1320723179
1516297194
1850514895
1074438217
299407173
621714789
-1228298322
-2118266865
1987125881
1229307475
1439198520
-766241979
-685281927
814967332
146648870
2046175405
662649782
-2114125428
-1496548743
-2102971569
445410497
-784489135
