-694983806
-963138660
1429737012
-939365465
1763183995
2085064932
-682662583
300567555
-672262817
2026412250
-2118253062
2099308647
-1110722144
-42691787
1222997705
883758541
-230703047
-1838544926
-52801218
120545364
-278791367
-1955382469
1702347791
323800220
912855425
2061287800
1999016826
519297619
818778059
-1235397275
979975157
1012309008
-274823697
-971512235
1563761418
835582047
-366201759
1490817366
-214252933
814180380
745639422
1784183205
398317996
840943108
-51539449
-1690979228
46084418
476251016
-584465811
927447946
-1438520058
-443427100
1748712014
644815898
1369368591
269203056
996157631
-1734192233
-228083936
860665142
246657996
-399830858
1452076366
-15461180
-82933828
631917397
277972710
1568776258
-1362454888
1932617644
1724882572
-1891294010
-645608466
-1645356863
1349570727
1658624742
929020114
-607652319
-69380
-493693554
2062973989
-1154680628
1050146457
-38155756
-2107675879
-364424336
1176125940
364430729
731004404
-1352148518
1984733522
-667409583
662553875
-1584043095
1935128429
574183670
89483825
1029707332
421308496
-1786549448
-1990262295
1651499533
-2125516666
800661608
806203768
420921046
-805860749
1106215925
2009001160
1739604883
-446511616
636522311
1832571049
-1525598895
-1412532610
-1799418933
-1050059423
-218887833
-729359677
2108555854
-440248986
812570346
972874649
800017295
-652884887
1146252133
617331801
-459139570
1000829590
-1860602167
-1493452334
-1314687702
1081591834
1661600418
-1924476050
1156599146
909698277
1419421835
-668923241
50934298
-988352336
-800048156
-1218878378
649988121
-77142207
-916464959
-76654275
-1143963151
-1161861907
2024577573
1310908295
792316200
-1389152418
-780713617
716141437
-468653867
1201518230
-1685468908
-66272742
-1244344971
1852647987
-955281266
1701566961
-1716130305
-2041069836
-337215597
260441678
94958133
1177276539
-1169914230
1399634075
1456269884
-1162572972
-531615174
1394877445
-431690898
364391222
-150845756
-136745121
-1387387281
363157895
59872723
2133827910
1951976062
-656838619
285836305
-1154700668
1316702733
-1916689309
448721372
-1929235783
670880914
-1263182255
-1419871431
-125564104
489494943
562577472
545932040
517499950
596420912
-306797948
-810762887
-1995677687
-609581757
1895270267
1762209214
553189654
-1957644114
-1188344882
-244724991
-1634964116
-1092417748
-61958410
-1135165288
-1017932536
-1284502856
59592706
-1480557193
-1672460743
-769240546
2114558614
-642054426
-319218626
1726239950
-1331224522
-1064353165
-2080951251
-1615638541
-966055484
-1606259927
1427098645
1735024835
-1895412409
-1912396287
-102354842
62418968
925152237
216983960
2133105553
-1951874241
879639634
932818210
-614405141
1755268624
2112879874
1508709022
-218344490
-1912151490
1027402556
1720942666
-561289182
-323127312
1965795833
-847848103
709243056
-1276228720
-185350868
-584981021
-1160372392
449117409
567074122
843991581
-657321716
-227517609
1112966923
1725500617
-426328771
-275928158
-1640504462
-2030447377
1714173821
445264523
-841862133
405874381
214919013
-518907644
1641148275
741128203
-1446995272
-461308551
-1122100707
35672883
-60385848
2075772524
-1117919406
-1106968993
1021822488
1729137216
189326969
1444370739
-128877758
-196435884
-1804189544
-821467635
8342043
-1536807085
2024000026
1978348155
-26018284
-1105474359
1421208786
-284093715
-974144286
1545732602
1245556287
-1837800021
-785301407
-832321042
-345876975
-1015082744
1707231925
1054366928
-1797228308
1257582807
1308866738
-1229202311
44591979
2038146846
-265824643
-187845050
-1681759897
914064393
-511976845
707972657
532594040
-2045413087
236169801
652658463
-547531589
1609288637
-1215672717
-779551626
1400810197
2071231160
466335689
-569966350
-719427016
-2074375324
-1660765336
-1938835783
256285861
-1249332803
1075414
441930924
-455120911
1390069729
1704992361
1592126719
1480020747
-1008809793
1161691112
2033142027
895244092
66011663
269202290
1393307234
52314545
-1048284799
-2079749986
496656675
85403958
1582072120
-811045405
-1995835504
-610337724
1059493753
-1044686790
-726412579
-916755651
-1517113953
-1708850943
-2015473334
-1720864011
-19701166
-32956894
-1672311437
290720628
-14796040
-719947660
-1556758810
1319943929
-2079717270
-823032735
1203736566
929377602
-1875746069
1176330440
-207651634
-1967177974
1711436117
-1824825309
-76509240
1060900307
-133664876
1985445868
-272888065
-987577371
1700178008
1987736124
-1644105950
-616105835
-812788218
1344282037
775888779
-1004401462
-2122834193
1002157986
702743439
2022132669
-2015682365
-597631908
970894615
-1686973441
-1382367417
-2042934801
8629359
1542425792
1470999109
-1426775812
-1450604194
-1894732979
1342164676
566611936
-52807306
1354730714
-412211335
-1612575723
-528537684
-1629034367
1774887037
-1633190440
144613674
596680074
311296575
-1788542452
-215827613
-1071930900
550049723
1867163230
1688209256
704894228
1682277355
-2128952408
782476921
-787629340
1742338686
-1746412902
-1443523617
1665426174
-318976057
-1866393961
-1428867080
626524225
-1378151432
-353789220
-956065645
1372583059
-1393971825
22347239
516930174
527127777
-834066673
-1092249835
-527497124
-1959319197
397157363
1234141837
-365636933
-1382945244
-100945697
88964957
207175012
516429761
603185944
-1895625759
-432984587
-1469210512
-240747722
-1422302101
1342050221
1616175428
-243761384
1130055712
446005382
21183406
-1224016105
938321952
739130249
1485330246
1322154621
897688809
-459221923
1722087371
-855402696
-1359053316
1084233760
410693480
1340285130
1487427521
1985357689
-2041712328
970097283
-701301849
1171299821
1920485388
-1255591694
25032335
-696821134
1530967403
-1033980264
562674026
-1477526207
640449753
448813023
1611374624
-1300271376
125493084
1078493770
-1308556621
-1807022913
1654819643
-970884372
-1962953564
1698043441
-1865432055
-2013265890
100963989
686135262
-1664186655
1880740459
-2023285201
-1917415545
2025598706
256334031
883095621
-965446293
496000573
-1742810079
1444358457
1946408664
-1891291491
1741346252
-823373922
964431364
1449324295
-985338427
910814495
1099178781
-1858866925
-1397177416
-853747298
-1938543971
2697915
-1738338428
-80788321
-990006045
440447073
897787114
1064626407
-634182913
1137396502
-1171454336
-2005641632
317650125
872328985
993342443
-723487169
1696162884
-1332341091
2135861068
1208200552
-732175857
1385907406
-1593395718
-1412415216
-1934145699
-1869728490
-1814968206
-1317019228
2137706741
-524158309
-1139335797
1273397225
-119064692
1059689484
509152493
-902115229
107641178
-1808287843
-914719549
425271547
1989552362
-2094998705
-1829142865
-626301733
-1021618895
-1526792844
-1123923970
220961436
-1884004638
-1874136718
-591595236
1956901027
-2057941248
-1458096954
913041482
-6140985
-586644812
1119129676
-1676188787
1271600183
-1251295136
1193871804
-1243669015
1553034395
1843333619
1483073911
-136791089
1343829880
1808646270
716298372
-1679412525
-1419145512
1724902663
-343385388
-446304095
-262368727
955564701
-1535104563
474610993
-282874267
638889388
853422853
-599618502
1761985651
427132050
714293070
242987491
-2073112116
-785863310
-1698789902
-1607127360
-1983971486
-1144697529
2058334271
1903593212
-826197316
749589563
-1660481211
747690193
1787805029
-835617992
2067469789
-1941756352
-1221646713
80709311
1521889518
-764606978
529468114
-2064948487
372295659
-813240403
-1171710303
966651147
-568400993
1255577419
-1738121633
-381583954
843163948
-3601425
58972455
-1206155011
417914704
-716993103
2133262762
-866130031
-1636760598
-1151906070
-496260779
1173822666
625915324
2043909277
406063539
1764896367
1019246194
569698868
-1322942449
187425145
239864035
774331502
-616374435
-633311189
-121835626
1069346711
650083417
838995302
1722666886
-354892550
-1145808912
-1985885894
520010537
-538795116
-351073313
-886461760
1127655854
-1226975223
-590848614
-1436675290
2062458502
-1757831205
800758638
1625931274
-1068939994
1298174937
-1133631511
-1680280820
945947914
699385301
48027513
1235074206
399167996
1238730137
-1246559150
-786417635
-421512042
-383581926
183467157
-688172251
1882162948
-1252314130
437366446
2000128544
614646286
1329388027
1557379069
-187007968
-102549931
1739348336
119814584
-1631885330
1738710492
-549595143
669915150
-1485183389
-1535118902
-315691218
-1938126960
511014389
323276909
1340257355
102501580
511290260
-1316700286
-1964374234
-1416146374
-1111745354
-1988637005
416111709
-676792228
-1090103632
-1367450016
-2006157618
978699296
1991735112
777260705
-1038367669
899993480
-1662109049
-321643893
518934926
-1237737332
-907701806
1704043442
-1072264854
-1354872258
1469782075
1638576623
1278686019
-1519649745
762837012
1768221539
941712576
956474385
891950533
-191936325
1326668478
946242973
-1671130145
2056538549
-950571641
1864690871
-1558444944
-1478726175
-1033792445
2106547662
709090200
1373173164
1182608302
-1909528439
-111675556
-1307889766
587461643
-1639481185
1247170746
-354626094
-1842185640
1337819398
2038049276
-1822277665
205349058
1261288783
692801105
-1184404300
-1852949926
724223312
162084504
1874143473
-1656361463
-1281868029
312682367
428594532
277730497
-733513043
392928460
2015728081
1243612917
579249474
1539741178
1407832053
-2029875894
881212679
1681364999
-48721208
-789026674
-1584485255
-1204979572
-548151805
-1880709911
-2059784339
985089549
-724428319
748350545
-796563848
724492690
-1586729176
-1471919037
-1546961776
-1325720202
526933866
600187567
1994851058
89421182
-804512376
-937925069
855762758
689222701
352414327
-2073576052
842999809
2085296469
-1115489722
-1965352375
-1630754037
919852529
2005706079
822856384
185850529
1976234290
1241967116
-392677562
-1574900613
1855974103
1969914429
-435634535
-1475021007
252751553
-320794232
-205429343
-2133231143
1722265030
1186213744
53628504
1301428725
1136799685
1210864105
-1423693307
-1045128308
1625371385
-1827316709
-1239606609
-713435242
-665293678
37148006
-1297238064
-690768740
-1449902463
-1167455066
-1740821943
1382131104
1432925843
802728887
-1327066218
-849448135
-1284969791
1855094587
862532674
509399810
1919370949
-212765030
575669661
-819228363
1597284080
-1456529334
-426984789
-1398787950
-943907782
327099983
-1358078882
-74374011
-1426106982
-331968763
1402139912
-1825109625
21703320
931120669
1921187594
-557940797
955986720
-392711708
-690713903
-397767683
330619031
588273867
802508803
-1723751761
-1134007245
442096419
-2020467212
1019068788
671862407
-935672537
561078110
-1684391254
1604287581
-1511195329
-398088879
874518353
179770567
1126486659
-318149272
-1275317447
-1547981704
-962859139
-1126918339
-130517156
-340819377
-586009293
1219443998
245618312
262138164
1783808611
1944904704
-1934954431
661355303
65776400
150353587
-1285718556
1095756182
724247613
806797399
1434119695
-1592525074
-1143134216
-1555604978
-48049600
-1713920653
-1284450919
-1002094606
-110361924
-270727340
1893536331
-1429143223
-2098225999
-918873095
-1123013173
-420495369
662912670
1117468320
909021040
1908175667
-349165838
-181900761
1235267434
1979588989
-1389684493
1710282282
1915805774
-1013758513
761998305
308687184
1685957841
-451816430
-1195644838
-894688030
-1391604269
-1593929517
-670476288
1312312733
-1130431329
-688541642
443214680
-1020201528
-1189534351
4845610
173824501
305454215
-1474052553
1916707294
-740171563
1879547505
-1275902564
-648784269
-179862774
1111724896
-1346294207
946283250
1291923612
-51694199
1874901581
785952639
-550766675
-775854645
-1803056345
99583438
311337950
-521068213
-1408702078
1513640662
-637898767
-1308459968
-558954087
1766657989
433237423
-844892661
638439355
-1708046797
-1802729460
1772911242
1751046410
-1380850791
577127304
-634674003
-256979841
-936751100
-223895337
1503860296
60831792
-839402491
-172800572
1088223530
-1272414507
587127275
1632325713
-780075665
1324325256
53966387
-236357597
-1228248814
1849930187
1366598463
791503388
-1697182522
136173519
-908628922
-2073425335
-30395899
197482739
432358284
-1954191361
-1884563864
-1317832054
119185362
-169103296
-707409863
-1137599263
-823821042
797563490
636844102
692587135
1887089759
819546866
-792816393
825489326
527720250
557893845
-1761099101
-394299846
1968617961
-122871632
-222034658
322855288
-981714634
1887836809
1865461398
-123763063
-1295988893
1598727598
670230431
-718172960
-1854972836
1231642325
-553835381
1450140416
1752458543
597218436
-842654721
-1189071990
1846193851
960834994
484446914
1649616502
2101331879
182392494
-1902604072
1216311968
1174932886
238164032
-2093624369
869630854
1617549720
883342605
-1058500008
-1168754864
667582435
1253517631
-606214888
571570447
2094995138
-551352219
1430677696
-1036141751
-1636943668
-1042680425
2011491674
-1762781515
36648537
274842077
520636134
189075778
-85562830
-1846526768
1190728485
1331581278
2124785031
516318082
-316831565
839500148
856876837
1591024026
530752347
2132207541
621203943
563204291
2040218022
1771533850
267884141
1583596103
-830797899
-361998678
-1615051764
-394748170
-1344529584
383825912
-1619020540
-2074486452
1339821374
-313860625
41519608
931786194
709723094
-1763525935
1098311834
-586986044
-859735338
-1837460355
-1029443163
-1427582989
306457714
331758064
849486352
-263074835
-1864960080
1386319117
-1643703424
-736476326
-1116612622
-980458336
740446205
-650003032
887898580
-826930528
-23057176
-655771158
2111207736
992926388
-2004164308
-1750148355
-1505119074
-573389576
-1182119244
438710764
440836536
1359329536
1666586396
83511957
-2002837699
-1835057892
-27966550
783933068
1323384829
1244575197
1386293375
-1104915906
-1383666891
1891508696
-346979575
-841064359
-2045858268
438193577
-1369820229
1211864939
30905053
-420232134
-2103794944
426741193
-1276964769
1282146117
-750124692
-1371279439
1581082594
1190566935
-1427450060
396282803
-553778317
550934677
1940100832
-638140084
500607426
-535044988
2122393406
294188499
1799461690
1641386756
-771516263
-218172520
986442834
-1773004707
1772386603
-93268151
-1409634014
877232125
-1224114993
580022167
-165753287
1260123841
-2121438214
-106941670
-1672183123
-1625455245
217353708
864759922
-1121386638
-1300433005
197198369
-1355719506
-567173137
-773068198
1341046030
-1453202448
344299470
-1173731333
1696996361
-767336368
1220815379
1106752299
1827619976
313268992
-849429136
2089920227
1465893517
1432009649
1635738070
-1928507804
1012865633
-1912600011
-1353082033
-653764229
1916158335
1408280166
322733578
-1306767098
-2132200749
-1302341051
245016503
666120118
773394980
-1435309467
-659750379
-1751366891
908104397
1317963914
2057059016
885037259
1946391987
1077300364
1483992175
135167004
98972274
-1125099647
-808356618
-1682847820
-1504796711
-1189247718
578868520
1160712102
-289886312
-606548147
2068804999
-613947470
1832440119
2062993460
-679091105
312920518
-2141728694
342380084
-1393106664
-22781753
1496302051
-1328423327
-2069673780
-1588577392
-1754933945
1012607265
-1982351335
-2126304198
-467403805
1020316943
1721890359
341956509
737188992
-1989387231
768179532
781859095
2054276533
1463095052
-1722305538
1913593483
-1710451811
1059965670
1886497866
296804524
-81216310
-273982195
1896774547
-1317872773
-957646215
980947271
-281903106
876702478
-1900265466
-1005058518
1560880892
1070887058
-1474759262
-2890818
-759428825
-709450862
-899241406
-2040145824
998207314
-946195592
-37293862
2088697832
607753434
-141066924
-708223798
1494849806
-122995902
997906908
-2074881640
1005497609
1263887103
-1726822477
-1349281312
1621888376
734084495
683668973
2088008072
1844563077
2072816847
-1080233261
-1120260297
636261192
636412814
464224994
749476103
-1143702936
1821244252
1993466905
-1995837320
200165640
-1867017304
1901232500
-369372760
-1792590369
-1231303159
1175247539
-249626176
708953768
1246444507
1249813599
1223960753
1326172605
-1859284722
912811022
285930016
1920820734
-1481625542
1936264421
1402096030
724126967
2135483381
1746427998
-550263268
643177281
-1512416920
-60811446
59971741
497701672
-1437781984
1649415961
-835382739
1238031758
-603344095
-274057383
-869919471
-203016946
1227591489
-1121559684
-1043348161
-349921436
856300210
154658013
-1322644464
1335367947
2001011167
-2127970043
1311654707
-791881945
2116971900
-1795778519
1163762405
-993688667
1265169880
-1667833865
-2020921506
1530697632
337704821
-1596533103
-332562034
1253472262
-726786855
442673625
-1618852087
797325435
1860383142
2144816879
-418724546
446769276
-534801688
1535823351
748039151
-1925476665
-1416179538
866584095
158507741
149632762
259544283
1868443103
1068826306
145929594
2078942013
-1297050749
1779585411
1612875158
-697891106
-877698586
1522911653
-1058314773
-1136541542
681602431
179344640
1192204041
1762921201
304303521
-225920333
244768854
1794737950
1069041150
1002905688
-981237966
-2082216088
1141752940
1700015735
402941020
777448119
964785899
1945487423
-1916574829
967834985
-1030865434
930646642
-1410057856
-268004506
498106041
1857652129
-894202926
-1561358479
-1126262157
-178985063
1133725610
1446988737
-1907651364
-1458485219
1428423226
1569396688
990246841
1382452436
304168872
199507826
-530178482
-1107650428
-589249481
1247014696
-949906141
-69387904
-1761389656
-633304651
-251418101
-1209005217
-999849250
-631618830
-709506975
478035950
1027964864
-1875504162
-839688811
668173159
-1469779102
-1952752647
1790509542
-1092587550
835478119
-1812347951
-1296635536
-1259453429
-832852064
-373148452
860545385
306893076
-1078352647
-977864056
163995047
-453979155
1484436
-2064359280
784947813
364916146
818213942
179593873
448992837
236760933
-1412883230
-706395940
1278601368
1409379549
1703643331
1909722765
-831801379
-1056847107
2063482190
-206992164
-568535929
714128679
404242343
1669916595
2036546563
2054809075
-189122236
1426401151
-1787787271
-1929408741
19284688
-1197773750
-283308591
432778426
695138641
-1808972279
-943000968
1427201973
-421510772
-464011726
914372195
1780460409
-643408473
1362683538
566689235
-142781722
-232900336
-1744895652
437492059
162599050
42208925
-591817084
-1973153121
-463954414
-2057057035
1721109069
1975861597
476331772
1031855405
1228310816
-391795535
-244071791
924921781
-110404448
-1801536364
-2102578926
-352210059
-544997894
-1327431771
-332097487
2130221874
1458469249
687376684
-1058035006
-1314122441
-1221527687
-1687508133
-675862606
470440240
-1766687182
1778291158
1589853239
1989816408
1636122968
-1432977292
1799312713
948526038
515248777
-1449674169
1220875344
-1798275740
717866792
-1304734503
474307358
-719690190
793421680
1174567864
-1428053218
-996741111
1926576844
-416487371
1588007885
348112050
339019108
850956648
-868217750
-711477353
51841787
-1721902986
-859302679
-1739352661
-891213065
1953215765
-1321637332
417697671
362457537
530294352
-1733650059
919773653
1321433935
-735220857
-1425678571
441163761
-172154114
672582074
-28623767
100254924
104938660
-1105993466
-2012645114
310963732
-1064369435
354997870
1858700083
-721951343
-71670075
-1209149986
-890575977
1314479314
-803435393
-905269139
-752404429
-248086776
-1483816556
483891938
702409361
-1603388111
-904511450
1332531321
-1800891075
1266333816
288904069
-758964762
-1697919884
-692556069
529773066
69441690
270482971
-639562226
-153804764
2135230020
1547918578
363204766
149598383
-1571178342
-1196815607
1635092825
2075801228
1496899928
-1101334670
-298467091
-1378567315
1039835785
1974706999
-1469412913
-1746268176
353263364
-370261618
-33460642
928827631
-2058940615
-1220942005
1882201415
596131349
-1848533459
-2015249003
-358434774
-28353099
-121269566
1386752988
2095966334
-492541482
-582973124
-178901750
-1810702671
-433655150
-2080292608
2043560952
1579261842
1727439263
-578862435
-1527397597
1810383859
967748398
-590847472
79584159
-1570500983
-161024013
1866309955
1757751114
-107774953
198532228
1390229207
-694443451
-1634291253
-428183065
257932578
-1558034528
-1241649688
879420261
1179307387
1554236756
-151265628
100615588
930843572
-925172875
-1825832109
2109852404
1322247655
100481703
-1493468220
-1080923928
1824361589
830830033
-1228609046
2104443689
991028811
437541649
1519798718
-1730646138
-1593408153
-293304337
681698148
-542939314
1921638298
-2104406828
-1966490740
-1820083743
-296464497
1147253692
2026317338
-1579953020
-245521909
-181354966
-194617591
-1098779787
-456674442
1835470428
-1436004980
-692940737
160883097
1762226112
-1357195914
-152379057
-1680255576
2141385382
64641754
313212614
1365928579
-368537802
1622498294
1904902288
2005906232
-1413512285
-1114290868
-1923044940
-1434360372
-1397825120
-958536687
656438509
449326651
-1923612909
-324592949
1508152954
443985340
-1151812088
399162421
-1498495182
1340418632
-256516121
1866117221
-727454502
1090138717
-1248143383
-2001614800
577893306
-915195649
1159712968
336847565
-1958662803
-1806930433
-511845962
-1627895369
-983807751
2090292863
-299602289
-1339857192
1876375583
822340020
1034080081
-815580957
-2144430605
-10996243
-913646901
1469327873
509502126
-162606636
1520066708
1422535855
-2037897022
-988504588
-1965875650
2046051045
1479401262
-601712005
-2131174452
370070395
-1517806317
1270404416
7363424
861630920
-1630309753
-318000122
284233784
-379913332
1993996969
1283792642
-232337189
-1095683825
79395573
294604698
394262670
-2132333687
877110233
-881375377
188197901
-1753983548
-547142008
-414108771
-864864905
-741618944
-1725262835
1890140225
776252297
-2086256618
68139426
846176315
198465550
-476128545
-799642047
-281621196
-1542090346
1891343317
-1656601221
331826146
-461177754
1440759291
-430515319
1568424074
-777427282
-927682310
1952853664
319897542
84390913
1987481996
-1726301815
1254115208
-2059564031
-1497414627
-1066392720
940391518
652853337
-557935185
-1486448389
245024503
1966382576
486803197
661267102
-500593179
-1743676070
720315875
-207057875
1185597347
1057433234
-1887332100
-1507479118
-899979046
-1459463194
-573324916
-418953856
-1217563937
262676530
35067808
2123260808
-1625741696
368299088
-786455436
-2100918806
-850911488
570902478
438320916
576106191
-156722849
2014804193
1457221445
2002443125
-887657507
1805336474
2118458020
1291392138
-399281727
1804759127
2125422608
1774628798
1272278870
572359035
828327237
625448595
2018751030
1576394849
-938730807
1226483319
489222602
1088561549
2140584458
1275297299
705311760
-398426076
-395050552
926108645
-1594901857
-680173410
387462320
842494476
1901149160
783469241
862395977
286135138
-736760643
-1234628944
-267967981
-280109617
2025659927
2476
-1615619859
340764124
-783518957
41663867
-1181933385
337487750
-1478692034
1420177279
1546437175
2027257940
644906257
1367589608
-1675030208
-1519962453
-1672651586
1584824869
1678420752
376234593
-1682568403
935857047
1134540538
2105264783
-743483071
-1885792889
-1988866748
1476988074
468159326
-1750024870
1294985298
-771153708
418720047
-543877630
-84524029
-820850833
1162642852
-1728468552
1760317274
-2143065101
-474528966
472376039
1592267872
-1297389311
-888579970
-405761941
-1218659767
250059192
1015240915
1123350778
1040319957
2013049926
923403634
-1081527838
784923641
181397953
1700227762
-1202148108
-1666872642
2045814582
-859173495
1339109824
500128872
-2146118654
2042293586
-1360546302
1352284377
1474961760
1166761423
1049479515
858298679
-688636093
1982332274
979732547
-683585076
1280903782
-556905513
1674398269
-860129746
1224279968
-1699306347
1480294221
780262303
1027850364
-1138974154
1618374823
-1302209098
2015155464
-381932157
-1363486552
2028947774
-1306536211
-310788860
1537181193
-889089699
1860059584
-1823438650
-474775983
65843960
731128982
-2079738274
95900555
-858101162
1971671261
-1997815506
841589049
-1664180477
-1828838807
-20864282
-68557688
1680615926
-1240451891
-57835443
1446257604
4020725
-1730897428
20110913
-915728115
-845817288
-1652398641
-1642028292
-45231029
-1789272244
-499014729
-1228707944
261163103
1808842298
1183844470
-2113085996
-1465682022
-1805168152
-678562310
2095402520
-790088846
1923666622
-18897878
640184758
1445503858
788202636
-1103658252
1864314226
1990952818
1532288682
626796966
-897847228
1417505032
1307906656
-1966250115
938981979
-347459522
2022708104
894519675
1611272293
1559154564
-3963022
2146118013
437673741
266681064
-1424540153
-817096052
-1542614331
1847336580
-1078847184
1089291890
2099963845
-437319626
-378829192
-168161136
-1705036206
-385156970
1430810351
2017006063
1785610051
22449956
134005073
-2105523564
2113256640
565462465
687405672
-1842224105
1288584013
988311392
-249737298
151322998
1790050054
-346821123
-1851629515
1463130150
-115967700
634377165
1180798923
56999531
2011763167
-1476041802
-861573032
1614437097
2057849388
2120295681
927784331
491995513
-1218545078
175570509
143765173
2062010688
1637068833
-1550283834
862855924
-363974658
-1868533237
129901719
682257300
323313315
1461938653
804668316
5109937
591258407
1022901288
1855342428
-1379505120
-1571277926
-1909583941
-240992970
-1513073009
-962883974
-1134524052
949267417
2135696106
-230028220
1019101207
-721121031
-1779706880
460043853
2016668903
-249887170
625768550
-1040992559
-1394353197
-802012800
1859680411
-1535117748
-326803349
2098390065
1660822380
-219891192
-1698671916
-2132160998
-1189602151
-2034558985
492099857
633071434
119247289
-163425342
-2044723069
-101182134
217733466
-1034847967
1360128946
135712661
904224876
-1642608787
1446156365
809109318
494799326
-465583502
-2044821137
-239643117
1724605577
-772670327
775201315
-1834899335
1085430605
-2106462746
1564711978
1124521785
-838974599
-421499602
-1709439237
-1679236094
804875632
-363553459
-1085658358
-1505637009
-261383288
-2076875643
1251585357
-1747177933
-456228043
-422919991
1479143163
1236933522
-1360610202
262114635
1879188886
1768355602
-1460550866
1740737874
511733548
-752343182
729804711
-1804152751
1676633817
-640946981
-1424259054
584893237
-2109604465
1897186389
-1974709949
-78216450
-1179804903
-592245125
-1416019653
-101366639
-1982411940
1185279346
-1256179690
811525579
-37422113
1073188375
-1636441305
291765209
420875662
-312979337
-134336927
-2017987898
1697824442
1902084995
1930422264
89330261
-640601756
-277895164
-2109965753
1227848720
1831014843
1604808396
-1958813708
-1701874016
-1042210590
-316152274
-1767688623
-854812065
-197253131
-7632209
-831876603
-1667976405
-18376883
-1779355907
2063923691
-42833027
-1495640573
-1464275169
-1355436999
1473057977
607552947
-1103060243
101978596
1626087622
-1348125054
1372619715
-325188541
1145053409
-745568415
-1581254287
7751922
201088430
2123763346
-1377451403
1370777592
36265104
-1112709525
-790238357
1817788460
-120986055
540723801
1361267140
961412564
-1087282556
-1010192345
1614900662
755586958
1296276865
263367040
1300184947
626079091
2017675729
932207026
-1358840931
1984767608
156619828
-1511554124
732529400
1266698264
1362648160
-1288473495
-2121977504
-511212497
1879762708
1222135078
-1080184834
-1813821143
1758731627
-946802063
1006171830
81928283
1068576117
1174840076
461566179
657704624
617259011
-895714511
-1068271290
-285037688
1986017218
-749115362
-826040006
1441528284
-288674422
1686065107
-768362707
-133394523
-243835400
168194329
-1299791797
1390118782
-1060553671
371212230
-361801349
-286181241
-1343250904
-816496321
-1074449522
-161230707
-1409436261
-670716610
324640437
-934220697
-526726406
-2025007403
-806037196
-2118266206
-1151693552
482582963
-1106438827
-1704053664
782895653
496928676
-1354536290
602642556
795518539
-160959906
-2143148475
-537537294
-267017480
1767894393
-1524945181
-734578050
383257557
-627673921
1367109480
-1315088766
-222290732
811983526
1707834703
-262050004
-1273858680
-2058927334
764997138
-455467561
-1502696016
391286398
1844383710
-287200334
-170909932
-967241484
-100206198
-1003285345
1257306260
-1683455524
-299227707
1608111197
-2057113987
-1704357989
708185487
1676599784
-1693311970
-847977571
-1030064662
1772059935
-1826887013
-878320996
-419273520
1814082215
640487680
-563958495
1818423655
-402867697
-1774780008
2072323147
1814717299
-1890217420
729700479
-1001851186
-1493346805
1468694503
-1425465482
1654585918
-434712177
-882617652
1401748214
495342733
-29650728
-1060727676
392860807
1209022930
1501554097
2229774
356832849
1035682379
-1121783674
-389607574
-1030239245
773823653
96018267
1576863103
-308527981
-910843782
-1458886657
665676350
453136949
-166427366
1101918592
-1396667642
-773922224
-1851834227
1068179681
1731928394
-104060002
-915287336
182009098
1896012144
1844976947
1757512063
-1711432193
-165026820
-1863877935
1795606347
1556192085
-2063600403
-782863750
-1838154675
-1457017376
254367078
1444181829
-1366820318
-289113935
-807212143
641889653
-68403081
1036709183
748969152
708293575
-1180541489
624557795
1690283476
-255658486
-480993149
762157449
-2068838942
-1312639755
1572492298
-633614428
2025813779
459833140
-1141895558
-186485918
1388704203
-265758781
-842476978
563646241
1312933388
-912644737
409536617
1775923488
-416524515
-1113946118
805869147
1388199545
1760814438
-2143443570
600413410
1762279758
-835874147
-1686059340
258304690
1923442242
488703015
-1227566442
-1169535112
-242377429
-1014937672
-1049427742
2095020828
-1895362299
-759374276
1282036960
-2092530361
-915248343
-1870065415
-106875450
-984303324
-1150839363
585823476
-1394100150
-2048433815
-1701465746
1715650708
149712249
-60665704
666907228
1292130181
-1397830969
-1839715967
1916557398
-1106104097
-332955802
1095773196
936474183
1583217542
1099975387
-2120906187
-1324237585
1321510099
691677389
-1892120234
-1721205547
-833510029
1232725535
-1104546900
-998894725
762296463
-803179711
501063187
388036563
1045127469
-2139781181
-1066858988
1967561202
-1005723179
-1929352406
-723563487
1282279939
-2082633097
-1596721401
687607326
864655997
-503676788
1506813508
390260259
1861480856
555574650
1771881921
-321810048
-1985462788
-860913860
-213509602
964625409
410813115
-708163774
-258109734
-1782453390
-853528959
-513375339
839762589
1216178021
1544581642
33639998
917669073
-210044622
903285203
176140008
-830826378
1682239550
2013228819
696232644
1847742518
-1199253888
-1065770004
97513132
-499951689
-717381311
635506398
79001482
-1004061136
1735502370
-1550771845
993582331
-1332767170
792769635
-522680736
858464814
-939540744
-1534426527
-1439190429
-1389612782
-610162112
1239859040
2040870153
-788831312
-1155517348
2022392203
2056754234
1593622484
824631492
-1849300936
-146145481
-412890893
794824765
1363122799
-1449311029
1730088008
-1479015386
982657452
307591360
-290600129
1497121553
-1793909532
-2138571628
-977573865
-86756716
642885573
-1877680275
1576171714
1703475809
1860588098
-2076063415
36938767
-1910504300
-367586226
1648092537
-1820676854
-215175348
263907814
564756559
-2072096606
-328006788
888415061
-1228190698
918411660
-1967225597
67696051
1563984194
-1720086937
1003319289
35000238
322981352
-1824432607
-1893599413
1657747084
128862319
328691352
2073057417
1799237488
760666504
1373270404
-1418077954
-1934591781
-995372709
-2088377453
1007812609
-1526163339
1927846914
1679071701
873243274
-374341363
594069818
380911962
-991390713
-1431120674
431151959
-339823336
1223954544
-1805711340
619483512
1138249234
1281700760
1666492302
520954108
1725993399
-894299706
697124836
-831188428
-1881873785
-134658684
-1766006614
-690310055
1855657724
1510278838
63870966
-772449088
-542893401
-629137683
-597409249
-2009012916
-441123432
-1382723843
40344007
-371843549
-30992893
178715084
-886541284
502015651
-1982457825
-2125059988
-1686932134
1080156567
922568785
955071340
348195219
518912165
2025008010
1152638315
1632937394
512172811
700799468
-503903507
-467626819
-58874998
1621907379
1978221425
1405277529
685388193
1130993746
1462515650
-902575213
1076216318
-1029697572
1242990989
1292356317
-1526668751
-1655048539
1558016051
-1062159275
1294506914
-520838359
-621586720
-1673697971
-1661857339
1557503531
174704604
1323831815
925192075
-1239788255
-1808385759
1704896704
951253019
245763791
-299987412
-1463129873
-1488466239
-1828190671
67855127
-1304569138
1383877158
-437399651
868971751
-1265388775
-393369919
-730567639
-2093696221
816951061
477179021
921481033
-1304099163
1070509267
-85353476
1942870716
1655519667
-2004122699
-1437469141
14390441
1364159825
1352818993
-61860778
389192708
1844025296
-894915116
1423229581
-599662794
782993578
1822146186
1307988392
-1444161283
-1710207599
-122628580
932041847
761681808
1178621125
-496682247
-1689355202
1965888006
-1413291867
-699177672
2106706015
213757943
647667849
-1608611619
1334476121
656025443
1985118926
924188762
-868509967
-243755822
1748833329
-465151143
363833773
878047677
410648672
-1010428488
-557815927
-862761684
863668174
594033365
-1232782363
-2036634976
1140260550
-1025541878
1350251196
-318182606
500476355
-788502149
115842843
2032362747
782011134
-948301810
-1491454769
-1207169866
219739463
1447548858
-1605727904
-1176971868
1152972824
1250987781
-384290754
-93901905
-1682573082
1708796103
-864819654
-996299822
367594938
447890739
1881899063
1516666551
-1358762752
124241687
1689882912
1411529121
1051887263
1047656802
848624412
1005414796
-1921803703
719718631
1682694144
1376857233
1115676435
1579406944
1903731973
983137679
-940404665
1324311732
-1806238278
-2037246457
1658286969
163342204
-1784008132
940902984
-1227117608
-901401149
134550691
-2057010229
-2115506491
937600269
127359423
-553959968
542174633
-1800892262
363546883
487958665
130287875
730271979
-96864319
1693439397
-622616385
-9328763
430670743
-619539376
-1830316594
-2054036748
1950089257
1221353097
-456404750
-1431748846
-1764422641
228130070
-169876775
-1468381816
1572290833
-1006303836
1965560173
663007893
927855505
180918065
-1523489174
-1143430642
-63244984
-1465452370
33526576
629213349
-934326476
1784085983
1104461274
-1908015763
302065361
1871861382
318802830
-1148479587
-1975631226
1302866879
1575287830
1276798099
-931274398
1288810413
-30086481
1525332508
367778311
-934444202
-229029855
-2116261646
-1447938842
976295627
1495753231
1037603717
-1492798036
-114464884
1038338960
695446782
787286011
175554857
-30229763
-1342053248
-754875555
1792369708
-296750836
-1854898000
-689718667
-1042335946
49642781
1666903927
-1827845769
-541530521
-2030439724
-973435386
1212979161
-1564535549
-500964121
536636698
248414538
-983661231
-264652488
-1019701887
-1050338845
-1754506554
1748118054
-2114285349
-990248549
666753635
-52754145
558054053
-133301504
-456045221
-1483663751
610803059
-2045855452
609217016
2080178818
435478652
-1721296684
1531635390
1450634197
-1929934501
884816144
-1970005040
519237358
-1054304748
-887806282
-1917528430
2104400641
1743532884
1724256127
-1911831665
335568902
138023676
1805332527
-255520099
1260866072
676177632
-799477240
737032511
-1207263745
-1378303029
1383197567
655947593
926821131
-326176570
-616646606
756515274
714696227
-1954552167
2076630040
680917029
1526506013
-1675885678
-363321863
2062780289
-524224177
-903497852
-552778463
1711267939
205831269
-1904268270
-1858369968
-731389288
-1932559756
1744022829
-1429541900
-2082036905
1411774031
-1324313126
1996166553
-838979161
-774398695
555337016
-1018516832
-900875010
-808168933
207740865
-1302447058
1859191338
1131586519
1041162448
-1390488985
-256957836
-402932131
-1093156766
756521180
-1443018494
592686812
30421280
2141019713
-2143567235
262786171
-31212900
46259043
1788504819
663116393
1928442843
381678936
-1602513411
-381176014
1972363795
-542281993
-428157660
1433578836
43106228
2131869066
-995147648
-983647982
1666101164
449377474
1916216738
-1493149817
612475111
-2120942101
1519730867
-333401347
725673493
-1523675552
524674012
-1066188673
1144341935
1221235008
1299493096
-2014371156
-1310489030
-249563039
52545832
1994089933
-1572078899
1397041284
-359688297
-732272342
-1235758127
-1585744694
616601917
1211238809
-1899743224
1265786215
1985923031
1783849303
-1900582448
703825300
-1277392201
796799258
606895271
-410807094
-1942400535
529090150
505831153
-2020378836
1540505495
1889170207
543374329
-1482641084
877233070
-198317473
-1739228619
-530924815
974474688
276174473
-1212687923
600741280
1978759467
-140886882
-1436125346
670634426
1048401787
-1343520562
1199486714
-1640794275
251739404
-510844846
-312190093
-554334643
-2115128332
1753609336
-1653977639
-1180499668
-496994017
1526633215
448911680
-1597360151
1847175098
466657188
557539013
-2019801738
-1559382315
-1765727492
1469040083
2092889277
1734815043
1594423940
-1902498654
-1675394860
982855620
-412371466
257793280
76325998
137514342
-833718819
355125588
2032250005
1818308135
1967497067
1140200926
-1827437931
-487389217
464091530
-1523682749
1848893755
1099300188
338626352
-345389240
-1934743233
789040078
-1618758921
-414974755
-48985858
-622106011
2126487532
-233186210
1105947499
-1171881928
-1989430362
-568765676
-301440441
1643500648
-384455270
-1162553087
-1397162096
-155837307
289267630
2032140252
-2097589706
-233779921
-217097205
-2108199334
2001271316
93507840
839691319
1872153519
-1557592291
2143111593
2129159522
-482123949
-1690560554
671006554
-1990054401
-1820694263
1822780163
-200973721
-696907626
-857836260
1859836069
482427688
-290129960
1815032043
1407772195
-310926304
-696561677
-1410628696
627534278
-1984509344
942295335
1358294876
-581930646
-636751827
-1932548199
707755565
-1630379918
-1185727008
1795132519
1803403235
122779900
1737747725
-749616132
-520840280
-497269675
-1579615769
1194665380
52754959
-1348890961
-1701247261
-153036702
-1776448681
-957486575
1648776858
-1219194623
834350575
-1736315762
902430707
1725308264
532330813
456236473
524009600
778817842
-1428803430
931186519
2119831848
-1095194754
-699161951
381099350
1885102343
1738026498
-1895024471
545419518
-739009903
958762342
-1839842673
-55811227
1558927101
1270497999
1554320056
-1252766936
86008800
-1071227207
-1923195307
-1611316905
1017610007
-80913143
-275499544
-1148483151
-1018598166
1550838370
608655879
-408172016
-1339569043
446442166
718168160
-1634613978
464539177
-1169992416
1664711933
-1974236055
1245327612
-1957906191
1431020487
1858166092
1694771517
-672432120
2032516688
-179724881
1913067043
-1468153241
1833499084
565947287
-1552668314
-1223639295
-1402900128
-1120177119
2080072998
-55620136
-1264928609
862127539
-10382324
391962439
777259600
61772149
-172286033
586194076
-2128470155
-1977446401
-1928107720
-701923863
946401928
-186450605
-1482782648
831351067
-323489017
1819140109
1309512728
-1942835637
817327411
-526741543
-595862815
-1665895084
1478371859
1755475748
116239231
1736962213
823299007
2005863445
381654352
-118396585
-724915750
1270144190
1055867490
221608065
796078687
1721830030
2014662604
1720975819
1906119329
-1504444150
-2139502500
-2090876095
854469772
-536235076
-953997966
-1201762711
382835760
-345256085
-1134953941
-1043628394
1957187968
-1575400821
756657345
-1726627714
