-1706987524
-668528067
-1312228369
392574756
-776003000
-1166830884
-2057274817
1530506961
1026166082
-2055122028
2127533963
1483090232
668819655
425457433
-267577438
-1851794258
209911551
-326333420
518380057
2130440303
-1794904859
1010830682
-1535104913
1916606967
-2047817978
-1118228127
-1455209871
1153186704
1366703752
-1903477521
1770048735
1143199788
-324148626
591580435
619972176
-280072076
677099801
1643957336
1308943954
1359289632
-1339199983
1039861560
-1409578283
1415379592
1771575301
1598624719
-13461560
1397176699
-239215856
-1678016304
1176333572
1959848271
-1332417731
-172064836
-538880407
-1563635911
1662890829
-832012720
-1282467258
-277684514
655238071
412640062
469535230
136718377
1144286703
1705927200
1712584935
-1270133153
-80498710
65641129
476691829
-1691952017
442586082
-2057046243
1967530135
1935411854
-1733154730
1447624194
-229351584
-149305085
-669879212
-985953513
1896719082
982328383
-730559494
-2018925691
-1962864010
1544377904
-1886017223
1141692756
-1819778088
-1746462506
-1557066532
-1459031520
-1081438703
166858261
2018880456
-1455307509
-102464963
1584681165
588442757
1675396085
-1641410897
1065714471
32848125
1345315818
971984986
-580653518
-1189910398
1667881180
-1662167438
-867989843
-319142379
2676881
-530916270
-230167770
-1026312476
-1385047842
-1073988192
299347779
-453294828
1665891605
570165422
-527923105
-435547455
-220584261
533713699
-1496764584
-461342398
-446702210
1350776026
1097272230
1456724145
-1942076827
-1510142711
-1990526032
-1089774679
-1018690999
1903261093
-1322660262
-2038516911
-1450017917
1232406789
-153468446
-1980362855
-623932698
-1404281403
390831084
-1936009277
927118319
-1923293972
-1999294758
1092413221
971249723
592598609
-2000134047
1147687468
511111736
-2015430854
787744089
-259786844
-2088728801
808552261
-857659693
-1997446603
-781728735
1083707275
-110197648
-529875408
-2819360
-326938623
2112972784
845408139
-2014547680
-931027166
1834458633
-1115696086
-1804224578
1678659530
-1724929927
2004606560
732757216
125573477
1228504414
2066133940
-258290323
-854524344
292775877
504425447
-1230898753
-572900258
901504384
-1174303691
-256208489
-1458121721
-1571135941
1981348571
-1312019631
-493842116
-615600175
-785307943
-1677137320
-1088814346
-1301869605
1924261881
-1790052133
-1192622896
991105674
888986383
631597248
1978908394
-1947035978
1426341505
105951193
-1293664239
-159606986
-640380151
176304981
878515740
-1777600143
1158743225
1381996152
932546712
1717885237
1591664703
-1135755122
302143911
2141094343
-457402262
321048092
792604964
-7642054
1065689068
1223254361
1399526923
-2139513084
1638439777
-1734081060
-1998087656
-2017727794
128954256
355900309
-524772435
-317456246
-894504977
-1819869951
-944586248
202689738
-1968950932
289756313
628954964
1529087056
1980745066
2078266763
1748526576
1579675105
1756881161
-1020474452
-1909638482
2120709470
363115690
1553020588
-660819379
451927060
-1001916495
622421130
636384457
-1238066606
-1364530036
-27508918
-1338473727
-472693189
-492166924
-1705426459
-1379681638
-38890530
183922291
-385070975
-839240669
2133901955
-1710817499
779202530
-463806599
-1850275001
1637898946
1416132639
115343981
187491563
-649019429
-393781608
-1677951581
687288552
-444445341
-304798937
405666748
1253877190
1271382129
1017343125
-1436520777
194644653
