196004863
939232873
-1764894264
363507619
-2102898345
-295547881
-1595608818
1525424483
1728880533
-401000622
-757137599
1839296487
425777919
132238518
-1509677449
1441293850
-1704114367
-617547758
821449569
210190793
923824492
-1366847466
1920049397
999061622
1653372480
-1406510773
154980941
-1285196437
-1838421842
493012034
-1752365362
-1722112751
-990897001
-1554982128
246287501
-2073009790
1372772826
-1612049927
-789383955
1435604059
1229044621
1229451114
34131852
-1058922025
110739337
1814347564
-1426084001
-1251708647
-1882338773
-1785477929
368860699
654222792
-1211424167
-890920572
667378134
446783200
-572839485
-1467948858
-1718339346
773525191
775017835
1887559897
94761001
2051031198
-590566810
1869908508
1545893661
2143444698
1539195619
195922364
-859285806
-2104242414
-1254187156
-1443888207
-1539789147
374437658
681101420
1533538286
1397857134
-988348593
-476937232
-2066704684
-2126025499
1520723508
678634417
-1876827929
-100840127
-49235651
-1617252526
1754688963
-1238614239
1940850411
-1159008539
1468507728
2103547312
-1182278120
1968708019
-1497612748
2024426243
-1139085677
-502321860
-1248274295
-634201916
1178705647
-1191432068
1768539087
-931563755
-79385704
-1436883088
-1191706332
1831527854
-1396432090
-727663913
-1475671374
782246727
-1875749899
1471600701
731647336
695580477
194477813
174575156
-359233044
1276866927
912090045
-1420547868
-1672638257
2059781225
1329527270
703976134
1418464770
-1122492988
1835658134
2121416108
-2137401464
712106188
-1918589605
-461924348
-940149908
2084431715
-702214343
-1637772708
-1171928843
1765715236
-504282363
-559515352
-268816103
533694667
140825588
1314236099
2106235438
-239757357
-1408599186
1551667635
-1447382297
10567776
2124627752
332921649
1948668029
288058719
-2077137807
1720386023
-1851751380
-1725437717
896451786
2062425339
-175500320
1205369074
142301116
-1792785588
1917471280
824353304
-2046163482
1329906426
1617973643
446969050
-417392299
1103924523
-239956304
950077686
-1797988584
1609693708
-295391645
-1551463670
768626194
-1146992362
542399069
-1956118405
1700316945
1134584210
-662189693
1738581400
-207404513
1068537694
2102959963
871827966
1192394008
-1154123791
1192808123
-59814083
-399310980
