1836627164
-762922964
-205045074
728893299
170390750
-1997954917
-1259867084
1761203466
595244528
242559199
676284857
1958720005
-1724611716
1503385166
944576633
-2128792427
-1611809075
-1714309062
-873483985
-1733731463
-905300784
-1681374107
260109679
1289912722
-77804514
2015823539
-655040685
172717750
424251193
-1779230687
-473538726
1258344899
-1098410219
377655541
-534137716
-1014444041
-877094438
620259895
105489120
-286173825
-450616856
-501710241
1773612002
1685381965
-1774145253
906672463
-242635376
-1961322962
1033196623
1604278147
153586565
1279427355
589458214
-1021954938
-1567766951
-1503066930
1227401224
344805543
1869555014
-1712271720
-15627157
1263719916
-1595288049
358144113
-525540012
-828263353
-2145605860
-802129840
1563102236
1896828167
-1428996119
-1891287875
-915148937
962847121
823327649
221994147
1291266226
-1124157105
-1597486587
-1029910422
387031355
1015165671
-965821805
1687709765
1911131238
-2037173072
2056000995
460026824
-1368802963
1362800737
-830920365
-301609284
135365049
-1473303029
-981915418
-1994299594
2128533343
-667446712
466275177
-1979477786
99366892
-180907084
1785496791
-1850754644
246712165
2089391004
-570457346
834163568
2005604233
1599131125
1070288993
-380369102
-940155048
-609610609
-476167840
-450198177
-1015011624
1464895882
979701654
-1750235289
192293654
-38859512
35014530
-267921781
1715633770
1034834468
-432771992
1811246075
1874012415
-1541746910
-1695287687
1249181215
-721629806
-1518535450
775982897
594841396
-1178839430
418486698
934227968
1352651035
-1527255321
-1003035925
1629554476
781218413
241159278
-218170716
1068844789
-384980782
-921465660
-1478038594
-840547591
1913228435
-1841746999
930415046
-560955431
1994398060
-1291921976
-1267177504
1265146141
-1153111897
795941373
1548698363
1246699860
-1568016283
1780695383
2016918341
2051006591
-541387714
-2143302274
-232544031
-1131670352
414102284
913531926
516806615
-1746560787
-1461297660
-310072763
659232588
-1699015079
-601492219
1368380531
-1455388686
1204003733
-1085643724
-385552816
-376709695
2090497635
-1386373432
754196250
-1732146970
-852391028
-1066470622
-886870497
649067003
-101947132
1452543008
1075694465
-380209799
-811442613
-1930939471
1143169337
-1884214678
1792665365
1638181548
-35688355
279150690
-393931732
-1530517027
-2125971803
1298452655
278994581
-647962527
-2075011029
878902991
-392591119
436568883
509913457
1221698594
1852928806
1034895878
-686475864
-212614432
-121895874
970700116
-1129681617
77149260
-191426930
-1091888714
-137074599
-358070743
2020168218
-1896321930
-1613919629
-2011219091
-2108161736
708722018
-46378748
-1723816908
-1031967886
1209420258
46945110
-2007449353
-1390087504
-1376832179
1557739061
1631151357
-823218538
1601499767
-303130634
-848491504
771711531
-1042435442
-125028166
798562164
-24664134
420900134
936239860
-812489195
1345812220
229070225
613079080
-1054426114
1004628343
-1898327692
58246644
-1462719214
-1092394720
456049814
-954562732
-1833763083
52458823
181224955
2114139680
-996952502
-1733146189
25104945
-411414310
1247691555
-801754100
-514765079
-703203162
691503285
1140642681
-112888888
2108459929
-828015541
-374800759
1441229951
1750015797
-755484803
389360470
-111458280
420650804
1329584545
2082780647
-691664493
-477784956
1525679232
-1944540970
253390257
841875
991379532
-2125075406
-2071217650
-1203652404
269267665
1581579942
594930037
-1089450400
2112198123
-86926118
-1934898833
2130513481
-1155063497
-1475151079
1125178653
-1176185461
1732303629
-1609861837
1450056007
553317820
-2103016275
-891758428
1288555956
905774535
1277171127
1016900853
-476295237
2009889516
-983991584
-1309270430
529545754
-2128982518
1260588003
-1570935108
255219205
-942591712
1332669620
-901050224
-47545982
1269766417
-1691955717
1091752073
-2050480397
-230219866
-4669248
-637685486
-575530508
179372505
1928401250
733174847
1815801191
2075901520
-828219955
-1095872531
-608954676
952965159
-402892053
-1853609945
-1422167339
-1947205134
730135898
-92427317
-1224474823
-1691339519
430897504
2005958508
-1097867832
-595494683
-800862693
-494493062
-1457589057
1112891187
-1652109316
-851567968
-1191788451
602568583
2119820918
867004781
1801267637
-611565620
1745088753
-855644107
-429295931
-357870407
-1815869692
-857307591
1550559176
204056222
1566312420
-127310587
400283080
-525420960
158346518
1347870489
667444854
-74178879
1279300716
-450591541
752036157
-1187320348
941421870
1995438955
792375700
-442592496
1413608598
2123115176
-529628525
1275225267
-1278030463
-194421711
998367177
-1964834134
-1600569500
1441608095
951736140
975509695
-1453262724
-474377071
-1498130160
-1727052430
-278728887
430966040
946433916
-1640683268
1820876604
-697243051
1208544570
-1319772016
-1802216274
1374472545
-1672666034
1586524643
1354642452
-879262100
-435914134
-2022380818
-2026502031
254546984
2133257855
-1851704846
2041603339
-2064566937
-649731177
-1341849156
-1901283743
1314272514
-1213381407
64482858
200662619
-339167235
-680896755
419581165
-719628349
1930628584
-1512191270
1466953360
160734452
2024055687
-1832655636
-742288456
-81279536
1612479413
-302592286
1716611756
826773750
-611855739
-119773784
-876388073
1219251252
1665486505
1353849097
-2036183539
1789808699
1956603159
1593749639
1108817995
-1121975407
1630982889
1771768174
316161218
-1529833269
-2021633660
-650108378
1765857622
-1849689094
1797712124
-1650850103
509452258
-1885363355
1968604343
1304720117
1238472063
918763384
789098063
-317768478
-1877229050
1147094525
-1264086340
-1825186378
740799442
-199002999
-2131118670
-1374246121
-193201206
-1004476872
-1349847224
246126082
537257374
499435676
-1829908518
1825538778
951185487
783956977
729409071
-763851068
-554382603
973474454
1306223581
1354815025
694213052
-1209932872
1612229611
882675899
849381167
-1862005424
-1511368776
1874171445
-17963592
-1420050098
1822137884
819044604
1017406823
1511631382
-1318614836
1739186579
2047975922
1147089451
1839832067
-1351633041
2037812476
610704169
-1065429923
1923326734
326793370
-1214181384
266215173
-140458675
476431890
644294206
-1308774382
-393183237
-1986904859
-1834253547
491576110
681511848
1859866127
-672753922
1201689208
-863824189
-1481062516
2121114900
782823339
-1829256733
827505694
-1730770556
1252748159
-1813410460
2055578445
-2043874500
1525786447
806095926
-1732643409
785712354
-405508869
-812158991
1155713385
1061327111
2059847951
1128940075
1730884341
-1838455396
-944086236
-1078141171
1913810468
-1857135964
1455847558
1708754212
-885845146
-598730710
259087638
623185524
1894899017
1774831478
-493443470
-625891630
622117439
573907835
-1562221230
-749333645
-586455388
1495571602
2021396789
240738239
-1916916994
-1175616659
-1191048644
-1603533973
-1706468731
-220893371
-475998892
-1832593978
-10600986
-1460448426
270497435
1355375186
-1873013181
-855115892
-378761732
-1123126635
1271874686
-40318850
-691135973
100065585
-2094718793
668152475
-326105736
1208224306
-1589164526
1852701858
-1406410290
-1991480153
498685629
-1759423145
916878780
63066483
973110321
-475690893
-259653465
-2076341404
-1513347145
-2051830053
1871599837
-1478974332
-137636051
2105667093
-39958530
1499663535
-174726647
183212791
-874788457
1387208037
415208094
1108726689
-1005383665
-627308831
1250365342
1480926380
-2046397498
506002026
-428615201
-606007901
-1179930502
-1981798936
794485345
-156698447
1211438317
1992119481
1031765136
-1173063268
-91518780
1805470149
1213903045
654575601
1187548338
-1887426865
254194450
1921427585
-41051947
-1296403186
283411006
-53724661
-301433505
1658168060
-1955728626
2091079994
1112189305
-1214641299
-1450791994
878514129
798194787
751426018
1979896814
1004520228
-309590817
-1128964066
-1371374503
1515591113
-1368075569
826716410
1152189283
-679628656
1596768029
-55864203
-1396180615
-1805310289
1124191706
-308139761
171526621
-1935185599
1789628073
1591592534
985443242
1059487217
-1847550114
-1975585600
-586113258
-13734670
32453857
-118321477
-597722377
-1610311118
-1143288232
2117689090
1559056008
-1938358834
-805341563
886755378
-467952788
490860487
2120038251
-598048356
929049586
-883262730
2008327223
204592476
870091161
-912889027
1992793438
-1379152982
253220823
856328959
-392187134
1259519855
1362433813
-1811233839
-1662137958
340056091
-165932034
1514083953
-2102598448
901596341
-1918138631
402365942
1936473261
-1431464909
-1083234317
1597575753
-1891434253
1034141451
482130529
-596738605
-558731575
-1066486263
-926460539
-798745993
-320791395
-1413707165
-781685521
-853374526
233087045
-1729461494
-2125308602
-593437599
-1468206233
1194373954
-447184568
-620290861
1660369435
-841488780
-558558450
-1451077282
-1507602482
146928963
-1678418540
-50190009
-777666967
1350162396
632881784
1829226812
1755317169
-595457646
-872851454
1026583317
-1087944464
1257050537
-396745884
1335739579
2116350165
1286948209
1515533122
436824680
113418136
1342576534
-551117197
711958544
373530977
-1308981066
2037885705
1175539230
1772344042
-579236556
1344446862
-313258653
-878055326
772963403
273289361
-1140687285
1519742612
826858597
161629280
-690069679
-1167179192
1205870765
74708758
815339188
-931186199
-659739677
-1815380777
-1335975062
-1846948505
2021436526
1136128090
644491605
1154254942
737846711
531768231
-287667020
1868788343
1517861556
1350261025
1265684699
-1524884978
540413378
-415233849
-246862298
-183687915
1973733815
-976538186
1396380459
165383223
1951836215
626726897
-1818524370
1058399296
-755300026
-1083171227
870355929
95443387
1164865567
-1980003034
-178531284
248660700
-1652262589
1390623742
-2027088206
2077256608
-2110612012
304363817
-1578251019
-1036156878
374560802
1312183385
-727133645
-1381221999
-1952547450
2012141055
1069124432
1951740014
183296366
1111549644
-1268215281
-628327846
-1918200391
52325237
-1966383236
-250514144
-826516411
1973704886
231713196
-972725137
-1068360251
1592378266
-1498257239
-33831492
1902737879
-1099353608
816690854
1952546406
-832519083
1039134528
-1029177478
-693745638
-1926495254
1756850551
711078731
1852178296
348308968
25746047
-1572212599
-1568294666
-1854481575
1068220828
-2081433314
-401424380
1246843731
1306784051
-596539677
401597553
-543930736
-1995688749
-1993747627
943700493
1700087870
1889981305
-1997445496
1983950478
1745719314
1081963023
1415889243
691673527
1094332834
-1006757322
-1522256148
2137500598
-1191709452
714828101
492144974
-859644467
-1674861487
-1001247856
-1351213703
526403893
-1769938081
1725360108
-1257768318
-1475278786
-2120817810
1662132082
-707590133
-27884102
1213434129
-4569725
-1407762436
1052335772
466278129
1028043789
-1591490702
1350187483
-1078873635
-1721294837
1536303863
1033747099
875581988
-1059106222
780401140
-725421937
-1688603098
-966842231
-332063389
-918164840
1590995496
-135585160
-451230264
438718386
-678086296
-1159069818
-2098971551
-1119608304
-348087183
-1523568516
322986907
-788328316
-1442482000
262807951
-326184248
-58263004
970294598
-1714249572
98203919
616728618
-1576015586
70443957
2129066915
1287324188
36365890
-1342311461
-67550408
-671956948
-1476630934
984711181
1721167025
-1726095392
1814445270
-1564320639
-805334755
593174261
-568053411
905654832
1188960484
-479919999
-1698223932
261628568
1323273789
651010135
-1194721709
-74292291
-507501854
-1684416338
1826742949
1245386864
-46768889
280403460
-629845056
460646611
2066718599
-1844595393
-985529755
1339039515
2035319136
-5429226
1676359848
130370711
-857823135
952572846
-1594911294
310819570
-1067377887
126217607
1881027364
379661748
-1415627213
1946860185
-1617918256
-1960265714
1551233175
-1314212678
1706006244
-1061770538
-226657421
-874386878
1730171511
2051661519
-403551998
-960994319
-1596185688
-1351950546
-486697269
1791016207
2037911283
-2029406119
1654298390
765827540
-1175587898
-173838607
-316164709
-139616246
-1486831020
1972986642
-1954876548
854840816
1435351720
1585783769
-1119121803
76319585
1244268796
-2080934106
-768448686
-1733480139
-41069750
364485026
-2136613984
2070921959
-771814365
-1751909629
2037188263
1714464376
-100294976
219019918
-1924031081
806364818
74696790
-892442659
865524480
-1928402193
-2082360658
1803340770
-47239801
2093945595
2080678900
360693291
-636379690
511301304
-214870066
32819815
1454055380
-1662791199
-1769843280
1073916456
-562609386
-83337902
-1126377362
980342506
294581908
1201052326
94640914
208386131
-1129098337
-1664018911
747904751
908391100
-1589271534
-357883184
-1573241098
-2048681489
66918343
-635611922
-921492409
-671331278
-1321345715
-1000554871
-138743797
-1303021180
-2080599593
1161220709
974499456
1215585062
1800682614
126751008
992175956
1994612572
-895203190
470934678
1486118711
413994356
-210816138
655248774
90660523
1540531719
1720312210
-1865005195
-886762978
-1974074498
-1095315867
1595279058
921229113
14843607
1355254803
-1836550822
832080762
-1432822615
269633044
-1772252994
-558747648
2134804069
2024815398
592809858
1815049893
-565144610
-1361747324
-1167134681
-580088751
-1434490614
-1428115368
-1203513716
-67062643
908061705
-540562067
-854238320
1095535190
510367591
-193505752
340374268
-747963853
1631120542
-1007717192
-217298016
91179401
1265240798
847047308
-1894953541
783007534
1575448079
-2083873531
-162522209
-194920133
1071192598
-1261962899
-1110525803
905280549
389068375
417285158
-659408387
-355703026
-1061462662
-1159387354
54437561
1000290648
-149281422
449721250
1167255756
-1669520005
1617732539
416172809
-1589398211
1648848152
359199202
-1336859853
-337473983
1263116878
-1504643510
-2139465254
-2047851624
1476667979
317519148
-1479619768
197956919
-1803299548
112176607
-997187502
858446886
-1661296919
-509048743
-965818492
-844243541
-1761939980
1579980533
-406467171
-825545560
2096620161
-1301843850
-1881716419
1245232449
952273795
-527358389
-206090788
-1624404287
2095387829
9886484
603888126
-2048356418
1094337006
-287851164
1631417508
-159440774
2117127097
1030777544
1404726789
69654411
1359966500
346750728
1401943934
-716936002
1132974808
-339061844
-1208547642
12840505
2134076266
-2117389375
112998501
1524409311
1400322287
371099612
1790977382
-794475273
-2030048299
-1341407649
-1724194741
1896047631
1859235568
-392498182
-58340032
1691039006
17030355
-1965383564
-944879212
-40693272
-235784607
-515060821
1665586788
1829789862
355626659
1501826777
1226029720
1275707621
-2127159334
2025383448
-326414317
574923438
1919843800
-509340121
955346981
1318235110
1380473227
1567828590
-1369918652
1367707640
481053146
-1283961025
1682667516
-862569040
1024986547
1569131614
-1903565533
-587823254
-802981020
1443079107
1567185744
-1827493525
-2137747158
-524085090
-1154152052
-2009443698
1296792327
355869338
-239691446
1094652706
-796352040
1731826021
1510548884
-1857006062
-560195674
-2004163472
-62393977
1513834566
-751897285
-678946061
1204654593
1219973705
-833848072
-2066874317
-1764786536
-624031700
-1369827610
-2001176569
-59949619
-1778928727
1334475274
268210071
1510580352
-1334584182
-1521903876
-607365529
188203175
402092875
-1813768262
443597715
-1242777798
356549118
294029497
-381277348
1111637361
1522108270
1658683197
885786850
1764076849
39116935
845238505
1061232691
521278659
1852498933
-1897058151
911293572
-961850938
-1595173878
1743438959
-320205123
704341863
98503396
274237740
-878645190
-948796466
-532806450
1870829248
543919567
-857904933
618540262
1672124963
839499533
-577950703
482611200
559224933
1822363075
1697022418
1357306314
113200900
-136400441
490604492
328220720
-10336899
1679099126
-1538637133
692404482
-1801657307
1988473720
-1748286672
852137426
-1612176328
-1757008824
-854383080
1168245282
227913010
-550496781
-1290148895
-1232347201
-1639287971
738184095
-8772783
1013615975
1315711915
527377998
-530840713
-409230415
1188145349
878515812
-1880223521
-1128983506
-1770818205
-1760112282
1398528512
1070765770
-1562689571
-1545627644
1513412345
-1182660232
1105586946
-1793042344
1127061628
774088206
-464168920
1098428528
458256906
-1099091348
-1964228988
-713091831
-867036320
-1299345692
1889510331
1033248925
554812720
-1465891115
957270456
-971420000
-1013695212
276236185
-198466112
595830533
155401407
660152736
-1542769469
760684038
-1473548171
1681356765
-109690637
-1246516187
-577421124
-1659535008
1414032538
-386309523
1793887059
-20037309
1999935016
-457113859
-1799981213
810965194
-664606325
-534067770
-275523340
151689157
-1429327165
2033951123
-465447006
548187961
478889397
-268644023
74566800
363194943
1568575294
949134704
1517063067
-1119743701
-1380899957
-1916595727
201624530
-132982033
1672994215
1168971809
-375545050
-1395748671
-676043692
385764605
-1152890531
1812121596
-1079957473
1040449463
1801033292
-1860282813
2065084078
1254737009
516452165
-672930836
1355399004
474965831
590059469
1921564826
-874035961
888966035
-1883530862
-1160126933
1684797736
974682987
-176769125
-906291755
-387765213
-412030098
1639211201
619912075
-891732257
-507332928
-648489635
1920517029
1594073497
-1172056238
-659491774
-291733825
1340697589
-1025630618
134832877
1160982496
989127254
1864266066
1720943867
1117110494
-1786282898
1121226371
-1889667366
-1516562175
1060061464
-2091147580
1179484099
1944607207
1488292708
340006592
945729255
-854751578
850169075
706456773
1246205928
128121143
446833029
-1214748982
638870154
939411985
24365008
-329775949
449880490
1348177428
11064211
-2018161966
737846638
818024104
-1787482903
-1438060367
815611069
-138813402
2136486114
-1111214066
-1631610383
374995574
-479164593
-919637978
-1901965621
1485617144
232194524
1735846198
1295750055
-1478304089
-1528833948
-1412096962
-1647030800
-1708419204
-1337796992
-1554969849
1657440725
1334442000
-1658827167
812915815
-1802151108
338100868
-1595808545
-1765082940
795957751
573128612
357796561
-755422506
-2099499723
-1618389174
-1052624993
2053081264
897112634
183323392
1874016532
1053927680
1935526482
556414697
-979358600
-942217067
1734917122
1688648928
1347482845
-1883782111
289674113
-959021599
1043219129
257985088
881606246
346637735
-562265931
1026468280
-382001502
659475607
-1156040253
944644098
-580210513
358233052
256527478
-1331639287
-1411423991
-1285644334
1230733197
-92165840
-1931623203
1087411367
-1091286064
-766364006
-824792576
-1399981761
1875832607
769691300
-575688158
371778648
-1676731193
1838740150
-1994527422
607098863
-1527521513
626904891
-940890268
644763361
-1932689869
688749549
1851121026
1540210900
-278233049
-1418904491
1816595903
-801406889
1137448510
-207272814
-602384670
1043830599
69438356
1576126040
-682091775
-210434700
790595818
870926907
60856700
-1901001339
-1096203847
402184493
-1586351059
1354710040
-912335223
-1162167739
-1722788899
-637061843
1092204674
-808138558
1130602489
1519506372
-1683735997
2002232910
450592132
730568643
1655470578
-798470778
326371663
1477107229
-440541037
781306041
740622696
104300337
1423798941
2092241135
558977487
-605851793
84512202
57235757
-1038731153
679102017
-1869139922
-587249161
-1831586740
-1138241753
506731659
1937633558
-1308937224
796133668
771125219
219703707
-1228490933
-376096680
-2124972979
-2046328797
-1020405678
1151266286
-1031734004
1134745435
-1105825913
-1077990857
-2043611171
1346982086
-1877358782
-1624703721
-1024860273
-1839153730
-283340176
-1453438817
1432996825
-1632559945
1524832897
-931100165
784128615
-1344280885
837146790
1047186574
820776245
-2045496974
2033839676
1104489307
-41207264
320120976
128200835
1407485094
1383980986
-591616844
572832659
1586447322
1584657245
1773527454
1521762447
-815110739
1696398466
523802882
936084250
-436200830
1545670995
-93583989
400603657
1929620237
-220952450
287150626
512608090
1422689084
-527141813
-735757969
751663973
1069320021
-569951504
2117196191
-772974767
1691621211
1700651043
-1004502937
1521779400
2146985142
577229809
-592579767
790096110
-661193198
-703309106
-327026666
1205776526
77313414
-1491475732
898113971
-602307690
1700545785
1278008015
2105681183
1568823749
-1569762111
-525017823
-1543767372
1241627298
-40187764
1418216898
-2088087636
1257351855
-2023786877
1596163107
-239072282
260421599
-1419334484
1616035540
-187699222
2051201348
-1854396273
681155674
1369149226
1089017356
-1595579108
-603044538
692136586
1574709166
1807835851
-266734718
-28430558
2033683295
587877893
685941486
-1345036990
1099806411
-681793598
-884558038
-1879319626
1664001
2031998066
1569499829
76331850
891496622
830879008
141957942
781102736
-691221363
433139413
1166460698
46528992
-1181281507
-111426502
725962846
1673584543
2114841749
-455039616
-1908090707
261688516
357712405
-762652028
-484193619
868272536
-168308451
1451649837
1939694741
-529796420
-1759458750
1145612824
76601346
1335950960
-802674914
1212155255
-2051402997
1912508946
-1698239608
1043694134
721782418
-1459196957
732939780
11027806
1412005341
1015457041
-715144323
1057869758
-1362830492
1791397873
429525553
174575559
-487829780
-240339317
1257230316
-750080584
118249684
1583856987
940900216
-2004994566
-812142930
427568726
1372930387
68421068
-2040605424
313880618
1233410978
-2073715166
-169409876
-1281856054
872422757
958808266
-1679581026
-1411730903
738805996
13827025
878115845
-1706492859
1360802186
42829604
1779694804
565481318
-582418297
1913968761
-1432095254
-986791001
538367322
962105711
-1875844513
-716268875
628897047
-1689080845
1833280544
-1313579818
296385830
-391837466
2033915837
-759463379
470895925
-1238448900
843190657
663448635
551165039
2057795559
1617401794
-927222871
-143954451
948748723
-319689093
1204358724
-779724692
-1215247757
-2142615529
-1142681272
-2138548927
-2105632739
-1483722865
1433621472
2022083209
1047748274
-1892614218
-1086933523
311887012
1016737442
716110803
-292434170
-336620829
1116317037
-1066869392
-2006988353
1170815871
892961933
736881521
2098409262
628259532
-2122296686
-9965977
-1979160918
1139392943
426207887
-830630362
2132405718
-201529523
-1717166668
-15391596
1525779677
1283555845
2088422204
963932611
-427685122
-1794810977
555946633
78159170
-1798756534
496334021
1067615116
-389480272
934402476
-248689743
563704170
182335377
32186410
-850961881
-1864119460
663834724
1074257001
1126366886
-439214122
-143361292
-444562058
534987994
1733111275
-755513362
880259523
585974100
1498851567
573689267
1705950575
-1927023492
-1738534307
516769391
-920121143
1259006149
-1810182661
1508506474
-1547121898
-155713501
1626526779
-1781493347
1529075090
-267377479
-1902663964
-381809784
-625696076
-1991126825
-2113049615
-117107646
-1787814474
783000099
1694126777
-636459055
-269054380
1624009749
-528308401
-223155013
320435411
-415400536
38287403
-605596963
1075094084
1328483918
-330829303
-890614918
1611272457
1500120611
-2036673007
-1095258474
323240344
-1785096859
-221401545
1822695813
1656430463
-179155164
1037378532
1758597822
328446631
1969470261
-438690602
333061876
-1458364196
593269612
-2039184829
-1947454617
1375847308
1056514057
245945924
-298843786
1258509774
917923698
-1705034895
578852729
-466256218
-348379870
-1689201976
-787991859
364264327
1509604321
-976055342
-335634641
-389550312
1534695221
-223149304
-383928499
2053183546
145076248
986868338
-1283138918
-867044022
322382058
1098086544
-251827103
1275762595
-1824508760
1505519998
706719773
-38786202
-1637434018
-1061216686
217618183
-1344768132
1064140250
-102709560
-2100931857
-600909348
-574061918
-840957663
-462765489
-1011465207
-800831961
-146631609
-879752804
-1903166498
579198009
132261940
-244519457
1734812813
-1499602755
216113301
886817924
-1642245148
1498357150
1321926058
1229982834
1146402770
876944385
-852498577
342099035
-1523019734
-2071587652
-1373288704
1366872660
-1465057114
808383495
1553240633
2004422823
488341293
1816093812
-219959908
-310979608
178348632
-718858980
1813940343
-2065990074
1522160690
-1172000998
-354691258
-1267665886
282635583
2006593085
-725053355
-1007614491
385481663
-1367240456
308022953
-1522457842
-848938189
-362277987
502333216
-1672631671
1923907616
990210762
-1029866537
-1579586489
1893211154
2112336163
736557515
97202186
1124433379
-1761346495
-904598334
-1278454400
456020541
-544813847
1303332203
1856561555
-1753700260
1346293376
-1243337276
-1122857729
-1731387624
-1011902018
-480073797
1382918180
-701211102
1921085090
-101846504
-1050154979
-910401651
249436581
-523774055
-645500656
-2136322672
-1617266638
-1823585186
1708765639
700840074
638537812
-2113208953
517661823
-1378342587
-662999119
-1220954341
-1654634240
1883591550
703874486
-1565211605
1708289005
-1941803868
1200188691
-1635472074
-1164046499
-2034636064
596826218
1229125839
-1601992535
-908906411
-1821862334
-2074750339
1209902983
628025000
-1807851455
604290018
587692631
-1810952510
550267290
2093263902
430539709
1036634324
1846681795
-434355851
1177302383
-11396965
823580779
-563680978
43435087
-99472923
894929835
-1379393090
150907323
134666579
-87019141
-1743897818
2115855908
-2101050017
-293448857
-547997288
1978095837
218721184
-1337861247
-231162272
1612169525
-373156276
-2018751079
711072513
-1387053881
-1767334401
-406986837
-369757538
1438865167
-1813003334
-1615125096
-1052701284
-48038335
2046240557
6112281
-1992146044
-1755516587
974527800
-392569104
616406829
1499102054
-329323857
-314624417
1595613465
-1397616580
571762525
-449828898
1216660511
-540369369
-408400565
1217594887
2144184394
-1878939378
-2118600638
1862368212
1055295489
-844135738
1390909837
-1359548659
1145166695
-876202840
349119490
1117656571
214715908
1937567325
-1056803773
720745569
1430547108
1766002171
-801507007
-850414676
-1056530049
1079186773
968843521
-408090007
1846611098
-1494278002
1143279010
-1716771082
1817482860
-204099089
1855018654
2028392828
-1482725693
1997989626
-1348068784
66566428
566671848
1650420415
-258907211
-969990040
208963073
-1202734739
6039670
1384209684
-1184918858
-53769941
2035835685
229711596
-1426397417
-225022936
-119534137
-379407864
-1458327107
2052063216
480952466
-2098941889
1520635694
624115201
-2129135369
340645337
-359968122
-1742618210
1160269026
-1000936057
-296831918
-625142046
-1279259073
-866973801
-1907913793
-539138281
-1301142848
-1021874077
-1664584205
1238767176
-1799744547
-221767158
1326256058
-890362348
1266195228
-1114346142
-28695195
-1032097340
2079731346
-1245989331
850820334
1718425504
2078495144
-1628463478
475242080
151167869
688303650
899575213
131087989
-801976678
-3851939
1796603346
-1219219584
-1994528595
598796759
252419438
1503657101
-2095759816
1963901172
1596215207
334009030
2088898592
-2045956865
517742598
1182375191
1837887615
-965736594
350387563
1471116821
973576376
-1928875159
-1309880256
2122568731
993299660
-2019745651
1197457393
-1141468234
-480174101
1414837740
1430444955
-1823587262
250719822
-1490654888
-839280125
-1564321068
-1866391485
-215382303
-1502092087
-1428476070
681446025
1851190427
39297756
-386783231
-351731747
-951271772
-677906896
-1694583082
-1769084972
-1546987676
220602542
-1501360721
-564433173
474970134
349914220
1815456844
542696412
-911213177
-2070318306
-332190536
-1339288014
-2063491810
-1645887285
1163260405
228985375
-589140452
1594117571
-200827689
1294374285
762528547
796294095
-876975312
1223965298
-1370023940
2064302762
-1468603091
344380008
605362068
1303435184
365722879
-1550262404
-326730169
-432268075
1547306173
-1078159803
415882336
443124440
1745690248
-1385237192
919174368
-1709339977
184945391
1182039355
1492841598
-1507757467
385841557
-1477419145
551165167
-1628464966
-2119155695
-933219215
-536739737
362296490
311892757
-1716285348
-521504418
1656257465
1518263761
-1755838296
729385623
-1994345554
-770985063
1820819166
2130948957
-1705170042
-794273852
1974453423
591840271
1847676843
-1858836521
1302850889
-1063323937
835931493
205730787
-36118548
-848408362
-966133360
315404587
1019477949
-1213559014
-1481249137
-1373080823
-240386854
-1241111437
-62253696
1699008017
-741268819
-798160117
-1345909071
294291830
-520898683
-338268555
227552593
2046804652
-689684126
1979216368
522713706
-280828081
806536208
846960363
853373710
-1189025469
143346806
-383809588
-195922480
-854060773
148856111
-1826927892
-1409870986
508236478
341905497
-1306582554
-1004751124
-377599929
688784045
-989947631
83843194
-722258131
517299152
695044938
-195940295
580174755
-758806552
-6087178
-71263294
-1121405375
-1369213327
-262014650
-206886103
-1386121244
1563849296
-1475002179
661915945
-1141561391
800122663
-693760017
237843104
1351446560
72329195
-207257718
-1464979139
1018543191
1263438516
-1784449382
-1807856265
1008973397
-1612026412
172674056
1918593984
-753914511
-1592395222
-10519453
-906688262
-2045457438
-603474249
1799616482
804653610
2137341536
1113407857
-1166619479
2070893418
-914312693
1694024023
1456091467
1751144996
-1310536564
1903879621
1764438928
574236284
1695122041
999098121
-941191305
1074558990
-896045059
-1034666955
632648317
1058275801
1521522616
245332534
431795999
677114234
2133437412
-1259335643
-1840438114
-359385700
-503298632
144512221
-874750207
-580831314
1091874576
1212651981
1469625184
-1501496105
1401168461
-119621874
-110338978
1315758630
2039260282
-791690057
-797484297
685664270
852614575
569398640
-12574853
1896923409
845976506
-1821063611
-833143079
822089658
-1029395717
1059026876
2099951648
-1987919921
-1915760242
1124205608
-712405437
1982318279
-1127401297
-2064971969
1461762588
646551417
1077477466
-2093987094
-314132301
1719313686
2113419570
2033085788
-1694811713
-362983079
459841699
30692454
592753260
-1135115780
864910154
-2128477688
938334302
1025874285
-1706741357
-1947754934
797001973
-413677887
1613337251
-326448564
1157750994
822075625
1215750521
-1050308452
929204122
-444251870
1500778575
380864199
740848633
850874546
-761737659
-1338575822
-1894831127
1888402896
945048385
-284618198
1874183476
-1650947101
-2044602864
-1415202504
2009147959
1376088815
315013329
-596373575
-396925208
-334806452
174520210
722668974
1234453017
1223506584
1020581179
2009721297
1238869757
165384942
643383978
1474937832
701670123
707370327
-1133405153
183443548
1967127394
1079852672
2028034266
939985164
1803657292
-862868307
305959170
461694814
-1624473978
1339206125
603618761
252930967
-64981344
-525030001
-143829044
-1992551060
-1721599007
-1933463340
-1930479681
-1501154855
-892657779
194613989
-1217798839
-249077200
-1627648919
1126189063
2119794732
-1454571404
-332188034
2063812620
1506348968
413594855
-625294563
880996364
717784097
626118881
1512107299
-1325151403
-406575361
466043618
2136172926
-1044973665
-919735083
-1839646742
-1855057937
1944590467
-1235714620
-64143864
-1312502767
863145518
-965416927
1928526897
-38987111
-1496915119
-996411051
-152448173
-1240754466
-1593530789
-773568251
-1049166680
367942812
1312563690
-335150478
-1194411697
-960151052
657369214
1546573857
-532125929
1247096246
739993455
-693170754
572427934
-1064038941
2089940257
2069019708
-1311162726
1718563436
740494965
1841869889
-877508490
1381371968
1952135042
-2018860351
-769117664
-662720379
1392128900
-1194304536
-387059423
-1283370972
-1424652268
819097661
-1464679699
1647375243
229273
-197234684
1931392636
-97062227
1825529598
994148579
789953304
324911437
432980644
-55301689
-1004779400
182417276
-553953638
-1849919224
-707398642
333766240
741563915
166324426
-414742627
-1016986314
-1682522633
-671046234
-435458803
-1380408679
-1772257498
450894730
-247430270
1950926340
929037144
910879965
468234666
1016896916
-1504171583
1662302182
-1611806378
-228305902
-1666793805
-1482928530
-78081972
625167153
-421653859
2126463907
1571750490
-1950337517
-964688845
-1361185730
-1926487890
-1178740719
-210023954
844459240
-2083200411
-218469445
581428919
-112799015
-929883551
-42994147
-565594658
-2477374
1639474783
-1001387452
-761576880
514120173
-371688633
-1896234752
-1848484599
-356934239
520839878
-1611601686
338896583
1651225802
1553825305
-1698057560
-1596096257
1496516569
154952236
-177447569
1447827988
313203433
-1391664925
-1656182839
-1522825018
546567715
1023923126
-2075588456
-517788952
-464605086
683703171
-405670822
-1513047210
1875214361
-426735201
1176089261
-2058169564
1984525940
1968383533
1340704789
-76690918
2045659325
-2087090253
-291424259
2006559328
-141636607
1742270441
744628987
-750834827
2032862962
-1397022252
1859618136
1523902565
-973406705
-709384940
-932865586
-1126349509
-543187455
-340956551
-270424941
2094577587
-1098028984
-325474853
-1064228202
-1454938316
1398982166
235008298
-1957766904
1980782588
-510253701
-596308797
1385685277
1599313308
1611023553
887542021
-1641231341
-1357901657
-541503463
1138828580
-2078471309
-1319296090
-1631734410
-1681060036
-188429930
-897387698
518640312
-600559191
699973226
-1355014668
1952834061
-1324594795
890506357
-1793167808
-927086444
1478722257
1129867802
-1496349407
1794026306
-1528974104
-565109989
-393892096
2109632009
1155521905
-680690081
77879351
-1712750282
71855013
-334482444
-515451708
1536532762
48771376
1922834262
226717497
-2009175060
1322847307
-1411855887
-480513289
507179501
-1727226102
-1243878940
-118479461
1867097037
-1220630542
-1673654009
735699895
1182942029
962318286
-381892561
736220356
-840713691
1747386562
1020041904
431417943
1521351463
-856384864
1572984354
843194003
-938061405
-1208739718
-1906376088
-355260962
-2014919923
-1057621129
-2063313427
-1661335593
-427858211
-1356525846
-1549030863
1705825159
633002166
-1677239904
160478339
429384406
1722099914
646729849
169707279
-882220737
-553193860
-1724703175
-550527461
-271054393
1941725510
-1951591264
55180685
2032422955
-1914004516
-1576166729
915219120
-1868928680
1302556049
182070380
2140524087
-761731297
715808250
-2023604383
2079320705
151968552
-1709979952
2012225792
-1965354466
1806939431
-2019481574
1155604946
217217681
-64860082
-632546677
-809197039
1679968087
-376249342
-157055960
1904661371
493914408
997641168
1169486637
-1784331160
-910135940
-1091282270
1584808753
-1145534434
1478124112
946875693
406974600
-1585475484
460075561
-1154175059
-1187332632
1968082004
593517657
1293929172
-1181642674
747397237
-736350848
1581902847
1861395746
-1056502776
396909653
1276697770
886425
194547618
-2051002714
124001574
-2122489254
-400873222
536832668
-579357047
965584484
256178180
-249063357
1595783140
162596910
-1141874370
-222734518
-291122501
-1858119153
1943519561
212258054
-781858127
393269983
-1390393926
196112060
-509301629
-522998817
595132210
-867324897
-2037514185
-1595721515
1850769579
370621975
938044052
-113910149
1324654613
1187061188
237400532
-819360999
-1902826464
-1072797759
739465624
-179530384
-1973703845
1644801964
-644789733
-1589959206
1951889534
1181779942
218576554
931630510
740216835
-1947647593
-1216858285
-1882836759
-2030394630
-1551488780
876169692
1228662282
645677853
562676164
-1131565578
-1757941700
582564898
798214175
540037298
-250546246
-195367344
311884152
1766062900
-816929682
661962325
-1368135202
-1819592539
2080358108
2079125078
-65705602
1734616942
-2116617411
-1871612858
967786092
-1743541854
1655100143
-88907398
1871197858
-307320645
-2072571893
-2009550979
851760712
-324575096
720695127
666732064
1530406453
-1292901018
1940454495
-652521770
1838442165
-1274914386
-1536422947
-1170396866
-1867666804
1563592301
1330051169
1880003839
253533755
833866586
1669268781
1808426203
917503873
-2064016892
-481621151
-455258370
822053156
29880394
-1362373289
1592831639
-1940171024
-1213430256
1503939664
-1612232022
914294272
2129699375
-415998897
-1948305885
-1021307589
1604242093
1279504965
1122573613
-471643615
-97074130
-770197395
1985385412
-574808633
459117737
-1329433351
1871067528
-1250068960
-25264803
321793774
-114440492
1921462141
-651354106
21232971
-477145329
-1481098666
426263372
-1849056143
1695056961
-410037942
-18879876
410346942
675227625
-1645704348
-1973898119
2071766394
-1994861299
1064980127
24229364
1355582198
-1092132975
-640653653
-944684326
342490866
2114323660
-702856207
319838990
-1721193409
-892860072
-2113558827
25407064
-1950423387
877846569
2082683706
-109286500
1563859974
-1257558304
162457674
-1471525042
-1726368830
-656587935
964155510
-1309956827
1262125149
756993698
1749581244
-2056310514
-1109448865
458291398
-1643964889
1121399651
1226908539
887562857
1952674972
581696604
-1547680525
1135077181
-250736174
-10501435
461034554
-1652345387
1620093346
344764913
938654426
-854486848
-1082595200
-1959697682
-1723738472
1990053082
1307176264
1000289529
-790766891
-304357154
1096917822
554776884
-1836161994
2005178942
602617936
924427669
-499244409
221727542
-804506723
-109116638
-325436196
1451214366
1636692026
318868314
-2113842183
-1460651521
756908082
840198390
-680147213
1478739049
1742224335
-1289891887
1180507670
-1770533757
-1401192169
1099702307
1813037065
496466787
-766351463
-1690466059
-740141776
-606739040
1784966249
-677716528
1937276241
-569853404
-837526936
2090701752
-930169991
-1772189114
-1752239416
50600280
-1838302176
-993460457
73210318
1601633918
-1893770869
-2042327045
-1922724902
-1684758839
-1766587791
583831164
-1712955740
1459635103
203777761
-547120294
-860958009
955052389
767332194
2139478246
-127518333
1835750378
77578843
-254054769
1093989054
1917156899
-561062987
1515663805
-1812936884
-592809699
-1810171202
240551901
624829295
-1097425362
-1156535728
-1693133380
-1574177375
-1207576466
110749490
-417984488
-1477954160
265185637
-552621891
1162953076
-980986007
-506708731
-255275070
538777899
163131225
788420826
2108596139
-9578552
48892240
-2019028353
1866278368
-1743442796
989264135
-223692461
-266849429
1672075375
-192371132
1734584173
197381342
885402083
664279388
-1549406772
-224840589
-559307146
282414073
-853143597
-436211083
2067494207
-991985123
1210155507
-8093729
338714299
146517862
-1821188183
1658615618
2096133600
-1527419757
400493739
-2122158101
1610989171
-1264893626
1819719005
-728635580
-711039850
1292846603
262857354
1764613242
239229348
-1011785064
1667929168
1128464992
-1903859135
-889672618
1972017242
-1944015982
1400644012
1709549856
-736620716
-1133390627
-1119154602
252672585
575231387
366080478
-494060616
1948922852
231228212
1439653864
-1647839903
1610933310
-1874069760
1021813547
988751694
803344303
1982308652
1579667985
-1218515075
-705321838
47644910
1641927403
1877226692
-1912624239
1206421869
225267661
1471633118
715864101
-1808768512
-1239055179
904481734
650992988
-131156581
1663257586
1307885127
1427647197
-1673067131
-1927476029
2032796116
1334965801
-452103346
-928223171
1522921364
1449227299
-1396034048
-2105278350
-1661927231
-1752996143
782413460
2067600847
988101170
1460069220
1390071719
-1270040891
-917586635
-575048587
-2087138195
-1217114708
-1964764766
-1292067695
-373275930
1743608035
1500544300
2048031991
957961550
517830971
73137146
-607673185
223045337
-1785560427
-1839092107
2134657918
1031434143
-706972983
-1109471133
133135880
-1513022507
-36343095
1194429748
-262996746
1412508221
1724270086
675300764
2136397129
451329503
-1596470255
-189326751
-523766642
-1865246983
-1926727547
2098385013
-196264606
-179673293
-1478040283
745366087
-645734344
908965142
-1434394048
863097429
-1049887655
463536831
352889181
-618523899
-1972450004
-171430961
-873982445
-646768715
344975287
-520868187
-703329993
359686928
-1008382875
189256911
-697279939
1641653923
125980937
1327099581
725023447
-1723709521
-274094302
-695003465
-1506070302
-1897669312
1730347616
1919954704
-1425274238
550632318
-983162009
1722945435
-1433964405
-1538334654
1915046610
-275376546
-1868465374
-119155476
-1025681287
-558198907
-818287453
-202811021
682760951
-687003495
1779693253
155217085
71406438
-1118772495
1386393084
693077552
-561958548
2112633192
-1331769570
-1551952760
1969507195
-695767729
2088811337
1923782122
-1589946541
504245925
1296289283
-102720199
-122706229
1059525509
159805857
-980592471
-1388860207
593924831
-1888709139
346975633
219942575
2141877866
-2065666813
-2008531580
-1696201329
1466300377
-1524133253
2051139745
-1332489151
611712332
-1216282420
-649158358
662197562
-1902630647
920811759
-2099239853
-1200167713
672575595
-885899198
-2021168036
2073897988
400961050
1657034927
2128998369
-1640984914
-1013849220
-1112500467
-1885142416
-1688386784
-265937558
-167167035
1795041884
-904833771
-401625050
1179644344
-1680834608
980293961
-1478312307
1828804448
-346265306
-1159801538
74072200
1592620597
-1804842887
-2004115652
-58393400
-191509423
-1405751688
80460440
-1066669647
925879382
-914233731
-1448414151
1632184726
1651832719
317911005
113886039
113645095
2002253397
-1640286079
1981297286
397020967
-616017229
1624386741
1634194675
235602017
1579465037
-392761281
-825144340
36426460
-1466571651
83416243
-1364320091
271859021
1938462142
1761632517
1253045816
263235532
-1842396851
-517423520
-1230350355
125834955
1078087693
-693985739
1093969851
-121548477
-380626006
-1315508842
1620963598
380614191
-1200617215
-24057405
1074045899
192116029
1439589567
-1650693627
-318735472
972037827
-840636857
1562276538
-932374720
-304627985
1610480857
876307889
-1731722050
2096625730
-323138832
1778344887
-897760009
-1843801793
-1540754454
-1129139343
-1498837978
975448415
-77750290
-1995619988
-1282817453
314313031
-1765451255
-795243150
-280786916
-711114180
-720393062
852007199
237683639
-795275050
-1028284432
-1438798925
-2057012682
-19941645
482508593
1894907688
-1576568563
-141213458
1968736125
1866312327
-1344302127
-1044321775
-1280383662
1020550518
-1174373822
-2111187897
-567827407
77185302
1990290059
-1727330538
367162497
-1508208117
-1215609913
-281810485
-1038390348
-1498101797
1157020871
1082764534
1559437992
-364225156
1649459986
548493080
87021135
-1795191001
-1355332052
1073834139
-1352831343
-834756238
1935733531
1163217665
1991020400
-1639414371
1044816934
72089440
1901009005
-1673859285
-1282570017
1109311501
2131932714
1072279220
1067272804
-455898729
-1579128240
577922553
-1531072543
-866468105
-1999491662
1464789304
-53770408
-1570349819
1845366962
-283385406
374134436
1203532076
1059618275
445547978
1772656826
-1012021407
679838447
-798131842
885426994
-2022374576
147538875
705572187
1285541893
-1294886696
-2057962552
1343835581
-1651415144
-998942791
1983918556
309204917
550356729
-1491960180
727187937
2066065182
-1084551577
1984137458
-1241210612
-2093706766
1977590807
879045904
1874690113
-935697191
1482110773
1057897530
-2098810699
-738994941
1575382824
-765961490
1392275156
1472052022
866372378
-957889533
1798436709
786705450
-1919912521
-892368095
-1505359124
442122772
1600393524
894636659
-1047411889
-584291456
796573586
-933451877
-1770217540
-1547152541
-177935581
-208897050
46852809
-1101875600
260870989
-1421710400
-1209409828
-1863009878
945561997
-2059908758
-38851380
-376465862
-1349580098
1667866345
339200200
1910419074
940884123
-1872684223
-1796464265
-721592207
175290242
1288904419
-1435622047
415705368
1729791098
-1594877085
-2070431091
601746813
1207261047
-212813203
1190562922
160136367
-1934207524
-821493767
798774258
1785765658
1721342272
831445949
-1746338292
-2059057380
1179506292
854842851
459691057
-887965993
-299700027
1454965500
-400356526
1468641096
-612893315
-58799309
1786076409
1302592664
285703088
1564676293
-102003026
467792818
-2141666252
385962416
1488128923
929674517
1066006000
1151426730
270857330
727140586
1108730457
2120986964
1991330190
1995040857
325959226
1324987311
1397756760
-1020524521
-1049191757
-854854962
590490860
1819867203
-1485378941
991357645
1709282555
1058811250
-1879009399
351455745
-1935972110
-176978168
-500667257
-1842769552
699133531
1925129929
2082723625
-886945661
1446465156
-1520521809
-143505850
-937478150
1851779165
1189409277
1497868388
1710252063
-681223002
-2056748397
1765920385
1016766014
2137372745
-1056404604
-657803504
1397175636
-853778172
-2013073435
455476545
567717381
1301325898
-2077119256
-649582459
380453331
1080043627
462608936
-1585842095
-302103155
1064259570
-1411392699
699648033
-1304475900
1452064589
-328362317
-792250433
1120064004
-1992663885
-1697069617
505365444
-117043070
-1164361150
-207703501
-1236116897
641448465
1269033575
-118229942
2084206676
206702234
1353989761
1697646374
-1895591352
-10971060
-1626772536
-1539455600
903925307
285642961
-270818709
-303160224
102584660
124798401
516563704
-888422897
541435364
486492251
-279822847
-169671798
24313252
-910773134
2126785019
-1109645752
1452397633
2012805796
1880413033
1241583518
-2062436838
-660366894
859441977
1226504529
1057238856
-1901560885
1823520621
-1531413651
-997382434
412346698
966978045
-1876548780
971450993
1642678562
-1004666373
175171609
1281519066
-567271753
-1624818952
1948979214
-638745798
-819070032
-1501606234
-736011365
1243811646
-1503569686
2009861310
-1967683247
633863587
-895710545
82382115
-1887402178
1582955004
1558135847
-1752244153
-1994922622
-888786765
-2038407666
-409837107
-1853399518
257727565
-39791449
-2064379536
-757299685
1519674097
-1896075025
-669936094
893385658
-394655702
-591802090
-892743816
-1960794582
-1620543765
338019370
-544859836
1176164942
-1925568557
124726549
86091139
560756945
-533731406
-134913847
-221114247
38033786
-1935736244
9188281
-1010658534
-733177916
1695602012
-1196217718
155547564
1991546029
-1936060453
-1857912310
-1567247191
217629134
-355458687
-70499744
-2074291735
-1275885141
2049416844
-2028023419
-959480832
-928782004
-990995521
1345960178
24472037
2144046860
-960346451
-19098981
1171749075
2102366896
1351564855
-1159507685
681124467
-1251730758
1612738386
1260541744
-651120326
154960639
37255693
-1029172632
-1916545264
2055133303
-76684590
-1653535460
-1461417422
1163050580
-926772245
-50943075
1145326680
-841936811
-2123140280
1456474285
-466468839
-1004874149
-1207627650
-1893751503
1444589710
-1212981956
-446779629
1291837219
1451552566
539134166
-300601096
-1278516275
-344544231
-1818119321
1947968854
1614680371
619850799
-35213796
1848082317
389937872
-1867054591
2118498023
-1233995144
1961067909
1724066960
-1902348395
1013345270
-934097202
-1282621322
-251305441
1415351462
1130877750
1506443083
-227279297
1582299121
-1889925108
572784969
-112198586
71166028
2022923351
-1987553997
1378754860
-2090044482
-1220422394
292829809
1193500648
1962790048
1323972715
1583307135
-383798270
40913571
-1196065558
-233169272
-2088529563
1311211543
563736301
811342414
-2114192007
-2028282006
-1038335462
626855244
-52517519
-712330002
2020868552
659620125
436241889
1164212446
-895347538
1984042014
-1130956910
-2046050910
-1279309859
-397878446
2002531737
-959627694
-1179380496
349077126
-2043826011
-409611912
-840296575
1318187701
-2132032615
1860125721
798680542
-1277430099
365403482
1147232502
-1603845892
887338481
245724137
-1539987441
-1491284053
1411397089
822498483
1811970664
-1203775221
-1587482344
-1152506329
597343758
-78532034
961168661
-1032868215
-1864155556
237228894
2105054748
-112086010
1661947002
-669857871
-2141762210
1155369479
1900438566
-452760293
1625757015
1306042313
315414710
1051735763
-796854153
967828525
1757269597
-1451530407
-581286396
510989004
-1164639315
332821927
-1436065474
1102790222
-1144180900
-341962330
645521091
-285135876
702543434
-1630700573
-346516427
-1238543214
1799404994
1944265858
-396984807
1183358553
-239346177
-42220174
886546433
1273111669
557316338
55077857
-1669250323
-1286103173
1735358786
-740875022
180696559
1625506630
1444183444
-2048048723
-1269959411
-1886837238
-1087261684
-391289289
-1530144150
285967529
-1614878190
1588779074
2097266087
950958149
-1501014952
-185679674
-1577998970
336130326
972280604
-106212111
-1192202288
1718225532
1713354410
-1511777701
124883833
-1271460777
982173732
39959165
-2033557247
756526486
-80897403
-1241835165
910058780
-485790706
-1863751709
1917100960
1453117844
47975820
-927924492
185730947
-858714002
-1928421843
-468417326
717081991
1514595659
-826966036
2032209666
-59931633
-1121664751
-728014981
-1626252878
-171937198
358951882
-1570233769
1767710274
1036125843
956459211
-941743594
-7811579
-1764199530
1861597464
1096763651
2112861511
1878733134
2029903879
2077156332
-958477678
235164890
-315175390
-2212551
-1812550099
61535154
-859400623
857691456
1110416869
1290012189
-1836969672
-686142504
-683515633
-330662682
-710028578
1566002988
-1176145716
1711701582
673601166
-1005050928
662560910
-1632174524
1183089922
-946234855
-36189477
-1386207789
-1568540483
-1469676376
1584547409
-124502565
103982263
1305150536
-1356388631
1479807235
-1344290497
-317702918
-1179185281
-109119251
480912157
-1206532020
491165585
-369489236
1910006006
425687281
-496924346
-1439099278
1679256308
906183566
132479922
587951757
-684033883
1749835985
226839896
691644820
-1838059229
363199688
1537950448
891343837
180040053
682690416
2023214697
-1756707791
-775203531
-359794037
200753712
-1192589373
-252615310
1570547893
352908466
-1977673379
-938896937
1434544569
-2146002912
1062066139
-1101178868
-1520420832
-1901933967
-1106677795
-1596146340
53711883
-1499323988
1611738295
1149173399
-416399550
-125683609
-79698772
1730402873
1165239948
-1510572406
-687803300
-1287857973
-1469576128
1421529688
-2041250438
-1122486391
-544159717
1291330992
-1747493695
840784196
871510100
-621300849
-19887320
-857415287
1004732398
-610956840
-1066344877
-485171709
-282440116
1521183575
1108499533
495690269
1170500618
1991855619
-132671884
-1763034901
1364736265
1436612995
-1008156748
-767979190
-1872541749
-1616999949
435122679
-1183594427
-206282238
2013256423
-779823396
-1133693510
1211187811
1387863727
-3332186
-1037099204
425564094
-485153316
1589033078
-1819265733
-1444502189
111418115
-503184707
-1007337886
-539487139
1483978432
1352360683
-1763273408
1599326963
-1614270467
132545900
-1932698582
32496656
-1287820172
-1272545580
-654996642
796583152
-1850985103
1949150040
622869867
-1206359139
1168602332
-231607936
1975770576
-458485048
-752763274
-817138662
1674452451
-895240484
-1593071262
-570605711
-6958092
681429072
-20988441
293051838
-1159124814
1533703996
119077748
1850130143
-2147043636
1539015727
-178439452
1427613510
1461092571
1170197055
1123348738
208181811
-2052988546
438621792
-1669458610
-912690395
702011846
885661689
-245354239
-1474059635
-664968747
907458228
-555492786
-167198267
2101321665
-1180993131
1328553962
704770624
-1718081347
1824074573
-374036274
1508473857
1037152378
-1146947632
2108656699
1903910736
-964834614
-7651547
-1125505538
35704235
1033020294
-1756251780
-860329227
-951730693
1307693234
-1444460411
-1980071471
-688451577
1367843550
537725439
43557916
-1887767763
761567182
525959054
133008253
1065124942
1361630045
-2084053039
-904663237
310302474
1379123870
1556276403
-665856513
903536173
-1383576253
-1075991807
1729413085
1724835688
1333279042
-1685948611
1421208725
257793603
-1943034699
-267881551
-1830927851
-517617070
1382267393
-1558266938
-1597925567
171654310
267780666
1099712661
-388929801
-207839098
563083718
-1960209730
-1462030515
711533407
-1068446913
-1108214407
-1659436772
263464952
1575048350
-1135059222
-904854590
235174121
-840901995
1911241144
1321267490
-227561907
-1377890757
621444063
1003408879
689552054
1228818670
-1371941179
-1489739222
-1125395615
-157080972
582485131
-127978008
1205151658
1061471587
1102352038
552539736
1595612097
1204004291
-1761416787
-848730364
1298528926
341999089
-1799161229
-1074150569
630346546
-1445481019
-60532648
1910289503
-450988834
1722521591
2146099420
-1097236782
-1366376664
-1854277186
330330228
-84128426
1117436076
884226233
-1874275167
823278332
631251280
1391112978
-253080771
-830668275
486044603
91430368
772678423
1804358409
1755351558
-1800184371
-1021161022
1005000684
-932619852
1403962872
-1034022230
-2056312909
-1545340193
1777197340
-1336351897
1001270814
-1331007820
-1917376271
-1960545963
-1379742794
113891617
1863405522
-2086712220
1857106449
2116690380
-1871839073
1153397547
610975827
1830432838
-26855196
-1192162237
1561617400
-555272320
-1562402502
848748754
-1806974511
1020839037
1401194477
-1484821403
531065676
1129481289
-1645321761
1492817411
984523768
1131935017
1065153963
677996158
323582791
-558008557
433231116
-337489908
-1066254700
278228832
-510654336
488233749
-235042969
-501255233
829493544
258526286
-371299848
665497709
-1298881294
-1513744379
-1314879503
926678434
-1446360839
136066750
1244269432
1700485198
326118955
-1379488001
-730608020
-109858300
302249003
-495064984
-133811731
541805622
2034382457
-1329292282
1810721314
-2000022877
-1093711920
1783330279
-658488779
-525948660
1143324623
1089780721
-360670046
1525293101
1512947419
57347567
2009936817
80053739
1202326595
-472149268
89153088
-1657551671
517370532
-1751832636
-1999643450
1284867744
241499790
1347642103
1392374420
1377570447
-1128397977
1427472832
577523548
280182319
-331281777
-171011482
151358711
-748013045
1384321220
1815965649
2021279074
-581082801
90748360
-99589537
895157513
-1977905986
-574537152
1382119928
1550359880
1152108777
-1980651553
-2016021153
372808494
1006108573
42786755
1383877323
316925571
-21740388
-2002171106
1579787701
-1101935348
-2044610160
278460953
1557196275
504495628
-645448388
-442172172
224046086
131873294
-81176076
-1161157775
405167791
1945418466
-1909577905
863489650
869471687
-182413340
-495906022
204978145
813065808
952478339
1259718031
1747965135
1514539974
25540353
-974613306
-1008880161
-1071002949
2103238007
-1483850902
-1451423259
-1007654750
-1840802020
-764688720
1719740105
2050739434
-1309359163
-1085608059
-1247560527
-1528455346
-1437824081
-1907469562
76093279
-320931989
1977424252
1745632821
-1055092266
-1247612526
1087008891
-1864498968
-405921724
-847430433
753853228
-824378364
-83618789
140703370
514715138
-1260003605
463634048
-1070766468
1272150634
1301137458
1287378153
1508602149
-218771956
-1216594537
127187968
1979175564
-1670337968
-195547342
1398742222
-724601177
1651793955
1403353577
598665237
1317307116
-737420294
382967080
65874940
1667228967
866709014
-1298819118
590634993
-485721202
-1258925302
648421490
-448066870
969157138
1537425530
2006625461
-786421971
27816183
-1647019484
1234893852
1300163122
922048678
-1658637532
-973465107
1072025670
-1453930815
-657309837
1678314090
-1715006382
412455032
-1620682320
1581946693
-600378085
-2007835110
894861602
-1011683502
-345084693
1121825775
-564808707
1477774718
1758412657
1469559876
1996982756
847977215
-1920957979
186347206
-1710918993
197542092
-410451601
799527187
-315450003
-66741169
-910218295
142183566
-138884180
2017151833
-96707038
-1678473870
367564023
1524745046
-1652834747
-334717143
-623124832
-831330367
1412104698
-1015121442
-2006873154
-661285927
1899350188
-966920880
-1733973639
-718435435
1794796363
1988725993
-2105959548
1657079764
-1339988365
1844371727
-1923871509
-2054794792
-1266761010
1383989689
1566091534
1047470581
-554229835
-277983676
-969678612
-1731283579
1691894813
1985019526
-577290076
-1950691298
-1683007056
-1919243997
1743198521
-1086907386
-828033478
1930320671
-881687915
-1064460825
-1039444154
-603319116
882571728
-569495618
1028289544
1029554022
2145460145
1532376857
-888288899
-313331373
-1709155468
60885633
1603568849
-434302513
463168973
313834036
1606742016
1649324848
-65535955
-1241108457
523453630
-915786267
-311927741
-236266774
34097563
1701906637
-2103117883
-513976131
265428322
-1263134010
625078383
624809122
-1609837374
1114460547
-1839786933
-246543453
1993264688
1035671970
1377972787
-1263260426
-504700917
1470391293
910126740
-1865479826
1255195904
628139071
1351327860
249120309
42756783
-1810586438
828439221
578848440
1891829390
727073656
1075742106
275825122
260248845
-1849267057
552545418
1126381195
-369973509
649061817
-825400300
692302642
2110431528
-1578189021
353152051
-1896471318
-1655451062
-1802666619
-1467845934
1500619154
461701924
-851291790
1241258641
1912955209
-466656028
179826673
575154633
99572512
-1994849844
-533536693
938796493
45316368
146478101
685593382
1212604019
236820269
-1907071217
403756754
68038098
-989347301
1935550092
-1298760478
1311338572
530671809
-764166017
-347388674
2029107406
-1131711172
1503968479
1981800695
29033814
15237399
-1204703279
-1270340068
306771893
1639946424
1612950021
-2065711157
1204803222
1845707292
1631570783
-1148258486
1377180350
-411714874
-959521830
202613975
-607449964
784244980
650841769
994024957
-1955908124
-1147831276
1703170974
-851495640
-2108445729
1076353142
653122255
2064621180
-1976470170
1444473409
-187847050
-818524703
-1609920121
1189342123
-516847847
289907298
66216519
944351844
-585482774
1641837239
-1387036767
50657362
1048674672
-1434759392
-1982515505
1971909508
217296997
-135033741
1350777287
692541791
-885915934
1995795576
-935181560
1043093789
619661753
-1416366220
307605
-656369288
1543257121
-2112726269
1021206849
-1405524575
-1638028392
2066211370
-297319635
-532007561
-787329531
-989668692
802192015
-2130049803
1878732316
1845754780
-1450704460
649211627
749502981
-1146019533
-1451025593
-1708933392
438487104
-654872093
1237849043
-621056362
-1129165118
-1614659412
1381242758
-1563704865
-230324124
-328384339
1065492535
2088236784
-1453271939
854449661
-1511768151
-283001596
-72835891
-1896296517
-705639920
1824974498
-720310884
791033699
-1476844331
2093714194
-1716786142
1214767459
1140342166
2105559821
-1686188247
139098861
1428352368
-864310093
-300204560
-1431056114
-1224422272
-677854527
-1456129710
-1470272256
1570257317
-1495493886
-1001655513
929833403
460364427
-1381568506
-704759830
880434897
1425676261
-425018863
-2146873700
963927163
-2042471943
1702148950
-1485081881
-1241352978
1710360929
285709157
-1517204091
1815035635
207034383
1216767456
-481816862
-1195622986
-992209263
-598785931
908333056
-1838073379
-2092361323
1451322375
1648762266
-1948280868
-1863388240
-990175954
1256706444
1356087175
547735386
-2019739679
687447665
-649598744
-1886112451
2002459250
237203853
-1203314094
742697646
-1467505735
-1559032083
-1287216203
836932731
607119508
1896975308
-286211276
47282662
-60339058
-1031042247
248520436
-1603517455
-848301603
-1026678539
1321619511
1977300188
-52054894
-1393262943
-587416664
500388844
935404811
-1692348648
577098488
788156781
-479513173
-1814240231
-1676125271
-321509640
1953599437
1646631465
-501756120
467662841
569820149
1332614839
1169827873
180745835
-419903160
471221376
1946988815
291524581
-1791262659
1419915829
-190928879
2073650906
1078733973
112605018
2083638276
-1010181092
82713224
-1430912144
2050893517
-1727189854
697295680
69401430
959949046
-350492790
2053899402
-1783068437
1633249916
-763051936
1055834058
-989118216
-979131162
-370277984
287732784
-967179443
-2013873511
-1885527175
-1969035223
579762473
-720969878
-1776645421
662386199
22844894
-1870055819
1940108435
-411479997
507968949
783579436
-763473635
1105547282
1531475726
-415466574
342037530
-1856371594
-1925133877
949035625
-2124465029
-2052099161
1464185071
-39936823
1391990972
-1314962413
-1998667135
-573179533
-146011283
1804746899
1916629430
-1407031419
-375335955
-465212450
1592823630
-18826961
2122784632
770201410
-442176450
1580465030
1840752228
-1975668592
-528809330
1617639320
-1420928601
-2124268713
-1215051644
-891703104
-112434020
1013819733
-1661660670
-1044106182
965871366
1516504618
-2146950100
-2128916999
-334656684
-635065777
-839164083
1524856503
-320021210
-596186811
-1518722309
2091487054
-1217166320
2098720529
1975275640
-2072822458
1945044637
343441639
891359066
1283456174
1986001301
337286436
2023667822
-1255605457
-1609678974
-915278207
-443807014
310055005
614677617
-2059508091
1222971265
1359439696
1540162037
-2092895429
1148210858
-937644685
-1491486864
-16485339
290405347
6544027
-1461009771
-511942032
-1966146525
-1040652709
2035512360
-1883471768
704440878
1707671190
-1733346040
-2143353811
349470013
1619333972
-1040732305
827734439
152204765
319867865
-1599942537
-205402186
85161239
977484019
-1017741857
925844654
-824024624
-1890592620
-431625201
-688904702
754794611
-796672353
433750105
1923618622
60645580
409728774
479824769
-2074094534
-289798601
221738260
-28530562
1921622668
449506809
-1938283513
1451934594
-732502466
1858230253
1569451233
-837022408
-125448768
-687049374
-1875917441
-1047306676
633948447
366764611
978066666
1880870703
526172279
-1225978759
-1725220628
-1809741797
192429478
375303564
1413437670
-932639403
-1284440766
700430992
-72896032
-1684501583
832412364
1641705022
1744869346
1382738267
-288076763
1775128928
2096916609
-1107517741
1942806592
1049585010
-234353988
605985849
555185432
2136659334
890705928
1939586762
-1510729500
1984647528
-1730084184
304192170
-899233142
506820353
-1164325566
-1253729053
1185320272
-359207424
684074927
1747700141
1488815065
-974579274
-1368128238
467966703
739984974
877823297
1763573547
-1377058042
87680986
-893358612
-1122952467
-158738492
1082744668
-685502507
-376323507
1014442426
1188841304
-1272604464
343279452
-331461702
-1915999955
2069423499
565740695
-54456681
-281360499
-1424069390
535326334
1462433070
729357352
-1826816555
-477058462
-2084019031
1291058346
-1981336889
318307971
-420866814
500275944
-903233465
776056666
-445610554
-1628810155
2079195429
1862999602
1075018523
-684030790
-1588697826
-471843588
53856004
-1164816346
61908425
934538084
1062593250
-651978718
-1586240073
-1037135585
-802153155
115183657
-1438704172
-74806906
1051680708
-460806826
-1543602925
1133720680
1429906
-728978081
-1838899638
809746459
999741874
1165398209
-928073638
-1161821996
-617593371
-1410210756
-1481036654
-1573721800
86546850
138290562
-748415148
281245746
2104805725
1601081130
673040121
-527814649
-1448614388
1379842026
-698139407
176056998
-1691124506
-1858768635
-731570897
-1594613948
854044525
-1418553342
1073852355
-541594328
34490286
-501493858
724228295
241205187
1634487495
-1054387198
-1663489409
994680835
1898568618
780361272
-1357154884
-669088024
2119714847
227265243
-1578861440
1897809238
264948239
363264014
1613671143
-1617013459
-1938408706
-620884305
1546123844
-738416746
-1110399015
-2032915765
1033265802
343131296
418495217
1296242515
-1245217299
-1705455606
-1245625785
928747792
-597409080
-1485535390
-1399761399
1980908756
-626264128
-1364882098
2086003548
-1287521039
-584595926
1057723945
1719902044
-39931409
1763348137
484461009
-440621472
838627960
1359406107
-1071911234
-1710142590
-1828170089
-991997770
-1940835753
218094686
2009133601
-317503123
-1878220160
1623612696
736033394
1441624984
1505340535
1984266404
-751430819
1088299219
1842885856
-219913919
354482013
-174643931
1936399645
953728325
-1232376049
59534180
557402595
1076870176
-77607964
1337912280
234880778
-97550438
-2109416943
-252843745
-2008111965
-1284897441
1525972427
-2019256497
-1515108017
-1218569028
-683511888
-1638362783
2102425038
1124824235
1013828744
36683980
-2055068202
-693434868
751791148
625646448
-416220635
-234004939
-1130220603
-774251595
985397209
-1087074900
1992415034
-2146101516
155347199
-1411924174
-1559249437
-493234667
-260787607
1088076548
1593114242
-82766728
-818138429
-157033892
879994482
-1368176360
-1407615256
1793011517
-190267360
723607022
1681493873
1340466288
-2101097286
-175425133
-919096433
200088009
-1148213977
1887616808
-594846438
646955182
-1225525706
-1360762759
-536995351
-92586791
-1282028519
724360800
460803683
1329515868
875618580
690303847
1999668566
1891238373
1235919728
1816503473
1732143367
2124857411
-8706378
487130393
2139601289
998219304
555185177
510211739
1325716562
-825519312
-1983123917
1163875826
-1682464502
937707298
1278000116
1422425219
-1619724378
-1814265740
-701665578
-356893575
-1516907595
-1618970860
-632268715
-1352647888
607643898
-842920091
-126795106
-1288794666
-1239782086
-276872825
-1732870010
-1999979441
-576902314
1404121307
342788285
-255357351
859124635
-889800762
-2108714941
-261224719
587971928
1867869108
1492244506
-1685048844
196152752
356015455
-1565220292
1242081288
-468289614
-43771568
-322371121
508816572
1453312422
-1525961563
521992854
-908129555
-615662679
1370141205
1737794475
528028524
17314684
1577364273
-1348058774
-351575587
254308760
216672748
994675376
2039925729
298875781
828935773
309955909
1806835319
1855870827
-888054590
1720444310
-1448571489
1360981224
-2074972216
-375964249
1360853567
-1337090268
279481096
-481409209
318845514
-844434397
-1123413547
55813508
-201421025
-599401126
645916212
-2007074463
-1688234450
-809994876
1170125867
1154385350
459309025
298993589
-1561121474
2143952567
1271318712
1186427823
655882294
1290753992
-1157746506
735921011
945051940
121972176
-721695493
-1547565541
2035209636
1840277468
921522
-540589082
5200230
-352580762
281733677
1618124692
1321246442
-926761017
-172266163
-741672716
-463937398
243002601
-612987865
650945722
1731073469
869589312
819127523
-213332586
-210091879
1654287098
-353258521
-1406053759
-283603047
134631540
-1604102859
-124537255
1846302624
-628663312
-1681393647
-694487888
-890295746
659680901
-682268441
-1122414624
271813681
1299336790
97850730
-1332188062
1912475693
1375282182
-516182272
1644121439
-1406215713
-1251091605
221122396
96667271
693226799
1564072833
-86162580
-862963934
1976298949
-411383392
-1914838922
1051239012
-2097106225
-69645327
1430062973
1125218564
2022855424
-1276838114
861387497
946087951
1653361883
-1873964216
1612671590
802996473
-1837650128
1499219006
113301771
1633570548
1800201702
-275767062
-145702465
836152708
-181465349
1483920910
1098112472
1508947027
-1441195063
316862512
875442692
-1432564671
-1603976566
7063763
2069874028
-1260043841
2140898334
1980928743
-1825364202
-335222691
2138851851
-2122106239
-551262838
957080480
1292394692
1191119822
-1819452232
-3692264
-711470547
-333818555
-1475445224
845189042
690316382
-1703577317
-184977645
-982482870
1795997863
1198596604
-799712863
-159671420
-271218989
-1851486473
1047145266
-873666340
2139476145
-707253575
-2143552046
-1119460614
1385884111
-1162485251
1178335111
-581634742
-596689016
-1350308541
-2131235843
1412316876
750832961
-27917889
183987300
-1396232664
-2089056017
409738644
-1333825127
-11547899
1109365723
456483649
1239680131
2003943578
1565733801
1491122267
899778751
290749828
-1146300522
130816892
-420639361
-1289552678
-54415872
1807672699
-32946001
1610386558
692686379
-1846908451
1738416216
368780469
49363521
-2005947766
-502340023
-1064360710
-1937752678
987763395
2033101299
1545177614
-242750658
1780116819
-1535621995
615182675
-198885209
-1639675388
-1209007208
828308826
1069002954
951404116
-427092677
-986648646
2097879896
-1465258648
-1265722510
-1902146525
1469281344
601695041
319981835
105093298
540860281
-2101031123
-2114802413
-1428320378
-1187298051
312457599
893030519
1687442834
-1821335272
1557319810
-323024403
1516767924
-508455710
1184975018
-1436373996
-914798841
-1532757239
894045196
-609193510
1458985332
-1150581549
1950887183
-1605743331
411392911
-434855070
1293635683
1046444948
1964715680
1324237114
-1663548878
1530447344
-1499679234
872878080
990980758
1579617598
1017701027
571174532
-358083254
1375914638
-1883282435
-1710413055
1997914275
1529963737
-1293872638
881763747
-354818112
1208975647
-1912314746
1639913288
-982942720
502116560
1720290256
-781320054
-1019051596
-1346428308
159317610
-1592261379
554992661
191903853
-146763721
2077210292
1852298360
-908776860
-1777834293
1927878154
-1541601089
1501500513
1655332598
393660830
-1698599662
684202135
-114837598
538202783
1934384335
-179472576
1532106206
208191817
-2052802882
2031665342
529675834
-461263442
-494083959
-1910012414
-833101996
-1914799943
226954602
-1307366607
519956915
-1493165713
-567624666
2073084036
-2042203949
1557265016
1115660345
479921519
2118156672
-276517922
612461138
-459867643
-1968580249
1455123731
-281861119
-270163302
-2097902615
-1552297160
48239278
-1000611415
1967235122
-514912356
-275556915
-1639740424
824114314
-1810851198
397325391
639048441
1994928874
-867285466
-1373876901
1314627955
-24182062
-1228538366
320741437
957539937
797549657
-1833060787
-881221730
1736034842
-118345595
-192000060
-1897085963
-1419421263
-842810660
-49122389
-943894211
-1982647138
1121382459
-665277418
-586529816
275261597
604589797
103300196
2140313875
-975034410
1494698974
165445132
472114682
-164561603
-2107442822
-1928149605
1930850989
1748722491
-2023357648
1843598333
-127677437
-1282645874
757535411
-837019654
390070479
964628332
1341649475
-109100029
1038941777
-432196882
977469503
-712901585
-436027409
-1538834772
1334036479
-1041948545
-908179932
260224164
2012206048
516192105
2090109112
-852099745
1410469023
-1764508524
1977997361
-1155064234
-1058260502
1536645087
-629054839
1267004049
-229148620
-2117926745
1370476320
597215632
-879380536
-305606327
-1082710540
-625438609
-493643488
-666399003
-591825394
1406134596
310065783
-139515547
955445055
274257099
-751973731
744404925
-95198452
1577243205
-297601783
116356211
-1405460250
-623797860
747273012
1234468450
148660638
1550504906
1509789476
1169121722
206222871
1356625276
1993524038
-1707758262
-595645124
-1751408654
608215937
-830203903
1990698292
588655656
-1347925113
-1006634319
1560083412
1546601530
-2136830355
934289942
624169557
-744378620
-486571139
134364439
760141894
-1077366264
108104779
-1434293429
2122224067
-1308971628
-946198523
-174149698
321375463
-743516380
717236239
-471315468
288078462
2069476868
-186902065
1289832237
-878584321
-1987951047
757135812
1266984426
1919436984
1783358881
-2064350243
-2137254481
-1717578677
-590385319
1068217608
-421654261
1250758744
1918904670
-1684712952
620478421
565041019
-1434490762
1814398859
1316362167
1449049977
1594625616
1454569339
-1148845840
376101045
-43432470
1499907988
-220495019
-963415832
-1893064142
604407094
-1179369576
-809186032
2105934576
-1655180677
-267798324
847777449
280224738
1397493900
1536963112
647084058
495516200
-1189086416
1705452810
1179616370
-224836638
41380261
-799501505
-716208557
417263127
912124083
-889931391
1871036974
-1126714152
777593341
-1843141056
773109680
-766139995
-1652046694
-41912155
261131899
556977166
-949099805
1213680595
754702872
703463581
650697102
-638774673
624437548
556823027
668079099
1707042402
-845949974
1855641648
402211277
106991837
-222183991
406495896
747884989
-772190563
287243894
653139826
-1148664406
913052783
-520772086
1393081907
-2116209677
1355388918
1386942591
-1980313636
-1116272119
-1736531796
-1027900320
531786143
1722868799
111109414
1565251776
-1479455288
-2068640028
1295317147
-1472856468
-1945239845
1244857491
1840614566
939706467
-273915656
-797180472
-1055356086
-1551319162
1513917831
699950518
1266928951
-1038266997
-146490096
2057128024
-2120257461
1018276663
226847594
-2078929466
-1166929317
169082316
639179287
-1063250231
-1367378894
-719300673
1407407342
199954097
671074521
-1070296915
752409850
-548665755
2024158488
-420140912
2061835682
-2184006
1003569980
1168157229
-3190775
487667720
946360091
-552451888
281276599
890033402
-128635307
-1620347589
1632463736
-1724535130
-2068211492
1281902043
1288774020
1830478813
166991285
81792573
-413913632
1457520067
1568698367
1109979584
1553828867
-2035369055
637270068
-684016246
-838761285
72959993
-346679890
365524415
1031570769
1950493402
-1900417939
-1872821776
-696138517
-266302090
-1891230953
352234705
1547983921
-1433623823
1316214079
-1655411921
-393759949
1990806139
-44114455
1797070368
-814847606
-453165408
2134124109
680805499
713891004
-186685986
-450554661
814141322
-1577537307
-1275127689
26851455
-1888350466
-883032174
-188059767
993815590
-1978603486
1336611056
1174532443
1495117439
-1658270637
-978304219
-622186760
-1881722363
-779410769
1168245757
1098983170
8481085
-1386800883
2093613257
-735673921
-37809348
-70053844
-197070717
1401092728
1834388588
-2030823634
796417078
627870210
638117775
-736286138
-1041364580
1263150748
634589954
403122352
-455545848
1196633340
1556450886
794670561
-130433146
959694499
-1067224132
967604736
-1531465152
1767956856
-1555965265
-302287468
-1756119006
201034901
1621939608
1261460605
-2088524607
298634843
1286049948
2100702248
-705722504
-1797240885
1240552536
-1035243266
1209779668
-1881851624
840003809
-1930760420
-168132559
-1335706761
1795708166
-976641463
938921124
-536525766
727995863
-643806940
12956700
-1902590692
1549593194
-2027556963
-462987837
1929641438
444555228
1040460966
-276493143
-1152462062
614746518
1457850153
-1442917468
13024822
915747281
-1169836485
-1085922447
-1821267196
1027493467
1589162130
-246376674
859887111
1841315226
-1024147660
-239033684
1249542257
-1150152751
-2085222543
647497711
2095746347
-1557913438
-196001773
111293881
2144820014
939033811
841516499
-872221385
-524717807
1210978388
976519949
-1959261798
-1450586654
176633984
-1144267081
10659321
-899419336
1338398371
-1744951665
2023218549
1182137480
-1286795588
-2139707245
1413837213
1460295607
-1031479677
-13701194
-1163222252
-535039247
-661448531
1350555600
-960829327
-1751190600
1262145645
245066965
-457527450
1622494015
317946174
1466501449
1598327843
1739045880
-345817377
660629491
1248295676
670114923
-556246625
1687657680
-550168504
1815290697
-1488133414
207178
-299830644
-1782028095
1848962498
-1759076438
-1325376807
-1340454639
1645144162
-1050179126
-125020302
2015650911
-1045788448
1226540813
1530764465
468350921
1369099010
-997861997
-1233866710
-447632455
1686880755
-1786266967
1834916368
-1190136962
1803371077
990543487
1831389399
-1837542888
1668261945
-60756196
303893275
1226578002
-350208450
1749655189
-1352088640
-1566937066
-1723398217
1981436028
836811865
994101500
-1700793343
-1825551721
1061501389
1069414947
992329140
-1068991278
1436563255
1935355204
-679151065
-2061650827
-208540914
224323332
-1624105671
-874885479
1224604294
-1490567032
1693807951
1020141016
-1982988492
-1472158130
-1754504296
-55543997
-794541320
1333375035
-47229801
2009176728
-945564138
-181541137
1564490978
1503521204
-1474206810
1284475488
1012768295
-674716858
-782079954
-178672218
-149792657
-484764475
1623633549
1709128723
-283456602
-1247774813
621950746
878492550
893128026
104197570
-1454641908
-1091346432
120731331
617173287
1007144475
-1459010441
-534311165
-2004301075
-63346585
875814122
2037552557
1207985531
1863701145
261027253
1971007883
1497501177
-1319468473
1404294182
262375323
-653805313
1539351709
1487490127
-560972197
1787207311
-189080264
1331617821
-907005626
-1314537147
-1290432683
-959300695
-560605027
364459212
871372074
-685792562
-1017583254
923195284
218597779
-1212996614
-1826393663
-1804569663
682756081
1121559625
-1392642743
-1008043162
359892559
-447866673
1176653306
-953822222
-972837435
-716144331
-598387417
-1857657622
707679521
530151302
-62678849
-639148584
-210861629
710306122
-1734500145
675899267
1270747847
478662100
-1619752630
1452684383
806517353
333180376
-870321140
468198470
346106277
28708928
1627559708
-612634776
-309554658
1119559743
2115169073
-1554150272
1162142272
-1204150107
-211698057
-62863800
-1326063704
425197685
-2110738542
-1303825362
1426949058
-263478092
-2017012509
-896759224
-830652749
-277857405
-1689119735
1448440964
1662125178
-138335120
268955049
584872227
-497186735
-541836792
-425672334
1972330087
-747812263
731621552
561303131
559394698
3300213
-251429196
-986549457
-2082833166
-532219019
-635817568
-107383990
296543139
-269650569
241587406
-1575009372
1764386805
1744166537
-535814848
-1843616754
-1002287226
-1242654061
-903950673
-479917892
-1653856655
1272826739
695690723
1697421315
1916986303
301993577
1500189765
204062818
1917411613
-974443595
-2105974606
-2144621882
1095899599
-1757832065
-1881996911
-1758524151
-1641061148
885918454
-748174297
-963698501
116432555
2097950906
-501541591
1485357605
1598289253
22460286
-144703854
-752747638
584830267
1341652969
-1573474633
1172865200
-130945166
1771434685
-627909480
-1172447586
653392092
917454906
-1227645576
1561355174
-604521583
815968708
1919582126
181142437
-1973057569
-1767411261
173604541
4111497
-1725853570
1814523338
1862837410
-744472813
-716644856
-2124728582
-831296403
-2002460707
2014938535
-350681944
987183635
402658462
-2000873713
2042543421
2055764865
-12910163
-881363537
-80139938
-98220300
455596995
-2024959710
-811027124
481004167
-461168124
612020459
-1522113396
-1039523571
534770752
-398309535
87153610
770564129
-1341322891
-115900440
-772037383
722006906
-1057748328
-269288351
1884099007
-1675355773
952980884
-868059677
742481936
-1188129494
-761369454
1583690922
-1860565736
612034807
-2019977861
-1805413553
-13483426
1352904545
-782668358
1690239289
1672767782
1802839132
-1386514874
-283428781
-1059753962
317535286
1053350879
1498978815
1250017051
2016224163
382533527
-1396512951
1957713293
-1907022570
-240286829
-1317615521
205500048
1509125969
2144329747
1632884545
-1819146306
506833215
1242875055
-554163788
-950735358
-928727295
414304738
-207792516
-1338362682
-1205832634
1865823948
1870598601
-1440302256
-2125379617
-1477451981
-1762329359
-1564629911
656178322
951147978
836941151
-1233853377
-99656915
1934306998
919252683
-1630910324
-478936610
689794637
904955051
-738304266
-921479998
-2092941280
516583144
992796088
1254941627
-333635013
835243476
-51350910
-999892603
1681109162
-1787428516
456792990
-108705781
510172479
929038201
1558343507
1893295607
-521805933
845176300
-1661110898
1804505479
-1031839415
-1410415830
-782239811
-805032793
1375709849
-193662316
-1454413058
-666851781
-1460382964
576382954
1497618553
-25475909
113916548
2146743809
-2060097527
1910474245
1065733759
283319476
-1503301343
1552296045
-77340772
1997736472
1311585773
-825413351
-1368143011
1503099635
861580471
754549644
-1996227027
-1822658963
-1656358004
1201790591
-406449755
1147724040
-179271138
-1358147081
-48231670
22086349
-1490498068
-2103147885
1349811738
-656859961
3945632
-1186836954
209950727
-2099455563
292737207
979215749
-140290365
2090198522
971418726
-993677407
-408063874
144186072
-1610422596
-1975612969
-463098004
1535682781
-2037055741
701118854
1308870091
-990317156
-820186516
-1315527966
-558375388
1696932000
-1336995862
114530567
1571908560
937517981
1770301021
1246845777
1017380797
-1711226391
-1475940109
-302443542
104736114
1412610857
737273291
1714826147
-1463645104
-67308209
-1507669286
-58685689
-197918438
-1403973181
-1853836014
-492502867
-1953956938
-1299308064
506156480
1919595726
-2073836236
-2050986335
-151078347
-2012679658
-1122469361
-605452389
1872814504
952820670
-845517645
-817509074
1563970906
930826458
1769909311
321120759
-1137119493
117689583
400143243
943058824
883366220
2119226824
-1650817940
-359986597
1376147205
4446857
677753654
316408067
-953922568
1686870020
-954784126
2026107555
-1504836491
-1277512117
-1573286096
1059195044
109074160
812299141
-1909531473
-1636298846
-200655903
1682057221
1521824123
367340454
-1054720021
647149464
-735568921
-644146278
794719296
1509180446
-359262436
815775737
-2146401981
59258203
1304336481
1385420997
628997998
-798430706
-208851812
-195875138
-1677362571
141993539
619342360
1322359760
1321583275
-1126919451
-1962689913
-103045428
1769042085
-92429674
1236746571
1536730715
252722972
1199730627
-85892624
-921198802
-1249108201
1627285490
-1642222851
1393512826
-562222519
1373886558
-1855641364
-544396893
819451831
-1532776508
-183474827
-724170697
456611485
-860944001
-1989961966
-1502145251
-843566190
1847449042
-248527681
-357297651
318090218
-223923324
746316290
-815538110
-1946266789
-926069070
735389482
1495477614
691728354
-1243096864
823536091
-1982825490
-1534283801
450195024
-1318553143
-1966867905
-577364321
-825394025
-29571646
661183919
-1972077903
-112099732
-869151502
486880343
-614116580
-455761725
-274554782
265839176
-1053913513
1017521434
1259927745
-746078717
719142841
990909713
-328686489
1481900079
433188635
2116623168
-301641322
520714885
290928315
586913092
-1552664318
-297252338
-2090214558
1436103451
1708092563
1944123536
757580489
971487153
-2006397336
131416389
1020095544
1109438138
1643574303
1666444494
-545271952
506866626
1016494675
2013395046
-526727733
668722817
2056162405
-900563878
622485920
-619362188
1735369855
-1747843656
1983371244
-1340194904
1628424150
1868650310
-1799823314
-1030886696
576176942
-1331247690
1828368017
-1477479750
-1492571229
415015703
1487924304
-822172523
64825253
932605325
685462101
-1384439273
-1780988861
2063447364
-1626944988
-295814556
-2035295571
-1264390751
-1840170761
443334770
115460595
1607310778
703289641
-891325805
15173906
-470113272
-314685993
510773075
-403057359
191791451
1618779331
-1110428797
-1603633113
2058149645
352934524
1784429973
468591425
925222010
2116932795
-1697779158
-376980927
-75747409
508196624
-1583378967
-1285264728
-305068704
1162094013
-357994350
85326648
867732511
1219128034
86093138
243187635
925886155
-416230951
-23868328
-1012269847
1263223366
500700387
1872400807
1408764145
-978539926
-1412824829
-43066066
-1682592842
-832652740
-1800063958
-923011051
-827685963
-911369374
1050941843
-1369775271
279081732
-1169422126
303876208
-1952744550
783440021
-1531361076
1879943366
1289455155
-516384325
1656246793
719651477
-753337461
1604206574
1979158580
-1519396037
607003306
333819594
-150209639
486458649
-1304735217
-1587530147
1624864796
722830710
145451455
2008286625
-1951551637
265598115
977099425
-705674937
-34481545
396016736
122572553
2030387894
-844419553
1313593470
-1287305070
-2116861102
-1656168658
2005335493
-860207312
962721793
-222695033
-687355113
50351492
-772284182
-525056354
97773781
1448793714
-1309650561
179937066
-774604160
597463024
362509501
-1140947944
-865958237
2037804833
1214501298
-1826469182
-1286113040
-627347039
2133398591
400992352
-1516166487
-1387356126
-1502077409
268994750
443211073
-1808390601
-1421564889
742595631
-1092373694
1319605103
-733422641
2040615105
-1128025231
1699649958
1634991344
617687729
-382676433
1146150038
-1910989874
-2140164063
180747553
-1155094860
1041768281
-881107960
-1132116717
-2054580423
-1906780240
92687465
-1935130087
760716670
2041084133
-1038049337
1339037175
-2074487412
218430983
-1484343849
1565044930
1002707443
-849201060
1294354295
-1909900346
-415539494
94539502
-263681569
-1856647510
2138974807
-1981959608
-815869675
316114
1319878145
-310884223
-2108529242
-877872892
-86260286
1346098553
-552631918
895804749
478257137
1674470242
-1601263481
-1173424859
-1036807521
-2099400830
1260310354
-599014447
1411351088
239722294
-1914304878
-1215180536
737934637
1859649849
2125831342
-185537063
-1277316775
1135927078
-1918244088
1550406603
340172289
1670701883
1893548658
-2089121211
423991192
1606817375
-1057445152
1425063472
-2066616190
1783986789
-1260098977
-1791135782
452483888
-1699134318
-1199208634
1947376413
1076582764
327531612
1335146922
1841675712
-2074424075
130728564
1433305110
-1754111972
1134263630
-602651642
-1400681605
908723202
140551890
-303555009
2131359333
-1644585508
1356261132
20985359
1845885807
-1754596334
303110725
103270448
1188437753
1672134830
-173212067
898577766
-644382697
1054986562
312389342
1272565511
1324631244
1876648201
1429163597
-1914869827
1370772855
1778317643
237793476
-230445942
-1428563059
-986176506
722148285
700025356
-1518700664
1021025482
1905946415
-1000791550
-48143842
221522916
521096158
-1904274162
-40506186
-715157570
1827900143
-1425791813
1218778391
717625477
-2078762310
1759539650
-716955550
-1023550964
659985635
1456331401
-968003262
445945840
182329771
1825783275
-1116205727
-917909509
578075779
301639230
339576349
-386627891
-967299614
1477484689
-1620494213
-1712932168
218058328
-1872018379
1044846683
1884987628
482043617
-1348751746
-753435923
-2137780013
345948798
718599882
1926272099
-2061319746
-448641791
-1392517438
-1517445913
-765968703
-2125653208
1394787040
-1298738993
768521434
4118509
-197554384
-638795761
1326186328
86872860
940686425
1827971311
-1994484102
741268773
393910494
1200265725
-1966586795
-1254384589
2119852705
-979749052
228901883
-1211357571
-1573063511
-156467523
-487018791
275459547
-1376187100
870209541
-524854175
-162312037
1632989103
78199632
2031392744
-736861291
1919379412
1192450973
484528336
142264700
-503812141
662421546
725657833
-1648071817
349765540
-1635122902
37029140
-1579931921
-1377646532
-535782475
-1990523863
-2083666774
-1479745777
-1892937472
891453466
-275657448
-1625776682
1238910157
1395916120
-550384147
864434833
-2082943196
1655909493
-1427446545
-1041474609
-43502269
586506762
2059248656
-750899923
-521323054
-615700262
-1365794113
-1606436837
-1422601125
-2063969737
1014255738
455116006
379727864
-144693084
471850151
2100348913
-357682867
-459691845
664815524
1332059973
-1725289544
1671291984
989196572
-56286131
961121735
1671754711
1193686940
-316975655
-1464263446
-996140542
-1063781019
-295362964
1279375465
-392299090
-1460459901
-982582605
786421655
2082348543
506553374
2025391186
-1491585208
1843717321
346022159
1955226854
2045078143
-1139541199
-982080586
-1430620857
-534691221
-496974701
-1868318454
1297485069
1242055060
2122130342
330661104
-1832139179
463769169
-1167790626
447779793
-340641339
2010191997
1787080977
-1219270298
1374123724
224192106
-1512788131
823281877
2130263086
1977728276
709702984
-248225279
1220129983
1063294873
-1094210008
-332705763
-2032354194
334078440
917641924
147060098
1739977093
1958521529
-365900229
1885913283
753931822
866795708
-1465608924
-1499812099
-543521224
-1119031532
306817782
1917296498
-1653488357
-1808446202
839262634
-1896231847
-334206919
932893933
1489280926
1598389487
-1037704858
1926149745
-98396228
1654080721
913632682
-1932716040
1560764379
2144756877
-1974227899
-2078508197
-1137981084
-1586225291
1521197554
-370001443
955260984
263854775
2067278960
-1282520232
811119569
683088298
1828071997
-1724920648
-454603097
-615863446
-1669342556
707197357
2055880660
-909795930
-84395526
1688243612
1245698810
1771980984
-191275485
1494335446
328700516
1712654581
-416442533
-1679077621
1764233067
479623494
-1326229198
665669632
1688464666
812532471
-1444401192
-321080448
-1649608427
-113862962
-965261926
-269043825
371203766
1369285471
-145998676
1049475045
1033003128
-69493602
1322475817
-1484910182
-430341224
868821173
-2047051945
1709248029
2130792953
-181451240
660974126
1850673514
-1246194105
619118293
-1234674150
-647936133
-699451809
-303006416
1591340031
-1065931521
1494290414
-703703697
653166718
-2117480631
-1084261545
-118810383
-825435274
-1307308149
-1398433574
2057078405
-716895283
1673835843
895601650
733539320
-687455376
-250397708
1421936893
-278360849
1239019415
648497177
-236005086
807805687
-1877196467
-1022494890
-1828243346
1602144986
1847439919
1798799344
-356142528
-2125270220
-208563853
-655699073
-1713414169
1360994373
451534124
2093234402
1806413193
-252929785
1740696523
-1657859726
-778434234
-487108222
544582120
639253881
-1741627236
-2112379297
-702058430
-1792420891
-1791717364
1188281787
-2054507004
1528832312
391850238
15049022
-220191926
-2006769214
115093985
876635499
-1325086
-148706542
695846038
-26217928
-1537050026
1694021801
-1097683186
584335585
874488618
119377905
1856207409
49423096
-1965688735
1121103725
1066826497
-1725897023
521268550
-159040208
849433087
-662868804
2123160168
2061101203
1399880909
-1031765374
675029477
2086957858
692575764
-903899436
2105005035
-2103814954
-1547083865
-885253392
-1085761668
1439625097
612438760
-1802033882
-408626320
536544677
778597226
935602347
341939136
-1309120481
1938337751
-1896950099
454756096
-1812590685
2029919508
-1997177689
1855877165
-1283975920
1226651554
1117418486
2007333033
-1904591577
-1130637497
77887147
-532623742
-1853682818
-1129875219
1139731873
-1822467334
417370298
-1694776631
1726516178
-1665934013
-1289263108
-1197824321
-1659909402
-250417783
664770459
1375323908
-1780343540
8367158
-1781380844
1854865668
-2035554291
-641883791
791055422
-874495354
787783070
1872924902
1873451457
-1210512114
2065925365
315311564
-351647544
1567247234
-374404706
-1962763485
1166715893
530538000
-370039922
182076478
-2115106411
2090696782
1507634296
-504817280
-1683840235
833678754
-227363233
-1088754326
1406271411
1037920227
-1887946900
817507796
-15880584
262014016
-1771921664
194762106
196195172
-287677856
1887119373
1918529978
1709446123
1003860427
-978584415
1360347291
10237600
-1187108472
1841528515
-2047562991
-896267729
13227526
2120403586
1527095166
-1917835375
-784867009
1636418890
-284061572
1988846458
-665077478
-50049415
959519705
-878345452
1447671824
-81697487
1110679010
662439922
-1106037742
-1571399825
1339438308
30361407
-1225123926
419253852
610859247
-1715126219
1692559712
-981480477
975793117
935257557
441083230
-684528253
1619355026
164351956
-545780394
573868133
988414084
-1946974508
202724003
-436899152
2029406845
-313860141
1751269038
-200372708
-551436897
1463753448
1807138195
-255629371
1231209896
2095561003
-1652297981
426672449
660723063
-1345634827
1721704811
2084607732
-1081487153
-1517138103
-1331766442
-914524254
68079194
-1847072367
448042767
-1510588091
1863349743
-1602446708
-990636919
-2111170784
831356695
-804391034
1453548931
-1636588269
-936242227
-1078803766
-264431641
-734329807
-1989993595
-289442731
-796908941
-1953966961
92582511
-190965300
461338522
-1664049058
-1382395652
1009762734
358441644
-1114252228
2034460576
888989133
1316819764
217061574
-1946193191
-958560006
1723267744
-936887951
-1093612688
706280447
-960307161
-1728985958
-1761233153
1367899601
-1261121817
459317466
2036563122
-2058933498
-1718074803
-1964190817
-1167621551
103608452
-410569543
819664120
-1257327235
-335972998
-2041514912
2088389807
30655801
1961832596
-1327570316
1007897756
-1281822804
-1393681302
214139011
1835621432
-1606784988
1595981624
935489564
-1820366480
-355296930
1464170964
-773437257
-2042694981
-2037790716
-372682276
42166230
-1260716434
1046403446
-611800274
-623567001
-694504626
15680205
375235741
-1412110740
-597924250
186672156
367725536
750874589
-1998900709
-504572936
-879878963
382061516
-1546753411
1857838906
-2142208057
-292620598
362513119
-1697267454
1264008053
144735113
63453353
1373984511
1373801908
1058998978
-85715092
1099191790
-1363288114
1238510936
1585293878
543179360
-2126624277
-1853066051
1546186279
-346377793
-488547897
-1321480811
-253633980
-973760622
-175828827
-2032543592
-1183903606
-169827585
-1370665853
-946967108
605424710
2076209297
-1311108978
-355160686
-1657577053
-846162884
2025152728
43336943
-1101077884
764264349
-300505785
-1339111729
-1175667565
-2086303611
-360396848
-225492873
-535173990
-1019374664
-557874715
-2045744167
1900241681
201074673
-51671765
502932539
242046455
1717071145
1703193456
-408616679
676838373
1280891928
-1101809188
-1301202102
1252809823
-263544325
47596389
1415856226
498229613
1050999960
-496482680
-1551787944
1521055338
167236223
676864565
-1239809689
-1363705829
1207241617
806870538
1251337784
-210681342
697855429
2067677636
-672230848
465011956
-1905655255
54358002
492554343
1831310057
-2012002777
-1394870294
938581994
-487121902
-2009092854
1658360577
-1706767487
67164465
1531262399
1324351733
1793699523
-1136099548
916068575
-1610631250
486860233
1871828929
518574828
1886870054
-1066786030
403706857
2128875226
217459364
-416249946
-957371689
2047882449
-552539089
-747513475
-976332103
-573529807
521135938
1264335904
1029316225
1533200342
-1606679109
974409616
260648188
1062324124
961362457
-1822434969
1080710434
982594085
-1795447322
-1796252611
682511280
521538521
1893217138
-325107379
-436224524
162613294
1101567681
-714114985
1212759527
895436329
-674371130
1601876423
1701141376
1165234467
1660704720
-1339779307
665222982
-599496240
1040026691
-1723292305
-1939252697
-1083712643
1352587403
-693530986
-406978936
162554264
-494451378
444285957
-1100941667
834167157
750846688
-1025503145
-1862341639
850394191
1149562107
752050921
273855592
1746861452
-2020731473
-1820118594
2052511740
-1394546364
472288151
-540863069
-2101287835
-839586045
1820184397
-1202551661
-443670138
722715854
-1997755361
727830108
785283908
2107223652
-959354878
-229130367
139703456
-1032637243
-1393918266
1150553698
2042116103
-2120265225
-1446683509
2064184986
-1970136856
2109871367
1077529459
524854952
115088007
-730922418
1346504856
-79076400
1005047824
-461196299
587904064
367888451
768158191
-816349510
-1760226993
1502265213
1667040350
68755187
-1745270788
-1350687506
789678911
641184211
1274912711
1284581596
-1783593173
2033876715
-1684872022
-2016583801
1071179722
1094145523
-350917746
245079693
1876303716
-1338276662
-1053464064
1877806224
-916905032
-1036015173
1264620836
-2098002155
-327145460
319809026
414333929
-153812305
-422091643
1210463374
1250840702
-1641952932
1288601272
604825863
-480307964
-1398031570
1103325056
230398737
-1087086716
-413797075
-1250115055
-1799290414
1249814818
-1655537029
-386193331
-684686414
-670081902
2008021945
-1289101226
1081245281
-601155637
-1323878231
-1519593628
-1132295395
-1777216261
-226494444
-778897961
-1843969227
1328295610
-592600594
-1684987761
-1008514872
1045181313
-1884059721
1390115707
1171757010
-245138339
1272071971
-1099447952
-347380888
2012707551
2012623612
-583219909
-1502739646
800600662
-63379897
-1235193864
883668346
1244450880
1615226277
-1497968475
1593194643
-642983940
-1868008708
1645875441
-2073132612
1410586052
-1996425386
1067213658
-1174596780
503893211
2120656648
128073334
-1506101328
1771164930
44385302
-1642825328
-1360813028
-1052796113
425009878
-1648419210
-1741993952
902019457
1624495314
1978336400
1860652291
-1182786963
1835146739
1435339060
1357678996
-1546855619
-766928934
961214777
996208167
798319035
1177462673
-1338146871
-1854821154
-1782277847
-354834078
1480306299
789389865
-553416077
1074558727
-92867935
-147570289
-523451481
1252502531
1979419613
1282378413
-217431388
1068846158
-64956422
1882180223
-1667573999
-1272663753
1418856440
-1818022690
-914935919
945676422
142905960
1712022089
-1812068812
277918176
674428666
438951399
2003968048
-1173985681
1611114324
1914925004
187438288
1493341889
-582145756
529317755
-2018701397
1546296048
32884088
811952811
534708761
1480118531
-1654761140
-505426867
748812259
-1154259564
-1575675036
-751849522
-1098022087
-1078689102
-2014942372
-2055572327
214463464
1766590728
1929313789
1856464351
-2025304629
417412926
638843601
-1149810022
-504548734
-444800097
-612966664
-1909034546
67514978
-1320473605
-1727776451
-221462767
1612003500
1714274254
-96890013
-1960608946
1097402112
-1088018271
-474997563
-938414651
999748627
108115120
285141533
1198915925
843407775
-1582897204
-85926237
406485501
-1319952997
-1346464126
-1935175079
1687715488
1165435564
1324420989
1992673701
-1829733624
-1489540134
-336464088
1708216863
-915759572
1020055430
-1214531177
-620406612
-381978443
1450513819
-1513769305
38505675
1337294782
-1558987516
638487651
1801692462
-1112967205
1947542621
-1072290903
-1792665204
-1120662436
915343852
1715036940
1817716149
1261901523
-137062702
1453042684
945056230
-1063167278
1013148029
-798456284
-2144551842
1351596537
-193834144
1828330771
-1608581071
-2021710801
-121520666
674722846
-1971317413
762759214
1876486819
-884509565
1440560663
-1517926331
1994031820
-1629210159
625300849
1215035225
-858904087
-915652473
-592358630
1928553004
1659111368
780491515
1000020091
-1025726239
588414388
-721448835
4256524
-1155437377
-138577177
-236696900
-804012059
980702772
-702929860
-1887406745
-761021292
-1859881187
-386350296
318665751
1296634161
-698479292
-708169749
2098139755
-1945999440
1683384618
-1051383038
1752093300
13968502
663289093
937646559
1577532756
-1818225618
-83372021
1693768411
-532538847
-1979014436
1933709809
1141154923
2015276814
2001203249
-842601810
1171727249
1693937868
386290977
-676027772
-1620062826
1172882477
2069442226
1508789824
1617008885
-5261813
1140064791
1512319935
16355738
1038208359
-1158984195
1718500020
1157758028
-1731372076
1369480483
1458642345
-1194345114
-1536954347
-2067485136
-503216317
1261631181
-561590523
833864896
-71649335
1660883229
-1507354953
-1088587841
-163524890
-1989303259
-2027065379
-1742040838
1815082414
1323496085
1261531501
-1586966029
658875614
1423043829
1529551489
-621956620
-228488345
-2132217895
743442046
10381670
-607135443
-628117165
821575544
-375595422
598143499
-1219358296
931844821
-1078049144
1981730074
-598031547
1267502127
283742735
862487603
-2049180173
975501951
-1282870243
972085169
-1200377527
1510744951
-1910825895
-983520645
1870391906
1494583598
1839592893
-1738884543
-1391501104
-1380751870
815136432
1898321924
-527081776
454509241
-256733613
510207196
-1238927170
423840489
1753258779
-787409163
257345483
699532186
1139988127
801000154
2080218092
1399867433
719270578
1724769525
321247509
2027925870
983507892
-358774954
-2015661145
-1542075615
79770661
-668065869
-146423770
388938617
-2012758662
253170095
1540983342
439370005
-1873159629
118178143
673261223
-2105267425
1728636205
-2025471479
431420727
-2032160850
1075714612
1330392366
1575093496
-2145172
-1333187620
986768842
470536298
-729736
490857104
-966800423
306267307
515946125
972822763
740566045
1147176933
-1161098653
-1473337018
-1346455522
-1564986618
1125604437
-1172103023
2047832690
-940313930
-1502595005
-2100475290
2051406654
2071839621
-892040007
1065806427
-993978116
-197509788
1247675216
-306366825
-2105747074
184132183
646576980
2036524967
-1588869327
-1151425433
356846247
1792209298
-2045268314
-929622308
112404708
-1325581782
992655438
-665715029
1974266054
142074020
759814789
1294054957
-1853070389
1453648491
-9050159
19929106
-865420268
-221943504
