-535730460
600193763
1969172468
-1160688342
-1514658989
176784649
-817882211
37284451
67556190
-232662972
-2032423138
780386921
-1649662665
1806942054
1665578781
1155433955
1164704768
1873396417
1358054124
-355870932
1104437973
1137015004
702642482
1094790178
-1826608112
-1570476444
-1017802038
1015904573
-1408384825
840374625
-1014751254
1513028067
1976886425
1943489449
344587143
-248862213
-1999736406
1628362904
1020152
-121813824
1527599339
-2005507584
792287193
-12657449
1683501726
1289715806
784968242
1948213666
1072155417
712817231
1309104343
1033217494
272996297
2037186370
-95509999
-1977631926
-2065469319
-562587283
1063808637
-1332955118
197421268
-2009019644
538834996
-600491828
-401357272
-150041944
-1187168213
-410438599
286199148
-1833430243
-442173987
-1435569137
527723908
-455984576
-1707821786
-1118288116
-352908862
1205191479
-957825422
850411598
1364125872
236724202
-180974314
-1886054431
2106755852
274879921
2100424701
-1342766951
-1260097773
-1303840435
1230538887
-1435629790
2103378946
1732474396
643552173
-223981995
-103951911
-1160244088
1461723496
929250508
-1469392543
-1489669184
128523859
-267423816
-1329368976
1681484458
-1710042226
1993901809
1968709227
-900692968
557859046
1957895758
-725664499
1465158201
-1948846798
1838450742
340418918
-83634863
-1984870145
1509236087
-1079324379
605180332
2087133039
2022127190
1309771801
1634758864
1395085661
1027350758
1242272244
208894449
-115726651
1785833629
1176747090
1263398313
-1910013341
-1145568477
-1856051975
-1224871704
1921098649
-263637395
1681418338
-1480395992
-671112555
-1555543030
-451382152
-1366621211
258017971
-93329988
-1298775138
-740586676
-985254113
1581057866
-1502313481
-1933551054
1631540670
-769906284
-832147744
-544783033
1661875278
485223144
2073056449
1270726539
-44745781
1401548947
530489605
-968284161
-72335852
-447492679
310024806
-2100707680
-757466674
2127496041
1851024237
-1845267312
1179351176
-1102549525
-718405831
1090980758
1978706720
845984604
327900798
25770184
710928484
-1595897988
1537718480
-797131130
2092446203
1811470534
-204425695
400535978
1260675974
-1205847359
495725704
-352625155
2050994177
-596106858
708146755
-329679380
-1602612881
-1139162399
-519330817
-777471621
425823926
-146559029
-897970346
787849336
2107603911
-486638504
-1460072040
1195152372
1472665601
-476837891
1769792205
397169391
-2012926249
-136692875
1883563258
-1539826094
-409559377
-502575148
725475235
-493639647
1256581645
-1544359204
-716312687
463618544
1284388592
-925311858
-301388075
-1912209770
1183080572
-586765820
-205891316
-837633248
1603075800
844108157
-895815709
1261716232
-1808758439
-1209941063
264938461
2014708647
-2117273889
-619934073
-1991375533
-187825433
2054586495
-1811442533
1649983932
1614023996
-280008094
1979559589
-592973522
-358002988
-1759971604
-1301853794
1224030245
-1474049012
1312679968
-302819740
701743490
-460034778
-1766247614
-833151351
1507087573
1274384697
-817771843
-1517940121
1742605534
-1447338904
-867261881
1028646007
1602056784
-381799082
-250326718
-948664862
650378969
491464153
1557133157
1864554584
208555102
-544402707
1070155675
584067361
531068043
-1136853014
498064682
1705232753
1260676234
2058801401
915816216
1603491839
-944101103
2071150788
-1223739959
-536768552
1799255714
-1631650452
-1055369492
-1854230417
1068626446
-258858817
348580760
-2092510471
279444794
-597002326
-1218800463
1346093303
-1579676635
-750891796
-1280618096
1052581908
-1241463255
-322655476
371117282
-2056059088
554006400
799754637
-492104752
-2010361668
-944597239
1361156447
-1557456032
300105288
-1558289332
379823255
-1582581734
-785366695
-647568965
1013364066
597552110
1155530111
-2116112582
846526519
1648733781
-1004611673
1003391201
-106656437
1217041077
-503470419
-452366848
1802091850
-1866338039
1815632181
1156428899
-1152694973
-60787519
442541243
-1186100266
-1313149469
1979397606
1780224487
-245516821
495182309
-908148607
1883634213
-1619954182
371423177
-1257984451
-1162130827
557251944
-1384619325
-1416186293
-190898305
1335351340
-1786806538
1639470981
1682214633
-1751835249
1989455073
-1321303851
-1344589331
-726701774
1596026905
1871633368
-1849604827
266788949
-301316808
-1906926147
1345810857
-1268791467
-389618923
40043123
1130337115
813460342
-1809786060
1407440387
1764823168
-1878694685
-698921600
-50155463
-1096640877
-570067726
1243456311
1296025226
-1460514731
193889451
-1764326107
61831217
1458759976
2012317578
-1429503724
910293146
1775563165
-817150332
-1691020670
183548932
-62293685
-773564601
-1427242348
-951874975
-279711262
1241695174
921195339
1968790656
988721023
1387275764
1713973749
-507549843
1862703681
1893678031
-1921749787
-1255998953
-58202853
2106079135
1143474277
2123436339
-1082204693
453202047
1800539883
1623246176
1743596235
1314739996
-1861474165
-585894004
673515687
-1092988228
-1948645971
-1412702315
-1300144368
1050045058
997181695
1487233331
1449835854
1198890735
-1725915988
1072384788
-1828285253
2073499564
-1450907955
-1203051448
-303086514
1888029062
636145952
-2087097377
1260964214
-725190472
2115704823
-1031835952
-2106643928
-1747428496
-47754126
1994987548
-365368261
721936524
-1248446992
1567153970
194588147
992468644
1704287938
1890334869
-2133707814
-1210601652
-1172318175
-1980224325
203587542
1778514586
1669550434
815659320
2053358968
1451112165
-308437401
381034523
-1229697135
1256448208
-1781585576
-311260776
920169227
369799046
-1355396205
-46228506
1418504949
1940080966
110281184
1072590186
1272453599
-1089979359
292532201
-72583915
317500519
1025457922
723904232
241655049
-1973941997
-1541472529
1294951330
561503106
632158562
1787690125
1516255123
-430918157
41687069
152255977
2099794282
-1249291665
-560361230
1962530933
860149943
-2085258422
-990198462
-1479239856
1417613538
293812480
-228988359
-1950400055
-914229410
-1597905324
243463199
1603225125
1387204895
-863771972
-1524473107
-484586336
-261219511
-1984002308
-556022749
-437160271
1845138217
-706592752
40238552
976113298
-1469232792
1545532494
-1162299630
1729538815
1290761341
-291039540
-1808305833
-1714418883
-2048395677
1233521918
2088511363
1556819805
-288700020
1187302052
1210877404
777973953
-465712876
-1310603294
-1520300189
-1978032417
298141754
-514869840
1356776556
-968563643
-631362293
1778422900
-1781719439
-195790884
-1114471841
-919006996
-597461726
-273146256
837858569
239225681
1890590911
-418529169
396161097
240020665
1767173546
-398944272
355945861
-750342468
860730679
-1934705929
231263032
-125847206
1564946375
-1868659209
-1022083286
-524584165
-1211608044
1772202647
1942468577
-575807624
1086445517
1623975608
1541275991
-458487943
-298015387
339716023
-431537940
-1937512289
-1374069977
-430760465
-991241059
938767875
-1788860531
-671841151
646193526
1293727678
-1849583918
-1314610858
-1275175611
-1631947637
551429574
-1907703451
-1475584112
242700715
-739004960
-1248479951
788698568
1779272968
1223491225
-590245483
-1178978627
1979430301
-457099273
89274563
800534869
-2112813548
-204096921
856616841
171037304
747783600
-319897649
-1928625450
-1505733042
-1437510803
-949489180
1475330429
1198250156
-217071772
-1758490184
-638169544
-926983989
606541428
-1248590698
308809198
1075233850
-1107835873
2124208657
1181333048
2036284693
-1387680079
1151704922
2100641825
1020858231
1456992678
1350702034
-416201939
-1887499732
-1158456755
685282016
-504071012
1052651179
-943879512
-1730623741
1734608623
-68948926
-1137121642
37878314
-1946221141
1868061331
596094771
34445123
-1739404964
320677694
544665727
-1220038383
-541151268
1449208543
337126717
-1981242814
-614513451
-997992134
-654920419
-249554240
661415555
1474494645
-173756132
-827118009
-1278315842
662736134
254571051
-1256966089
-227885001
-1791672020
749403662
552904874
-1092098047
-1811899230
-751741305
-226619703
-1733385389
-1974116398
-766961997
2002842715
150225292
1850041287
-1738865998
582835870
1877473910
-1469662937
-922980979
-1143863206
904700110
-378060193
1880267092
-979588814
-2074314493
-1117569761
-905349753
694607420
1022179390
1202089737
357392311
-1713338412
866545570
809953700
34458219
-1658736467
-2051217452
-1994155626
88665671
-285519320
-607539011
-130018030
1635707242
-878736920
268167566
274357647
342683928
1377768614
-313490172
-1129412422
-602441319
1203970625
-338981395
2056750252
678721632
640145176
325234666
-1157928097
1886725230
661458588
-1275000715
-781903522
54581496
1796748064
-787971035
-426509381
-144114105
-593805582
-365605840
1130776902
1408769247
388119215
-418641870
915479291
1757183715
-1970680621
222558252
-958588996
-1773075529
-394875249
304753358
1003857727
2037189094
-1213261345
51074040
1665392713
-1574005946
-2074835749
897976190
-374495716
899680090
-1095942580
-159425493
1654958381
804075511
219332482
-779076856
-231194855
2127662121
-913127581
459398877
1452819930
226646
371102407
-1143715848
925271605
620728996
1946469891
-516839380
-1340651146
-958912872
36166595
1750993692
-1768352161
-1479294209
1781280029
-14500167
-1534670499
2012237584
1693837026
-1180090360
-886670339
-1962030126
2072018998
1798418472
1034612637
232159931
-140605854
944575891
760508262
-1884271975
-1580609048
-1096553052
-1117168263
1985851061
186218711
-942288296
-468852888
296895541
1844712033
-1031325608
-242917913
-584980030
711597994
1786677558
2027932610
1077357930
630042082
-553509385
-1363154926
677917894
-891714155
1773985233
-737742933
-460356769
-1660191935
-259553995
1845850584
515916621
2113582376
1171314958
1536703562
-226233311
-2077492633
-1774237109
-241986996
1443472388
376659784
583716251
1347298107
715986719
1796465363
1698032503
-348097483
-1094811330
-1782394454
96029797
-1983598320
-1378241105
1073611286
-1943714439
-665970546
1487270256
-2038350500
418457887
1663989710
2126881672
1721264725
1541955608
-1435277052
1615845301
-1680782019
1520537282
13388140
-1784469690
-748097334
-655603045
1627724411
251417674
201198720
-1926880249
363971159
1463349994
-959251389
-231733167
1751670665
-657406701
561978669
-53919761
-123689999
-141120425
-593976414
983928073
1899588346
-277064171
-354599264
-1293406660
637861645
-1901984298
636558427
168151450
1942995530
-1313988102
-953080824
-89422859
1146891893
1795057299
-309430023
-1167472547
-1073061842
-1711349104
-902391063
-1346010138
1603314021
2115052317
-1775454311
1346034094
1284351755
842019146
-1741815397
-1410821347
1460958733
-1843116566
-1115414419
978047086
-203611267
-1981589571
1728449992
-874005138
1774511122
1508501457
1857614906
2969220
-251978030
-1305890780
1200087794
1907575280
1642100493
1323440270
-1197315366
-1525735081
-1200094835
-913271331
-1233159957
480468862
580524298
-1033545919
1837302203
1036037718
1041991139
915072490
-1155902886
-1379747528
1074982155
2069207791
722213471
-1197314192
-762201535
-933621903
-2064219331
839609087
-641402493
-1195906304
180807898
513441692
130405316
-1730628548
-1852045470
-1731742212
648585948
2008582079
-2076396969
-1537329325
1976881343
-1278682822
-564500244
-1870074599
27194865
1776001758
460872595
-1146955503
-842929351
-1165515012
-1866156332
