1023507827
-1706693900
-621389577
-1007929430
-1569209005
889337367
-1736943105
-515584464
-621158294
-1440547111
-371281497
42981439
-1181870964
-2099906318
-964173603
1141160247
-1104273298
1427386209
-939551383
-966629069
645104928
-457578081
487061769
-1271890087
-150969382
-988073962
2009485021
-1873408653
-1083051014
-520641580
-162430203
-217440065
-1141516979
-1113088645
1739034760
101383170
963363469
1837614972
1878581623
-1975099678
-946771926
1145546628
747048273
-118591883
-665951412
-2129474763
-213476951
1033638676
940748057
1037274137
1799987462
2144919413
563738163
860462803
1794343945
-1250437896
596293252
-425860713
374606037
365271361
948958525
-239067685
-1794470742
-1525812986
788073755
-1821200050
972565459
-1451387863
735768811
162746889
437388226
-79384823
-614288304
1483694596
823325561
1800381716
-457089852
-1436187190
1423867434
1664149664
-401260836
167604848
1096594465
-282067973
-1741329457
-1896208701
11617761
1981738944
495448888
-1954937920
1294869901
-354880916
-1839989478
-1308919736
1434737290
-2040412880
277676069
-2041301996
2126244705
1892100616
-182151113
-940304923
1957036521
-681402613
-238763740
1940670720
-1895125596
170588932
-1951630918
-1043970599
1778772073
1823129410
1233457919
1505602062
-1860320957
2066297516
581349308
1118509974
1893061017
1457625624
-1801013186
-1113740486
-131964786
1308959196
-260880805
-922523069
-1671440214
-1963373404
317377971
286861172
-442928199
2064513925
1980728375
1147438906
-2144059149
-586980526
-1142272273
1404758817
-1430132388
-1536589010
-349620489
-158671734
-183445906
-1385697182
1002547914
-1253773669
-825909516
1712720752
-1214312510
-937669770
-1574707656
880341608
216688607
-953786196
-647308960
733856889
-1258287161
-1385931021
-2071161068
496765642
1089788173
834175255
-1739829916
-684369270
-220461899
1383353902
1228622313
1350861893
1309925879
-246658289
-1831225303
1136649337
-2131290813
156290820
-275584449
1547151721
1135397765
-699207746
-408746053
1534206512
1387421097
-535316343
-714193209
-187340008
475867233
1663770816
-609217654
89066284
-1489265627
-666405502
-9778736
1516197643
-2144810629
693971621
-85531414
-1409831681
-2108297864
1938966250
714787282
1274535501
767672966
2001723250
-960327789
2114476494
-1446143642
770135665
-150902297
1616112574
1847361144
2126532896
-1763927519
-763549997
1273556794
127637752
1148848717
962120337
1774314510
461790236
2097870485
1287109340
-345492929
-170098410
-1376958235
237001934
-208565691
158335430
-1256944942
1962962122
1843828296
-355040874
-386559561
1943904721
1625685218
-1489136910
1715357985
2073866771
833506345
708403191
-1303036052
593202377
1397559532
1544071786
1127405741
-975905471
-531521989
-905685269
-639611950
-1240454342
-330938068
1402992489
-486093304
-1249694607
1268456668
-1832646440
-222588836
-84010117
-1078375756
-1918773215
-2074381404
-721016875
44489453
-307477926
655595168
-1864477895
-32087723
710919222
1239556699
850415666
1966520914
842501311
-1330841385
-397658638
-1152183257
2010416962
-440260120
1074732387
1804847222
1882624137
-2114956704
-1376912517
-332084731
-2143859889
396577132
-89961260
1368304324
-965130256
-1118584771
-506239365
-1348764146
-1024101536
1465825258
2095349767
1399921455
1903952221
-1287392876
-1903899923
-1111587802
1344095720
-2070364982
1470769939
-1812826965
12726768
1089390639
662463650
1670208882
-1249679536
2042943578
1028903712
-763277391
-1932978180
-1802401539
335805885
1151769824
204285046
-279544760
-1723163412
-1317785921
1522281861
-1909678961
-793713355
982965149
-70677207
840979497
-1481233591
1811102422
374696649
767483803
1593324886
206683548
-1186767186
-836493834
-2105619044
866979834
-1382852428
-1033206915
1872063040
1696007702
-592069058
1968509578
1643576928
-1633117770
-449907862
-668631375
-776124313
1714797572
1783481221
403627557
12988833
-2050621547
-268739391
869764442
911676177
1801412263
-1864183003
1531128044
-1410403454
1958781354
-1365680444
-2012757569
1136005851
494742017
1884277041
1453305702
151672503
1422140681
-1071071695
-293886776
1267559477
-1137087655
-1328090190
-886117632
101888779
1256624203
937516284
-1654004091
-1307032095
-1699813957
-736436954
-785036662
-1218989092
-602310642
-1631703862
-1054695769
984629112
670058102
-277485829
1380776633
561362586
1214528371
-475795081
-582017787
-78891035
-2141607524
-289754087
-2097004893
241858892
-1216786273
-5385328
-1691661799
-1381932057
1893609093
-1784192171
-177055675
371267850
1090036026
1602863834
1952094080
1910551699
163814476
898996735
-860946176
-200318844
317781747
-1777424183
1010466942
-599093807
1518212688
1949392469
250114584
482240121
-109938695
2004249354
601135736
1410518234
-1264721739
-1891581427
312474932
1196981313
1380201347
2145762809
1993487735
1599020736
-536791839
1086741711
-1989856031
1217817668
135183946
1395377963
-99382100
1961469670
-21223937
-972515655
-1193302769
765855873
-2003968246
920883174
-2033416474
1389491588
2070451583
-1824013606
153557906
-18609912
-912569595
-1553905756
927532829
-1545187804
1087387540
-315815497
766279842
-209503616
1495560831
1796560532
1018875115
-162578904
-1507678283
-130276408
-734707877
679148706
610098499
-2091958247
1068688654
-1605926078
-282489572
-841882628
-206881218
509022395
448960284
747263305
-14112280
915030521
-64172214
-847670735
-1966905425
1522710574
297544797
330184559
-1137683457
-1528722389
-914826623
-1331489347
-591609227
-1947655440
1442035290
149760649
-490530179
-829474939
-1430719416
-570167320
12196412
1963273739
665810925
338311114
1245373360
-645266419
-1030250517
422381167
-428328938
-1128631781
-138114574
34676761
1516471691
-322366823
324473593
-232833533
-916280586
1863426516
-1695410230
4857489
1547933220
924298069
-1454130748
1206445256
1766400052
-1506658182
-776492068
-2106361089
1073663028
-1993649087
-861746204
-929698602
1178029068
1446213735
1928891408
1959455847
729018266
-1426704463
-616632140
-1745029444
-1959697890
-1449215608
1073620562
-1263481984
930634200
-646980917
1769272276
775105528
1238834671
-1250097184
-391410411
-496036557
-606927211
-2024922100
-1971156571
229697920
657415015
-1928719867
250872781
-487703265
-1403440103
-1872186940
-1348918320
678509116
-1608630446
-429496418
686201716
-750661608
869176276
-1933541227
1605817792
-1433001591
-1706561569
-1830615061
-119480570
-1019812188
-345306409
-714743304
654788899
1750840759
207740196
113262653
-205877244
1196320637
-2010643879
448185016
-2134982035
1550060172
657758615
226089593
1425830645
-707978734
423053363
548356468
715208020
2057694144
-1898954090
-1862624359
-780915743
-305428219
-1119518875
1397134625
1168599381
-1685559425
-508200735
189862443
-793302316
980399278
107618447
1779581830
-478925266
1777674474
32827674
-742411056
-697915295
1069192598
2129070712
1068083135
613130338
241934998
1384604748
-113094466
1279701532
-1584173315
588882571
1451477179
-679576136
-933295861
1633716321
-974993345
779765535
-1057296042
255821141
1112113086
-1652848196
-966189754
1157494955
1467425072
863405190
1049636037
300992265
1372974816
-185007555
1427883831
1249191516
-207428733
-377560589
-321825880
1316078588
1667188619
795354061
-344227772
1866574093
-566900803
-339968502
-540914421
-1673625304
-1048452864
1126481476
-1284731452
-2007619781
-2109622920
-1052607754
-1830611150
-613311315
1160224467
-1626154690
-342029435
-432943419
-1350430238
814836451
-1851786733
132697676
-1115314325
-1583585128
-407517625
-1141088912
-2031198659
-764687231
-1448769063
1867053034
-861246845
419500279
-2099517889
-1913996957
1922180701
1997379464
1908570467
272877075
-61474900
1059716161
-1882363499
1903040939
772030253
-2129077970
-616481598
-742334347
-870931255
-143409631
824340198
-135283016
1981240618
-1312202574
-1763476546
46967392
-555481967
-1323284345
192761794
857422558
1872612070
37845973
1374245970
376345421
1001532688
895676454
-223114449
1610173141
911927174
234996572
852389164
-1060571308
-910733786
-734494475
171540516
1818050106
1316705605
1121843088
-2002331602
-651915340
-832727034
-679648593
1348139023
-1201213428
-466685969
-2097091395
1397081328
-1496747185
941322681
-537670317
856326480
739987247
-566369434
634488758
630719291
-523786453
-290717799
-735310428
475109819
-145393940
-911009247
1288358479
-421767793
-1693368590
912390614
1434507689
-609507046
412243823
-1913259096
1368977378
581145502
1132989811
1905185524
1134146862
1893059497
358149704
-1444054247
-1425172021
-356344625
-1008671457
808988235
-1289394622
64842904
625020651
1946580390
113052652
-912254276
-679581556
-1953126778
-524387913
-982011763
1859828528
2016895253
2102819114
-427289676
-1499108618
1074848805
355194790
166440991
-604501037
-1738847681
-1207345171
1223642426
-1028857671
-708705285
611280872
806978140
2031855861
75375505
-1786120540
449871491
-1324654632
1822576048
760530589
-848816316
1242419865
2046059406
1569105983
-443723012
1298411641
1861171775
-2089678679
648274507
-69600984
2035807050
-643784525
134036675
1828056423
-2122855815
969707570
890787035
-491330066
1287941361
-1153865350
261363497
1477227663
-2033308287
-1735134940
1450059984
1083929498
-924014018
-1918396912
835361078
-530978941
1872213839
-458955347
1293449978
-410921278
-1394367740
346325111
-567109595
357792762
-545970387
1137070785
1717220766
-392464803
1706204073
1594168756
1155602915
-637739954
1664958012
886201495
1915833078
670520391
-1005149274
101691984
-1206372460
-373598212
310617584
121473833
-1196998740
1516045760
-469801976
167841495
56283151
739779624
-72997232
-106037576
1063421283
694041581
514407922
2089958492
760482397
-1852707818
-1495650889
731165767
-2123291346
-136258474
1634515225
-1299074829
-1656969155
366997938
1374987478
1509612059
849426967
128166246
-1398980026
98657334
1202202787
-297222647
1139152815
1945449537
-957498470
-1904248081
-820954664
1231813569
1508096565
1559126478
-1138414885
1869582600
1036654631
-1603860829
-1406315969
-253556810
-699335219
473056726
-1887346106
1799507330
542547875
-1318635364
2072854146
-1772597446
-1218012934
-678261860
2031630254
398715400
-1194869273
-651551788
2057547962
-133944074
2051053694
-1314718274
-2090434265
-1823953229
1217004864
-272739666
2045487253
-1060439145
1693098705
1761841277
-1297078375
1682071524
1777141997
296034156
-2004545068
1850970702
2009987741
1215722049
1194863936
-17694020
-648083547
392756406
-1034505523
1874907472
-1125297856
-1334334445
-2096954324
1356706213
-1719441906
322881049
-300979479
677396055
-1831311027
-1292348894
-602065729
545030343
-995231417
-176983931
698401063
-639651553
-1535014645
-333495233
-375368654
-1412795757
1703747935
245912271
1561117336
-1713631254
2053029108
2100395616
653282063
-726238148
1611445211
1159724589
-1935593247
1591417853
-192878025
-788268768
-571806792
1453103673
-893667788
2023597756
1828323516
-519942623
-2004176585
-1684465091
637786335
-197266235
406775895
-1097262082
-865785737
-2095267038
-776921078
1489745177
-343491572
1240011871
395976483
-691449516
2122432115
-1195231149
-600820485
1747557179
1601817627
-205248950
559574766
1984394888
2016700326
1722882057
-1730334455
-966804277
98214843
74141966
-1091885567
-842227642
-1286924775
-1968335333
281066086
1322899737
-718313488
1549080821
-1197500649
-36962146
1114249067
276290665
1138937592
1652014870
2141601425
1320080527
-1103383582
23834500
-1222872243
430655314
431130331
-897966631
188552394
614674735
-855279738
-140639408
-1658742268
647541308
1823712988
-1324817125
1403762076
2084357995
229187868
-1747093185
1465017067
2121126927
106693376
-1829423685
-301322152
878100383
595213873
239939056
465001198
-314856518
1397403899
546890300
728600360
-1823635861
-841251516
1900013031
631923471
1856896173
-1287451974
502628162
-1527456378
-1704881871
1272414283
-2140690931
1981652708
-1534731426
-1953136422
1953825817
-788496701
66990744
691275566
1680858158
-1553878249
136923588
-1377813202
-756155602
-1634872191
1062633228
-74806709
-1308354695
1258640357
-1629887521
944870716
1791836819
-118409927
-670416581
489630961
277172484
-1314380896
-1738236882
-808039231
-1819845505
1667773111
482672281
-1561284635
1961870406
-35987155
-1470330825
-136468439
1605586892
-1858195303
-2079781923
-1594151968
422795163
1147594375
439532802
1453149975
2037454968
-58897709
1117303170
1382521870
-125791036
1301739322
-1732428898
-402719005
-302143452
40209453
-1020305337
-566085488
-699649692
-1805951256
1644096923
2090994967
-359237992
-98274109
863827375
1142006011
-1844762748
-2124193848
675459471
1704638962
-821124547
260493444
647303298
1898501847
-802595313
1300623650
836466578
-656846107
1689755809
1755241909
1631876426
-1622276062
-822288041
1209257428
1629187521
1835214104
2055175927
1117307755
1090421463
-461362742
-1799902322
1995231952
-1370211138
164052966
-1587105132
1060591636
-766200132
1256546870
-2120614578
-1485656677
1173509166
-1032255652
1185905011
296957935
-1742061105
-550747202
-1209580014
280156880
-318421190
1895470782
-211236174
385231759
957721773
-487991506
-1184916294
-1738410853
-2033764081
1073804035
188143379
711777884
-995980237
-1212254648
272615435
-1518186177
-1779082914
66850132
-25486980
904455441
107300358
659256894
-670443731
751825297
1561030876
-89352815
-2042759305
-1873996737
1762845964
1665376828
-2137503189
1280032634
-793477693
2008128716
712765875
1006511817
1074724337
2015397340
876464758
1551899768
-402497456
389547979
95970433
2068952166
-366894173
-196704337
-537693341
-682049507
-163670205
1261818250
1928845399
-25855965
608660439
883020731
-86529368
-710416753
-1570370462
2061180343
360964689
596174558
265126786
520492536
-796948253
766693127
-1063128843
1998789429
1947899051
1591940556
-483667104
299566290
1071436307
1851755090
-900748725
-1162955111
862682952
-423694093
-112249744
2011151274
-1766162915
199104851
-244724172
-967631696
-704364498
717734321
-146426763
-1106320043
1880215880
333896575
-731631738
-284816137
-905010168
1967129907
209644151
1626191515
1102709953
-1461170849
-1479738727
487717921
2005030563
1354535679
-435004608
1708112057
-1808498920
1421743889
1128587722
1337722517
-206822543
-223472789
-910299680
-606510112
-1248355135
-53777720
-543139333
868594414
-114506231
-130890205
1905160234
-271873612
383387797
-493702328
2084824849
-1099660167
-976139611
938121383
-1385944268
-1260286003
1761649742
-1524329878
-770869131
-1979097670
-1981350238
1221037258
-2084206629
72120889
-34537202
-1459605602
1918686612
-1546538265
653062403
-1558941900
-2018393283
-1139489288
-420845607
-1522608540
822942303
-1757639573
365232879
-299115039
1566946108
896340863
-924356074
1445258450
1081164748
-996320923
1858504751
580492961
-196830462
29335862
1701458450
2121402897
1990577235
2105971238
945059761
-1516223082
-799600776
-587164166
1685384061
1913312480
197744753
-203019593
1389964295
1750936504
-636359731
1259281307
45177834
1574277648
-1058114776
-1001532079
-1823886359
1644475732
-1890101771
-2060498593
-452422829
1642363654
-942122371
-955181854
-544034130
1911613577
484692775
870768253
2033015956
1548170300
-204153863
-551346289
1787875543
-746826806
-610702242
-255406941
-119851541
-199386177
-1270529751
-1327591124
2138487941
-756857761
-379919654
-1293184399
1540086143
231073714
430459935
-2044662330
-1497187842
1604668643
426308764
406742524
1118131670
1379931338
-1372109842
677639194
1361429548
1847663559
1148432621
-188666036
727889500
-585063215
996675889
616480795
-1627505379
-681270834
349297879
-1334881570
234437603
1974250788
-1377408379
-1057440401
1296576132
-1955886961
-946837590
-1015198686
-700701410
-252103371
701894922
-468162061
1260722743
2001074423
-11800711
268507134
239142692
2082989321
158342374
1477961779
-44213585
1977725380
-1308207717
-280137911
1925625331
-1759837254
-263366206
363422195
-1082322037
-9474550
1869243178
-2004233903
425770219
2033894902
1441772363
-1103807831
-999378419
278830002
-1188070009
1834049110
1181312847
1931865214
-363023950
58462719
313851291
-265723402
-342922540
-2006810100
251418824
-1587039576
-2423251
2139526742
-89737153
241891303
1073751672
564751901
1769715169
-309523234
-1255856269
1791829822
256757544
939150055
-928791137
439313573
1566694540
-332187875
-207421884
-1312733185
1556880167
-1182599889
-551523400
-1984376140
-1721652069
-1612082313
1971102175
639820308
1365750067
-531200950
1708281589
-1759757616
-719888312
-1979656047
-275241846
-338995285
-1868512539
2020609944
1720306894
-1147408528
164361389
-1147039706
735342606
-875010522
-1309470979
-2048647476
239570558
-1597203070
-1139989939
-893131390
1477653048
-866068324
-1088101925
2096554095
-1045906044
1876076261
1176233354
-1478310905
249813338
1176308312
541435398
-1454198693
167069732
-1207939856
1366529836
1384400299
-1495162681
-1263716007
-2051144535
1243147840
1728198116
169781994
1944818912
1408332152
639020378
-1452824367
1259574801
633807906
-1504048113
82542735
859142582
-1195947509
-822724112
-1680305241
-1086184912
-30769959
1012744757
-694825839
-2017859933
-87348202
-1665149975
-832704779
-1177784035
1507560079
1078773417
641939221
1444272893
-278102817
761112491
545848458
-437867630
-1912840890
410030850
-269988814
1018862850
1428007102
-2029003489
1949281640
928795501
-801969840
-1748217702
469599862
-2123222447
256799139
-529071054
1029166151
252943407
1578745301
1259605266
-2082789024
-523605906
1989250445
298815830
-261740527
-1353659520
1956711248
-153944372
-1564087321
2141744451
1702335764
-1636800002
1161500260
-1038448215
-417727982
-722052752
1794536177
1166473114
-748076576
1440645413
-1322818029
-563987944
-1561964354
-198299032
-1792697379
1948319652
-535102161
1678214088
216181157
718386144
1376152267
936801635
1214748410
1737164661
729005651
1215665511
384664020
2002817590
-1677754618
-614864683
660591117
134017925
922827058
-1802625912
1711910928
1762858229
970208781
138494582
-1491619121
-1664191696
1465081029
-2127716556
1790048506
-1652256485
789156052
39865279
318906733
1583872311
1826169241
1681043320
1371264745
-31493814
-17686748
-1445783952
-923409658
1529496637
890808401
-825628698
-175309720
-719010232
-1564899817
-1765981939
120112177
26113867
-2040747999
-1517488111
-1903253834
-1729796225
1508529822
-553825444
494244724
-402603443
825306453
-741949164
2127085636
-875650179
745026555
-1438254360
-227087410
959945363
-1807112248
1399751180
1741607739
-1037270923
437799495
357552001
-1807691986
-2113305775
682248557
598480025
-1251423244
-1732014915
-2119035667
-1995143238
-71102215
2080597535
1831777482
1878473058
-358511747
698629966
1030911277
-1756973718
1092522120
-700351623
-1580729480
-1708919666
1243957787
1457121351
1370167450
-1586011604
1048003495
-330513600
-1274286940
300808779
-434517566
-1797836438
-832032868
211534814
101519640
-788591305
-1745898607
-455791798
-1092986721
952250014
-1297714193
-2031812314
-1616545010
296718727
147310100
-1185078975
1531028367
-1325269397
886275874
-233044504
948967858
472521019
1474765591
2030160744
812341413
2024798849
-778931942
-655136815
1355802018
1077065413
2138562838
1148394237
1108842920
1221490737
-419502452
-234792240
1999852141
-610791817
694619301
1844035520
-1608892782
-999876366
1877491590
391361943
-714786536
1578512139
-1149380889
497480823
-931141614
-1628263714
-1480641050
1171260958
608211612
2022439452
-1023273960
-185509013
-2125274613
111974706
-47201311
-1412319711
-1611595163
-112911190
1266158085
2082532073
1881789971
-290198318
-1096721794
-1967636579
984232148
-1923442790
-983593329
1753999811
-1863692811
-1357128510
1494706201
-1286114985
-1677724225
-580134860
587626028
-815334452
-1335294417
1397616302
-684970271
-1317289131
1915310828
1110597795
-1161145754
719994464
986845301
-648042653
-1960842407
1324661602
968375961
-1682833287
1331920986
-1353878311
16959020
-1757557933
1949715162
-220765810
-409977353
-1408787160
1477674809
-848476901
322931440
-187748586
-52678128
-2048211796
-802828374
-1256682871
1137755850
-383024119
1928290062
-1401874461
609211257
-244281645
-1102010805
-22776999
-70683162
970756621
675758602
-848352229
63247850
29075934
1799008998
1484509623
1524101371
-2091661420
1007641883
-833031233
-465548535
1917252588
1882587004
-1562576984
-1463658358
-698289776
820784554
391571701
-945736237
759038944
1518557570
-449206380
1767866282
-808395276
-623573033
-1897850745
1553490200
1420426721
-1068250015
-2115552058
-117757310
-582813636
-559740684
-579251613
-763312646
2142533596
361688052
-1552194577
-2137809710
-412748318
-1226743289
1330309660
-413678990
-1296929283
-2044203251
383214499
-976586645
1634570986
-699817396
1959921511
-682795061
-51820742
1259051503
1663300826
1000532914
634609239
1670760881
-437483873
-1968772827
1396697544
-974063403
390048625
-2107166687
-1196124493
361900889
-722048702
2079183347
860741539
798419562
-228462937
911169734
-2141251957
-375840742
1909708402
1436871805
-696612085
-885491120
-1007386208
-2050789181
1155485937
-907900673
1997187957
872280159
1092512513
1631718297
-1662673947
-1991054900
-811508231
-1135533626
-1655858122
-867610360
1171812303
982602577
854888930
-1061463380
-730392772
-576216222
471524289
2031772732
-1450614915
-188079374
616238439
1771605440
1704281176
1078965882
-800029494
1331288211
-257471908
1334444781
594859560
-1650991238
341432173
-1055083031
467147303
-306152456
47910783
-2122015448
-439866819
1195961567
-1997719135
129253692
332150610
-1384885718
-1105596099
-1143801989
756065954
98931210
-888100962
864460599
481908968
935459646
-961726031
1090485810
351190968
162216103
-1364484593
696315984
-1495505620
1244424731
1574563642
-593961330
1528678851
-878741896
-689285594
300101938
1451277445
-1622349060
-853894917
-1755991740
1272090985
1155136468
-1962978791
1491340604
-2032150021
-2009237006
1905500
991098108
-2061204423
-223489501
668596640
1879867648
-1071348802
-1081644704
1006007431
-1724426029
-767334110
-2041845149
1382303353
-1586148156
1802734495
1674598525
2118058220
-1924835623
-176445192
-1749484634
773423333
-2125449468
-904126571
-708871723
-217567299
1688608404
1447765746
355512722
-1006105560
-312008978
-145642950
1775577544
484360051
-1409855620
789096750
1901079263
1989165836
360373988
-2045689012
2083443978
-1102390713
1634042749
64999724
-1012807715
-697146274
-1163133186
521449516
2037460769
1350585018
853387640
-484203441
677660907
1845333872
-1353238651
1559557218
-581781269
-684670963
-1105252415
758752352
-1381548799
527552662
-1542470791
115241495
-58681579
766649034
-1074200926
1755281418
85377063
-2081997399
2040627980
-1267164519
-1395148636
2112551225
-1086635305
-187882657
51415548
1347166855
-1555763675
-672977189
-2077471376
1840700395
120064017
1156960337
-1394848720
642530704
-1620125985
619384818
1931054244
-1279985101
-1267948685
-1444337862
958488841
1597180971
820378631
1322819481
-158086336
817016488
787344920
-1734920363
-286012958
1327179583
-855086175
544845998
-130620777
1596203941
-1443803253
-923209918
1091730856
922529722
-1486178973
71894962
-1165302063
-430110775
728537165
2136941958
-600766628
-1670591730
-566563528
752184141
-608621206
1669026424
713469010
-798347000
-1603898221
102772655
-1911456322
-1345698615
-1905548367
104208471
210959748
-1238625898
-1491364871
746766742
-15086903
272355474
-1513065142
1946316756
-1492003265
1530341470
-2012052535
-2047459647
-1329814562
-417800516
-151256403
-2143263333
1954509779
379289717
157388887
-1232471120
-1003059528
-1830542467
-551344219
-1402863326
1492906246
840214356
1199268486
-750931990
700690887
437721006
1936183761
255744286
-1424621425
-1175841451
731807314
-1725869450
-11794772
-1244632754
-63838426
922925068
-1270712420
1145316922
-1203367608
-1327233438
-1028080449
-860881921
-481395605
-713830231
63613005
-738745945
1282806025
-677112000
1432216457
-2147321465
693066683
-1972305286
-1103393738
-1190538333
2147264971
1309803940
1361163594
1335784017
-874194169
-320098747
-1969242399
-1754319589
-1543308073
1060676519
-615794316
-1022030359
1143734930
113547926
-569489334
-1966693281
1149710092
-394509977
-198854867
2031635332
1764426611
-733910981
760756065
-1273811549
1083819867
748874117
1037596626
2016989813
-1879704042
-66316599
-69268341
1555456896
813194569
-470307419
1479432559
509432505
-1204414277
-521234155
-706874334
1076709232
-639658128
-1411710223
975548743
-1768589972
-250812938
1656519099
61853936
2085732949
1680767486
810692247
1702690386
1328176466
-410117331
538742682
719066808
505588978
-684391116
-362298810
1805839290
-2079410353
-1119250659
-819674539
552891566
1062496368
818422760
376383669
-21748899
-1810867473
-627066794
1324998356
-343060487
791414491
108325379
897401373
-1267666866
-2123531553
1843004346
1759869889
1205538360
795280291
971842308
-978841414
-1269517996
-1330682510
-1388176638
-745279988
465448954
-466514916
-1073270660
-52464307
-986113174
-1293101795
-1078918343
-278114968
-515359932
-1267902466
-613730160
980482973
-1842394051
-1428827909
1683012415
-550205237
1963161104
-37023259
1967629434
-1819756815
-1988580175
-1507123895
260710983
343116530
-1366855480
779636690
1873211144
1463889559
1808376669
394476523
945368665
591621850
-769367857
-1939596376
-431963364
-1491838367
2101352202
1988033766
-25070895
-1249524664
967789304
-1336144976
1407216170
1220521763
1287110967
-288383260
660403934
-1045699518
-1984365043
-2122061035
2075822781
-1494402250
828788888
-256868429
-1405133820
-1115335276
1740234057
-873860503
-951306510
-1909206280
-236364909
1740004550
-1163438950
1640382797
-318997794
1664716830
-2103620870
-1807725238
-2093997375
1461068722
330852941
-1221068993
22086257
550420750
33561501
1060753425
1894458227
-1664789838
766973083
-1832549758
1607693209
-223610636
1168667826
-206361419
1282112043
-1491736284
1468079961
1507216881
1196338275
-1626039567
548661160
1740328100
1914443038
-89135094
1664901422
-458696533
-1090108463
-691142136
1115515393
-639717936
-1862355271
-2130025846
179683861
-1734378861
-403622826
-1370941023
-1034533935
-1825837267
-1562982375
-1178198418
1428853215
1622227153
162485851
-1674148342
-151105981
1267559732
1860959121
327926949
-1015664977
-26170801
-373052738
-1438163727
1953858068
-536220061
1150205736
-481320512
-320996484
1247472701
-2099415730
-1692635669
67163670
1790861243
1439203096
-1424165258
-2081053038
1583392398
1631201104
1722161905
1266445743
883073345
-35538863
-1546987488
1884667921
1373315193
-1066788355
-1804156706
-1571481769
694903421
1252514547
-952327874
-954294163
576677112
100800769
-1446400014
1136859934
1847267070
1386020056
-351276560
-243163412
-1591642292
1543748862
390116434
-1491052253
2064894675
1031494664
-707116931
1036687403
-1059481737
-49900025
-795201915
1215543326
-1564705005
1740026178
-1688733232
1822672026
1818072768
996943397
-18760712
-1802771497
1040905815
-1260039558
-164679179
-1987191045
576732211
1814604758
199061371
-45917268
-796587717
-130341547
-936909663
-2100913433
-284640993
-1528120183
-1682335293
1942475023
1435163360
1434476974
1677444520
-2112394423
5516694
-1398034653
-399171098
-1476471290
-1862523539
-1607588843
-971005564
-45704992
-26002192
-1796024707
1456500193
1969347498
-1383426423
161140811
1814580693
-769349439
-2053787064
827689955
297851669
-689209176
-1421132829
-497007672
212675036
-2022698284
-1697237763
167643542
-508901690
-1796198461
559480747
-832186315
197799678
-116832174
-1170731725
1967330635
-2073811301
-1594094000
-1650838250
-1908918798
715362631
1261505101
669579344
999979691
1128378657
-1123009864
2113615069
1805186705
-1702039580
-37023704
-2093412993
-2005903919
-1716480440
-1663476999
1991248318
1785730905
1320555944
1574895131
905622064
-240308785
1394526180
683244326
424619258
-1702282300
561990024
1624353712
1060937366
250928937
-1519136211
-339788830
-1730719019
1237762049
618082079
705739337
76542503
1894274647
1939620927
-18591511
-1225636070
1639226227
1061435179
422214551
1229740064
-940303800
300525723
-181579896
1057413525
-291171537
159096846
1133258788
662977535
-1317689638
-1672933979
1703202080
-1276388714
-1446953854
-1163393459
-1436523061
-358937081
-247359645
747773476
-1335112281
-582080652
1656180585
-742292203
1380458042
-139487297
-724262613
91277764
-1999011290
-1306802424
1357957400
614033073
-1612208777
-2075369357
481910255
346783127
-1729865924
-1249503698
-1485152652
-1216649963
25309272
-1206902350
267183712
96988304
1410225049
1013777480
1107803800
713456214
-81945847
-96449586
1280064674
2085644295
-1437677948
960847802
-457366188
2048304
535330698
-1736992161
2119468750
-214185928
-667728298
483144303
1403567529
2048779647
1625070639
-1478313792
1774197104
758768835
28442365
303640146
2048250958
-1516657466
1574406686
-21170543
-1815457271
400989485
-1635299206
1558325718
-182199762
1467211435
329499604
1744768051
1864647054
-2111475362
3718499
-385766289
-1739901208
-66800264
1454111649
-1083052209
551823079
203926050
1662462306
714246935
-306582706
1183530652
122864167
2023208783
-721831567
1172246952
215639987
1177720010
1202848742
-12369112
-769098529
790401508
535905149
115293190
-189785686
423513866
-1286349972
1765970003
-1686524780
1136772990
454003918
-1460707406
1373101355
571982427
8269134
-75507721
1794081765
888459223
-1089432289
-187777526
925289264
2026526408
497940527
1923424529
-918762041
1451521641
-2129453413
1055759310
319571527
10338397
973615204
-1819293628
118563841
-937029901
1551566947
1746717088
-2064508655
-1150682198
2063024762
1352667223
-775129681
247249400
1137998092
880131211
2047993028
-1346479546
-1777965650
1715094195
-810754624
-2137736897
1778506014
-1325582727
-317071446
590192458
1256504947
-316973082
-1167013512
-922430380
-197223018
784498364
-180690016
38874066
-1933946640
-748462046
-1800966418
606588166
1824580196
-1333974394
175754392
810892160
624477055
-1485372482
589927311
-1751129113
-1123822354
-2048166544
-2040649961
538980601
-1089343184
-1575275596
-915103079
1503030479
-1912279413
913517047
1901604536
-1989741979
-1866576828
1735127586
1155666849
-882281639
-1409417463
-892921350
-1636295513
1145066995
1404899506
-2003772727
-2013978354
-373723291
1919289128
-74242242
-263141850
1443470931
-810006875
1783706513
607702683
-674690668
1413669661
-915350550
1663011595
44959546
70685947
-689337085
1181237209
945876943
1276495120
-2002349301
563319872
1168335330
-423304248
734327501
1172004522
1521072577
1575780254
2037592337
2060345922
1848492423
-1094594863
-973362110
762433992
-575808168
1566679127
-1679266736
158837667
-1162070037
1664411666
179932375
1903575868
1366668104
-661300671
-1936349824
-1124168823
-1217355310
39569976
720229543
993261287
-1997567096
1617510483
-578465730
-1084096468
-735804537
-1512637656
-1947819792
1345892604
-1005202990
1703464955
-1924207735
1662695771
511505750
1503698550
-1866863468
-1602425724
-1778040281
-1995912295
-197162427
1577072376
1289723919
-1221134353
1520312473
-202612263
1861561674
-1901632254
-1109726277
-1757202569
1331349898
-1717256688
-124504918
84466987
-29110976
368523261
1261904919
-1210616221
1808953629
-363774836
1761959827
-1818139394
889760214
-553708343
687133929
2112273114
-2096858073
-910014775
-1036625976
-1613254486
-1914761957
-1508337002
433452453
-1926810100
2083910281
-759563677
-793631777
183365338
1658488801
-1843944953
-1791677405
388968895
-40154328
-648392280
2098101009
1352064013
-2032695744
-956008522
2128590111
1075842766
-2016556947
1396213275
1420539325
-389928680
194638868
-286071120
1276370106
-1790798939
-1025514300
-2004204814
-1554887194
656355747
443281786
1908413173
-1079638281
1148095175
1273155360
-908679272
-1513099344
449839783
154048343
-1547623431
-443660225
72855881
-1712392330
685054507
2146834918
101101814
1645136849
1789706022
-60781090
-954600108
-1576948931
-1637619201
-895725961
-2105081933
1750083283
-1219931560
-1989060989
1637811366
-1186872844
448840217
-1064840459
1296455382
-1059068274
-1180029345
-358024508
1270295314
-713205348
-1200821324
1264255252
10750377
1235350515
-452628095
1464305048
2113896699
-1275944134
761749696
1944987441
-1175196339
-693504199
-1351826955
1729830107
1005545949
-1632256169
-1582911906
62126281
-1001046218
-2133689251
2029181032
-437585459
1235706565
-2126140800
1157408613
1997246205
-401613909
1835280285
755489404
-283577965
-1503977261
-1121830458
1506666208
-1163790059
-353254329
2059336188
1475909
196840885
1701904319
-1217059010
-314105202
-1874502407
593950331
171419074
581707722
1404220574
-1448034222
1763716737
553274721
-506746950
-1119514103
865792761
1656057226
1618534944
387684072
1388460334
-1123186177
-1158754809
1955090314
185152497
2056911092
917696493
1229425141
377854820
-1117393596
490773688
393299690
1176226236
1027657197
700476959
-44556163
-1580638136
-1351085890
1670912327
382666215
2038872243
-448295858
583961520
-1477549927
1089971845
27817264
1956278866
-933366123
1554533615
-1930003868
-1557164285
548019705
807079111
-664423152
-1774092261
-998238756
-54997296
1002135407
1341709914
-434726819
990195263
-1738111224
1317131528
-171640328
-1920186502
87371299
-752248739
1042049563
-937939166
414552184
1601330723
-2047072007
-1843899053
1830453033
1692122265
542295709
956651818
1517619186
-1751673958
-775176383
1798312071
-1568351329
1564599294
1758071007
-451753965
-1216075843
-516671168
-251304440
-148373628
745199508
-965506719
1261015541
280634911
-1267699628
-1245597941
791910875
-783017090
1347615885
55173624
1597699971
783448211
89963236
-588131948
85541145
-325982996
-745962493
1187988961
-381910461
1723268152
-523756591
685533850
-1055026571
-1202681847
-1235033629
-972871525
831847555
-694349349
1851692337
-1288031873
299780983
-1144450732
810884876
1140105610
-658321244
1116420813
-79849137
-103851063
325203707
-1755794928
-2098068524
-696941449
362837916
-245160605
-1604952790
443006370
1420166064
-1473309499
822874756
-2014836210
-1252509835
1118882167
853015283
1493596761
-2005046631
516080061
-963620393
-924252065
-2053033524
598775013
-1446288237
220939487
973251984
884839304
-1528895617
2061024094
-1960852909
-381769713
-1622464990
223293515
-368167490
1397963640
917275296
-1165746845
117648719
1019290202
922810481
-1308946345
1886452261
1731450406
-2051631533
2020659115
-667247078
-1168146769
2127766401
-1810273824
1491768854
1401720811
1809081381
1519227605
903574946
-1759969286
1374400778
1013314409
957753275
1908955496
-2144414059
1497976677
429058280
629943727
-511480075
337421721
-1446556018
1342352383
1890134937
139636292
-230887549
1484873792
1243267554
155868088
-1550745120
1818123863
-1362858214
-2122170050
1610252826
1921670568
118114211
-2090793930
2071181139
2142406875
914867571
1991326594
-866047763
-364313117
-1449834049
1995530533
-1579001504
104823356
-1120434698
92191270
-1432495539
724504435
-202899472
-1582540614
-1817604653
425573355
-991615641
-2042258271
212150560
1120457693
1537974949
973985232
560057417
1499014816
-383651713
-1245385393
63619934
-1159386070
52055425
-1470941084
1332790457
-1695938858
945722986
1195170289
-195411818
-651403929
1790751194
815748634
-1781492248
1207849292
-1799257271
587349034
-1660206998
1022891301
2033948987
-798094665
873944051
-406526075
-427947343
1405792771
342546702
1551791609
-101763102
-205956956
-1552359735
237825097
1626759723
-348961177
1737774541
-1297992707
1578520387
275913074
-306378577
122365986
993160114
-196892248
-690797180
-2030452403
1608458371
-1456587184
-714863430
-279478816
58019896
-521143816
-435627739
434080395
564932349
-1305567081
1215518040
-1942720747
620489249
-1109713935
-1745972682
-1499643044
-2025925951
-702651841
-1935371576
699576474
1311637445
-572808434
881869135
503595753
-776889584
-1574052249
-252632675
-301805816
617369074
-1660597713
-325626720
-1274744737
-93552415
862661073
-1783381697
-1744379072
484794985
1362689049
-2076084632
1528250223
-461575840
-1720048797
165321321
1568036580
1453016669
2088594420
-233014401
277232847
1056667753
-988932953
283350444
-1425688357
503576823
-610124341
-2032033331
1827711670
-563498223
-2100895157
-493026837
-586898991
128891348
-101728497
-989192496
1150332260
1714516510
-1252799326
-1696298275
-1557944140
-1416092795
-1998246123
-2013856229
1125943192
1454384266
-1140998110
1558085519
-1504417992
-1349052915
-649619565
2076594129
1465018136
-143138300
-1258605084
-497063713
871730772
697069927
2030253351
808429358
1921073453
548425070
355443751
-847122430
633146051
1625268222
664891344
1107421438
-1734295772
-1715386528
-516391218
396563710
-99468923
-1642991309
156590963
807168548
2110405326
-1632538460
-1377187875
1715385649
348793947
108184539
1054931031
1912430101
-165360896
551713976
1889284095
-479829560
1819803214
2034139326
-824931415
1329567066
1301700628
-2095754161
300861187
1959560777
2093168680
45245721
451618809
-928936942
885780583
-471857200
-1478607781
-778182902
846611705
-1059119843
-226144837
-1670395795
1365947609
-2063625771
911454107
77807543
-1439238508
88354414
-1316729912
292325682
-1485015728
-2127599186
-678620928
1566943696
119216655
360592036
-1056430118
-1131494342
40428853
-848239140
939594215
-1337019608
1519066183
747758029
1037178643
-416123662
1007554549
1978429078
1671472465
184499303
-1826308519
1167977705
2119009911
-1802224931
-1060514431
567705671
-57143195
-1353287799
-1399858646
-939677587
-1333677203
1722959888
-142182706
755138061
368151278
1021525597
-428394783
1680246465
-831663038
-873685067
1159475798
286086204
381382617
1840888072
-1659409049
1338663618
-1248735066
-268524408
983167126
1800006361
1016331705
-1327016833
2048253166
-1761043904
1151699500
-466880675
507969678
-1478924256
-1900239037
973015312
412200807
1740109953
12629198
1404741016
1735386180
1033454335
1427567570
-763891494
-475992566
320041149
-378192024
-485185613
-179294911
1909532056
1890381796
-690475440
-357849646
22259871
-778154952
153792444
-1045731054
-842358845
1168584090
1323705017
-1554572290
-100707638
-924468891
-873314348
-1880678968
-876828279
1087526204
-44436301
351474322
-218343086
-532530827
1243168945
-1581787528
-1011550806
1695958451
-1731631444
-1248125740
262920255
-638583852
1699246109
-894222404
-865528808
-1216297714
482868584
1434321871
-1734678514
598074708
831504244
1415140401
387540090
-758791938
1198880382
-788710701
2073180207
-804693848
131435050
73832695
1223678122
1700208473
-453734693
-426351629
1393457544
581078759
979586115
1065445940
2005174071
-545907046
2139363645
2043208837
191600880
-1479311344
1944690905
-1298901103
-1183707676
551568991
1748264120
-1066825306
-78853707
-1064084608
-1164603238
627544251
-1356610521
-2013665302
-780995787
1410743476
-1408540649
-1011587
-367972280
424370659
55033259
1587031713
-504987666
-440678446
-1640596534
-1231329617
948539191
-1629110209
-1517380402
1120714895
995448308
1566550631
225280632
-1896143199
68416977
1584719495
1839412516
-732631328
1854928553
-2069889633
371157565
714068549
-1223920619
639172984
-410780174
-1584499095
983175238
-157587224
-1493642199
1201827181
189251604
1912007765
1168659636
152293405
1116456022
-197974409
1460336322
344315475
1429365876
1246100833
-660893801
-2023616103
451231289
-405203007
-1862969217
-68538862
-919126291
-2087001498
-151527425
-1305846375
743348642
-665064958
-2103682482
1678037290
-553169202
-436105935
-202701565
-181345152
-285337318
-966571335
-399076849
-1869684736
261935992
-4706285
-1649488404
-19172139
1866378363
-192009174
414905622
366761819
739490530
1889356385
-1063293766
-1395549248
-523188363
1717901787
-1325804883
294500584
1957781524
1268958453
1457100959
860902801
1142917132
1989319959
-638935409
-1415691336
1756731820
-1009246548
1602912385
739462714
-981193448
1091809646
1845005167
953203901
13572188
-1159878426
-732197508
871739856
-1944986429
-1034794701
811070831
-1245919408
-1488120471
-288173047
-693897890
-1062433523
581155599
-128196100
-525427543
939445678
-899133138
1980861438
-112583382
-499335727
-2094575538
128330022
882421674
1632401782
1446863255
-280451917
2139016086
-1240566883
291323816
1628680271
-1479236111
-697320404
-1118678873
1288132247
-2084820084
1807761430
2139770264
724218330
-1558189451
980051898
2009172722
1779157792
1035116204
-568608888
-1395476881
-1129323154
-1324460516
876893930
174333475
-1427719864
151871433
-322068128
171562192
-887659401
1466333765
-1807342099
-1198176392
-1144647156
1647900008
-171722575
-125822926
192781988
-1295205569
-1012761897
-60206527
720944364
-912952252
122813616
-564573342
1763335783
566704847
1204805152
-1032731036
-84056977
1623101901
-1501458120
1807035134
-1604330120
593793710
1226122020
795403996
2116965020
550733475
1328230215
-1676391430
37218643
219111177
-1173725020
1734246453
-1000579711
-1142374112
633283967
-1893510625
1594955701
1649973504
-200246973
1732249362
-1557470289
-1760729140
-1394808666
1008105095
-1649538269
1757593895
1526805515
-2099902808
-364980036
-846287898
-1289997274
1501519395
1307101027
148363783
-526785307
-2104434880
-1533877824
-647828510
396999310
-1869135819
-1680075264
756298398
241345828
-1380002632
1619165656
1340515813
1989764623
943152342
1680145098
-1771044645
-1827398661
1191537923
1482577575
492124747
1209018623
1626981233
-835831724
-1919824861
784193282
574103204
-40147760
-861438430
2141675098
-247699130
-1112021899
-286021681
1060057781
65425207
-655395715
-1262346836
1135327804
-318730264
-1592980281
-813351508
476369653
1815781865
-370377253
1461571297
-434517400
-891257921
-1650889941
1586800761
-352539771
1208325627
-1326635621
-682404885
-478542140
-459965817
-523163069
-1190650260
-1997367154
-1005750973
-698070669
909462952
1308520923
-1496827441
-409159177
422734766
-1087928549
670929578
-220095333
-429793749
-1249654439
556100987
-491080719
768359642
-260756066
797890735
1398625361
1668684602
1331185299
-51329469
-87437280
1776040322
357586025
-775706654
-1248009131
-1337110318
-622203139
-1383057358
451733817
-828903766
-247747018
-950991510
-524104851
66458527
-2101447503
-473329369
356192561
126323019
361578656
1787763072
-1369739293
2017928069
-1017731345
-374579369
1752020420
-1334419247
1934122151
-1131741710
-1871115262
1077812762
870281879
-1839061047
-1434528526
1140478366
-200399056
1947458721
-508515684
-946732759
-422415695
-698422055
-1607908996
-2137266299
-798576253
-52601341
1409954695
539196720
-85454619
162268341
1434253163
166287439
535077323
907110305
-1539995621
1295325154
-553830909
-683196445
536445066
-1442951623
1843751834
-1863636326
1318498230
1335172775
-1110537603
-774873159
1323329767
-548765068
-202368926
-382369249
1677399096
1361275159
-2136258840
1996414180
1924252502
1369515940
2029297660
315007477
-1005990265
-245568637
-629042049
-124125726
-1861960210
1624974434
-1158819547
-1605167882
-205454580
2144803180
-689537632
-85115513
1311655562
1050025402
-1230517764
-651031664
2123517493
-455796727
2063298124
-1108147844
308789065
-338013778
397213830
753728068
1357922545
325107910
542327979
-743464773
1952957198
45171121
-1734616277
-1263237080
-1017189065
596734912
1413017990
-1686717931
-1080100352
1794583852
577165622
2081738086
492405375
-1628784055
804890827
924113580
1082850827
-118400004
121719640
1535304123
798947911
469547370
1360306701
-1810402183
500256606
2071148786
-868574171
681425656
1169675407
28341340
-764253950
1890395335
-384542485
-291750830
-1832245099
-516138107
382133341
770301710
-368722429
-120042826
-1095465749
1601742420
1506650245
1067667673
-1913181126
1181335715
410519183
-1242698311
-1074831017
-1945171545
-71555276
-679771645
991480500
-1374067215
717442504
261813272
-284240784
1923393001
101682118
1952730660
-62982438
1948918786
-1478765324
-1964398225
-107323081
-767389136
1143386564
-197461262
-110031677
364030614
-1496632323
1224840493
1220312053
365279108
505549210
1081176887
1539353095
-1783355744
1943996914
77308182
-1001525579
1107532642
-1166214888
1527666000
1096211012
1118909637
-573751932
-228290622
288968133
1187904059
660952050
-1389342289
1347048346
2084611040
2112867722
1976025883
-1205306311
-2116079118
-1357642688
-433137318
-229588176
-297400447
-788909699
-1864609053
-1917960088
1509522530
-525874433
-1011737495
-1281545811
45750889
2143963644
1399747372
-379721619
-1748829738
-985350003
207378571
2004699071
-1104350961
-902373046
1381968606
-1249706329
-1993831537
796548401
-539068542
898112152
-697566178
-1610761269
1574197812
627772985
189890114
288493969
1083309474
-1167103893
-1779049739
-1775028085
1106448703
-327977077
1315832983
1252552505
1676822614
2009488628
170262053
-1848278601
1528706658
609047751
-2048228949
1932714267
-393274212
-967887379
222435831
-1301983967
737377492
-1389793699
-1093557361
-1294732278
-1991080572
513933210
-120362780
-1046074176
-260003039
-1229045889
-983085626
-505401539
1194590900
-1270980290
804634138
803761966
1600860585
1297746597
1514558411
-902464301
1270023911
-1889896029
1015441406
1853788200
1728319776
980614667
-158661751
-1815666103
-139278743
-1174353001
-312679772
1279277330
-1182658292
1147627566
97812449
478169349
-1416538723
1431255657
-1091085735
-767766160
1759266379
-580912045
-869864665
968824527
-694937737
1944655472
-616235494
16752494
-1476466294
-1652152576
620257701
-1477814702
-989627389
1726888324
678961690
-1190692775
72646094
2030072449
-403520489
-1159483488
1972375260
-1022807165
839529024
190054692
266159855
2120678244
120869422
-1202163541
2010830261
-1016690994
844854438
690650852
-2125524968
245495037
1780028685
590538189
2000355028
-660146999
647535643
745813844
1157055049
-345752093
517413327
632177217
-1642405998
572447326
-1580193118
-61316782
-698791211
766772337
-1133020161
-1244718937
1871069916
1207213179
123839473
-1544313504
2143506916
842234694
-1242152930
105014148
230950837
-1393548145
-265252877
-1957745116
-900513550
-853828155
-292356576
1407524287
638914482
923626769
-1052422841
620316904
2116426062
-1541733226
379345903
645294886
-487424644
-31187463
-440028226
-857631205
262904476
1619708451
926963687
-1456058137
1466254162
137771333
-1318091040
-950351410
1012414804
-2002026724
1529570136
-697106921
-816774780
-617097354
-1409370008
-1989936073
-433101504
853290740
1895845128
-817454033
1372337401
341963792
-383157564
-1248097743
-220192766
1912435809
1542650798
-553132151
1809823146
1700940317
471606166
-2088925766
275637132
1316134368
-1508902792
1479454695
189236516
1341800619
1218371125
-1731217803
-962602842
1534255662
1861929350
-1364197139
-904991478
-1193351351
1330589229
-1218631130
699424107
2090640592
19733612
-233717086
-1927156335
-219413874
362234299
56841528
-671687732
1006422668
-285163340
263819763
-1053950973
872163475
-1253239727
290636602
-1450840053
620502510
-1207012774
339210544
-764669635
2096622963
-215785192
1539659613
-1644699838
-186334268
-1096059826
-124645235
-1255274448
-554819630
911631721
1020009720
568548826
368164770
-997197066
1724655267
1984515171
-1354295981
1597928275
133605381
-1162697196
-971339681
1022387881
1194744044
-742860689
-1385887967
632443929
1823868321
-2066293116
2131537046
-2121052619
-700566454
-821001086
1413709415
459504305
-620938097
-1248735088
-1325037786
1605261657
2026288512
77309149
-1830301480
161351237
1044471222
2127556341
-1501690957
-2137789620
-2092375625
1396766806
-290149080
622236854
87762079
1221372995
1926918947
-377774796
-1371607301
176547543
-1561151600
2108679444
386672632
846930268
579891233
753895600
10222780
1699418077
-1457506738
593644071
145332755
787284985
-9120867
-274177457
-1890427826
-1860425479
-1244017117
-1263604502
-1615947417
-483267291
-1608271543
300049431
-1893045911
-483578798
510545619
1850269450
1912082702
-1654067265
-1514892258
628426751
-596905303
626972450
1265602472
1591606635
1001138502
1526628093
2133611221
-667446668
1243361807
384071733
-724411408
355050147
1469007856
-649026332
1180669039
-1585681192
-1059957378
1432686189
-1536200838
-105174659
-1614241516
422807761
-835261266
1353535486
1935972159
-458115264
-2080931043
-1994768520
-545761445
-1827650061
1183266969
307379888
904914557
1953197368
1269590322
-835516602
-406770541
-1768418866
1844445948
537743401
1375477706
1412568690
2138126869
-801895603
1294451247
-163204423
645003493
-1756018021
146724248
-1070144736
-2013032281
575143977
-865506875
740771425
1705995816
-503771733
1388226753
-783549433
-563095857
1725257512
1479312782
-1700112316
-435621411
-1296708368
1381576960
-456425214
1880269300
1663934668
-617842455
1768179767
-1308101923
-680912265
1559065974
-1041246339
968433541
869711693
-859625256
-1022295839
-1614187448
162513218
1957492006
460802298
-1733127823
1289218325
-806220671
-415105475
375050753
1978036164
-1957347464
1303179664
417651375
884243266
-1219703378
-1753766884
54170928
-403099033
-330031942
1647378022
-1758061640
1409195047
1919383886
-459348831
-1167107905
1818803718
-1156036966
1947876413
1742561032
-961827381
-1683341326
1194145475
-1746485794
-1151038861
-2003783507
-2008353308
-798206560
-678129560
-1750284720
961862862
-1659998080
-218317582
-1591975700
-820829503
-1918622841
-1312049939
2038105540
1074494178
-237421605
-55123268
-630400974
226092367
1298611268
-558694531
694533322
1826422130
614608620
2047835006
1461521087
-1647814246
-44413082
1526430190
-1639944315
-406532153
1084215537
984765399
-335615816
271561669
-1895414532
1744361035
1395587132
-41459077
1457087981
242462685
-1855883612
-173756796
1519208989
-1041055405
-2040223785
-2075786754
-506445017
1012155801
-1865320976
-934655582
-1723536030
-1889663753
930543206
625409301
-2142293077
119146374
-300507796
906352765
-1983427737
807893727
1311097754
1076632406
-535696185
1866972950
-529571379
1259757701
-1353888946
259706598
-860149942
-1458478164
1429639824
-780306643
256724521
466175936
1180953403
-1112600166
1935987184
2018390745
-2018816933
395032228
-1407980418
-1784261815
2035195097
-482141507
-1003946710
2144510447
-737547964
-238843193
1889287723
296547788
380154323
286505927
-380048327
-1084539690
2039714986
-179478057
8307828
444395020
-1927817124
221626977
-1700594555
1576339658
1933482673
-1953450615
694556930
-1702611618
-1222531160
-14824725
-1088010730
1150016218
-435667778
1442219398
82581089
1334591019
-1837745040
-922754313
891931677
1920794218
1660720639
143696361
214143105
-230653326
1447159154
-275711029
-631685783
-1972884558
-676950047
-982530620
-936338122
-108502461
2086133743
-1399575325
-1448524557
-491205060
-338041192
-1313701477
-669946696
1120817733
961029164
735954542
-2042271149
-1700684950
-1207353958
-728304153
-856051164
831412785
-1884143119
2109092812
355041863
-779847443
865748004
1343839636
1629658104
163963732
-1553511155
2093395478
-649547981
604025679
1995041204
-1444321149
1714511003
1646188305
825022928
-1057374570
-1604062820
-14580629
-252534131
717252105
-183090477
-1947202211
405997967
-1141272246
821184684
795273711
-54084554
1365393262
881222220
-1200813247
-1299208413
1194727270
331113138
1319291873
-682573317
-170704273
1490144280
1939804508
1380995946
1050474959
1175313822
1491366679
-770969238
9223101
1444435754
-956204449
-1728724539
1047354272
-1684138103
-1108586563
-1012482344
-2001051268
471791834
-153392754
-2023095143
1037135017
-1718448341
-1176367149
599878106
-1010135611
424127844
1454426438
348383694
-1960326165
-1640180637
-1656289875
-214261300
1876642084
812511336
577018225
-764844205
-1574520291
997591219
-245440911
-1900266931
1238246682
1135199595
-1561948653
-1537009769
1866669098
-1011224638
327723164
-847646783
-1358109028
-197439403
646315457
-588069358
-687518287
744722392
-146658690
1515469774
-1035403118
1042349554
2118393893
448727994
-1019886716
-1850908059
1003456697
164706783
1237311065
605699185
-1027629956
556137358
-1962181079
-615050118
-1480508218
194878372
80608834
-1223113752
479422487
-2104959217
1187400796
991090510
1775393647
981970320
1708842000
1650618061
759362781
1554186946
-2107712117
-2145632070
869870422
2049338202
1961339774
-1947884930
2131603400
-1757572433
-835279784
-2053456962
1640237933
94282877
508224183
1182943163
323211108
231900901
-537818853
1404143866
-472077956
-818401097
1482855644
172577575
-1074367917
-856645644
1357081694
-446738635
-1865709409
-1800063859
1514642562
620027338
-1893921333
343044977
-1967425185
-410043430
-652879931
412972486
-1798597071
-619000431
-1165349866
534415477
509036689
805155702
-1827694542
82821100
1045146342
14421453
826899217
-832142306
-1813523941
483562044
-1149496323
1475041486
153234065
655513520
-868144467
615212557
-1093521321
-2012021631
-1806261101
-538737407
197195416
1480493779
2033228658
1238160615
-1024052652
2085404479
-2139240142
927931482
-121717677
-960916045
-1402577673
312572629
1145355861
1646084246
1480232303
-427413899
-2074017906
-1142297041
1523022955
1700164099
-1395653552
-260702137
-1210171471
-857753806
1013773578
-1904240116
-1761467633
-1067204316
280985712
-1010784201
-152012877
-1222548686
642329851
1677248369
-1375370054
-136058900
-86913644
574926066
195521798
359883870
783945099
133231979
1209605716
-861897835
1465272269
510688806
-1683710580
390747745
-708633258
838642794
-1523760037
1483068251
-959938844
-102217949
-533740546
267989801
-2005459476
689161922
-2076245663
1802487040
-596150063
1719418722
-781574552
-354592918
-910100909
-775141076
-1494662005
-553553591
820167749
73960187
1093928104
-1571383525
-1569755773
-622343358
729636884
-1854267266
-1162388703
1199614765
733925106
553476598
-804408089
-369790970
691853256
947465966
-1802087171
-1087865126
-1996157874
-1329006596
-783105310
1611296347
328105865
1977813353
823093666
-1757621496
1470302489
538422767
1043430728
-1932318326
1783163342
-1529267772
24724368
172852065
1858708864
281756119
-791432223
-327231041
644621855
-1544060071
-1080974727
1741367988
-498762744
2045460350
604629737
1531430026
602197914
2053640068
-586199612
1124754290
1758746633
1082094836
1928983955
-6683297
-2110624911
362850855
395302667
1514051633
1111686190
-258705653
-1793695615
169534998
-1760880790
-2049241562
-762631011
-959552467
-1878181642
194786779
145271886
1360185195
-1755936675
261767660
-1539900419
312705986
-260418762
362586432
494426116
989567359
-1944430406
550437861
1971577953
-531081997
1903147669
-2032247465
945339302
1647699029
-2110675200
-1200797950
-1331791564
-295376922
-1653338097
202213125
-1213746520
-635019178
619316295
394575672
1016992916
1605214054
2057075827
184453232
939988593
71179982
484422327
-1557234175
1883994580
1578459488
-799123739
914947459
-673511200
1907311212
-1649200113
-1226727719
-1188476933
1576359782
-293659812
405448814
-1621684540
1691371462
-2039338977
-956234814
1864907844
-2086912209
2090643749
-630950364
1646525027
594533843
1506638670
-1682693696
816923804
-298366187
-1895300770
1258525404
1189651956
1906003567
477553941
-1671635618
770662952
-171535723
1525407100
13143697
-1606451675
983135962
-650135935
473724712
-41722948
-1140911405
1761228230
-870411902
-371008363
-1541648327
601028789
1494845487
-267698076
-902021357
320446423
517251250
-1944440229
-2048194540
1948572518
1694043784
1529330143
-656203455
1858940192
-485821847
2125595261
-2037995306
-1645120675
-2076407347
-1495265
1188629098
-2091871901
1304842929
67677306
-343190959
-119224071
-1581832294
-2083604790
972018497
-811427527
-1780770854
2079983297
-2100297161
122042026
1519124497
-289351236
-613831525
-1309151091
472196854
-1112291017
-410587998
-1975445641
-874028457
1135748483
-1510572045
928004383
2117371997
2126301110
-857709427
-64699015
-1125830380
-1798336799
1154277351
925331715
1089604651
213449864
-437103528
1513482334
-147435785
1735042126
364939448
1685956895
1021083325
112485104
2028357192
15406055
-1588126928
-687370124
-92770098
716114864
-1176834760
-771841631
-1448084220
514766442
896073205
-1439109967
-953784014
-1042926907
886209026
1038189893
248421401
-360687792
1073808637
1999856536
1197624851
-474820925
494027079
683428599
819617911
1561273752
1786613768
155394928
-2079668414
-280060705
1994870133
5094089
736159987
-1540893102
1958022485
1938628787
-1353869131
383430055
711629760
-1506340289
-942534973
-376450267
-1441806807
-1597626223
-566656249
1753152378
115028127
-1727938862
58674693
1336391883
241089359
-1161182357
-2122599434
538333451
-589939635
1093789807
1005567544
930030991
-150892141
2017126232
1630193380
-1257209886
-486584503
-382743563
-804611392
-54274091
86871622
966294179
-1178512040
-2064324901
-1838506282
907142587
1591368550
1458969747
2120721341
-495999414
-89516166
-801159004
2002475388
-292426745
-2065015594
1963757008
-796684846
-2036991871
-1862298470
-57609661
113773445
2092341655
1266751776
-1101979348
-1497760159
1452627757
459367337
-1267715697
1700205441
-570669028
1387851832
-654211496
1437063628
-1313619350
1577122750
-1978655822
818226882
-1526310213
498696310
977065369
-1941404808
-415176954
1346901138
937075629
-924326431
1193506954
-829190377
193498697
675101262
-65830653
-1480943868
1991704788
1237221687
791582489
226590906
-1551440554
-1007450821
-1134522855
1442192791
-1488558770
1682074981
-157887258
-846306845
683172802
360492976
2102808625
-1980693265
949027990
-2014697524
-1265097753
518356859
912446753
2099795490
891625451
-421852072
-874681859
1527778070
-1964063739
1162645326
-2064153058
859046539
-77590759
-851343809
-1834213595
1420768171
1989119387
-678795125
-1466772746
1545722087
-1763747006
-984016714
1225892487
1713927229
-231797765
-1027847096
-244382213
-343387208
2039394336
1401884148
2078846446
134306365
664889321
-1428439556
1533314578
-1519579005
1842428450
-1027328813
2140589306
-1462812061
1146954270
1207364611
1121015093
-1099125679
1147504875
-1177333423
-1721941089
1908440361
78290374
232630302
1182916339
-1817071569
83050961
-1002103537
1651524771
-1871346863
-1337296126
-1572540432
1467291371
-1304654418
2125242975
1347672021
1498314787
-1172555173
-1835220633
1671628162
2023090004
-255939741
-1716661549
111175692
-351088114
1744783632
1871895166
-1991895105
432271224
-1423277720
1963198624
-902100158
-71649112
1643871226
-1779016638
862419705
1254462005
1255851482
814119149
568432298
429554441
-2020787735
-154229851
406679906
1006457979
615688537
1022040853
1167411097
360322972
1818757231
418332427
1498252180
-1543730224
1599677323
801192742
-1914035190
-1374399839
1237983333
-688314164
1921083658
-1437770545
65097624
1681644642
-1934496997
1525816491
-100789660
-1789341257
583041188
-384955996
-1821255505
620096448
-1461414514
131877154
800881485
84605834
-1542465241
-264793966
2092791424
-1239793045
-1310169527
-1084386111
-547370814
-1758305413
-2021996101
1990826605
-1805747775
1520007234
-2137290026
-670106599
-602141270
2093497522
256252523
240498976
1130850474
1515685463
1723943908
900227597
-5445967
1827764940
-265306967
-1037830615
2008722296
578500976
-541798972
-1810921900
-819237179
1942154330
-121826361
2104144152
-2114238227
-733383543
-1350344468
-1612755973
1946043290
-1166138016
1004129662
2115227156
-181882162
-97107120
1607492216
-719237152
202742311
-1852753450
38357611
1539912789
1278714468
-1508524888
-735794012
-1171009736
-924490969
65226794
-190015859
1606589611
-1841691396
-292113113
-2121558189
303422985
282034073
-499657795
-1507921463
34516982
-1981286297
-1653522025
-1348499317
244575665
-621804223
-2068648095
-441784218
1651602859
-644098182
-487388808
191370487
1611572061
-914517211
2009610209
52034449
2083656278
-1861003633
248736125
-1096044444
1037434515
456111632
-383869319
-2115970598
-1519266286
-158879741
-1585879541
815197764
659738537
1750949138
-265092262
-1960171594
-1545168109
-386998090
-2078446147
-1898229202
729316939
1153785341
-1111252952
-834545669
1108505628
1299707022
-646911006
1084731484
-113696775
1261636074
1414414971
1692603494
-648893687
-292265228
-1548375299
1864113707
-654975354
-865021518
-1423223199
-1087719912
-1235218617
-350192811
1886324548
-518294882
-198857062
1463482998
84918490
-1859105259
-1759865769
1417470370
1427566883
-2103683364
-39037391
-1826332136
-771782053
981974468
-1044758449
-492102960
-880754762
299624110
1654375194
1956598719
-1409590964
640507762
1589602904
-1245763239
1741935442
-1760304894
-1470516871
-1533252521
-588071798
798932687
-801355471
-197641798
-179828740
2107009130
-2107399610
309432079
1673872870
807526766
-1169043030
-1240310029
1108211696
1601262494
1999315404
184216025
-1654885213
1971134281
1375331626
346251018
-972222948
-688189962
-1597743574
-601355795
-1909952516
161581884
1350094890
1737789320
1533110434
-202700816
861998549
6750278
1200198044
1628040070
-1693443912
-1349795334
1925417818
1138735024
-120478188
161453603
200327204
1003504203
1204591861
-279625615
-1992039859
-1200346757
-578363005
129012104
-1547658840
1136387604
696910231
-1130309117
671355963
390537275
13473425
-224327238
-868651470
935995980
1988456552
-1583087800
1641555222
177587710
2000608770
-1258828857
-923137474
1140037573
1847174853
20115165
-1778816891
1531702391
329156973
-823472388
-404795076
2049946930
461263903
253948388
976569442
1470881148
396487102
794343788
910993426
1073307562
1956956286
386377858
-1841183940
-336610426
-1554455114
-876710800
-1104728169
-371870932
495710969
-1147312544
-2061371690
2089185844
389242982
-1264922334
1611517721
-1398832363
161853503
292724523
885271206
600717000
1641869240
-537772832
-946336040
-2103876949
237463825
2007130901
-1757157801
-1888577368
1617486566
-1478195761
94749321
-1601684074
962592965
-642651311
343523399
1538531806
210278657
126267222
336167891
-1655144351
1819087813
-1780271462
365101066
1972340633
835069803
-193800545
-451412779
2098188542
1172932110
-1685146195
-1993666331
-1105565014
-939700131
-809490663
-1461321058
1712150335
-445685326
1968572362
-1805597613
-456939512
-561198750
-850075912
-1589674060
-438659746
1896285526
-616446153
388064388
797260108
955896282
1556374452
882978446
1359925366
-1898077516
421291453
671323865
-1295669962
1526733176
321611398
-272686054
-133756665
920456474
228333865
1774980713
1288110118
-951585083
1371281646
-865981896
-1602976906
1493096426
-953296948
-222949760
-1832551261
-1589842533
-387157713
1671817788
-234626934
-696990440
-881629956
-2108048102
-1071150120
-1212250710
1148747473
-1461590160
1251919344
889226159
-423203439
-300268180
-1570664942
1000698102
1084935967
1774668175
-1123412295
1158987340
-112020376
-12203428
1852773187
173474390
-1516445273
394098508
-756892713
-1399227999
-1751560476
2035362052
1728293762
-2115963913
1768008893
1271365833
154860707
-378682636
2087645544
-1579578573
1020610441
1230470616
1179398647
343693856
-447060134
-402608483
-1161344034
1867893227
480389430
1433386060
-423353678
1323034078
-312325733
-1147427189
1440708147
1990303716
1892967434
-1232050565
-463825780
1133170563
-958875414
1597507776
1721330904
-892556280
1994714541
1792201952
470861288
1128216067
995896113
-1493559855
1025154371
1171735541
-354402712
-2085726260
1711469165
996681288
-368992454
-1280626841
-33586580
474420862
900628905
1816649186
-1830209657
425321901
-98609866
1254975168
313938256
817733162
-1123985789
44034713
-1373599515
1506348164
981866297
1864522542
1691530610
1476027316
772349995
-2095522627
-416434951
1369338002
-1234497093
1992255639
-999514795
-1594683255
-564926852
-82869009
837581179
-1804738674
-276546536
-1526127117
165418755
-1075097267
-1468545420
343936032
-1596151834
1545185701
-1692839663
3158994
2070166665
-290027434
-60099915
-1846466022
-1187030534
-59966471
-167028918
-1291232557
-1080086408
-275951569
900416517
-1088443401
-2064239048
1018628893
-2112570934
-849675730
767371878
1663094295
-1416144434
1881426600
-229194647
-391049829
1153691773
-1644575189
-1662479509
1305859200
1520126622
-435302033
644076056
154732142
1861400757
860804777
-329174363
2068960656
1997726888
355046501
-1038162157
-55877752
-1447305819
-937359976
1579182516
1791206819
-1258062270
1450456821
-1075590674
367350861
607228133
62627199
-2045214402
-1852699193
-1844488603
-2098412961
2046825599
-2143671274
-480881935
-36939785
6358380
224013886
2034533680
-725349322
-1611081629
-437959504
-1004901462
-409818067
1491219051
1365750016
715750502
-1348309790
1546670968
-1111298854
358609619
356150628
-1890488083
-149894090
1789466603
-1635924449
-1344424863
878317258
-1371051883
-478430863
1787880101
-1684007744
-1614791094
1790564732
394850054
1535158953
-347677189
-1629866179
1589903054
-1581899600
-1357967054
764210909
-562257647
-1423630062
181251447
589145415
564870821
-1085474355
447720948
-1578972422
601884273
-452571753
-126434469
1658697759
689494506
2093441041
519339527
-902302242
2020277723
476344636
-1274317215
1748715756
932221796
750115883
1307580293
858214760
669392196
-101389062
668528676
-1457466393
-882600614
1866179070
-219632213
-1197211699
-1243031960
1403178045
1880761764
-1163639074
-1126080998
121455392
1503203677
-1189504492
-779637945
-689561753
1266180038
-2006704206
-1738883979
-1564266148
-278838881
250394264
132412066
-742644149
-1427876910
905566937
1227611201
993661233
382241821
-32129142
-908940158
764037810
491375603
-1176784419
2063360726
-579150768
1878212004
-2133845651
-318642510
376826586
568319931
306686426
-1361273966
-54209503
1257104038
60266904
-1386204864
-2131037199
1108851868
-1374555644
1644868693
-283950017
-219146309
-1376891720
1470538496
583748766
845938288
1148228127
-864876027
-730262281
-2080839142
-895185589
843181577
2067861369
529700849
-534877947
-1388477172
-160682546
107399204
-1080202715
-301398987
-1897032306
-1143780543
1399814948
1408894421
-1624594440
-1637023270
1246321903
-462173275
-250654497
-1769688476
-1540321027
-1791106734
-2069638943
-1215768222
1666273443
-1388059845
1123579615
-974006334
1064052134
-1580962439
630127784
911745926
1093400594
567375647
-2001700105
-232104282
-294738615
-949707326
-493213537
-445417420
1855419486
-1200741061
-1856349948
1568619457
-1750860893
-76697685
819621325
-2077363457
-818852992
1049620927
959033303
-1649541721
-819432826
-1371740364
-35110036
408716188
-1180258621
1555450781
2045815732
1459397968
472309847
-803316892
1095864683
1720110694
70717767
-80010994
378585300
1892159129
-1587665264
533385922
-1035234580
-1104962341
-41742721
-1820195829
752367075
-381228863
-2006450113
-753618980
1271826631
-1715282403
-790519629
-1254662444
546733698
-1534902548
681255046
1788210627
-461030394
-314099854
-1028282497
-1953384339
569468358
1355583651
1671602457
158411917
591024231
1586570437
108904018
-87619300
138741943
-1054573998
455393475
-92811822
1672308445
255699234
-1382522128
36183789
1511563474
-328733239
-200085023
608641328
1928990735
274370366
1391881201
1804866094
569515656
372701884
-713213723
237936840
1174048472
322058732
-1254764737
1966459379
-1626172483
-2065881277
-1308435756
-1074709058
1867541189
1821443241
1709095068
247304339
-127570359
-1917036453
876239817
917748924
1442632346
170275857
297594906
2005448745
-684948870
-1342420382
-676672144
1638539887
-1598894386
-1948092825
-1416654687
-2023141612
909305232
-343893601
-785355381
-1722404855
-447921142
1299575826
-276230548
-1342184329
-1047488448
-2140710216
-353987471
1281945534
1863501229
-833621990
1264160140
-791061319
-632749774
-913161415
552661898
765022535
-642697141
-1866336081
868059236
1287837191
-1337051261
-218340844
1572742100
-2046699934
1377518633
992520098
1439352363
1795529933
-323805884
-488740836
765297761
1876381519
-1984849981
-2143554838
-545939091
-209899455
353782264
-891060088
-1564317481
-1517639852
-882771385
367594785
1342742154
549017304
680510746
2096150903
-334587922
1101513019
765865495
-866658811
-561491402
2006860495
-173305707
-851379098
1379801590
1141072847
-1886608565
-1459758345
-1992452105
-801847645
1346044746
30906043
1749964622
-250988957
-365626835
-1008670849
1323309226
-543385191
-1660488818
-1920249282
1027245806
675466570
-2090183237
-2023021114
-417652481
-548230089
548188585
455875994
1181183198
-1621834144
-1186628056
-579678438
-1922643976
-2109895479
506450520
998589665
-1957140292
-2027489921
1912656731
-967349138
376399214
1144118237
420137291
-549570043
1418187835
-2132369141
-1234694290
-782850345
-1786423156
1155584199
2110280616
601615712
1081913758
-251015577
-1601316560
-277174256
1288642130
1264766494
-1955614074
-513493459
729262657
-1365336450
-1817106780
616827639
-2143832045
1137706557
-1756514957
-731329780
-950969071
-981878213
-1518571648
-1385079794
139682295
-2070335549
-1411083025
913394306
442760462
-2112499952
1007202223
1199974906
800364922
1838303763
319593710
353882998
1570389968
1177951091
659438031
1928570376
2053862379
2128703957
-1836079270
-1102533194
-620913665
-1247933603
-403875404
-1526410077
1957250286
-633092749
29976207
644973168
2136856538
-1569725239
1752745699
-1645195809
-1966959365
1029331357
1712750558
1134470329
-890509391
-1056668613
699131672
1236372978
973694940
-403620411
-216238582
-154605046
-1377690517
-1823594186
-986259264
-678701643
-1623600333
-1921871708
590635981
1121325757
-1483496959
739791557
-1240826496
-36136153
-2072845070
1693951155
-1685944748
1057866388
796741121
1656138739
-2008163156
-1308390934
-1779050016
-1482017613
-1232824385
1761937715
154254860
-806025133
-295176752
-153742396
1378198555
1365747750
1595996579
-1203602783
-1522874792
1968861304
-1144591573
-982216416
-1635729007
-1009227821
1568714631
471652299
441069614
1074871934
1901014063
2142171530
-1466998139
7160390
1446914410
-627685631
-1823225747
-1324987776
-627283965
-863568841
-553656303
-1980440499
-2085429701
-1657398153
1214955013
-737073377
914247681
974004347
1550549662
-1564784260
-1603422624
-685559098
964448381
1480027650
-2007291336
-2114136496
310220909
-2006615894
-1860418000
-1778330776
-348008849
190651472
-77450262
-660238634
1635179537
-2097479566
460380281
-1118818497
1476649990
871628599
-1279798257
1076180173
-1924715789
416268211
1590642938
576218894
520698246
1132212329
84254161
1945320732
-1363702835
2101323281
-758468886
-53009410
-1094032955
619160218
-921165042
-1556920498
1415480624
1550747761
1186846576
-1493450725
1329928362
-97337853
2088015578
-630567408
72926206
2055079297
-1123512280
-1251017003
-1022832203
1959005410
-636469254
-1350998091
889197040
954956333
62636452
107566464
785815159
342161400
-359416983
2097157810
538614801
-116914645
-1682023959
-2061909036
-118606571
-2132438263
-556527913
1015556642
154962240
2126291057
-692779282
81738861
442678985
-490899104
-1737782491
-652399038
760602803
-351519815
322355488
-971596468
-837790111
-1757693368
1989967594
-1506710282
-1767456657
-1576666364
-1508366879
-327206828
571297470
-585640556
-655902479
-2131591613
2106844112
1947825684
1322754564
1836575694
-508520105
511035416
-872359239
74410195
-1273660920
-1359016464
208956499
-1030305051
931628211
1303324717
-2130019597
590500468
-692433768
1319522660
-952479734
-77769173
936692466
1651724849
-2109466616
1798291609
-1552337448
1658614142
-1957935271
-1626651629
1030942789
1695589637
328456849
858613975
-473241739
-493042158
-17308187
768727412
-1540099726
-1644638579
-795465763
-217935511
-859438867
-1841470921
1461424967
-152448500
-182959535
1876043827
1696400494
307495341
-1791527403
1441380552
1261016459
1733155067
167189585
447226725
810108540
-1951563099
1190217108
1176326373
1905388467
-350514876
124919028
655148563
-1113089936
-602214537
2110357349
537954927
-56821710
-102945201
1296970830
-2143471822
1123765098
-643639826
-603743399
944337551
117504882
-331506582
-1500781686
1419467579
-1130300995
893691638
2032017298
-373118929
2126274126
-941016765
332974949
-1408335700
-709691027
-1621330141
1967036170
-1738911617
1140771992
1151147119
-2076931407
1142758534
-2074501448
-1081192661
683005962
-1048896654
1093345172
-341381145
-1327305516
-1445882163
636571274
1939541095
475437747
1110530110
406591611
1498896518
453339206
-1178851572
-235904761
314626391
345530232
-300017184
-2129270022
1445523084
-629805802
-1499217714
-843656187
-980875749
-20929118
-822449258
-1685153872
-1281505762
-2034433178
1740116006
-424555121
1545988346
2089578955
-392391326
1194792627
-1760196669
71121386
-145324504
-75698589
1874964191
538190947
699494542
170873356
589175016
1760420974
464811373
-403999627
90256343
652451887
1167838243
797896758
1040241758
2101291597
-1962918253
-618451606
1530674068
-1467957052
-1876172432
-1926435165
-1970384169
-1761516294
483101883
-1707919074
61686253
-1176887024
-1742677879
-808448969
-2039823508
-1385574789
1657840137
1422957598
-216343716
-61328942
698768581
1142031307
660395034
-1903263768
1935979560
-584932817
-1334008450
1821024285
-1774173888
-780167509
1063332416
267632625
-399943485
-2033643323
1784530839
162270169
-1680460457
1153394457
1703176994
-318463658
332333581
-1937364595
1283392267
477498946
147949870
348758728
533058665
-946802324
972720954
-1623819037
343561190
2030014567
1199505965
-2038792863
-1870371679
1739224735
614454532
738233436
-1911938731
345993644
1327939455
1896446721
-130509894
-377782550
-899452377
-85574338
1372978731
-1374847415
361508498
-315651399
-226714744
15777376
-640326684
35789571
-605619875
322680264
