1021743502
-82629881
1716693896
771480063
1314055240
-306945326
-139686676
452868182
-563737749
1596980669
-1633075898
1064844199
-132838322
1622702352
704570125
-509110121
2134100688
-1480924700
2132153205
-1809508277
-344914602
1531230931
1958500371
589879105
1648856335
-1359607570
-859379001
30612830
999571070
-1512915981
1925893077
60957506
-1988854215
-859445825
-2135058859
1475238115
1007238638
-1025739519
967096013
1221329241
-1728655962
-748394704
1420748828
-179685386
758775117
-948394562
-496100711
1039446681
309285489
-397344115
2024155515
318690627
1328633418
623970210
2038891130
-892081430
-2130755590
-1773695464
1869554614
-1221486707
-1653768428
-2072227754
-256011304
-1011951736
-193598878
-2075661436
235452534
65216553
1054185186
-1836710854
1384230588
243692930
901946130
-185040262
547490375
1058834816
1160004205
-1876027168
515645012
910833724
1931244852
-1863480553
1172583705
-2095712879
-1353099151
-2090178673
1814780274
1783169005
-1097700808
94316652
663393984
2117102700
-1023107536
661909441
594006798
-1252368350
-1644872111
-1307028739
1435215732
199035576
-1199860754
459925925
1794235072
1836725817
390962422
-240610493
-1353424302
-1194622931
1716277622
1515497630
636161350
2043711463
424688993
-1809675222
1960328664
1979309595
276787859
-1162719807
962417924
308273587
-612231405
-1166977645
-814238611
-679496222
-1065675880
251087451
640776831
164859256
-704731570
-1651595565
-520135465
1026459512
-1835475495
-2085834135
1748452577
-2027374361
1024606362
-1121726157
759272130
744587238
918627376
51797791
-186570119
1378579459
-2128971456
-1839232402
-2129875136
-208238645
2040336249
-1182080670
647336248
2063740835
794727890
717915957
1333776708
1772790231
204593942
1357333581
1538760500
843154419
-1261301087
-31136338
-587188698
1003723089
-403234453
482910128
-1832281304
474105587
-269273275
-376018959
1968251426
-961478510
-1648740253
1014332044
1464524018
1202975478
859290394
2042330762
1485854936
-401703032
-1780441623
-1432289896
1697861140
883252517
1438218685
-1806097670
18425294
-1875807692
-925141904
1316091327
-2094106059
108903418
-1273677934
566329910
-493882135
449566508
-1092743316
1685563040
905457565
278920645
-1884457407
-1926007002
-929531144
-1594978790
-1238790185
24538381
427601852
1790078763
247683381
-759245529
-1980207575
-2037062085
-1484812115
70660492
-560042077
516207009
1008179740
1484227210
-618082670
2141420768
-2138184848
-2034455847
650340489
-791805451
-922382998
90899
-1449673047
695495664
1415928996
-1029869470
-1198786489
1950207686
21640917
-1262546310
-1893930036
524994660
1917694036
1732893898
-749383203
-1046962425
1407806938
976056045
-1688041797
558330058
1267228299
-1802846106
-1184268821
-1554298752
283316791
624292748
-414921703
2126064580
-791367716
109962179
-486610120
-1096911283
2141868143
-1165892884
610933998
1977751174
2026291675
-2077140450
-1368813777
-1858830499
1049687625
-484949611
-1584027865
-1534303398
1883480994
1266066410
-870345123
1547406580
-275196079
-2016370556
175545877
-167221217
-1900772787
189243726
393454837
928911657
-1822604970
1801762730
2146829034
-1267860282
-2017270402
-185117532
119973708
909872489
-1761181462
170578026
-2075853505
-2076497452
2091908058
-1826065156
1664299613
2125703410
-2038860314
499318815
-1674722415
447358692
2140731273
1594085527
2004120645
-1945266343
-2009778205
574698132
1969820607
1884858658
-751142214
2145943404
-1928678200
-1607086331
1150339777
-1583479670
-671466610
186286544
-1308290019
-1124080218
245327307
-1853091919
-1639259356
427322934
-1496075995
-1156477755
798280551
1801422371
1575666647
-1191462674
-1365394702
108150207
-1169802351
-798691608
1474149841
245540087
186451613
-1051168610
-884410922
-5152316
1828498242
1613866170
127912602
1965406695
-787668627
2117671290
-113011264
-732953643
1250304652
-1467064118
435376000
1414378223
1934562237
-1110763122
319291235
1271231221
1823534632
79477310
1862333771
-863697220
1569966504
1045950648
363597494
-2121146849
-1153962576
736209744
3574851
-942106829
-1376482196
-1921573076
2083994484
-742990146
1870957606
-1512087601
-1366624076
-648125464
638321387
-1675207694
1290325404
46584627
-192460691
2066371482
-1214042255
516951208
1493090859
1078074214
-2141183503
1905592658
2028522959
632537385
-957726130
-1459411984
1322610134
-1323801160
-1227293062
1775286501
1343593589
-1304207356
1743682725
455692659
-1077253957
1242561898
-1007814909
-367735256
-1931066894
-757435575
932548562
-2080226153
-59959989
-2086808107
1972560283
-919174069
384180665
1543120938
-1845899337
-278300936
-1849907684
537057700
523852564
-371404812
-646263390
1206338669
-1560117447
-773210396
-1164149142
-24379050
-565093497
-794125894
-1838289303
-465230614
-1341575999
994095582
-1169939823
-447825472
1100470989
780519595
865844271
1067584529
689839803
-1342449892
1301067924
-694445431
-119175930
-674947898
-1043855625
1171177569
-1866608614
-1516656119
2067667097
882994349
2003795734
810473858
417058602
991656690
-1861649198
-539464509
767389035
184189179
-22267101
1274167366
67989012
1876174316
-1512784291
1495059102
717186295
1394497175
1548639513
-511321362
-1498067356
378923790
-1692780489
-216380769
803205327
-302935688
-1039683802
-1231776179
1221670064
559419944
-1079421854
-400059903
893490858
1508786411
-2113526210
1487121573
947394543
-364761183
337580003
-655853900
429281506
-492931570
660403864
-799317968
-1748989443
917086961
-293873853
1563943385
1161035508
593701462
1439414319
2048689563
-1663324134
-741317336
-2098695410
846955079
605447684
1019311625
412457794
1456266886
6736747
-1505810586
-2105801641
2093698825
-1326399146
145757893
-866472748
-152812539
339038584
-2049654431
-1995108045
328653278
-1380916522
-274774537
-1675285716
-1727749854
1125487788
-1444614174
1670881593
2108846520
-1877613679
-1120608411
-1642272170
883342680
-2007892775
-1174379705
1344432649
334894397
-1690540998
-118040667
-124598111
-257566951
-1007628367
-784327165
973933506
-1126681271
423779750
-732036445
475411232
-189526454
-1359705778
-483515622
-1681826423
-693221526
711229776
-1257559521
226933289
-1677615422
-1726036821
-89819994
549571081
830285923
691481046
-1088916435
-397167144
-828314930
133674024
-1136434604
1517206510
1820544682
903666554
-2000610893
1264319117
-1368304208
-988009974
1866737639
-631432599
-1494823703
341595297
1306094830
362782058
-744821221
-401329928
-1864049740
-850405969
909190272
746073687
-1898893331
-231356202
199551161
-298568577
-1616597723
-1037663366
8579073
598346954
70925076
-2143772420
-277812571
21674383
1560245047
-1605170298
732507571
1008951243
890074011
-2120665011
-1532681231
605857533
1031506683
-240622571
226415121
1576383312
-886566387
1607308282
-598787550
435297791
539297304
-1953210772
-1388082616
1908707316
-155502390
-2121613190
1716126383
-2068454733
-1345312441
1410761556
-1328363844
2124606326
-827860347
1627190794
-1104147067
-479636328
29178582
1460010905
1139041667
-822204106
-1593773882
238013736
-1763377274
-789645550
511156518
-1602707314
1656829160
985180859
-1808924056
-845642984
-1157645051
560826858
587878701
1499259016
-183155222
-1764364241
-832046564
-822849953
-1889573813
1120776652
-1847358219
1939407711
1355419322
895109345
-1769321243
-1930640566
611653654
-1827393336
1006760475
-884915472
269638977
1379931074
-2039320422
1110722664
168598037
899329746
-465250223
45550493
-1592649321
1151635433
-194534808
84712204
144553325
1315508802
1610219484
-2017244981
-1731471219
1301167375
776273229
-2039913524
2054191415
1899063381
-2130538474
536723810
-1640088028
-403780588
-27271010
639687429
1042170623
2142264746
-2027330067
320046161
-1243926508
-1883070600
929343106
165444948
590977351
695486149
797225570
-1984011000
-792537018
275766242
-1314674060
683397150
1093064194
-1119045489
-1174607604
8357885
-965970086
-1933113187
965255109
-908380663
-546332391
48541908
1716715155
-1116799192
1252460322
-1656274922
1815492631
-936324223
1981496041
1632194244
-79694027
280131206
85699877
327675999
1686116835
175211316
-740976957
-1386275982
-477641404
-949161831
-1430520547
736766895
1740449524
32496278
-1494268565
-1719147944
1310291877
-1590062362
-591000711
955484384
1999377130
-1347994018
2105552794
-436528687
-2020165550
-930905482
-1672982564
502567920
-941340231
-1562048761
-801693572
529718174
1960614617
1179439189
1414485916
1088212608
-1467144665
-1589529264
-761257933
-250647198
-1352156452
708212247
-668514236
-178372520
1230338129
735852220
-1830052270
-921478874
1169009295
-1478794674
911946258
-977102879
803560486
-502711789
1786801250
-581298731
-1966755523
-1160735467
-329502086
1746131625
-565944342
-706178081
-538802080
1642807233
-1308960316
-86225784
-637901151
-1602574877
1491991221
1133687536
-507988163
558653724
740380948
708198729
1327082978
-873201948
-980528398
-1076878119
-1308954787
-2131539328
-574024525
-1344081155
-1320403891
1354806183
1361138912
-544396688
-275541223
1669004136
1319629116
-1602485043
-2109932253
-1137685686
-378660588
-1921295278
-335709379
1214061236
-472592165
804760038
51627355
-408320369
454597365
-1080860836
-509030006
2133983017
263084499
1732321785
1279088161
420638812
-1832665281
40413491
-1355760843
1119438831
596040952
-1061927493
1950429009
-1258684869
1425910401
1551979709
1923863398
372049169
409965621
-556915866
1267675648
-1020968741
-1108318305
1612973734
-1079937606
-845058047
901591304
-391861449
1181684468
945955981
-1089413552
-565321251
829282498
1081291793
-182469887
938961902
1769708839
-1295924792
-1639573088
-1849521132
-887162750
-1022998790
-446185913
-320118959
1884537928
396115365
-1354572176
1164460611
-317435661
727142745
-1772959214
-1413232983
-244611271
1291860579
487297521
1835138341
-1477744511
1377937197
-923189454
1093277506
-182017390
443537380
-555585491
-426138183
-612160883
-1197748133
968322694
701953776
1369903901
386745391
1628705406
-1800644158
-534769172
957129002
1504446342
44976261
536438872
1838734316
1063142933
-496320440
1861952358
1857741511
925226683
-1231009700
-896997642
685955819
-1410649484
-1117819371
516274232
-805729342
-1516579775
-673072943
-2012906658
-1382900579
-1021653004
-2129831367
267131026
1263700112
1862435403
-229826873
-1859814358
6646937
429174336
1792565895
1403053594
-1760422905
-106062945
-855699936
49101994
2051467033
1197214424
-1681268715
805000808
1219796964
1458901526
-2122348984
711356255
-1780160134
266352528
1638091712
-1565377144
939085128
542792990
118120107
-370059136
-1801383232
205738254
2096165542
1799219323
-1483016905
-504162248
1355334459
60412024
-754854897
1783711055
1578023594
1953154997
737263896
305787258
1712177387
1461327461
-955969229
1742809634
-548342029
-1398347360
1308578616
-1063327731
-337124810
-1921682789
-856272615
-1348803669
-691843987
999572760
2007465799
896588464
1872354200
1062512927
430603860
-1587864862
-164649402
-1968581650
-870870311
-1225103821
1640777748
1586379821
1665349529
-575699950
-731956622
-974291610
765341158
-1997794307
445281709
-1903919437
333164611
556103002
-1496867288
1360056504
-663377078
74307719
1851539948
574846675
599859407
-1721447121
655747684
746229650
-1471997626
1483858399
1427048032
-1433890715
186173281
1666263256
1548349539
1829177492
1414251005
455259686
-486566630
1495146354
-1793755074
-827626767
-2091680215
-1198964269
-1398586376
1451663890
1576486189
37008058
-1054949808
1491964393
526627582
811004758
684997282
598898541
-2031218892
799290927
1217104805
240836227
1315202028
1382633884
-423266611
958765972
1245952460
-1925257864
-774735376
629033561
-632844221
551331861
-1898068180
170485240
-398322155
-257946001
1414634247
915492436
606135830
1322828708
1890078935
911068832
1341803573
1646306211
-1307584157
1703213365
-230992196
1227631908
-1854179382
291335334
-691062827
-673472809
387573923
849827344
1587329871
-1339804705
1424250725
-43858763
-1354836830
-957598847
1079821833
1797202636
-1616279248
1064028184
-589772051
697886610
-2118337843
1246744908
1713359099
-541600092
685414017
804988291
1039271434
174153872
1387244428
1645606550
679494531
498596008
-1380520279
-681423416
707902791
-2019986406
1894002071
-1194863885
-2037337392
1656473149
-444352812
-1493675261
-1022108010
1877519917
-2147075669
1882306984
-1694662733
1775118745
-1973673359
-1262915001
-638658103
954384603
-755763446
-1309121487
-1822863581
2100953160
-224168014
-1495400938
65304858
1964421833
838567929
597951675
426959545
1842196906
-805100529
846469355
-1931130460
-1301979727
-648681919
-385144662
810977589
-1383393934
325509315
1552302000
-2088201241
-1539752735
-193933392
-1824036075
1490886391
-788682200
-1314330802
1419289672
-843389880
-1770419269
450478741
899544901
-1410687354
665918376
148911601
243750918
1954882446
659731507
1541147206
-586818758
2059288845
-243131998
-226302923
-1190181324
460210022
791547220
908319645
-768202202
-269078823
-205292008
583960420
-846463346
-432446751
-1888294469
1895334263
1634070255
505987036
-697187358
1378395918
-1129033788
-436027663
1508570650
752851252
1579675313
-483046355
-1091646163
-781631098
727691771
-2063801617
1675880375
-1447338182
1024211770
162434182
318765560
-1774100381
1235124557
1313907992
-513246486
817236850
1743885709
469797573
738758293
-2127577857
229574724
-572417269
371900834
1217150409
1697685600
1865687659
129657390
-1699384069
60381795
-1174855091
-2097561119
-620201295
-2062884195
91361568
-1330180802
1237110457
-243532131
1461319877
937190459
985773981
201824740
178755373
786100244
291769825
-942446116
-1937873600
472625755
141490056
1009278216
-672225280
1278028116
949901277
877021563
1308815342
256271743
-815663249
840928910
-1667519828
1621976181
-631461796
-1262445107
-1770018077
-1112029961
-788862254
1190305585
101894758
-1535498173
1093719507
937927828
198314647
-403974999
-551073737
-1984815008
-2117675255
1024027998
496805367
791712650
202985062
-1597320304
1446880679
-265181506
-16534125
1466795194
444527172
1982079707
-2115536623
-1143600583
1053336880
283737250
1751539878
652234270
-1890526087
-1718032471
325638460
1000335684
1611854177
-1821629291
1730443528
-1945190747
-1809509606
-655458681
-20700690
314144745
-1803138608
135900118
1686464035
2128525119
-2019875347
-1298954753
1010111251
-227601808
19898264
-2097492775
674170501
296299313
725150333
-329225972
1285796349
871266488
-369475117
686678467
-467144607
170038929
-690229094
-812582496
1908019679
565193905
-1133241819
-644897040
-105823731
-1720990517
-399178025
-1083778272
-356864943
138289378
-1825769167
1133104494
1146749570
-1308301537
2139082507
1757330659
932792783
2125575907
-469568735
-63873665
1122898399
-677577952
-823631151
-2011011914
1377335866
1216548324
1139657762
-1499535077
136489447
167215414
-1101985784
-1423865510
1122868565
193175845
723219685
-777351572
1998745214
-1721597155
1768551763
1627094277
1999469385
-702663044
1819252512
-143275441
-228913617
1215752804
172828313
98805725
-1065128671
456531154
-1548209653
-194176294
1294889641
471672559
923812230
-1284844928
-118155953
1514125990
908674788
1592488400
-2090237635
-1609554570
-184645111
-405323649
-650860507
594308232
-1594780309
1676244783
1940024162
861443587
141354708
628464350
-1362901923
-1996246113
-1174771610
811768739
-1679782094
628785784
341439967
573352598
1164499858
1480832036
925135390
2052717328
-1573918742
172963079
-1857277722
517858068
-2051462459
-1520237595
1217640673
1873350412
1157762670
-1346015560
1595941350
-1520649033
12141272
1334692035
1390187390
738341217
696175042
-1912476186
-1179080796
990306133
-556392170
586688308
-568085044
-623841648
-534368366
1603945666
-1530705370
-1924719433
1857607593
677380289
-1618784989
-723376055
1650873515
-857473073
1996660535
1015888664
-558447069
-2103967095
440872160
1560152053
1040616831
-1164829596
164675303
-1316712534
-2116001290
-201980995
-1227748634
433963308
-1651884378
-652554451
902547465
1469278481
1609600764
-960580574
1430113304
254223423
1592606040
-2019583317
-1310821196
787302885
-1247901713
1558747794
1376313568
-1571290961
1952169971
-95308369
504807107
-406719691
2031376114
483419003
-1419595349
734746547
-590881157
-645086749
-224171
-1621934337
-326377978
-910655650
1978211179
-1354604873
-1669422315
1008849473
-1168466867
-419706183
-950767722
-1741811375
401144852
-1701097000
1075751563
-192101991
380308179
-193957429
-2084374804
2007838078
-764162273
-727706008
-1634577205
-1509041904
-895842863
-1178167278
-288444231
471754658
-136553975
-115954320
-1058044568
-69089636
-2142037642
722027615
744256401
1258795407
-814978859
1518171689
291435543
-1441668215
1283538103
644287222
24807532
-779449942
-1905943930
1159544962
879562036
-1802056969
692381129
1262667792
1544491815
1367964013
-23118426
173748126
979788347
-1765326759
25210536
-1951323559
-1111815423
-980491290
1666399427
-1904972717
681683534
-364026377
339282324
1798114674
1710474014
877601846
-320070932
1846388651
886657718
438059885
-67795569
-1400069008
-711654648
-1914700780
-1796865992
1413508454
1861656410
-1021338582
1918247648
-1467911077
-1938968792
369054280
-1961568705
-988789129
-1025207
564139506
-61950062
-1523769680
-1349975727
268648752
1977709727
1936829315
-1767958217
-1886015651
129655798
1318386656
-1657384650
-1706199746
-1487938184
894224229
363398135
-1520269739
-1489430756
-553744945
1376873711
-933504137
283150832
-886699603
401030918
-1548751204
92873566
-1652649387
-393379463
332439541
815711921
-61437668
1793513216
711448644
-573644074
407199168
1791267634
772504679
1777213542
-67226071
828850728
100959796
-1032033309
-411998895
-1534228895
355358348
1021894721
-1508254337
-101158683
162567338
-1060416088
-730656326
-1575307348
279391932
-1755211656
-412681603
-1206227393
-2114891852
-84243315
-112512602
228795551
-493265313
182042819
-1912645196
947949670
-925541963
667039420
-902937551
-1395121108
213919347
184509152
-740914323
1532639532
-371088921
-2119194459
56005484
-718688474
-2136699382
2021906192
797124129
432219782
288795347
-1789171334
604970715
-870631228
1950388425
-1537372009
1526585598
498946830
-1230495526
-1985263692
2000770550
-1356130523
1567202667
-1480132033
188763753
2119591556
314622128
-242057844
-1458593109
-1391559738
1201431612
1703699158
-2031231370
64665160
1894551003
-217979517
-1874410534
272890893
-788269665
-914687573
628101490
842520034
1598249272
-1829093670
565180376
-650204734
483799177
-486352107
-1020202406
972076923
-1850894473
1123189275
2056124141
1823194000
-228622077
1214131436
1658663265
-632988575
-1956804710
1610892686
-1899053610
680838537
290975403
-942716146
-2032658834
829429127
-959010438
814756293
1320953923
-1990164065
2103147315
-859307044
1229669275
1914328066
570262594
290227729
120937306
-436983764
597676257
118219962
-595834953
2003503501
-924205838
-286282486
1455095858
-1334355861
-952024818
-769681774
-397279035
995137798
-1217102627
-571940598
1356353113
-1753444100
-1849617753
-1818801583
758369915
1156077295
784148523
-1646731086
1353901647
-644859804
-24174417
-954845847
-273902396
1059428846
689857624
448574309
-1966375927
-1687145077
431540411
-1223614898
-210006465
169499469
-330469709
-1979941432
-1522970257
393091132
857155956
-240781063
939323069
-1014798470
1453179616
-1781504439
2095743197
180212136
949399833
1629131624
991188422
1970937480
1772294487
632129940
-978118746
-609026845
-479069190
-1881910756
1124274453
1416479917
-508852766
-1230176481
1647640716
-1842432154
-981859586
131792025
315895576
-1211735358
1590451747
-484512353
669695562
-507508341
214276638
-298280471
2018009457
1121138374
-1048915957
-1396985967
1121908235
859365140
-2057158936
-221749990
1433120631
99005531
-504676252
1495599027
-1814378001
-776368219
-102746371
1833345467
591329462
-1178462905
-1229928119
883516807
857015181
494204741
-1798046061
146012259
1847543658
-1716356619
1414992041
1534802391
-1196683668
-324067615
1319569139
-1369619670
2010444552
-889087502
-319787321
-1110549717
192201352
297301193
-1001274116
2048582190
-25914698
-1298398096
466773180
-275940779
1038614228
1390908721
215551902
1637412880
578535374
336523462
1459249908
-124147994
1882788786
-2907470
1151913568
-524644748
-1982617505
1463787245
1423237037
1187374006
-975241860
-1252970810
-1893337125
1835680389
681800108
-595703803
-1839153797
385928032
1008365311
-806112689
1074913341
-1385602706
-1944294741
-657023282
-353828409
660489411
-1774015493
-2095737328
-1214720057
1760595170
514461318
-826286033
1607392075
1207125890
-1545391196
-2002203854
1025907023
-46973036
-1607477474
1502507955
-1004668777
1823846533
-604751068
-464391231
-833156929
-1575458368
-130097277
-1404494841
-52089200
919742070
-1481115626
1116740397
1755824532
783949217
-1687333251
-691816578
-326275349
-2010509755
-1090077939
317914826
-843909792
679365624
-130432761
-1641967475
-324464970
-1746169947
-1491871221
-1700665776
589240904
-790982516
-1021047602
2015444559
-285909808
729131404
-1141544182
-491451301
412281222
-1777004892
-2065272138
47453441
-74938260
184178359
746114679
-1809606932
1867197928
-1013686897
-2131220139
614672007
-949626990
-2054110685
-150074959
-1991761946
-668212657
-1903131364
-440146058
-624700698
-1947062882
-592868459
1171517839
457035154
510042161
-1539896798
993801880
-1635915576
486728127
-1156113389
2131698903
-141034725
2115001880
781454074
800560493
870667771
2021713273
1880885865
-23734584
-1724485357
-683639263
-573412352
910060123
-1494652942
-1344652508
-2093903962
-1275434607
1429745133
663956606
-475720683
-457914882
903584834
414956650
1501039516
-796993321
1263451776
1428753908
-152356576
-1551239772
-355466970
667758797
302225763
1192948787
1861494410
-545374626
1709292680
198698447
-1351014916
896119839
1920381910
538929586
1296390443
2075303720
-176973893
1142707383
-1184785466
-1316066041
-1180898796
-1992318893
696467814
-81955372
-864331605
-956967738
1185220010
-109472893
1912054785
437019277
-2005116253
474372729
-234377652
1116643098
-980764301
380880737
-361826622
-64399162
1231083824
261977663
-168491752
-1432406522
-1415319539
746436292
-812086971
-2050534436
-121412933
-1970466332
862860171
707975057
1934591500
1037833381
2084997303
1546479520
550000346
1019114554
-1121569114
1570226165
1891978278
1136385872
-61821685
1666897239
-138041469
1554780326
1801256560
539311137
1913317300
1072232163
1758023034
-1760836040
-187350636
-908393053
-1274983824
1153535032
1735672630
382796754
957383933
1756026352
-2145647284
-195695811
-310274507
-1018063344
-1533964596
2135731558
1618437845
1694068000
717704912
1380118935
1562252750
1081894836
-1548955459
1156128825
-1805303036
-1283920930
-1727852889
-1381019803
-103955886
1483508195
-1741093388
1852564667
-483329327
2027856944
-1905626562
-34996110
487093850
-1065803122
-2032872834
-1752496720
-668965560
1159505044
1538595942
-788016100
1929910914
652273501
197313037
-233601360
-985676872
2093568635
1117973969
-2090153005
1548935659
-1291788245
1928927352
-268948826
1879262771
485479625
1130913176
-1536767586
-1700751684
733018502
1194013241
-1929213358
1239719953
1335053911
756900280
-262304107
-1821575524
347105072
124679405
-1944028473
-1838240659
107931762
-1192171632
971770216
-1429659846
-2025072991
1163710424
-1048067091
1013523110
951889241
-299705244
1963128022
960367302
631730562
131517534
-1339414784
873880288
1879913154
184993245
-670775753
1741823093
1263972403
-255381877
1446229263
-1330306431
125441109
-1248793977
-1337791501
-847004416
-1993606074
1317676428
26047870
-1883725644
-541245904
1143999058
410278921
30082853
-1922424063
-203813836
1788763268
1416121065
1375143777
-2047498478
956265097
2012513317
-725510176
1801697656
549753262
1255795027
-634577809
-1890657025
456204314
-546899899
-473725166
-563846925
-1992227238
2037885800
1238120914
-1227896010
1639671925
-182042803
1404352503
-806157469
1318018109
-2138813339
1370928758
466848821
1779773671
723859724
-1326825560
-1596494038
593763294
1129269192
-626401731
-957170077
1939168979
-902249007
68813679
-1441738546
701184792
990584276
-234611591
-1299014522
1784890926
1002296051
-481752246
-1636969607
606139292
-1619548144
137754230
-804346294
-577345534
-129730741
306291820
-841461383
-757143187
634551752
-580397586
1816058049
2032107755
819077045
230380477
-684288831
-2022203038
-222336885
-1071733869
744257246
357885853
-1467167853
1470011477
1342449511
28985255
-2145720149
-1326894712
981950969
255605596
1558272329
-32604667
-352046044
578340412
-1545025088
-1788840472
527303246
636183170
-1971920190
-1574830130
-1313900841
-613799052
-1714370779
-469461698
886685565
-1969563396
1434528234
913783399
-163595006
159604856
-321175430
432061707
-1826486004
709054158
-599517903
-922063173
-1099237813
-1807732798
1667235360
-652227004
-641208608
2027984523
-1025885170
-285551511
-1986013955
1100389282
-1688664640
-897853487
968640968
800318429
1469088634
-735626173
2115370628
730760380
-645169467
867328272
-1240304654
-2128651773
1198049905
-2083749169
1036241908
-1447583608
-1439127843
-987265969
-1507749516
1039460942
2056627829
-1164979511
-634676605
-839401519
1447614075
1226955093
576088260
1230144163
419508234
1973335967
-1548571637
1231775031
-601713320
-1177997350
725076800
-2124051460
-416227525
2110717939
-642541687
-1420645459
262127342
-1051583990
140479912
-189810457
605583380
1625845789
-1824634463
1900313851
-1059932420
-819968250
-1821765473
-727243771
-793901275
-1501412185
-1834511081
1294080061
1301130757
-1142313630
-518104787
399228556
-766448122
-1860270897
407524183
1518659682
-841091632
1847887272
22067519
646713030
-1319764019
1735206152
857478382
-1163875666
535651817
256513236
1547831334
1066614416
-850743911
350288249
2146918926
852747576
1945882655
699942615
-1971492076
2035972572
-1061076213
-335513476
-1027765490
-144659091
-1654487804
1983650069
1651944866
1746378031
1454912200
2015120672
1186072808
-1056457077
1507059824
932107494
1567304269
2019767331
-470912264
-1755989592
2108779962
-1451237337
-196536833
-1051715048
1665614580
3131366
246868426
-1994470902
-400169659
268672167
625972622
793164139
-2087556772
-521372230
270330350
949900913
-371505807
-194033719
-693559358
1626496788
530823084
1458374003
1097580313
-845032004
-770396473
-861317861
2087678593
79170875
-1868490511
997251068
1500203653
2047279100
126205173
-716243328
170800502
-583833987
1644888475
-1880898094
350465902
-1933098758
-82753714
1138703025
648343185
1920387178
-808011778
-1573792377
641339286
252639918
1047507271
-1914829895
623052421
272905736
1431907539
2068345408
808998849
-1828022327
-568407300
766111096
2008014153
1233719886
-1065065548
-1843467720
1079123002
1733520940
-398638680
-352449502
-1049563496
950446762
1798925219
-287294149
-1258781363
354840943
-600596432
-1302713667
1828718192
1532072316
-223287421
51395372
-1127265333
-355551909
-1723015271
1942704550
-1365015145
940689560
54273694
2093347455
-1546336887
1458421872
1151371150
1456381197
647673361
-223495224
-1797206755
1146449599
-204537376
76263008
-1997512997
-834116748
-336580693
-1811281080
1133579411
-1526544631
93320751
-82238830
-2057589772
-1127633868
-1534833548
289941064
1141009523
1519942799
14858836
-2134046048
-1173748369
-425855497
1933684030
221099374
-731569515
-553965289
1899222327
554184921
1143976581
1683705151
-240267742
-434186927
-293733451
-602636934
-2058970816
61382336
-988963946
-1511083298
508013305
-499834625
1860490228
397381669
-930508580
-1250504821
1640942242
-614542724
627471331
842894456
-613834923
-2011137125
-1529087237
-1659456859
1684372432
1170147605
780816836
329715504
1893859905
-2116989712
1138120597
-1691976148
667532778
135052152
-464438590
-1867768175
652311044
386810448
1994916896
-1082830477
607888095
-1930363703
1099028169
1027668087
-434236083
-726967946
635168796
-1870944383
577437761
2074117375
1239315463
-695157326
1149484210
-10670539
1670787464
494901649
-693715003
-2091649177
-1179514000
-636265337
-1204286678
1457465587
-1323490967
-150015600
1735770053
-99452641
1665750331
8801071
1494267537
759233833
658434122
884542626
-1388624959
1757976476
-439751326
139596375
-163674073
1375041508
929469111
-500003426
1254683865
-1545240796
-1525053402
1646700447
2083448081
-377708985
1953629633
-1991450739
419459669
-50822827
1858549386
567842843
1692788439
-876405753
1553664893
292259887
-1041862114
1862855580
69778131
214500053
861078500
1821442541
1841655685
-664712586
-775327422
1688350143
-702681842
-1100848312
-933083126
-1566452648
-440128651
-1143006968
-144837517
-607236012
-1691603062
-1569444889
-1228137221
-616568392
1885840239
-975251263
-1510844279
964213575
216265561
-193515372
-1729781039
1769806100
-1385762152
1370747695
-820235524
317934680
96619732
168091945
-772564857
-1453148027
-394901608
-894715628
-209632662
-1852326502
1828755476
-301247501
314692733
-1598886983
-1776529122
-1738042136
1553854231
-641770506
-637260422
-1182261199
1870744824
-1609219471
672709210
1750797653
-341091480
193662374
-1654643161
634652825
-751914849
684238595
-1804748927
-954755143
-1945697177
154511546
-375705468
-1949731372
587435775
70556888
2053022285
-414172505
29225538
736795030
707491004
-498089730
1924403464
200527599
687187578
-2017525658
2132637900
1968888178
861571389
1444236839
1081819535
-1708003751
-354255286
609630576
644581371
-1718995751
-637307077
-1014860076
-835197494
-76095301
-473678078
40341237
1596492904
1905189419
-1369649363
-1288747906
1394337239
-2076623153
2066756971
850060630
-1333993518
87910427
155241806
2019949329
-273660619
500310755
-905457070
1464798890
-1531721317
1593496625
1470467613
-1199803537
70232904
934037336
-1091590392
-679588548
333844297
-902872760
-1808313635
-250722837
-948339751
180909348
-1225166366
755017226
372643079
-233656815
726062614
-1973304113
-1021345900
116474449
399719098
602276680
-935358943
-1815207025
427667474
-1568553258
659561609
305668219
286097260
929179355
-23282293
472591257
-234173599
81150386
-1080090964
-57296042
172650586
-1304138529
-6076837
-1773430948
-1657214635
-1320831865
-1343287211
717727526
1818770665
-592093662
1555729483
-970746410
211891847
-316054930
117252801
80043846
1677225986
1277432486
250455096
649075292
-697569456
396254451
-1571707249
627479714
-208249710
1569547299
211473573
-920415467
-1521413039
1643994776
-711519165
-1575695300
753834506
-41488254
-1469929927
-1081938052
-1354027284
478377296
-979786554
44191146
-1349938977
616033379
733512764
-764610847
-248633912
2121628932
1836153316
-1432329834
-1666509045
-626408040
1236725022
-1090130199
-1047256751
-1337431534
-761702707
-2033262531
131669130
605722024
957952753
524390922
1775403061
1704485832
49539220
-897642511
-1948555298
-46439347
2122107882
1812289040
-672605208
-2080854291
369204915
1778635671
340157068
1669609974
-1303629084
1037894299
681319713
719743033
-1865870459
-930535126
467858845
2114454086
-671787044
238786462
-1120952229
-261615911
976487627
-1058211786
-1736083938
645021331
776839286
1082295266
-865179051
1294196460
-1545413592
-898420643
-1926913632
1880655976
-1153075081
659106689
-487166830
32963592
1773717413
2070886358
-1018582344
1305076739
927822409
262061675
-1829250598
-1202230347
1889690157
356297193
2098615680
575005399
1729034106
423648996
-1478849865
1040900080
995683346
371287412
160834580
-628779509
1683654973
-939681788
-1904512519
-2080616022
-1037823098
116583273
84513558
742412538
-781348633
-943381450
1190404403
-147166393
417090851
-610726579
-1219336661
-1235862607
1945223283
1377043385
555638075
-496450784
-1800422300
1187507131
1925973116
202028405
1062732543
12641058
-1186610514
1160635905
292269098
1384858847
237167926
658016058
1752235341
-1621241384
649689705
-160943701
1816958775
1753027324
-1812132854
1491723820
-1234887101
-1180022633
305135121
-181174445
1217839286
-1245611289
193303982
-1828829654
-412205205
986677230
1982786700
-2079744479
-1200005967
-2145252727
-852667303
-792200122
-1443572365
1851856577
535359110
143105459
1929267354
-1830664352
791837771
2009837894
1559408814
425461959
-1555846419
-1314789225
-704097341
1663536382
1975607363
-989092826
-2067968622
782103820
1492634486
-1789841708
295835621
-317834359
-624935417
-1098335084
-1550207688
-678513551
704450838
1308762210
-2145427043
-1815726534
832051936
-1411158669
-272896544
653672487
1605662857
525465517
1557342442
-2142195234
596422683
-867801255
848558954
-784799688
1820487374
1356977174
-1050928719
330912600
1098213257
-620422384
-141922339
-1301030402
-1530194520
-1119165326
264875065
48537117
803825663
-141030376
311331812
-1070336342
746756127
-1971494519
-1239691857
-1689406794
53522903
-1327434972
1897393995
1103165886
-238842115
-1609279336
-2048976732
-2125636287
2022460270
1189130393
444455303
-818483309
1763538258
-1217903152
-1326998134
-238783503
447184292
-1320612078
1053162028
-1528300588
-460509967
-798327084
-630441158
843285898
-2025578401
-1668000290
894226804
1304457217
-900623632
1838378303
-1845196944
1678366694
-59508984
1519168384
1458151615
-2069417490
-1525799892
946706716
-62175411
1601549938
200350988
-1234352082
-1318065395
1913942593
49131970
-1752726676
1663530965
-1765797711
-748191140
-1207469997
-1397717626
408466167
1572283799
1305890980
-436345233
1075669176
1623291885
-1533710578
-614713358
-699523617
-771336494
1926447916
-2008196760
815665584
-104248263
-148576079
1550445889
1701718813
1075506781
-237107743
1802979440
-496517544
-692979779
-1648124606
1675785221
-1652189271
-1930470553
1185793683
381101339
438460289
2136529273
-2083028227
-1137455373
-1786729522
512350180
1541087368
1317679969
-2135797104
1666351987
1431101648
1399723366
1846137259
1522105611
1204606711
587854366
1335484415
1964283700
1904488669
839640028
804551605
-474912809
596729742
-1963256941
-543421989
-1999719863
942265084
-1960289161
-1381082317
-1976308345
1584348397
395511267
-2105890233
-138122557
895586102
-263932036
1144055489
1900011551
-1070192343
188091287
-1846943239
-1858446409
904915019
352281559
-1389547314
-1418599707
-1013247926
1672471578
118675128
843596223
-146063827
-111233130
-781447651
-1366569244
287890124
917046334
1061143012
1981949816
-88162173
-1013895062
-1348694968
1439967084
-1433401310
358244022
-880062738
