-358962994
-1859399583
484043660
1700927675
1574323768
-1384130739
334331357
-295125409
-200430184
-295767457
1266586601
-241015594
1230191348
-553213604
-388584727
1861324959
-1313534479
568568000
1715388241
813909893
64797596
150395450
1693507124
-143011787
-95299481
2061070426
-1136203546
-1983162607
-288579984
889123208
-1298174238
497388611
638989321
322817592
547078638
-366702829
-1899473292
-544788901
65579132
591182461
35024110
-1907777000
-571125165
1822172926
1340491758
-343823941
722629486
104986030
-1222700882
87443693
1907206436
450279571
-1267127062
-246474459
1845202312
-1129149389
629283559
2039779166
-425386734
674412138
-1221359178
1216506122
-650947970
-909517186
397226425
530543686
591273204
-1722600848
-845860506
-1685248178
907154536
2078412180
1436217930
-164316366
-2977725
1053619299
-472589743
-341918263
760480834
726399376
326192452
1834831590
-2059090018
1190125656
-541605230
-1438614327
234400365
-1011314658
1843327826
1334801368
1166933320
1877388598
-1274452856
-176654961
644411180
-1156748544
-1492528730
-1122710861
1517053349
279374649
-760923306
310191309
-1675250904
1505672845
-1625252234
-868343082
949145536
-999597457
-683370652
-96211666
880867309
-502753235
-1813940870
1280253139
805033416
-2119003842
-1719500068
712270286
-1893492629
-1264489250
-1968733072
1011588336
608345487
1258025692
1892136493
-192257858
-379481739
180352946
-388905063
-1039069783
-1037883126
1958540758
1494260876
875625858
-1616979387
1049520207
-1500195271
-781880788
964966100
-1320633718
-742430610
-1390396526
1212599542
-463150739
948551450
1038502107
1303163562
-1331433044
-739493872
1342675164
1914183433
677726044
-997460726
-1509868082
1602663920
662639301
-1041937937
1297049664
-976786975
-44933509
1991789400
-2141147826
-267249622
2110841519
-1513012912
733674515
-1992670393
-1430505022
-744553893
-1737099685
-77033596
986401306
-710575431
271949981
1222436326
836499769
-1258626069
1913363751
1995792715
-2128315381
383938678
55862939
-1177261616
-776415106
914321382
1594441113
801284722
-1813091240
13119253
1213644221
-1106277129
-1401909948
948967597
-1915531828
1073612814
1769379373
-1879778838
-927998167
-780661835
817690062
1190301604
-101666675
1427589082
-957869431
1218396044
778242038
231115077
1947277176
-1580326475
-203417632
169478324
1017773762
-119570858
-2034465870
1622870087
451374383
-544594995
-397985925
-1406835938
-1598803203
683129063
774997725
-2034502848
-971274765
509439838
702924617
-652021314
1364478135
-1982932318
1433459052
-635587305
1030288220
77655772
-990489112
-1960873506
-1608715969
1158638639
-1494331065
227860890
-1201043438
-550028736
-840504532
1290204140
1106877497
-660834312
1936923850
1989471735
-1196628396
94061448
814971546
-2033804293
-2036306404
1422818989
1400692040
-1566738109
-524067214
1265111861
-1066654227
211153473
1725728437
724204481
1517654403
-1866980106
357965139
-1351904053
758206357
1483326359
778737570
1854208490
-804368330
245955949
-22631696
-1466535084
-1959822029
663917052
-1553872168
1472411556
-481897845
1737716327
-1307592489
1767572958
1361381919
-2117561070
308476190
518806447
-236204379
-938090615
-463388503
843926520
154905058
-1935193440
-1811402609
-1132676723
-829021672
2048763098
-2026769764
1427503673
1975499452
-270887154
894339868
-215144955
-428553108
1626722119
478147577
-653617479
-1786812385
-123767316
1777620232
379607971
1198242205
-330149600
1564143007
-889412202
-956588750
494549611
1426424682
1604874037
1313954974
257542809
143747710
571598193
1154795343
-45850654
17857198
1125536847
877992401
-1494228406
-753170915
-877159442
1495099525
1995696714
-1765989100
742748616
-908557936
549596592
1983703830
-519900616
-260277738
29251267
-37725904
819283515
1816484520
584690090
-782753388
1074815354
-1454792966
-8840179
426086504
-817685369
-1414890279
1773323004
-408080933
-1003212953
369960539
1566161680
-14094982
-1906978736
606698327
287174351
1191018176
537787059
-1374822889
2037866324
454791923
1603117691
-964747444
40555311
206515245
-321824873
-774458047
-307228791
856443320
-83223114
707834451
1352662924
1298761119
-631931823
1558064800
-1831637503
-1632733311
127404782
-1960306433
-507431622
652538024
197000609
2025431855
-919271119
-667327143
-975604266
-1010254510
-496615439
266868589
-1798399154
-913943397
-704103372
-1103505888
565821799
-339261114
656694861
1575773992
-1136911201
-1770893368
-282615992
2089807113
-2120233894
1129197896
-846448049
337895079
529284323
1150230349
1630144590
399729692
1729111472
-1187443017
616460762
861547723
358000617
1431850483
367467342
60297909
-122597077
-1435448726
601403191
-1066721525
-1292302712
496482617
-1546818831
21808131
-639362094
1873975079
2059227537
-1599578130
-1425007847
-1802390573
-122935035
-1028760182
1214382193
-297026515
-1745377926
1019774356
-767037960
-291309529
-1529714947
1879659937
1418959894
-1483460693
-725701276
-1808175058
2018839046
834300623
-978983313
1069775349
764490389
-1305345722
1448639017
200276098
-349648598
-1789350631
-1860994668
-1041758716
-436255995
-1620077417
442504068
-854659480
1790095563
1258258314
-1921322037
1605372323
-885445567
-1909544021
296743062
-117479601
-1950294440
1060828246
-1812420074
-733929607
1685840233
-1807597183
603127906
1372871864
-1999535168
2125361642
-718371941
287077250
1946332766
909718671
1948140112
924031674
1206350842
768574819
988715556
368581004
-532149175
-589053634
1146416814
4062845
-323764353
1832420628
-1419154784
-1057180739
1071416852
387828841
1710829354
-810482497
-1499045685
398263044
-457075296
-2120128245
-561664785
-39322142
954951513
-239359918
179828959
44699501
-500748326
631253954
1989614797
1041869550
-616952524
-1124036452
-1325491262
1272728383
-35872086
-1396944894
-2051567388
691376324
1355026838
-1300262891
-27284229
1284885146
1304894604
760574527
411306033
-1607770351
412080319
1289777868
-84882407
-79837352
174887331
1493216703
616757746
-477097354
-606551340
-2015814429
-707145429
-512482431
713116725
497165087
236558890
370614025
-1592441764
-1446446834
1070192968
1327676372
-1083765459
885051087
-1116393952
-1135187248
863473348
1122219801
357655305
511085125
155171992
806268817
-946179872
-1575020471
1034602716
-1501210017
-357336310
803903609
-1418352088
-1218495234
2072840120
1429545189
-321988776
1552521299
-352323475
-1060191668
-455385676
965094913
1438713532
-730873976
-822823599
700483323
612944214
-504084405
818214838
1188597594
1095271748
697084683
110976193
1473944431
-855355536
-1620430278
1086136779
692726300
1148142185
1665147066
-620937462
-697960353
1072614502
-579632752
-793276617
325138991
-1300866677
-867451177
587615600
-1481175925
2046615147
-1977535498
1910705503
1819964623
-1067317555
1269182229
125473178
-841580216
-1666118477
-2043013684
175973452
1444372235
1728805783
-1862426339
512316949
-1798407934
-1788451849
-1822792540
1934182191
-2093943737
-790052076
270472460
-239542575
-1460593228
1533158133
-1468710459
1301124311
-540500806
775730866
-720603661
-1793150558
-520978575
1488877294
1226962089
-424204228
1412527089
-1365179740
-372538282
354971328
82821855
2051033127
-547422849
-1056442120
617340746
-1961084317
1580699822
645347655
616406967
308942440
-1565198422
586173385
204305530
-2143945431
23070183
-1315983432
1092104007
878568832
1256410175
-520768751
854536200
-742708620
-2093104158
-1973390217
613288688
1801468350
-1484737397
1883873110
-1784939569
103032457
80300532
-505330102
1245756071
-1139923846
960072844
846299074
1048151424
-1680920849
331067750
-968054560
-1714130056
-1399299958
345372019
-727551325
-165321443
-25116944
-1367050253
1421221192
-1859574274
-1449820467
-1452160984
-1884125716
-1287613569
1406927899
876485197
352250486
766958829
2101158564
-2054137915
264341427
514011346
1237672645
330006167
1466660289
-2002293879
-1222750605
-873069542
-855939407
-153969900
1172376195
-1551356180
1364929384
-1576571860
-761085915
-437150680
-1458167099
-88877927
429890225
-843750441
618985224
1219006148
-1561240154
-436236122
-1217573519
1219771017
1485493998
504225497
-178631641
1703884626
184660326
804320896
803019355
-857568415
-1295750242
1424659687
-1460486483
855993452
1358067420
1023433042
-1363214386
1840397678
1105773159
-727570199
-31315098
279778747
1811232513
-1111597583
246015799
610477397
-1966610764
546125372
693858433
-1221883266
-2074020655
-285199134
1524100520
323447950
312900149
727280433
1178711572
-2025295866
2109598158
-1304830751
-1823230888
-111028252
-889669283
1639281548
-2054535531
-1852184520
-891530627
-588368548
1045381408
404119031
1120505827
899658501
655423330
-1122496498
-62371098
1042211062
205942527
-1125708358
-2126529215
1843515338
-35577542
607243798
1907145496
199620612
651095704
645350645
-1460467400
-1534915332
1916086466
1497166065
1459049379
-962360557
473421487
1766799043
134449226
775648557
-1280403710
-1000628779
-1638950372
577303904
-1134902096
1310310933
86306879
473027816
340312549
-1238298868
-130873956
848035678
-1522496216
-531195858
1846541473
680428841
1388840124
469738099
-481809599
-427044556
-1334084535
-1984253146
134996799
632096225
-240678724
-83216388
-843384148
-491670212
-329701781
599333991
-410920786
-151623564
-1782080133
-95231956
-365688190
-501765498
1313720453
1575879475
-3365693
833522234
-832659081
1259395741
-893586197
452904787
-700761928
895886107
-1867102438
1128144641
-1779533169
829940861
203670550
-1851823206
1819633349
-33785207
-1823102061
1640205193
1379966600
1219155726
1555001011
-522370170
1587965073
-1404546760
205418191
-1695248377
397061001
1576244772
-248028041
-1014425099
32779944
-1546285386
892646071
211468963
2048757919
1754943146
200288924
-1810203909
-1425437512
1252090089
-992541962
-1321936391
1153517114
-1258945251
-1870722978
202057309
-555408879
135606919
921717114
847693724
119477934
-762285041
-1054424193
-952217065
1502582316
586805660
-597437705
-484269426
-2061732173
913783461
689925315
1931328727
1243315489
656254472
-1511693469
1463050698
-1119326746
-871081190
1751858293
475435135
-309278673
413489150
284121723
337274555
1732087622
-534247110
230325985
-1050667866
-2069510600
-1069201785
1521018941
1972688834
-2112192073
-356661016
-349138728
724971800
2053616706
-925274627
548295020
915786419
-917301118
-1103700840
1528556591
284278866
1949621751
1008230032
-470989808
50085720
-1403257901
-1966865451
-1175239617
-1238846969
-307605979
693789380
1980185587
381938157
-1275928262
-152532547
-215371161
-2025849443
-177795264
-424741391
904656676
913558946
369447979
1189127040
1588327046
-1306958672
-1715012645
1773832898
614333048
1003857693
-1753739650
772087524
1427681153
1556546959
-1762189517
-1424580169
1196631556
155199221
-1051664145
1854300356
-788144189
-416367174
-502946396
-466735197
-2140972636
-184681416
-586863713
-585583732
736440760
-1748542358
-1093706447
-1127197650
79112568
-1516523802
569304721
-1217665601
-2057729967
786015497
686605824
720592980
-676814239
-416920973
-64341458
2106079345
-1408268413
518988213
2046866140
-597545756
1132994185
950327369
1532864450
-1486185010
1869295815
-1806121534
1644853682
2135802113
423045592
-1336497597
-2043756036
-1585821807
429690780
150429749
2023601172
603801765
-1651804545
1551922484
90535282
1941013901
1911387649
-592454071
-400453703
1058429721
1869341041
1976712030
-671096549
1486091304
257575163
1312120302
-159797509
-1992846977
1574536933
-1884289285
1203289811
1380711131
-205005547
991105093
2025494871
366964040
425125590
1910994104
1673681882
2106170035
1617453787
1092611109
-1848919055
-2133225794
-396420733
1855721013
1572348245
2063371475
-1809751202
918958233
1981348365
-22267013
182391791
-697011066
-1022841652
-914116368
-1392194381
1925756768
1354091927
1908421872
1155726434
-1538106699
-749045590
1416350675
909053556
124786540
-795609188
1664933600
485068518
-1726001091
44897473
-900229669
60573245
-397830300
1454358735
-472730142
-1232105014
-948413552
205057731
-1968498312
-574194640
-320737247
945015301
-437381662
-695903709
-29203309
-649090358
412377521
656338802
-970596556
181824697
-1744023392
-1996464058
-1737396451
-440464432
202078367
364147371
1196591455
2020780937
-1557326801
404415568
-141777541
-1183290312
1784919536
1402525834
-694178536
-1340165450
-157671048
2077467294
1438200559
-2055289277
692608357
-656969665
1963828489
478275752
-142650699
832542805
-1420431828
-262320996
1614712148
-1710321153
-1878967662
-1335062936
-2146635274
1975506907
460444636
-1532456243
1443265830
922631044
-1164490682
-1049432027
387866527
751660380
-1180217062
1112294855
678824922
748534922
2145004649
462300592
782174440
1747800902
-2094637575
-374901666
1185324673
780825427
-1170011271
-1293655297
69709404
1415476941
334981115
-1246140469
1452297920
870422820
1076945570
454744237
-192021926
-1940665240
-121566054
551619624
1751935313
1943477958
1077897800
-1244453768
-1335859305
1095529554
2090509250
2112940279
-1954988926
110860550
1537722497
1547063746
-997689446
1658580746
2041944661
1704569244
-252102988
526597429
1746211736
565144082
1468873023
-149659181
48733350
913126878
-880323363
-593498712
-979983220
-1338534512
-785375435
520416053
-1285582594
-1946396054
35315975
2076202553
1620720014
-1462383732
1600005760
-671217798
286220827
-539950768
-1621851953
1443240132
-887625593
1697911543
-256946953
1716389169
-1248552532
1564932740
-1628531738
1816463787
1398399375
1902924520
1240356807
2053605807
-525743402
1334137950
1550508691
1872591955
-1576402569
393130776
1365436910
-1918622327
-1368732494
1998210075
1868012592
629383077
879703104
1604553830
-2015892799
-1475020516
1794491596
50044505
851813801
-1113199986
-83581022
-55908011
-325567386
-1122801403
1681064358
-554836065
-1899350016
813996159
2144652678
-1302620535
920371803
277078697
701343027
-2020358957
-601502005
97269229
994193036
-362560690
1683929069
-1560498002
1655119708
-1700236350
-479566156
-238732078
690490502
1395470865
438130370
2000871296
1045395582
-400149605
171641848
-1855274710
1132254459
-1746470684
963497296
-1613811251
273443818
-547637900
-1166100247
754593143
1122001829
2060898814
1492288867
1733109001
-767995292
-785257276
-257915796
-787607746
-390064909
-581698503
-2044806501
-1824127509
554294437
-1490782233
-1489559428
1050014600
570075272
-1962038381
-783851285
-1268116242
-923165223
1554946206
-2018662235
708662114
-2077363270
-260109907
-1418044645
-1272333615
452093474
-1087456116
-523779959
68391005
51930132
1051903567
177602887
1401998616
359886099
-1232955974
1696268895
143065358
1052266964
-524797982
-1654982817
462807688
-498906059
-1629633773
-1663582865
-1408954993
1980965486
-1855190028
376591269
1397733295
1232521605
178063593
1199244439
-1965990916
-36816121
-763983944
-1163782863
-322788518
-2120846860
-1726473874
591662281
-421131016
352568058
-6203261
-341185936
-46654692
871171046
1840508220
-1316562037
1710164005
368916055
-1142492080
1585596321
1112688590
-1555519052
951561166
-1741273739
833771695
1270728799
-2258371
150457687
1766697481
-1564933078
-1314511868
843005110
-713582142
679908873
-1554021620
-1747124486
1243795118
1897137417
-652356445
-1181782128
859861775
884910209
-694971997
1816938822
209326943
-1655989882
1451328723
920729304
-1276893876
-790050909
-1598663796
-1280026423
950237955
-824302391
-873763681
212259959
1700800177
-795796348
625443190
732479593
184848966
-1393833361
153939320
-2085682709
317706107
123511786
578596786
-2018447395
-55679978
632981769
-1663247693
962383558
-2101537172
480538831
-702832970
1016035887
1477279271
129180827
1622561286
-1332949202
-314811063
1564917474
941497246
-1447318464
-588905104
874570014
1154098191
-1887331748
1921338715
-828910331
1153527974
923235140
-351413588
-1287779074
-884683571
1181849885
-902118417
2023536592
-505190991
28021570
1737936602
-1739105380
1556806693
-208657324
-1428959530
-1191597043
-976301883
557067669
-1805981762
-200273971
-609309090
1521218422
1834465509
1933478202
-1478904179
1644664685
1578939485
168883801
-1568746331
-1346577652
1121920630
511368202
-310969642
-1870561201
967684485
-1632882563
1756597642
-990192843
-378781210
54778084
-123887342
349989009
-2066956733
2017447529
1584983425
-430408159
770439189
2023104098
916954328
-1385994273
-2085707670
526465475
786061155
1299875479
-1317911319
-1858254892
285880929
-1985592391
-2141021933
-2145685469
2110809322
-1568215440
1476628427
1990938555
-343283955
-425077262
1166346519
1305087381
-437035208
1868903705
2138904616
-1586904498
1842086364
-1857109197
703735191
-228907238
1876182865
-1001783787
-1653706255
982433784
1885838326
1634238838
661306485
1627518247
-79794532
-1918369927
720769563
887082967
131612964
-717312373
39651544
1537494564
417570662
1155547247
-705500384
395084351
1374953556
1920120470
1564710828
-1718816531
1630852446
-1236555853
-954394243
128639797
-590885864
1988348559
-1370735585
-986931371
1802077722
-1871193575
1826070578
1491057909
-1208382680
-1368709440
1916343334
1978927263
636975505
1370581253
-1563609787
-790844819
-2078918437
34253131
-1548903178
579896323
2013082272
-231386895
1051336255
-727844417
493467058
1567078562
1918490507
-2028627153
-1050613883
1520682987
42278061
-376283453
-767236146
653031949
1907719460
568157379
94767719
1334729748
-1245091168
1343649154
1859341173
1596545063
-79871036
959033044
1270571468
-63217118
-1380726994
-1174340
-891153519
-607069855
1281634995
1389361514
54767904
-1342655522
1588892398
-89821085
-264578512
-857225602
-55900420
645546241
236646709
-1298678105
-1471611776
-1157362658
1651761413
-530341611
-997218323
-632907508
1662654654
1307369966
1830632707
-2080670265
-1957174811
-441357805
843492249
-925919635
492532946
1265376696
-1316363107
1958477805
-783847604
-941705162
-714020007
652708351
830574959
775754015
-356632841
-1831283629
1731585238
308223635
-1623250873
-1634694387
-255675915
1667254481
1630115774
1856403055
2015619014
-106437872
-1330266175
1543197143
-138749529
2059394447
-1997142237
-1589862932
-365332606
236717291
-1795002388
412541460
625370158
1027957423
-73028004
650514728
-1746825708
1426232113
-233427921
1736115563
-1142477291
491725979
1311079457
-2096609353
-2021044053
-2139008185
234160564
-440953352
-562672306
270448464
1457967407
-1320362786
1558499352
1691727717
594414570
-128804658
790911403
1478153440
-1747829559
471257625
-119842478
-1773787881
1697478917
1895770223
1980384614
687770608
1747274034
1011720597
-8563214
1350929338
-1168466308
-908644522
-624114279
1481621051
713906228
180887734
-978993993
1703103237
-1271652981
-1482558867
1796491975
2109140749
1410437020
576795283
-97971708
-152999555
-128182353
-110007401
1574668626
1204680
1218303419
1275087477
951318621
713759487
1606841132
1537242151
-1042902526
-1923184541
440458727
826261084
-1766108946
-534407366
1450913674
1534836583
192182916
1691206118
141509880
496691578
622849028
-1437253582
-1667315180
-669014765
1161663976
-1414960913
886947275
156114613
1399310737
-200206145
1702015576
72661979
2073050403
-1093258704
1673809347
-1538102487
464447916
1199475468
-180367703
2088059876
1526605707
336976622
-979592893
-1155585884
-525226737
554663704
1264390304
2057658696
-557034658
-949999740
-1196605387
438001705
-242039401
-1763917512
432282007
1927816849
1532460603
1642934750
687098502
132709486
-1187072312
1635170451
1206251309
1205563202
643771814
-1043658754
-1253923673
-1980511139
-1181817273
-2136576603
-2102280251
-668693938
-1652996215
1243126395
144354318
-370256490
-1802617762
-874979140
-402671866
-606620513
1362115246
-1388315907
-417084493
1579579116
-1870572421
992915582
-1345199524
-396074096
-1450330298
-1278612798
1178937491
1239145188
898907569
-1687547807
-769841802
-120561804
1863579493
1537521948
1740201521
1174551097
-565195979
-1405808846
202129094
122400269
1097308035
-1929874959
1470974736
102329947
1446540514
1568288143
1408162820
476531989
724303612
1793219642
1580985658
939873259
-331823178
-37141395
-1085882709
-1216824135
819222673
-139343740
-321302852
-1324384960
-1330026925
-1325220974
447017083
-1695262184
-294970651
1568681842
1350468135
-1786989339
-242706049
1942163483
-146208779
-691500600
378675457
-1388404680
-106385647
-1419751400
1744007332
1162390264
-1095467806
1644409426
-348302639
1335000866
2071801490
-1265151667
-139300272
-825358485
1889799373
-1269889359
-1763058267
-1273261045
2074392520
2132105898
1334566070
76687757
203501444
-1761074985
-1554776911
83716326
-1397777325
1441624200
919434796
-905354039
1218288539
-721195991
-1460842099
-976881607
-1793780519
-1597993992
-721424981
-1745849761
810212072
-2025758722
-1198142283
1309387677
1428135299
-897843909
-881472686
-2143561758
1629482760
2082507299
-279370230
22850112
-698850690
-74342839
-1969753885
-1323459141
910099929
-1646892710
439543119
-10913950
-817644420
-820783796
-418272699
-979675740
-542294530
1278810070
1310390957
-938155813
-830423760
-312514782
-1791078912
-949063379
2056158047
1428407744
-555948241
-99402348
278776789
1648171486
-612733500
-1020729286
-1873327194
-1778383946
763065671
-528286711
1010061736
-1750784186
2117768930
886583170
-5842238
1480449350
1562575175
25723086
1075672681
428769111
-1559649583
1621131026
901445480
700760952
468472297
1035425031
2010246367
-1435247939
701536171
-536188727
-877647987
1235699521
1391591624
1527948526
-364458159
-1149723300
-972416851
1241300697
251645165
-1063017455
-1082494236
120524368
-270955507
240617674
-205297990
-526595508
-1192339065
-465888698
758669602
1968160528
-870522396
579157714
-1098059559
-1651584643
484152351
1382685110
1206120650
-1097276509
-795284308
305173490
851211443
-900665701
1638329531
1800092714
-1062315001
330392979
1842364861
-1358253603
1000517398
-1884670423
-291905241
-315682851
-766367125
-1603405315
807148661
33622523
-1550410636
-1939329663
277508465
-1628261887
79821160
-1151369198
103914164
-866969628
-453490332
-1864068788
2597997
-476104390
1874318551
-1671516263
1466042720
1269691369
2106405664
302869515
-559801295
-1449398239
-1582882955
1584338796
1609056483
1312273803
2144876550
-1008108398
-232605030
1727881154
-1093465247
-2104267786
30740904
-1766545919
810489880
282258567
1740723654
-1145361890
1653318304
-2106776132
-1184055135
-1406123337
-1768979076
-807250201
619543704
-506022742
1255366553
1119973329
-1408789564
1943277514
217433340
-1304158590
-1099216072
1253876430
-588294758
1597859423
-658018679
1591097996
53927558
1550980218
2143702928
-1469374360
530835793
1511236901
1253342830
-1985344506
1524653485
93023944
-2003010096
673643590
-568321709
-1286789644
-871172237
-455333007
-18898394
-1002107209
1826829546
-741764433
1155094168
-857247951
50585758
1665446076
-1720532916
1714165607
1831359254
-437155877
1876552957
1243222615
264433785
880346890
-1775963747
-885730229
1402034768
1554010742
272890817
1230862962
-1122797169
1168613169
-273115845
1154477996
1020962005
1024366113
-2062877176
1913457316
330196722
-1639484869
-1541357460
1694497059
425241002
-893301263
-2128223397
1337887907
-1446819656
-1320856600
183263003
-14074845
2116899093
1797900014
-1615087578
-559354055
1474195577
1721308459
-1262164908
-644487571
1931696418
240806549
353164857
2108970179
348528083
1953265321
-320697653
-1276608871
1172425247
-1130735273
18535752
-1274187341
-1709131034
-1707218115
1872242006
-738809196
258571040
1474417944
-951020693
1498823439
469117145
1940466295
1800961903
1069958684
-2062637444
-1215726671
883781022
-1194466065
-849470381
-473984232
1809272243
682019142
-496988594
62280046
741642306
956969218
619547138
-1927651945
1629990501
-794755335
900804852
-1655923824
128124826
-350483190
-743103720
1712365215
-1896203797
1622608752
489622932
-294417717
-659662769
624525659
702734793
1002117519
-765680816
-1146174788
247658642
921941450
1028499437
-163123360
878224846
-508566792
1453123777
1449152320
-1725693925
-956669017
-2016447132
-791044074
919199973
-543173853
-2077092848
-2084362189
-1462542178
571188851
-1849826937
1166910095
1177703246
-1455437687
-1362326732
1882413090
-1074624178
858604980
-1361868912
97057393
-1346906033
-802702760
-907022137
1017713515
1009070241
311720161
-612178534
-1320804747
-2008464718
714185461
901289095
1205640898
972126420
-597659160
1892832550
570410728
965495106
-1658713484
-2018610219
-1198488144
1632642148
-1087653975
1569624983
56101933
552371025
287627554
231197241
-914611953
-346105194
-1199681415
588634806
-2104175304
1574794549
602364412
-1409469988
747662735
2103868400
1818934432
-1707243218
-804547052
-1130255162
1192920373
-1626254324
412168757
161973950
618643675
-753640687
-107585953
1126755810
1567025844
-1586615876
960263895
-1029796978
1282998490
948122193
1613510601
1171746538
1503425683
-382088191
-948286815
1370665396
-1478989373
2131652424
-1414081383
306718018
170391969
2030359702
-2075207022
-293581881
668101805
-868624079
-1451258329
777789908
95985633
1186221657
780720127
-1473151966
1844906278
-229566804
-221400221
-500630130
-1589702903
-829868597
1348874000
781642084
71411630
-1835616706
-1836046515
1134056927
-223317244
-1033401964
-274133698
-1393392912
-671497158
1981531854
573329274
1120557374
657935985
-1480660227
-1076414500
-727296658
-1089574734
1942093866
-20163946
1183671203
-558097119
1622593141
-207768949
171536200
-1367967885
-936739968
1237755612
-1065571572
-772815204
-813679603
-1349339709
-1016802002
-815807027
-627901467
1610150048
-1063781382
-1019092835
-51437573
1842345297
-1994750318
-801700219
132368081
1429221574
-127498767
-1637039726
1841113883
1461663443
-1128754643
-1512930219
862981281
-906476728
-839469060
-1249811683
-1676131479
-1280100290
869939832
1883876456
-1960124140
594324915
390933798
1033704597
-581008248
447145561
-92722636
1581476062
592626639
-974864982
-686511871
-2001535610
1445580862
-188947649
256948451
952453966
-875185959
1955919714
-610196445
-49057747
17624822
1008295137
-1162526900
-1194490049
-940576481
1635767333
1905780901
1989872636
916734012
535835522
877755387
-415122259
-557382927
-900738865
1942929059
-1867272164
-1747190971
1482780729
-1468266562
-1896050037
-1845251453
938789972
-499898178
1402027494
-1248985244
-2080502926
1377229353
939794747
632048237
-1742817736
-774721379
-497800343
1389966486
-575732883
1244323347
976432407
-1967029204
1894747413
-129940633
318498280
-1445692425
-151469378
-491678185
887042284
744489119
1618914585
1293065802
1280509017
-1400950709
-405481781
-566308588
-1606076294
359157898
-217616763
1008061176
-1589687834
-703515018
-1835272623
-1703121235
1019710197
-487617258
-1680010193
-1418089435
-467699600
-1022583292
800741344
1336554442
-616159865
2113568847
1182665217
-1457153526
1478554375
1890767266
1378375770
-611078379
1495008716
-1522180699
-2040499337
-354873627
-1179176845
-1228974173
-85888648
716057982
-1316273068
-434501012
-447608283
1826906999
-1835074129
1217012348
517177413
911261368
-1247674588
-1049168292
830819375
1670159236
823627880
1291022663
939547553
-1153939015
1390548021
1627948049
-173671728
1668039254
624650626
1723547716
399227583
1070182718
1345694708
1840710028
1989077203
493049659
-626849901
-651802284
900688807
-1111226299
268080064
1338716336
-1417996003
1256737283
-1078236826
1326617725
584047029
1196742289
892233840
1592483782
-1496568543
1875642243
1870291066
-1394763671
-1607801832
1270902057
17141962
1316164089
-826268822
-423422444
2103096193
1069411046
307954772
-1274000679
-579401715
1894201307
380659221
1178976788
-691400479
-1888321177
-1289173824
-327577425
-796460952
1133049822
582232404
-1952884125
678613302
292127105
-295401719
325944959
-2091244160
289998556
-524281364
-1575715608
1493928398
-20930193
-859661651
-209309856
526132974
1654493328
-1415750729
-856657142
-157913301
-1732175729
749970305
566292013
-2096991553
1576841243
2102515747
842636856
1715111813
968433635
-831303636
-1783023099
922105842
855472256
265542834
1169224801
-1038045882
-1437269359
-439918423
1440047820
464455934
677481767
203622776
447777916
-1812045428
1440333411
-114754359
1570203048
-20425143
-343324066
-1860137056
-1268434174
104361642
568538184
1397906095
-1199320700
647739570
1309965779
1824571367
1139752559
-1194894681
-527963951
829076818
-397362288
1776946184
-1263423717
1534060831
-465830971
575121853
-1912318795
625644286
290374591
-1734518384
408811567
-2101049682
-877999352
1222635739
-850410163
-661496877
339618119
-772959613
-1583911446
634961676
466539458
-1444497372
1631374616
2056077381
-1325273307
-479061363
-1824253812
1122316873
1876949377
1517432174
-1308146631
-1474662502
165875862
-202759600
1901034554
1660360836
179099733
-969169212
-915285772
-1978229137
1666565535
-1949969953
222343547
1708896373
220189011
-176098075
-1848299467
1006624052
-931997817
-2068167869
1766526396
2107309540
1856579348
-305297982
-1899850232
1238220459
1352074584
-1997910791
815487949
-568600529
-1994380746
-1797957885
-1206108638
959958637
517634145
-1855054734
-639392669
-557102903
-370313766
2009839747
-1698360233
-1612425371
-665696074
1128505490
1734837908
1835088309
-1030734812
-52437296
1682578721
1027177042
978194862
552715314
504045661
-1172540401
-1026514241
-808893012
153576992
-339045302
-1375496604
1181251743
2066122527
-149950845
1597058902
-846339441
1200260756
60552498
861566520
-874016744
656396318
-581211180
-2039397348
1324099362
-491474971
-206117306
-1060507317
-67737517
-1592940287
1818847575
-1858950075
1947390917
358501916
1858601112
1115340038
1068918008
-438009771
9198965
-954976117
-7300598
-474072985
-2084449400
-1222711149
68827685
1676688906
1872053804
752053162
1638240055
-1474924135
1623055185
-2060332702
-506722584
563907572
1396541327
1866938083
-798986551
-286754649
1268107132
127018918
13385672
483241547
176036418
-1488599427
-1406030612
2050173228
-1863380629
2091385558
135489853
-1907626965
1143867902
1657232959
-69314301
224144358
-944577840
-142014932
-390028749
-352090091
377635859
-673692168
2113720358
1973876535
-869512142
-1362324183
2074017420
857426029
-1068976671
1714144760
-1452982369
492527524
1128713071
151132175
923513243
1562611706
838384478
-1805503596
-113248404
1509800026
1269244469
318460006
981928105
1910507112
1710415251
-2041311835
211520705
-1875213404
1066957959
-1604534920
-1938147981
997052617
1619648799
-2114705143
1958005891
979874678
268953406
858132692
-1375999830
1086872080
1773085874
2023419169
-2007335475
-658671131
-838330747
-349916466
-1751270286
619621269
-1285795949
-1295212462
907474031
-727144019
1838644317
713185022
-913543453
1730893204
689197083
-1395866492
-1710656662
1792583338
-1448956137
1356964029
1485630603
-264181843
-1776965064
-359627866
261709685
-1041570209
914169820
-356853845
-929027349
-830670491
-1458039317
165817384
-1838333573
1842741362
491397416
-152392660
358077173
15975076
-1649447478
-1580745345
-2058381029
-1032433875
806370635
1889864677
2133179285
946226230
2091773311
-1904311132
1626046247
-2116149249
57728231
540935748
-1808780251
43319370
-165691322
563988629
1602951205
-1521781767
-1069662859
-780484362
1920278262
-352238858
-793125005
1311934163
-163457327
971329618
1818867648
1918663791
1883626446
-1168180560
-875151126
1357266915
-819163495
-1935499548
284263
1234675813
795214437
607723734
-1705552475
-2071800883
61953567
721198764
-1202996129
1747519573
-1638470425
-527781336
1309464626
191196832
-1997981253
-1873877939
-1610785936
-1246042115
-1835396491
1699624776
611576626
-1229814548
463322615
-1308169586
829029043
2076991456
1978937763
843439425
653035484
475848774
2089038353
-16436521
1275301146
533506502
-134526213
-411165187
2042510455
491895752
2023805564
-791546440
1952405480
-795048647
-730240135
760019150
-2038023453
895217806
217824095
-1081646237
2061920565
1210559496
-2039593202
-892355866
1743304465
-829410759
-267277548
-1013746643
850288235
1711822535
783917854
640243678
496997766
2052348784
-290810710
-1833744111
-684426548
1416024398
213422337
-805088717
423651805
1649658459
-721419676
801774637
485821929
478617398
-1503692667
-1441582140
-1521236670
2079509798
274548792
930464066
-1374082516
213299295
614134378
-1364814250
-2120755977
152247940
-794589615
226670136
28617551
361506157
2013360869
1568128016
-796372782
-1187286487
878410638
-1314798696
290360547
1353393222
-1860189154
1481422847
461748669
1316229455
-180410368
-1409209072
1840091339
931019925
1458196658
-937220461
-1003100106
23758642
509951856
883651059
-1725745730
-1399268277
220020273
-1175816672
-1292375348
11427220
-1871156266
1926077878
1523514824
-558672872
-1953146975
-1072775330
1938109608
1327032634
2074370019
1934043252
-208403255
947055606
-18102279
-866767382
974789633
-172874132
-2111653512
1076193131
-1162156300
74450847
-371284825
1674770627
2092935335
-173759111
-376327123
1424788861
-1384515758
690772754
-967817205
82569933
-443501959
-1491957967
478063563
-2049950800
-371341763
1693134610
-202933255
-709002415
1679052783
970819945
-1060213038
1379770798
-489949211
-1113737818
-1717930949
2002089595
218600593
-575396997
-756195084
-2057753018
1478126286
1834315419
-1095853811
680211931
1227923325
-1359629629
-1997443688
-112078871
-1024151984
1877908477
653730207
964061413
-1928005147
-432031965
1008192088
1286325550
-200685290
-85670238
1834778263
784756081
1957512591
-256499840
977832323
1524956494
373051296
-1803332961
1861653644
-629393349
-1485817005
123250242
747240604
1410664616
634309313
870589392
1480836748
499699044
1515125153
-1812513320
-1299323175
1634375999
826699297
-814853547
-1924738921
-32356113
-1635998984
848792882
-289243227
-559377609
1719541435
63368975
882209313
895579973
-316978064
1717402693
26297630
1392815451
61065568
157669415
1688332436
1824128434
-1993851855
692637835
-575299945
2114560410
-1055258317
54566280
-775341620
-585166107
1648457722
1448728960
1926582039
-10556027
779623980
-851610272
1659915929
709281652
471770011
-1913705178
-423315495
1519919827
-903728235
-715112285
1102699840
-398598570
-1076416645
-1670482814
2032200394
1517144030
1345582736
920887176
-761322502
1669215591
1699731218
-1685436388
-1205236465
553764900
-625509234
1118836234
-2139786380
-247874073
-731287696
-21554045
-519796356
-2062453562
-228427303
-589086616
1848281422
1138492667
-1228208715
2074164935
-1596615907
-1237904116
-1672230901
-1688660059
-255739236
-33272789
1952533910
1203101949
-279742543
-2070083874
-963953515
1567180296
719056488
75117026
1038966751
1947285183
1724203562
314863437
840290105
692751261
1112827949
-572593678
440191211
1231266217
1351691566
708934408
522719377
2010002099
1874616926
-987953651
65333038
1704979933
-1731762791
-426823961
-1935609722
-1150970787
-1765836579
-237449651
1184602540
92577408
-28140295
-346240924
-777071399
-610030351
767222660
6498732
1418149503
1414679099
548957200
-436818403
-1248788579
-1834172277
-99516256
1357977229
1025507668
-733935686
2140374358
-1414729644
-290503238
373690251
-1912164496
-1407601871
-931366418
-226039248
456243061
-514238097
528618860
980917011
-2077623637
2027738691
-81552734
-1576956462
687849419
-1167651208
-50017085
1207040394
731747063
1454651213
1874718426
1741993047
967634155
134070173
1202479137
346700571
-1212049037
-59693248
-2059392621
-1651510913
1110479132
-2093848399
-1524870977
-1990336969
219036206
-756492048
-647429154
-861050999
874202328
-144727638
907277095
-1561275377
-198797651
-525256298
-391353502
-277113926
886962511
-1274577119
-112327237
718771483
-747732887
1114659148
-169475880
331623133
250665698
2011235029
-1454598355
-704690795
246219598
-1719639148
-1922242930
1405224382
721683368
-655156184
-934593275
904260094
-746209218
-1863702574
274915045
1513627054
983825900
132069536
-86926817
-338383975
1758664588
-688377395
-1235698989
-1363437310
-1057220948
-1363319705
-1499450070
-630313749
237708162
-1343983054
1554126946
-679286892
-778010596
-1775502644
150052650
-1509757375
404325083
-1805486319
1274179887
-162795712
-1333115871
-1384847680
-1672877578
-1336032726
1020785481
621294686
-702711572
-433371032
2041513687
216691546
-1286705478
-520465927
-191906832
433544305
1326762974
139889265
-1713465076
-1948406700
-1553996681
-153636284
1735256041
-1150728057
1836903775
-566515644
-1378854206
-1915728245
-1225734530
-715585688
-1558949696
-511741633
-1871473059
1199004878
1334472113
-1127987070
1691486969
971389442
-1204717321
1761244957
-1050586151
-1166235776
1972156354
-2134193440
-152032926
-1942045833
-263637375
-1854293238
-1980730006
385833167
1248441749
657778925
-533040886
128997997
-2097664697
-1188722990
-545043528
-1049383243
-826860292
-704132839
2125377428
1336158032
289151399
2070267300
1992537857
-1892351698
713052030
-1701419658
-339531913
-1640798002
-1265964305
1300712598
-886700650
-1423606083
1319410901
476240953
-894904705
532062299
-1631408665
1385280287
125379167
47773924
1774933360
-1079422915
-1189082036
-1165975890
524044100
1171241883
-975301805
-56835921
-1076384526
1295407487
618221777
1983359042
1619721782
164383691
1321256961
787387178
-1509528399
-2023029341
-862151978
-226580010
1504892635
-1614416558
-1750321141
-1842047514
-1054902728
1854957677
565237367
-522158866
1021295817
165350969
-1005334107
768107384
644158917
1490861129
322812836
1110391887
619150728
-529507989
1399601178
-1851316230
-1423235893
1825313477
-1969097569
1003071622
-501181675
831799098
2033013319
-2041000567
-2109735823
2125370641
83334272
-1250386846
-1906852255
-1755277864
1419225375
1021327557
1100036114
-863087482
1128324532
-1797877386
-17927728
1352464863
-547940827
-255421100
-1917433924
-1781617892
-567174
1467167896
1131154363
-1927039286
1935458805
1586737759
-196422991
371665906
-168347291
19204709
504094958
231423865
-1182108997
-1455067374
-247272984
-35904566
1241585629
-801430598
-888006870
-1378470223
-1408685382
1234712353
-1230828916
458664330
-1790184291
-310320580
2062634916
1781270426
409278150
1781698366
289796220
-1937883460
1692504118
1514523858
-1702157948
14421567
-1228354358
-1543130716
-1332070198
2020999182
-21032565
-1294240731
1679123560
1370312721
2096224836
1718958735
713151548
77555155
-1561068461
-130324697
980306654
1052558437
1287168708
1998054593
1337805262
-234580863
1278834587
2009544585
-1487635
-362009359
2135264880
-584886785
-930297554
311180593
683402305
341085763
-253828467
-702316973
390957187
1020590994
2087783743
-1885794782
-1592736902
-1476964336
-1987506646
-1817782134
-1779446326
527038151
-80343401
-839470281
-929895091
-230960657
-1510557915
1896025979
-2029057243
-461891217
-122583552
-1791596940
2141132565
-1966924381
1512035411
-984431763
-616575988
565834336
-270582022
48042116
1701489154
-1670166988
-144415108
1256065421
245774599
111143410
759511608
-1140524746
-194057831
-1045574548
1409303261
1096197227
-312662475
-247959934
-741760993
-1034614789
-912102864
910037851
-1338135129
-382546821
2134929862
-1035915022
-362511542
1265603690
603641715
-1208884012
-2072984451
1198033046
1177858689
-1502383833
609710856
-63256899
519113442
-619837970
436582650
118199926
-2092550593
-77768054
-522920484
-207321007
134312528
1276173187
288086825
-1131420867
-1472638866
-1369804664
-767474692
583271466
1952630373
1953832628
-605588469
-994929681
1952839823
-193131758
-663209516
-1971669140
1768755485
1013358947
-963350507
2001444339
2096674999
-2105875682
-591447424
418845155
-9763768
798696119
1562630575
1820979094
166915090
2079239972
-380614059
196781692
1674551304
532755356
-610393162
559687815
1115966812
696307617
1235642712
-318379062
84552021
2067213120
-541834246
1577575004
-1667771034
633932695
1005966789
2110491778
-9277316
-218354793
-1066820159
1613859084
1689119127
419126539
-1619386742
529352703
-1744345188
-1223871015
-937378750
-271137932
-60958104
1269943686
377750985
-1681628481
-1359345368
-2069868801
211082539
889023442
521712103
1365598869
1181823834
2025301731
-1723953560
-34622391
-947238116
1511594061
369578549
-882369975
989312838
1709241523
-1113721353
1200037818
-499152854
-982961301
1159586824
-848169032
1970232397
-1404804328
-1493050810
-1287316326
-588691363
-103701352
-457272022
-1122820230
-603796895
-111480799
-84633576
1434610675
1522744370
-34600794
210085624
-1650654164
-1879934679
1299366271
-393231100
-1122928363
1652534041
2121235016
1830341859
-1705729296
-1387040129
1353118984
827520503
-1425547757
-769663497
-1092818283
940825330
1224724459
435414258
-741277385
-493038161
-1820067772
-1669375578
-763491957
-1100168129
-1893756218
-732985787
-854219350
868256577
-455045950
639363441
-2064859510
1055451509
1281987374
-1497512466
-1309709405
-1041141613
-1895269138
2112125337
-797364011
930985817
-313354923
-1102852200
-1428638072
-1870718750
148671210
1041809874
-1097572331
1303811390
-792983954
1739873697
-1091083164
-920934594
501034525
-1736196154
348474581
-1954929777
-65627852
554130333
-1066664349
891712777
579499955
1889206673
1055568135
1053346377
-242486684
1075009745
1948678489
-835385220
-903084261
1833746499
2110474365
1146001277
-1677630146
-1424831816
711099964
-1856742622
-1124921721
-1685665183
2134288753
-438145581
755351560
-2103500926
-1087540570
-172199845
967337839
-1849672091
725134589
-1085504766
2029791371
671850640
-996697772
82852827
-2108115186
68162873
-1608423516
1290677849
-703199084
-1102437127
1785946793
394516520
-1884249372
1603960000
224637384
-517667014
-1024587148
516133897
-1849436884
-1492972257
-1963256526
1398735438
1535918129
-1098689639
-1579801215
1053702077
1547482629
2058495599
-621571711
598838570
1439911052
-29899135
-1507149165
766238535
1920350596
-1306322404
601790747
1156065555
1477103081
-1153528177
-1455636344
641323408
766919579
-707199234
2006589328
17277112
1508589885
-1271548811
-56295232
-1430483023
-864995233
594793279
379064115
-612833217
-1895759394
921618808
2014471073
1148282745
-622568310
-1071738143
-1896555109
-49195073
-1195625974
-1307056653
-253407980
1271911915
57394684
1496948278
-1155780573
838317509
-1234881696
-1164576814
36309254
296008124
-1938432970
8089702
497913961
-365948461
-721965212
-1419091688
-1950070808
-596552231
-466196259
-1107188244
1553150162
1020817116
-551145472
1212016217
-1747080400
1891115999
-1132775363
1745638169
696041733
627064266
-200783874
-202707648
1709793750
1176598177
1665419715
-849499504
-1171238292
289712121
-1187689585
497093387
852415704
513928358
922849410
611840968
258165942
1545316793
-1823631161
-2139364598
-166894666
1879880361
1335378863
-13381234
-1391627688
-2030568241
775188510
-1297656541
-1276432138
-205810153
-1215185115
-1217865600
325580039
-814755084
-998482704
1248525393
889257633
-1154029676
-619318302
1721922962
1007327807
1238392917
1137192446
-1867055840
-340452668
1543974262
613640328
1778829
-1697058881
-918014447
-1574797845
1376527411
-1871225872
538617416
423021021
293074571
-1498312693
-1340969793
1989004224
-539405121
-2049954373
-1419207863
-1449915573
67004541
-1173260567
955031269
760161129
-1113045235
1704242493
851215083
-719120543
1967032741
807232996
-362695806
-21670346
-961308932
819058068
852685652
829558864
1667985948
-20752179
-1414301563
626967387
-775937412
2084617312
-1842191136
1613701230
1994131789
-1293546956
1651314003
-1354780560
-95176684
-1688871353
996787357
23845559
-1485955976
-1614510093
384310597
-1427426831
-1079831204
1010662258
-2002856243
968633159
-641350352
1192220580
1565452839
1625334719
449918340
525796367
1284925800
1980946401
-710729762
2069932838
669329083
-1092636259
-2024149044
-1795058483
-526362985
-1317171093
600330811
-2097208036
916562228
428142516
-1178474998
885752675
1645303610
589467504
-148250150
-1926320787
258129339
-290389233
1776665383
-782828791
892642659
-450770276
1113807516
544200133
-918044434
1635539488
662882722
75868412
-153129255
-683953340
2141865273
-999666157
-50795940
-1095142087
-1462586869
-809666305
1091573654
-1168144676
2126081470
242280713
-622305526
2001190676
1683282313
-1269276203
172182601
1149448062
-1049724407
1674686624
-1076501519
-1548159668
-1877032875
1485914568
-228006699
-1234783126
-1928081329
962857617
-1625331587
1393238241
-766650307
1166002981
-2086496560
1327839872
-611267177
1409739996
1101553935
-1669783880
125084450
-1963622210
1211529221
-743074617
-990229443
-1845419451
-1486753412
-1432111079
-2061688454
508412518
-1705029389
1119642858
-818054544
292921042
-792860787
-1131066577
666538190
-1719473800
1038401355
-1219376202
-824246093
475915342
-728332931
1734476684
1285847613
-1743096495
648358005
1872538014
-1459062688
515667658
1851071614
963027618
-1846210312
1337608145
1249606668
-429560009
1415459360
268001558
526481204
1046992970
-681254716
712569311
2803294
-251494980
-346600332
614123852
-1776020424
-904647871
-2072130437
423301090
943297261
-583002229
-2146297296
1372296518
1277505686
1554674086
-1983947637
212842056
-806936848
-1658462043
-1495344902
677519139
873636431
1808193918
-342991499
-2084704766
1503943634
683405106
1509603279
-782698042
-541687080
1469612336
-418787761
1718960390
-105201230
1613851643
-298504833
-2115254953
-1121408615
-620650486
-367059133
1960007372
1628107234
-486096146
1299816236
-1849027648
-372967824
-748405062
-1451769842
1760600274
-2096289431
-2095225954
-1854449969
2048023856
-1599050709
1394442197
-1743126910
-1939466472
1602061185
885985729
1709296051
1745290396
2046237457
-1880000429
-438881020
-386005851
459148313
-1620130384
1325608696
-1162908615
-2037589158
1693030417
-220116722
1828840448
-1338465709
-1143661334
245065233
-1227417084
-725952590
-848846258
-668894802
1404521399
-1412781305
1088051857
-431674042
-115545030
264497082
-177261010
1026194949
-488772900
-712731841
-136316949
1675339827
-1308336672
-1127630201
963110714
903869386
373331330
310846137
1976288482
-1181075897
-2076517572
238866721
-1244011042
1261247941
581656901
-1945592216
521574533
1626380614
-243063207
1717651718
-706267158
593818196
-774319681
-280249613
-808414843
-330994744
-1627862136
1756526244
-1518108398
2015721961
-1725426412
-1718460619
-88283463
2032199608
1570612698
-382775326
-1968415890
685276553
-181514137
-1514785093
-1796782182
695860437
-798788698
534357656
1864646650
1110148430
74775650
475075657
-1386951481
1746908980
-1121748215
1173500690
1383202583
-1004984601
-1812508237
-90233770
582121603
-2122779204
-1841938847
700149393
-1306081016
-916610029
-802110071
1602547595
-2094840014
1192521896
1855799506
1422736842
883738230
1953552681
-1781623269
-245158585
-997208096
163778569
116447937
407071589
-1994374931
-1352696940
-313104607
2057463326
773420217
859214402
360980059
827388543
2096454493
1562224719
-1789661607
-836737451
2106794898
761168522
-1603220465
-1073604312
-563324263
338477677
-1629507581
1072267368
237086303
318603117
1149064976
-113812762
-518619685
-609312365
143706982
1642569605
-2023390277
-634334900
-535889452
1411588913
1609393982
-1388310404
-198453431
1064380942
1724936035
1189368024
1838799511
-220964876
-2034297789
-1355506828
-1952395654
98677787
-2029499717
-127099493
-1723777063
-1399344110
586180173
873311966
-366343093
-475627018
-1552304825
1388422255
-1583754020
1882845663
433601317
-1924725329
1721653519
-362227043
-1199821517
-653036028
1606417959
-1418410589
1228215670
-1462605840
1816659618
-331339197
178896844
-860656289
-416006651
68200475
1686066514
1104984383
-1479336737
-1625951025
-1840494075
-2004113835
170895623
-159026952
941228203
649484110
-1373333977
-861562789
-2113779469
513721364
862087806
-584859299
430185435
-1225209757
1798089696
-121512010
-1577239983
843712411
1917737218
2047950437
854364701
1178843607
-1761201420
-1295358749
1132170493
-414992835
1269799662
1570872218
-1018515951
-2127868265
670369870
-1166359656
-1570758279
42979363
-609920287
1775662463
1767711292
1261551014
940936545
998087616
-1526113685
132454086
462195774
1125121032
91332997
-840548199
500118688
-1502780423
214547741
859595640
-1447116883
-1254593251
-887683142
-1702669799
-2040783353
422382615
1403265533
-1417392676
1168574360
-202088677
-1499721207
-794411931
972538769
-608014433
-1506970338
817046122
1323232431
597810002
830252935
905574349
-779700801
840734797
-1565129034
-726587155
-96112028
-936359800
251638189
200235320
231303192
-1502621554
-920884322
64305924
-1673385104
-1910823564
-1333295915
970756255
-1335095901
-82737657
-789844523
1055763108
1537629772
1628541764
794220737
320731024
-1350204050
637402124
1839762686
1846507668
-589416007
-350965736
533483797
-1710084180
1549227787
326225449
1667927773
-1599743249
-110880456
1712767364
5674456
-1576300248
-1637826802
1883325085
808165341
1685853094
1671944595
560279314
748878839
-1685001904
-1273574512
1742171354
-127433843
-1698982148
735853906
996625598
197705154
663193856
47417519
352788487
-671984354
-686259704
1985765703
-679742088
-2039299219
-954162391
1607351563
1612165502
841373671
-492412618
1486569731
-2030045787
-1337328752
530840402
-466700725
666340174
516642786
-250657082
-1110488226
-1278786145
-165526616
1383195668
-829577834
-574714182
-1688626644
1948725580
1758201587
-1718414288
279699604
-623473251
745802779
870991543
-1166385784
1058390574
-1531197791
-1018257125
1907066648
1015587886
111916937
268298866
-1511527715
-678411223
-89428469
270329747
-537201571
-1897054563
-1821192553
-1041223736
-384879181
1759379917
1310344729
-75425598
2094274159
-1703207724
-2115736195
1645276621
622136507
-912200708
385868149
1126950468
2066269374
-824756656
-903327111
1347456838
18930244
1788645487
200937743
204971177
1745422494
-779839325
-1908696500
152261934
-468781882
-772448207
1939138714
1490882038
22672839
-968780302
2137296058
-415602379
-957579429
2074232354
2145309452
-152351708
1046418133
-1150532745
-324830962
-162742212
970906177
-1794470539
-1950697694
244069280
1540903369
-704100352
380805779
-1427518246
-2024234151
252319794
-845009959
538953162
1941346438
-230688146
-1503183588
854589914
-1145157973
-287971915
399097078
-1892134026
1722341717
1853542455
713390461
302064827
970727136
-1686443731
-1982251136
-805210258
-1543259295
-1067246619
1381605903
-363958225
1859134918
586231838
-1398131136
-342105875
-1429875908
1148525461
849889072
-1529444708
709440720
385702111
1287538248
1463283237
-189109416
1911641977
1120369601
-1484835682
440259988
-1353033443
-1939883159
150542010
1526520975
1045188694
-403496538
1790247811
-344153525
1407554646
312351931
1290544710
-379685220
74808839
1429096010
-1954898995
-1699203500
-1899543969
-258420455
463095507
-2072971104
-1248879112
1044614936
1779562420
-1812943183
-1412356641
-758525022
-1694311580
-1137206882
1911837099
1555478019
-2136382047
1482472072
-141716783
1480751162
33958508
-1547656962
-358806217
230233599
-524920140
-2060174429
-1514617594
-166969338
1300944980
-1943433458
340481476
1618167685
-1326967488
1073641201
-467761503
-1591755276
367538682
265278844
-955625456
-1003107053
417075017
1061541123
-2078923111
-1784444111
1516193581
-256892963
-572285203
644009898
-1023524595
-523029873
-233390278
-161133648
1202509106
-348771286
1273074112
-1205671090
4141944
13811953
-400700252
-1413561686
-704773822
-989908162
1689821956
-1003025526
-1534467410
-1887144283
1692537675
-581372136
-1714298103
-1924079271
1219643077
-176597015
-433885051
895094734
-150153611
-1635817413
1251073833
994500256
-55375578
786378878
-446781688
-1348165965
1492344511
-386575851
1357566389
-1812404326
947256539
-1643234723
88951541
-231494596
-1366634343
-830537235
640747702
-1994689100
1582791087
30833695
-380027328
-2071467911
1955615429
-577684785
1834553002
249362366
1632185088
908298850
-1091603826
58419995
1428128988
299411978
1968129279
-1107191187
-1765183938
-147405753
1973857211
713131001
-1557051959
1300982704
1136152221
1971298519
-1812463248
1983684595
-1416883628
1239423885
868010571
1152818969
1583630937
-1793176327
1042416046
-913373426
1585419806
-1719360652
-1468726409
-134608032
1224662403
1490638900
677329320
2067186503
-422961011
1784059634
89937205
1482937316
331746905
1393228748
823836701
2021522125
1515689806
-769029268
-1750557506
1918778569
1733422737
27167080
329311845
1839578327
993963709
280023275
-911112412
-1981710475
817305043
13472661
1259108072
688954910
1065389167
-1776901472
2095265738
-430199021
1888349245
1814668867
892158885
-109812386
321534378
1176037210
-403751192
-1459573485
-1230453538
-1795911866
-582875988
451200985
826402280
1288536593
-994713592
-327930456
-2088581061
1393112790
933201572
784938451
1395259736
-1670368673
-828266356
-1728066487
531738316
-606664689
-526440122
1796192023
-2124155043
-170130174
795825702
-859361232
2028227456
959572338
-1569804833
-1523656848
-2082655987
798119004
2107379037
1940668638
993519157
804832611
513496530
-1647795407
1261389747
1232165107
1559486479
-1361745259
-1393662399
-1529568599
-109948652
-100617298
-276922547
-1115928079
-1493523479
-133696804
-909161236
1402096880
-829391697
668421057
215998734
1750535588
1042880753
-2125964033
-1161986061
-69694134
121336127
52134982
-1737413155
1448573439
1412980733
762502797
223077383
-63114582
1683874168
1892059294
-997416747
-1135729384
-118111943
-1564613672
-27605172
-1292293528
-1354676066
1322378032
767721923
1701365160
1012449957
1683530872
-1039655974
-507320128
-1923159797
115005924
1434617771
-372235378
198545045
-1801992248
-226721216
-1064804014
-454944084
-903554394
1654590276
333682764
941992495
-43902616
912204796
1628655523
-1732908668
-36898839
991168887
-197910647
-1107231760
1087327673
-1090888188
-2083221605
-1539832791
-1505725151
1304163811
1184954253
-2122243544
-1607805340
1968913216
73025030
-940901822
-1320656056
-841196196
-180891192
690559353
-1681078572
-1930051827
-1842177773
163695375
-700691110
-1246472088
-1212509365
-1429523620
-897922889
-1181220933
-2126710568
1155449825
1680733400
-1602826815
149726541
1774673052
-1421664127
1974866192
447477707
-438325603
-1105191351
1868203222
-318122585
2069607384
-519847448
-1655128380
-29772982
-1173270467
1973054901
-1196816311
1325975385
-1023315963
990868585
557389571
-783234027
1763981135
-332639448
855464050
210432771
504370922
715327426
-1127037714
-1339298098
-901981580
615581493
-1442353702
580663148
-1021246557
-920872842
1769421594
-1825706880
-965146910
-177825936
-1918792767
-811337217
1324170527
1596384332
-1079267825
552887061
-465264925
472515315
-687971686
-383133879
-1247830878
1900719824
-1755586870
870774239
-401102764
-831887654
-751893879
374334333
1960133700
-1298647599
-22301381
-1337649648
813148967
1051015879
1566809580
438598384
-272210577
-497371679
242330312
636771137
-1806278687
964533598
915545039
-617766244
-732866716
-2046296360
983827656
529624047
-1809338852
1824567498
1936489078
1607465121
-991822409
-1528948654
2084757257
-293243399
-1622607098
585697079
1825636823
-1988938560
1215266511
652277292
428410443
975320868
143902689
1039343445
975062557
-226084642
789203559
1026178315
-529685821
-1777953385
104177793
76869852
-2146108889
-171658873
783577104
1170020053
1589686937
-364001185
-1037608495
-450197246
1244762630
-1889515927
2038318509
-246409419
40653930
-2041901076
299737166
-1444301050
-1213745790
2062506708
1931566581
230633499
329572806
1288961682
-452143478
-1171339095
-2140568938
-1421648319
2039729908
1008186938
705812915
-2024058615
-593869910
-319531344
-1176199184
-74928952
-380778358
91256201
356096808
-1822533906
-1005284887
549986660
-832626830
-1018036312
591100650
905958851
800714643
-874058944
-649224941
1171193105
1293824180
-915313213
1603620125
572657383
-1139317420
-953942813
-420507382
-961950070
348169087
-339674081
-2045222019
2101439928
959281727
1046128416
942102597
1162712995
1551317587
-1271087514
425293370
-1227708355
-1819699682
-1129194973
1421761100
1897960374
1275383010
-32471193
-2144602152
1708606018
-1204103891
2140836732
1178438205
1408132127
632306323
-1082447469
-1655206993
664273366
1424007836
-908679521
-537672374
-746238784
-2137903872
128534400
-1290417046
2055828427
-2147343599
1214256484
620331321
1309573246
-1259820424
1105835114
85090953
-1970503622
-1678217437
246610055
1888209635
661880257
1733982334
-639802195
-1998099745
-1745023236
99982816
507246633
1985516725
-698189064
324292167
1854205516
978332948
-1623147471
166895432
1659720781
-1986636494
2143544083
-1880500416
-598894227
1435247139
717724861
596502223
-1925415588
-620694162
2008211975
-840661625
-2004877093
-810792227
-978251066
-886774305
940194978
-2028597355
256573774
2028614765
-2102246781
-507193755
1501999672
-307079596
1463250126
1596620130
-287517596
-1192912134
1126154231
1631393971
-574671551
-1254402818
31998582
1362310824
-597969589
203066985
117993198
-323497711
603685077
1993690146
1236804753
861634509
907448584
361764007
242858434
-1437744992
942651691
1921953274
-161475333
-2117965750
-1710373852
1186612952
1227026416
1897173204
-1070963139
-1866170576
-1416517388
1308203308
712509227
2123236307
1377257116
-1121187340
36415564
1873719655
889754017
958362518
-1605866704
325612193
-190879478
-1161061989
-1099006885
-483570254
1930736778
-760316099
-456694201
1081365761
-696477402
168438074
-733605713
-2145358053
-1474374630
526133482
999354378
-1703466521
1312776189
-1705360237
-1108268715
-338359010
-1242970077
1554043132
512339477
53485561
-560738750
569675839
1308988572
1867552299
798115415
1321413091
-845336438
-1917659119
1235569866
1118474282
-1187663978
-1115334105
59718352
-2004818266
1012350606
-379062338
-1308885744
1658568210
-420349284
-222706453
-415977336
615430494
2007642826
882740162
-931812942
-1635323893
904445383
-1834194748
-1686418974
1533649337
-697014293
-1965999467
-1724102927
-105771267
1579531640
-1304504079
-1727117024
900959096
1201059106
1042171617
601621301
715267364
-557580592
-2001644503
-1344132886
1670724849
-659686748
1853448708
-1931810937
-409105264
1902353465
1538866962
-1395276595
-501246579
549568043
-1666953583
1634994198
-1590499933
1372957147
419196619
639635897
-1343873973
-1837508749
-368880945
408437939
-146948714
-995087833
-155499677
629958275
1204608572
-642962242
-239174856
-1265198764
69467379
733745744
615748191
-2050534303
-79454971
1348173649
-1965511429
839777940
-821725668
594501325
-309960392
2117996400
-1907864224
1197754357
1311148155
755685937
-757609533
-1729808423
-1473613861
122840882
-1463097957
1468834678
1850678222
150077325
-1918326928
-2079971853
-2143972569
1994739464
-900957161
799428391
1262511423
-1273282513
2021670911
-170764706
1795612530
-210110788
1842591178
1558820189
767665613
155028543
-1650577377
1996484514
-1759796475
577991418
-175078211
1523911151
-1022524502
-1190223091
1074437332
1197438473
1108947099
-1003555374
-959891825
-803047747
1134427324
-1728556150
-1397380107
-357023709
693467622
-956524744
-1209347343
1051154470
-1416353505
772099277
1520388782
-1810957501
-1209501174
-1204245116
-1814640088
-1808889456
241552800
1298628239
-188660736
1820868607
-1399820256
1627895283
-20450417
-90193437
-625295804
-1237710417
-977950916
1733899955
821225909
-898183900
2053692434
-33161202
-693890881
-1704935248
1112768140
1350061055
1124375880
-620578917
-1611307853
-1622734975
-1214832898
648493110
498849130
134214981
-526248753
1036483137
-394153720
849210546
2094422430
1015113613
1720782631
1752532268
-1667028942
1239057122
-2067765829
-114642536
506587762
-1173366494
-1437430427
711331872
603146191
781279405
-689817847
1026093619
-1270208768
-548836601
18261661
873160911
-1065838859
-1078522696
443074372
1486856450
-88222971
-1720934541
823979163
669711533
382981737
-621690246
-1492724399
1989923723
-269602067
-1072005824
-822951171
-1314834319
860036836
-2049218481
82295595
256417494
1631776347
-1715666836
1545881015
71982230
2033281938
-1836152840
-1174913954
393610226
1712833191
1327176344
-340557935
977000923
809301140
-827730152
1359651980
-1671369617
649987419
1346126732
-1060114265
-905998909
951998847
2131513272
-1661979156
214841059
-801376586
251500977
-1316461336
281220886
-384132133
818665667
-1562253370
-1060449434
1085531177
-570781035
-730785127
112015966
879356326
-1238860149
-388860680
1772285973
-878896420
883637099
628635855
-1916053909
37566414
2088647490
495172212
-203278958
1882761770
333056392
1533187576
1888020688
244100282
1182224258
830039487
225383298
-1313248
-942458137
480955987
283320931
-1072112958
-1140774202
19067764
-233628402
-43312638
-806369626
532458099
-37057599
583584434
801498094
-1579745857
1493333347
1893538503
1163779463
-2017012288
543472071
-1697720756
1881948607
1014618851
1580485682
-2006718056
-1253508496
-56826635
-148893158
-190950718
2015384417
568953781
178154032
-1615710635
79921899
-1855738717
1623957408
754715456
1512478943
1854470686
-1364865641
882446864
-1626081369
-1962809427
-836438267
-1414296736
-830751830
595888028
-1705617756
1639408015
-515394315
2089758154
1284385591
-1296352845
1665324823
363457473
-550271977
-1279975474
1882014539
-46450169
-1059204629
1926316607
1812222172
1928159923
-1347141706
-1867222917
-401066043
1885831490
-713353194
-1915006724
1946108311
-386520149
-1598309687
-186482055
537961631
-169011024
-1825053068
-829219754
621768007
-1471391882
-1985914209
-95272355
206576060
-1647776681
1486558724
-2075541586
1261030353
-1727928585
-6703864
2106252532
640562466
1739081109
-410209143
1087104473
-625892996
384907683
1905433818
863244731
568247164
1812963735
-1919526645
-1380924513
-1507317899
1961544707
-1177272723
-1333111451
-1532792681
-904538141
-14055340
-845290947
-1107770292
1466713653
-1829155810
881116249
-1605171227
-1712484145
1520314740
1162459620
1264833653
-1329931668
-1106232625
-1999182542
-212318979
834079751
-337966530
927407160
365560521
-914689172
-805859739
-474465475
-292932583
2136225547
-1243974712
-723292463
-942001918
1243558670
-1941490103
-1935955714
1820336790
389616558
2071777007
94483901
2019815490
-1429684030
1817770472
-230645077
943923063
-579703144
-44345135
1847356924
-254768755
-931993592
1900148019
-37211985
-1686172701
-614668859
1720510288
-1369950205
-1450928566
-1618737418
-1479596768
-1317551575
244661155
-372883707
1854848406
-422489542
2058102982
1428016309
-707328985
-1928081558
791848357
1416826490
-1966903156
1926095742
-1909226319
-909719548
-1603127611
-990098309
1414243451
-2126336740
-1506157727
1304368543
904816542
-381205068
451758076
343206805
1352615645
-227836104
984491017
-927268893
-416292473
-858554582
377845201
-691851354
925118498
-1333163283
1375129531
207184257
-1017856696
-1914890016
-1153266227
504123091
1057032395
1182359214
-347084942
1652370471
-1023248097
1495658723
-360720003
-1306729232
921861881
-29800509
2083925102
1792335477
-803418317
-353485482
-1409934605
1015313930
1379981042
-78980921
-926655312
740011648
-659304950
509082350
1851300162
1789837534
2074545056
609140779
465864577
1801815120
728531216
-1554404491
886521093
2045043039
-993165551
-1965756750
-85495317
-771767198
1009133847
1071277128
-484983591
1952465715
-80069896
630918643
-808187074
833677862
1172178130
970009817
-1183327778
1641636919
-438779605
1051936475
-1560219251
-1503595902
487827800
-1451119315
-1146442694
-784570633
813394979
-330475480
-242612689
1802802765
-332404057
2083531870
738394006
1819112759
-1795661953
1209793774
-613150146
-94022443
-2119150561
-521740518
2113716127
-1169755539
1673791617
-560946410
1678801691
1868582490
1310273795
-1306098142
584545414
-834961853
673918607
-60329510
1114834664
1073082000
770712828
815553740
1532219265
1749403418
-963734605
373137483
-869551860
119826209
-1572776811
204953474
-907655353
-217043838
490874140
-2094261301
-659124557
-1991837143
678501824
1245098561
-655309672
-511823421
-487474277
681606803
408142668
431232184
-128163761
269209371
685072051
671203416
934112295
-2098309586
1027179785
991181140
-1911990660
-1138137931
569649118
-244958609
536832089
-1420641796
-2108542622
-1430537612
174783841
-15074102
1994787298
972774762
-340955407
-1721486928
-1896320622
110183686
-1527181951
-663240026
-611929460
-1354107808
1544014927
-483857453
1935896344
-464831767
505316158
1956618667
1973391406
230447772
937945850
-1404222401
2109020216
-2146574988
1623242592
-382094385
-1807360485
954519069
-574589923
1244961444
-203656072
531908590
1197541268
-1208942564
188596526
1984664085
1314979845
1608415494
1388185891
-414303725
-946139414
-806057681
670331972
-2047942293
491738788
-640021955
-1890300471
580694677
-1660850601
-2145670214
-1780251459
-824266439
-1378336751
1069670515
-88461123
-157853287
-358931151
1825033475
-1334894849
2040415054
641328390
1174014890
-699290730
88390454
813922742
635263330
-1332647181
490047660
-1937129631
1739227188
1501063086
-848342534
1634627973
1785598663
-588973946
-1759751157
-1825039709
-1775252167
-428051802
1996579172
-636233182
-2131841231
1658862634
-1050059691
-1252842380
-1199824076
1891828448
1276223595
2059592055
1276233528
-934012078
-34664664
1693158685
-903697802
-1571599356
1441444853
698367566
-308145020
-192968455
-131058857
943503372
-418960990
590832508
1956084065
-1840191272
-638189485
-1471532516
-1823057047
880442452
1978399791
-2124073737
-826400514
236151593
936804855
-579323333
-1265358824
-1889110742
-245868310
-1675524375
-1496049519
1032425913
1240681814
-320272420
2107464404
-2096176535
-2087655311
571412234
2046084563
62202852
1748914537
-1942806264
-1776371650
425269519
-946033736
-1520724269
-874180367
1072204907
-1060600131
-1422977076
1449114285
658080702
-2037370232
96284676
722321162
-626095631
-1325789707
-96237894
7869612
163263292
899228155
1949399329
-965305163
2011840383
155164229
1787043173
-1195179142
423165683
1317276418
548467184
1728870520
1722932481
-158907399
1224064232
-1720028792
829044081
1505136863
-1236770820
-1128534702
900061127
-1641648404
-1366711200
279177471
522509545
-1512579157
642401045
-1221919438
-1463373051
-1308405487
-559829651
-1296476616
1056408497
916550353
-410363442
287013757
-1408542637
1679527150
-701523786
-810051007
435986626
1771187089
-1160432130
1287669644
1144651821
700593180
-1111397790
1669131615
1485407291
746436478
974512448
512710443
1841670772
-1339091512
688707231
1839272326
-191178786
1731348224
-203714190
-1420127972
1337075435
1027169589
248233502
1479628003
807448466
1722717139
-1724814022
230258578
650161595
2019000376
737917589
-671456173
1972120031
-1381877882
-805674884
1309516470
-748222481
1094614459
366132028
-1672876567
-213868427
-1959636482
-1874657051
1470892838
55789561
-893752262
-1778732719
928125804
1959422117
1044152304
-1891925404
2096440433
-2055335381
-1449502647
216419476
-476533546
-1224924186
949100906
516668331
-882522212
1980593471
-389450997
2119223243
773610198
911974482
1256583242
351484594
-940905056
-1786096944
2096074940
-1673870017
404318543
1097550118
526771909
-1033410251
721566185
1294620638
-1556941015
-1661584579
-157777449
-355129530
1849390562
-1138638543
-613329704
-1741650610
-805995469
-384601961
825306681
1366716854
-999552003
1070600555
-1247930813
1218857064
-744033200
-1237251808
78260979
-1765626334
-1965823163
1197003241
-1529774096
-470867113
-989400822
1953571380
-1721660999
-971415209
943018045
-203061130
854558749
-1577523795
292540286
-1965719763
279356400
-504279097
1050011710
-718979806
-93473797
-267750180
-855304483
1115997679
-1485841100
1174097418
1365546996
-1246167360
1435664942
913515709
-35707154
-455423139
-1340721710
-1885429417
388075997
33322855
1028105551
-2036555763
646854282
65400801
-268391090
1215361039
914537678
-1835233038
-1995895190
1161912555
-980508129
-1686926360
-513182497
-1601453517
-196187539
-1599198848
-1464154240
-624314020
-662140370
965569636
1957097966
-1595829783
1147559351
-315172876
-2140168698
-233739320
-1284193842
-1518706872
799183003
1609853947
1170022780
-1302740875
1164615013
-736636038
-1526657754
-1936470000
-177773000
-309321641
-1641042210
-929400592
451238264
-44262109
-221401098
-1803389898
1391633355
-597032304
276653014
-2031616623
-1268446959
535498583
-1319220209
-759953474
-374351728
-1966589349
-203929169
1214362958
1923641459
1666573070
-589819946
287054251
1934296181
-1919769581
-372790391
789087836
1199086553
-635065307
-521718587
2022828167
-440239459
-345030346
1280769239
-1362232649
736520686
-763637285
1868942826
828198623
1910674398
667695334
1405816801
-1464634209
465495636
-571730092
513664615
1254408133
1905602883
2012833897
-531129277
1642820373
1480619037
718189593
-918491152
-1028762803
-558952822
-558660694
697242988
1865344611
727369813
260897942
326009168
-693771504
-1775967066
1422050741
1384567072
-1061645167
-2080131978
1990892187
-916167452
-539347284
2127715390
-1752223426
115965431
1469615600
-1955938063
814568924
95549214
-605863871
-1505963987
-1328783077
-764286500
-783175277
-1038772308
239430769
772330755
1818454261
-1996759040
-862000954
-645392242
-487374383
1261387391
249068374
-553330002
-2016023182
129094267
2111653084
-151344606
287344837
-879484490
-690948372
-796560949
1310476899
-54671340
575560608
135172479
1857588430
-1453003118
538194807
-1787678692
1939650810
34717046
-1291350663
1566513888
-267397873
-2010497592
-834601571
-620444168
2114173805
-1177133568
-280210065
-599244202
-319930896
-1798107648
-635911443
1962032327
-1644512908
-674847164
2056354226
1507154500
-1077748325
-1810362793
1421167190
353207687
1231400141
1013798536
948292627
493748705
213907584
-1391609635
1502411948
104683338
-637936199
-1364314808
-331187575
1186687929
533792209
-1729151720
-460866266
-1545642570
1547677564
591733170
-502992978
125826092
-56835065
946616960
665211362
-1879918717
1800502496
220526120
890520384
1062930414
805657947
-1912386815
704535648
-610024191
1844020402
-455066942
364133024
213080709
785947726
-1003266692
806150659
1863534223
-913250748
-259676215
1296554326
1396796623
295841825
898490437
-1415486316
-26031323
-1459507734
1486518333
554008971
234120057
-908983970
1676917670
937659070
-1009750325
-1022496387
-1038316464
-1646353267
2133536136
-2136435123
1804016731
1949653139
103541024
664665307
-122266647
1249706831
-142869804
-1399093377
-988017131
1727264773
799992788
2023198308
-1349600989
913800934
-125566328
-1910242233
456254967
1868108142
-702361299
482354047
39740107
1612740877
-294020700
824796988
-1950384868
-1275153399
-1577215354
-353610477
733308645
1955579042
-1736795781
-998647111
-262391025
1774702198
1906327244
-2079439858
-660974297
-3529178
2094077493
352521565
-1383075759
1160722234
1872775424
318051810
-1662172804
1026057281
1940415822
1052571276
424902870
-432061124
339134135
1892647171
1329108610
-631248835
1743549461
829991659
-1072931192
364116042
858687133
-1111266966
2111420429
701427334
-347247058
2080719080
-1366502461
940159378
1223403245
1428983061
-1028950622
1928218416
530691089
-329464529
1860378071
1903852585
845575163
-1521205116
1973177596
1242211953
-987750007
-137674954
-1795074166
-1809062520
1563661994
-625722562
567966859
447186210
-231955403
-1975401038
-1886899309
403662345
1173590774
2132177994
746579440
1512935746
380707338
-800611552
-264337632
171399534
-859597204
623120054
1323810947
717663859
1916579791
-885290435
-2030066607
396527451
-2138466643
-113945068
-501736499
-1870035333
291706783
64412302
2032829626
-1782563881
-2093629457
-1737176328
2078880270
-1118393915
-1139363989
2066019545
-153369627
-1322324017
307442555
-542687365
164924088
1644773341
-67731594
241213354
1316776398
-1183350381
276960816
2066416571
1754655985
1709000696
-2033534761
-563512369
-428898971
-691602089
632614655
-503307687
1929912854
-550672023
-425100294
-272398115
334010127
1424553396
759911789
233549049
-1511552973
-1427483603
780005151
609401257
-583742682
352611364
-1302073324
-1291315003
-1050381173
-1972522656
-420764454
-465266481
1963000948
-1512224375
738181922
-246109461
1152345622
1099604934
617108113
1205468462
-1553549636
-123967834
-2083467560
2065036570
988350462
-922888125
-408561919
1476578921
1623822642
-1503648604
869137932
-216440311
-1809841119
1268721251
1948684474
134076776
-1647314691
1092064655
-270113625
-701640207
809936274
1324794067
1528169630
-563170091
-1828695108
946484439
1651363368
-1687992562
-716551400
437777894
1132450918
-526666336
-103996930
1907240912
-82011104
-689724895
-2068403794
669220881
1530856733
918942588
1075440072
-802210254
834466996
326528753
143580929
873686639
-2034264669
751656287
511897876
-1857549671
-421576418
-956186427
440816629
1018326333
99378475
-1500324346
-118372276
-1911543034
-1104151508
1050287851
973303585
-1545529761
1233349053
-607481746
407413971
715172188
1732825280
-1628208843
664147790
2013934042
558511797
858784860
456035196
-114222108
-887682994
507862135
-238287365
-890700200
1088213826
1632539350
-213497071
-577810999
-47101599
1827913482
-1140004388
-368911961
1443946728
-2091924824
1666860749
-877430883
-1581865450
-628130484
-1385670313
1031176506
-1859710466
-897467167
977735906
309528530
831584926
620719646
-142633723
-1941773658
-1941639119
1904726355
1974392053
-2121008318
674536385
132429669
-2030757321
1734835238
-185535745
543623958
247435933
-1597848152
-1355328170
-1836307831
-1169422993
-2021634792
931849789
-1730095867
1922443239
-1691563483
-849823540
50245880
1868645602
-88123778
-1308974958
-2134004161
-1895289899
2042717116
2010495909
1694681252
-756507907
459647870
-1609627143
1684663975
-337733414
-1000636971
639739381
2082541697
-1600687907
1763578338
155677251
-1765368987
2144028511
-1470776130
-1319218969
-1879186168
-303597355
-1982123367
1963014035
1792035683
-811386814
1363883557
1512944952
-1969615689
748364012
-384083404
256097504
1537088465
1839705938
923187615
-927544902
2018276495
-848439972
-1498166934
899985526
519746722
501751252
-1042110171
-1141394989
-511247211
-828763371
-930769516
419340917
1230593293
-1140400895
-853843566
-423674885
-1497869231
-1927329225
-323086030
1039395665
514400268
2112534661
1020670758
703049794
-19077294
1659998364
210039908
729277008
1740112096
1445415170
333376006
-189993273
-107947609
-142793652
960077169
-2082970609
-1474805877
136715915
861791929
355982914
1840583783
-1423458810
-1599962812
436316414
-591811244
-145048791
889767596
-1397151109
-1913036245
834253758
-1901087767
1375103967
-5697209
-636789414
-1634755409
1269650128
1960680335
1121512217
-1783418603
1085694027
-374891341
1064868493
55097719
1948518579
-637803596
1124047858
-2144293732
-1928529619
-829657174
1215154599
-2023947238
-517677526
-894569279
-359079207
833024760
134381380
2107780484
142884225
-1644764523
-74759090
-1335919523
1009591183
636803529
1357477797
-1015897764
-979153049
-902450615
-705439284
656377911
-1916257396
-784613296
-1639818696
-961383791
-1299760742
-1595420550
-493549209
658702975
84116601
-1134452750
-235956170
-29431481
-799489585
1196241615
1461516404
-852869526
-1470257482
-594236229
-1804340559
1784660708
1520415663
828674005
-605108900
-1703177039
332020693
1316128216
-1338695412
264181395
-2145768619
-259713156
-1252452835
1684344850
-240959203
1337259548
1258080127
1321814468
843231187
2034678680
245364426
1119300046
-1805231608
210125948
-1456357996
-1771629398
-2070995539
1710950497
1878263814
-1142254039
1894245061
-1746987885
1535354029
490968763
1806852443
1631096051
-1313800819
442704110
-1008348489
814733087
-721236357
-1055884492
-1402273332
305845199
-260215636
1333893609
1629777651
-958936446
1826517896
-411423341
1890089694
-1692865703
522578628
156684650
-2055287610
-1867805887
474167727
1086201371
1225877479
-149651880
-733119541
-1475763000
-2003491795
1561146505
504629918
-1743448493
1479835183
1300462712
-615690038
-1874715940
1979904604
1092096165
-747160997
1919131015
65951603
-1676258613
-522332576
-265580414
-381227976
732027273
-177078852
400715078
-791802780
-243485628
1298338621
1826616604
46579932
-426538678
688664813
-911149598
-92102874
-810880453
-633176
1447958286
-275207144
257669796
-2135527954
1350824691
-207931950
859956460
646395642
-269680573
1224530157
-1709401741
1391227667
-975040556
908338420
735798263
-525475807
349069990
-2085579758
-2055773382
323869058
1973460005
-1242904051
-415412511
-1274498530
-35515222
-1031451022
2132244383
-2002314312
-107851705
-730712558
-1883953774
440348551
964468163
-1562021972
1532950764
-811275259
1033511395
-303912981
1679700182
-1710998522
-210578709
87095442
1826028688
388750091
-292280221
1971181301
-28034340
-307123497
-2057534690
1713108394
-96121956
-393327037
-221867656
526519681
-753608774
-1286136498
-422562850
427344304
1284092743
454739576
-288578158
-995749038
-1802420762
55980367
-39195217
-1709697006
262464875
1203533385
-2043814805
-2045253597
1194503870
333840340
-22079332
766048115
210430213
-1364711253
-82640515
824725023
-2041352446
-1055397013
119630001
1321358376
-1818027336
105871205
214657159
298656871
-1393668268
1782038197
-669853058
-1434412354
1243069771
-1743498861
2031366668
728011152
1418118335
379656936
613203866
39912050
1851202087
1685508644
1347657683
1239612962
-489975507
1029977678
870046494
-297488457
308818394
-977836452
1631222120
2077613850
-1397359632
-598480188
-1315729882
1304798900
1022688406
757548114
1551728794
1292193896
-1943561670
-1000926148
1696207956
860327363
1546402482
614543731
-174524933
-2000781454
-1555519580
571948859
852480077
913194996
-136522456
-1293641475
835726691
1645274511
1864953515
1399236444
958638137
1726230408
443338262
-1630735739
1255879277
-1618455923
962937134
183993803
338063943
-1952802698
2056110397
-761300878
116686073
-819083476
1859354866
-1656836150
1383035175
-168983831
164689029
1307127423
741914024
-1764155487
1601648670
312182063
-295444338
-212494913
779942007
-1448658883
-1047885213
-333607404
1916846527
1142894308
791908790
-745424628
-1723410239
800292750
594318037
1583015202
-447151547
-645059226
-1390635045
-1938650987
1506860214
-340808916
-1887222548
-1531071909
-906252284
2020554567
1422394559
1068602966
-1894721589
-387422944
-1380910756
1362634949
153234356
-715757651
768718118
1249803516
-754972133
99283275
-906100708
-524428457
-461313806
-1583104816
1489841499
296469100
1261867236
1673991136
-423705370
1615611775
-1785108803
-2123241857
827950506
1889897018
441739016
2083997672
-1968569413
-2054541411
1659025401
1316643996
-1055496477
-1935927245
-933628531
1462322621
852561246
1762116998
-1052075025
-300943973
-1198778658
-796122412
441594910
761321871
-1666442284
124364033
-560912693
-376941305
-212298511
34534864
-1141876345
53414370
-1330858262
1309187661
1061222941
-911259138
624150139
-1306762099
268639292
1802997262
-1308088145
-1093644134
-247067303
-283310672
-1382239395
-936866649
1994359507
-1333881666
2091647477
-1503226741
845481559
1116328419
-1203645828
-1991808916
1545946245
356047473
110014164
1994766010
1343562195
-1585901710
-1065982399
1212166495
1736358321
-1088942084
231611176
414417460
-193025042
1557497033
1179052312
-558198090
1044274266
495816967
-649173234
-364963079
178260139
2019097707
67013108
720350172
1576786084
1371368075
902474603
-1230002051
-505721741
-1697041555
992983242
277406447
-1164792486
773566810
1703530085
583913514
1064199314
-925624328
-1064189167
-426342589
-198943637
-487708521
-1926666265
-290324516
-1701326921
332748746
1178959944
-808959011
738208617
1374435386
1144043042
-234780573
-697702792
1653554870
72552048
894525944
-1181584376
1349989261
1415422471
-406550523
1787737036
1455482143
1198694030
-2145199228
1119716517
-718999631
1591595981
-165763847
310271375
524529281
-1636675285
929381794
87953597
714517018
317052785
1567922156
-924181247
-1243998231
1456153300
-564372695
1895641457
-959037681
-581414607
-506952064
190695239
-1583753609
-1187583846
1193201444
-1921911287
1404284971
2104443408
1347890633
542762473
-670349853
-10920814
-1832169646
108299373
-908264737
-1231463338
-88089394
1617452882
-1067964682
1271806549
-1020932443
656722350
1034567405
1811769357
541146894
1357754196
-1390170612
103705474
-1798934589
2076621435
567817454
-833243259
81065720
-1246187615
1525014937
-589413320
1413760904
1303782316
1370158286
-384455728
-449574799
-1668091821
568608929
1454821276
-2079985790
-1361835333
691211339
-938784441
235803474
-866934684
-1809716931
1323052121
1939990644
1410309702
1336862073
-1561404413
469589480
-281606601
820025117
-313329381
1559809236
283948687
-1656586944
-124605340
-788418701
1182566414
-1332899327
-1356410605
913527628
1613358588
-1300272676
1201980302
-74712409
-1282587503
758346815
-650913674
755900732
132651415
1836527965
523550695
-1570449363
1764571981
348877121
1088772350
-1541575370
-1846163058
1699868709
-1787840101
133681443
-1518795470
1678238723
-1367642521
-1410174591
52410804
-89960596
-817613032
516782488
1806834965
561130905
1017758451
466398872
-156677633
1475857343
669004178
-1203873007
1394325548
1911940007
27352039
-557777496
89020168
-212579459
-1287968384
229158663
644492949
-382513433
-36211188
-1904184555
695249550
-1096678055
1260276509
1135798631
1032254415
-382518873
-988057041
707334389
-1538065421
977319643
308060904
778375952
833298238
-27914680
-1764896351
-1836430957
-1031569219
171518687
1580032548
-333253544
-904756053
630736320
-1572191561
2022134254
-1076359914
-2083909612
1104819033
-456061048
-976659262
-729405927
81182027
-1786690505
-174209971
-431415427
-1925996847
1504602971
1968602515
1803079920
-1498828999
1492324951
1876842835
-1752001804
-360874212
-106091133
-314301678
1945543159
2094610659
-1314305946
14475071
-914297950
-322599540
-581696220
-121026665
-1370432141
-565872210
1010802485
-332650037
1663502473
1272303290
-462265001
-636122017
2061020862
-1982862205
-338796859
1291894228
-439972614
1060472575
-1355706455
1409397257
-1673169210
-1267608498
888246478
1839223261
1253873439
-437674244
1397517977
1864802585
-1440322932
-167528317
-560725191
1611718285
-2065774990
-320368621
2105032733
-358808968
-881229401
868741524
-551019866
1248411436
1694667332
845951211
-431484898
1323788274
2059515070
-1207286404
406353127
56975914
514388023
-123168273
-518716681
667485366
641109009
2120651831
1434082179
-836761191
-1895281980
1450645968
1387622394
718298
2011626993
1552454727
-1345583564
1041505198
-1242642505
-116770305
-1928541205
1483872981
-219570876
393649969
1472769385
-1899527356
-2060001619
-171453644
1673421699
-110658045
1542723586
-1514566146
-690197307
79798360
1221083037
1606562282
1301079534
-1391112923
351536570
-688675397
151123358
1068451982
1851722060
-1870574880
-1926185139
-1510317602
746784270
1505268729
1821643135
-1076471893
1637044183
-1743913063
732906293
-1808377289
1666199346
-1598522547
-388172634
1127927832
-2049248467
342979293
92055343
-1307557605
-757543823
2022707153
-682794873
152537958
360695187
-988123850
1257426230
-562444580
839543976
936362913
-293235129
2089581252
-775683554
-1965371020
-1679368644
848365996
-307740471
1393296223
-1449518783
1101297547
-38857924
695148841
1432859813
1566764581
1804454490
-955743568
-381795963
571777971
305965356
197267758
-1074850103
2003830722
-651634189
995137725
-675373484
-514368933
-135782271
-2141311460
-1953513098
-306835101
-691741244
-137450317
-1946867547
-1845186491
1456355491
1606389972
1860846189
-1707084339
713129996
-936070589
-2103360092
-1601534889
-1143006643
-763911432
-856513823
511600680
1729009059
-1337477597
-926050003
1772494875
-421876208
-111873169
-53419525
434834559
461855857
-463439222
-1657952171
-582916033
-1844362545
-1912530203
778452824
-440913853
-1291384332
-776789064
1637698530
1620417814
1780646977
784773192
-314485367
344920777
-1546606145
573568108
-248778034
-592073962
-1187724941
-328118964
-217381743
329170375
-282833931
-1878058388
-765610808
-1461580968
2120123203
-579231000
1370893419
-260215333
1008436178
223972097
1217148082
-901237733
1195143910
-303063593
-50579582
1973324548
153564706
1006694264
-91139292
-720398014
653103202
-539714791
1643148599
-2057359065
-1995917368
1935188386
-1071271704
-1797899055
-1829783275
1943514223
179586143
-638891893
-1050657735
-1744717740
714932604
-2063675533
-1013547476
-22680350
1133907394
377302621
1781175294
-610524184
-1997918829
192045303
1930840877
1128326460
1445269149
1689906477
-557302986
298769083
2048214420
1521983695
2069748846
1192034445
906228513
-1356069521
711440401
-1468459603
-1668463591
-629035377
-533199461
-125169496
1787052274
-400636420
-621983402
2032049316
-1946181518
-132613516
1215285300
-303570269
-1756065368
-1302580082
-827202338
-1713298679
715108640
1245492699
-974079476
887677787
1170971985
797935175
-1565293034
211334217
638049882
107566021
303938507
700765165
2006586605
-1370609621
-1072640895
-1428344747
-1021401973
-543909543
282591085
-1895985602
451759345
1879660449
1223289396
-166537182
1068066513
-1999454622
-2114953535
-1403528843
-1353926715
-982889738
1308680793
-2100565462
-2089348736
1081875917
1174209004
258625147
1237069894
1306192346
-944564308
-1894691094
1850510493
-88541651
-2134026781
-1535882110
-1376971708
1027413472
-970577151
-211528350
-889389468
-57361865
821449460
1114570107
1636314885
689079042
767699388
109805464
-749216317
-84217530
-1993272514
1904896670
1977250753
77013020
508759127
1014783765
1003934940
457156568
1971697972
663265510
1131317283
-1584394388
-731151136
1089765734
-248155257
-2062192626
998024733
1906894226
2052923086
1104228121
1843600760
244542620
224178637
-1877806544
298844311
-2011891034
-1185013290
-2084884055
2072618709
193440716
206324334
-114684633
-514356464
-1828555928
1424272707
976504456
-1284901183
-2061440112
-185879204
-156072190
505989708
2113542371
382720402
-1898098040
1748367000
-69654907
-51549634
1944735090
-853181470
-1846059417
-2038802893
595966044
-1548353074
-1851334197
707613422
923616845
1467112639
861005319
-1204628468
-971001573
-480930713
-1800767096
-1758099973
929476622
-1030733919
212014361
-1167638540
-1330170684
2133281149
-1870103195
1272095016
-218230189
1091662748
605665466
1980550457
1026388660
-1258673730
-1996284657
232913899
633454174
-718964071
-722617784
1057935387
1790630449
710560236
10790071
700688879
-565125227
-344649774
1793450982
1624139854
-1854295325
2039920987
915212691
-182825582
-1899553789
1778941528
706852091
-1443038340
645612885
119980149
-1766554021
-1178420632
1647035604
-1405991027
-510048589
1515945921
-2127981703
-301437127
-1338685492
-902993994
-781805859
1236801962
-1023065988
-601319891
687317281
1257405368
627976489
-1148996872
752618257
1421088314
522247307
1648850246
1352813703
-1888259944
-233799499
625144411
-1844234483
-286758755
-780665771
-613833853
-897337658
-816305263
325778490
-784902333
-1895350899
-1266733946
-1691136746
-1446673966
-272941986
737389554
394497413
-100622137
-2029629708
2138088574
1754561613
908305939
-1439957580
-1709035236
1473406695
294297136
-952092215
1946796127
-2129363906
-1001585254
261355407
1092724998
-1397749835
-1943830146
459705140
474805209
-296363921
-433852495
-1036145764
-1717997896
919099593
1478099427
-1660928123
-1792582416
-94561749
-1980639213
-1710335764
1164662992
1948571904
-49459643
1783825070
1974745724
-2118042366
-407637645
-286079887
1378359296
916445626
-648491072
-335281980
638104231
-87674041
-2140104717
1005359492
960554381
970115933
-1757037534
1389512321
-800986765
2123594384
-102790227
-1203623326
2052096466
114399698
-1091798930
17609157
-204511438
-705118150
-537986258
-225232726
487948987
-1941628665
1022348122
-1515884015
-399257844
-2022533661
1022320117
1876143584
-1040715189
1370915179
-780410928
-385541878
1236657532
677459438
-2005917959
-831562770
691289366
1964899444
-1640818832
-1375782148
1606149843
-1079814142
-1541990624
-199746146
1107652807
-1308212964
1962061069
327851860
164310452
-603515509
2096945097
1526763297
-462894436
-1982381984
479799084
-1776352987
-1520031338
490921528
1868023107
-1450879349
1364497893
1159324096
2084084360
-371564636
-1404918458
1382579323
-1182793389
1569127508
1987861128
-305737789
-2141274991
1758453420
2140298594
-50058740
580265394
2062963672
-1141089408
-1829612432
-1721973273
992098107
-229120290
-61229977
2018954893
-615156776
-746166951
510084565
-457628444
-1328826381
-1442716285
1618063689
-1360726780
-231784713
-1712722762
-989658493
1865744400
-1623861862
1506185835
-387398857
1016404395
-1731756993
-1659798324
-1562083824
-2146465622
-150844518
846828167
2142432759
-1023197429
-1182433383
1104115172
1690328468
-1989075674
816303234
-1646912231
340065044
905819170
-2116328872
-703325220
-135519188
757611433
-1597750653
-2122878406
-1747587490
2014228191
397134767
359068839
