-1676783687
1624662158
-1649389601
-1677004806
-556949695
1009233846
1900584681
-379619618
-312446297
1955321245
55396565
1708542919
-12342192
1076734176
1669372728
-1242104015
-1510047379
634110607
-1598762001
372542721
794587776
1985865321
1472739138
1498882522
-1053833185
-676578744
1221190725
70017454
-348612616
165544158
-429061247
2078081944
-888629739
-1070806111
1042705364
853530345
-1938016673
-2042341372
-961922667
-9468544
65397352
-1079604249
1161745403
-18241697
1301301092
133055823
1656417470
550697849
84476024
-1052577447
-313784834
1134942672
-2047532745
-856023445
2123131492
-1571999041
1145398376
277052845
205390727
-1400918124
716702477
160368567
795980432
-1689008031
-520980576
-953927541
-264696032
-1885412589
777892255
-849570107
226144368
-2042703933
2022931787
-706545135
-681614151
1083061836
-1277942869
-612612900
961608407
-1975924451
1575454423
838174029
-722894296
1119179087
675102322
-1860259466
-1950604102
-856889351
1901295735
1614312134
1758396324
616558787
1067754041
1521398978
103783860
-862410311
98049444
-295638284
-1249773494
390882401
-2131589432
-1034665437
1711547011
1620950030
-1308209768
1773875395
1837040281
-2105844362
-2052216850
-704570705
-1908490872
61551490
-1465704495
171965461
1219737845
-147124891
1381908986
2121355184
1443321675
2014122480
955134100
-1744133059
268292647
-630746077
883170883
1674155303
741398261
-1412096762
1656485224
142219908
323275227
286965433
1683074978
666723396
-361442603
-2620214
-19521129
-276384601
753932576
-960162362
1025392371
275181039
625266908
-1179067886
-665576784
689358679
1270611692
518667259
1187063704
-1170547389
1062410016
1987892490
937262344
224137400
-634464106
1167760541
1770529781
180480525
-1976234915
-396268622
-838291404
444855010
1093732954
-620467706
-1648711179
1761753937
-943642513
133085278
-1639478384
1027898979
831092697
666233891
475813764
868391366
1913287897
629157940
-2011952453
-921678660
1447070870
-529850633
-1742704878
-1995345323
1243323713
-172119631
1347359257
-1074058529
-1876175750
-2122276585
1302357014
-1246123875
-808218639
-927026395
-1727839408
1100583864
-517725104
1936060973
-903383159
244267378
1871031896
-1731053262
167633355
-681248095
-1146596790
984154486
547710055
-2000835238
1681886599
-2094760623
149931834
-596711957
-2115076486
-277541821
-459662286
562191119
-2016000331
-1984078771
-1006082032
1835850076
-1650070694
429837436
-1425239186
150764031
-1944234052
865133765
-29562876
627511468
-1075091899
-677906664
31366694
-1896020785
1659442073
-1130611282
11353744
1788086791
-2026749957
-404485466
-972039066
67136468
-323050769
222878927
1356426101
908779662
-14428895
-974623289
-2118011202
465311640
1616090245
-1651503804
1335409461
288782037
750233278
-1942889039
51276486
-504775845
1061092803
-1114061316
-1325065320
2008248679
520487616
-1215746898
-1392171116
-46499953
377367353
2060046395
-775127000
-226295491
-879281035
930173083
475871815
-811873189
-1146167015
2106211864
1251628724
-229813
1395750162
1911079273
-1716368768
-29860838
841034680
-919981824
-963965999
1378341364
711390256
25700256
2069604068
249462233
-450707439
1018032177
232496980
15380880
124194889
-27764009
154182043
330735580
1864756289
276123456
1783056601
229812461
1691592511
-1829130179
-1395917612
-780961255
-1213851636
1375298708
113585215
-43649845
-543349034
2029426963
958424895
1734742203
-873736873
-1944416280
-1332208086
1554328927
-1272502987
-1201958608
-596637551
1142916768
2031255724
1605947597
1810004096
-1180188463
624396650
-1343332996
-537321980
478855132
1475441081
-846172891
-1573912851
-29540930
-1519238173
-56714635
-1326864684
-1364732876
-1379222575
1469376426
1302844255
465399222
845387509
1342806701
-831774525
1414746532
1054965353
-314292635
1742240394
-1443807297
1851453272
-1490315959
551507093
-842838310
-228997732
-877876937
256897124
1899922128
-1399305048
-1684527996
-292867435
916737464
-251397464
387854419
1265749162
-677351337
1368275430
-1160506326
442810127
-872419882
-1158290321
-104647998
306018138
-818477388
-1623566858
-391479267
-1716318508
72838909
-1978451977
2140718302
938896695
880227259
1138125855
-761838892
363287481
2124153773
971487466
1031900887
1021350985
-2126131402
-949740402
1671476183
2117728535
2012148632
-680203753
242021169
-2122145702
1502045537
1121260754
-113592764
-337719219
-883716571
-304787985
-691239612
1176536953
-1125199508
-1580083103
-754116787
-1914548935
-105059090
-1630062839
1272041403
-27261317
-1726699523
241244434
-659080008
-1954426173
1545700930
-1729025890
825125653
-297192075
237072811
200384418
1508582238
-1374613677
1820233635
103925517
1565549607
-1173017533
-141249148
898155567
-562451028
1656645974
99954761
-1576183720
424997529
-1904429307
837997448
-1994950976
1965703717
583564220
-1754561634
1042994342
522944356
-881255780
-1520193749
-1472735302
829929949
-1724472707
-2024051776
546473663
-1918698662
-1482102479
1418471895
2094358636
-1316184321
-312043761
1924740099
-807388013
-1487174242
382396079
-1909691032
1048681349
-1759986871
1912675570
-2078538900
341510067
383148583
1510014276
-414382418
-344494696
-690358645
-1742225884
-611180746
789876182
-1088536510
80560612
-754659346
-426840673
-1544387284
1861064621
-490013359
-1972246186
-708718323
-302315322
-2078168222
-1851536011
-2056886619
661468693
1954621150
1908414896
538619389
2011564517
1144917428
1781551707
-715508733
235766249
-246551884
-1347025912
-1290104999
-674130560
-1827841913
1679744372
-2098381207
700955706
-1219436577
1309016995
-2112302404
-2008950630
803800302
-49019832
1892220300
981502749
-178964453
308349546
1582977431
-561434245
-1494704653
-927778491
868208181
533075500
2103370333
-1081257619
-967997524
-805596115
437160722
77595705
1175781571
-914017533
231308619
-1821206178
146082196
1333395199
-967595333
423480025
-45598810
-1266179644
-2090657345
-180487406
-851817669
1346895622
865844435
-898619074
-1317136923
-1664263788
-1976775352
-922793980
153269854
1734165655
366779699
1105058403
-1897906791
-2146245349
-1381296984
1751251666
-1004465900
950355919
-1526575576
175648936
2056167024
1125568264
485492311
-765216834
-696437694
1507785995
-1738943759
-1958142382
1308365867
1282416267
298407166
1042963758
-150203867
420387184
26008133
-1916154360
1825592608
805823449
-1917050371
-547642324
78777549
-1598855324
-92784438
-498873512
1655255224
378000556
179871719
1419268326
1953078428
1211345683
2020029343
1123990320
-950723086
-464521024
-793803519
-352521425
839403210
2066781931
-1635935533
758948965
560011742
1137010263
-596423226
-1681246468
255583204
-2035003360
-1738886165
-2058958801
-535570909
-1626599754
-1483780251
1805042921
293221961
-949222615
1564406880
-2129851733
-818923653
-981624154
-1409377727
-1666403662
-1931685716
677382209
-1153528802
-2095453352
-1743182799
1903122164
837594224
-126581830
-14463851
-1646520345
-1320501241
1172114842
-47144278
588853489
-789973955
1309653383
190173408
1283034974
1847333998
-175222469
2106345433
-844119310
289284775
646247491
-876484548
1484637485
1095190429
-1658094875
-128387640
-1543278383
-985510433
-1725979843
-313808980
-302092895
1795628111
-1722651479
-1199052266
-365521814
99410894
484787558
-1404230390
-293728442
-24841162
-1711673733
178199668
308066847
955870349
776092117
-662815361
-722303118
-106284426
441124531
533130535
-1844122283
710286570
-1571807165
2057219085
-848847174
1287953960
471655053
-1972427895
-814672651
230766826
-1957181040
-1814269947
-1313886853
-880337704
1658146474
304430216
1002201068
817907265
-1536116676
-1271889007
-1730916270
-399385336
1605353357
-176813786
854770091
1079709404
1415590127
-768875989
-348574556
-1461004117
2142038559
-235627273
2130411175
1229222744
2048514801
-470884572
2040710423
2123454378
-1850938324
-1816097626
1845020890
73076104
1602482354
910478366
-376218089
-2087306653
-1988754204
1596292208
1128164416
-1800690958
1633747012
1679683474
-441453998
815993893
-89531045
1613627047
1791069019
-1755355310
360791004
501336907
-450939076
-1004923467
1156276488
-1924939216
1058237360
1228934935
-90351020
-1521241367
152351116
1891157963
-1867045302
859246854
1647923784
-1866747423
125634476
242272
-2080777795
-421030506
1789945566
1380425397
-1577881552
-292389623
-1052056187
1736819830
971460750
-209705164
23365738
1829283551
541384441
-1298647527
-617079900
1810454856
-832560253
-1105949637
-943246090
-885367877
21933368
1429441871
-1009682315
-1842664251
528556385
-1476315597
-2065104018
-1678596975
802159367
-2121973729
-290971258
-174363342
1125531318
-321666278
-1481986015
-1280365505
-505600382
794889134
456119303
-1737346652
1984432718
-338651170
191817029
-601178185
1738541131
662859608
1408546129
-1660141431
349385151
1906395878
957125488
-854590338
1983070215
1873231658
-477449380
-1769331168
-1728309793
1886772874
-1786521056
-303870161
-1863675681
1736050280
114849095
2093718268
-642748600
1411566486
-566788043
-222412298
1805274624
-764003831
-1231037485
-1795081595
948503259
-2029659189
-928187278
1052121878
548394779
-1506788554
2087064040
-850491018
899507770
-876882850
-1709896193
-1207448733
-567466778
933964239
-383963888
-1623831456
-346303412
-957288328
287237354
1667443913
1020880280
1302759141
-298754569
-1983173082
1222054332
1943415732
181918369
-1393585981
-851924623
-1324505279
198947057
-1713457537
2101109115
1157979299
-510018951
-1092378908
-2044944592
267580892
31219316
1135120504
-345798342
1658724171
-1555457493
-1496677550
-1461690213
1791034981
1912515481
111157487
682288625
-811233372
-496418223
1406168389
1604407035
-829720642
-1375184225
-243110631
-24014757
955438106
331163374
-1448059507
-771293283
-760633729
-1124684952
566120700
583111031
-449677298
545845219
-48413430
-1385416622
721760114
2108353531
-960428554
1568417545
2068485717
329552251
1338012465
628816879
-1547288043
-1352099584
115145012
580524054
1504302007
-1913916192
-1960356722
1116579534
105366299
-1832448441
1623519804
898767212
-783603343
-53792605
-885358276
-345564340
-1166197013
-939997375
-908752540
-852016616
-528973900
1676235064
-2112349329
2014576201
1932831776
160051077
-693703080
-803106835
-128575453
-382488201
-529826326
-1006173269
-690094585
1694106445
-1331626344
787643396
-276772775
952886045
1989950089
-1513993509
-507345116
-1664270346
2022419447
367501110
-2092366751
1150953289
1953392825
1788857158
-1311364179
1912644740
-78269667
-1418893660
-1336624836
-645499137
1173242875
1972031709
-2020842483
-1392917989
1267442182
1436801072
-1162741921
43654056
-1916724635
1740408981
173739875
-530998137
-415682943
218588929
-190550734
948688784
-1506440416
1254989032
1255478784
173202101
-1892754253
380622851
850899346
-361193881
-475196181
196010579
-1886987283
1801815864
-639240815
-1663617436
1658871375
46849473
-868682602
911938518
-1258388638
597844165
-646132375
10147865
-340395345
-1450027626
1501844360
1246994295
-861274288
1775745719
-511354278
1814590039
1343206889
-1412529982
593872442
809140927
-1317734951
2051665292
-1767892266
550059546
311292331
-1653764730
45226682
1360738107
2085647058
-1395042459
-149074905
947727521
-69559147
33678853
1428846377
-1875595524
504261192
2092428426
-115445528
387460079
-1247126340
-2039461688
-1935685571
-262774505
-415560968
-1374660636
-1343084664
-1827439796
600345128
-1676119749
480608192
-31300058
1910366421
675326850
-1482403637
-226160701
62388566
-1808117715
728605455
818324678
877447045
-1920294636
1258063432
888080546
582129078
-1332095916
-1549260389
1392446999
-8737563
324758131
-1251680021
-958843908
-384709586
2091074247
1719642988
-1368200641
-831773823
-1601367529
1198722933
-1469668566
292144533
680664962
1712152473
599733479
-1749301988
-1052546145
-1307722505
1146703686
551645497
-1906530843
1641966289
-1849685572
1163420974
-1840868275
-244824229
-1321874002
-1651417254
-26881739
-664502827
-286580497
-1847127199
1610417031
-565262885
-629599097
250833836
-264768230
-2123643909
1070422966
1316154900
1466379096
-1854120056
470961976
-1951582247
969532960
1324360109
637362377
2119484632
1371449580
-772410940
781370090
-146835971
2115023414
-2098478360
454379749
-897807627
1973093655
748881608
-557464817
425984808
434104625
-503776834
-1954194611
143038950
582878415
547298335
-274549288
1747243487
-195398326
1809935572
-313402812
-179911720
1609140654
16595241
-1312085827
-1258969956
1047921564
1282708964
-1626480748
-843893200
-866057615
-906504807
1342633209
-329607095
1532165287
-398487492
-744142582
609823746
-386372741
751243256
-1938787316
-1092256055
-513078064
33568574
264746231
751136922
1725095763
-2104019936
-1371356105
1502873968
-489145122
-152202018
-972648783
-1182092809
204650273
744067521
-1401152253
1255719813
1899403903
-114319321
1861757712
1422893899
-1443022027
577348319
902181819
1356389575
-1612549951
18893750
317846769
781119357
-1898716287
473989713
307671021
346604517
496308377
-416291779
-1691637322
385022886
-555407334
-978275772
-2135314452
-980315899
-593352353
-1182351614
1750967749
1584888215
970383802
-328977737
-1699193519
514408510
660058448
-373409699
-1658044155
1085983314
577518145
1838606333
-2083679882
-1605911523
-331194869
1615528510
1123171172
1915302029
-1379324625
-246984386
517638650
-1373456348
72920341
-596458844
-272877229
-2081696973
443914284
760712949
1292741952
-770024634
-1286701995
1223098919
-595111864
348491746
293723009
-2141669005
1143824111
-1694451091
-1466748264
-698389905
1796514619
818388333
2121206428
821725019
1589175411
1843798773
1438414862
-1093839686
-219934935
-720896421
482126992
-2074524636
-460236421
666121518
-2057339189
-1929205670
1294460820
1204011878
339610770
715396762
-1357073287
-1675505955
-1147479225
-1511651019
-3947774
-661185026
1066998397
919967582
940890917
-699808325
265481439
-1718725053
396908410
-1481293116
43047759
-210192543
-1770731782
2121167349
-580725167
1944025108
-1155635446
1179261967
-402822742
1806956141
691386808
-273413974
-549190076
-578650297
1020443715
1567607914
-1718385068
1830087068
869171680
1474020977
149835710
1599279892
11876027
207749396
635287735
467014111
2091306811
-1303778864
-1259171156
-2086916157
-738400374
1507398782
-217514142
-258407816
300980052
-1897890362
-1877871523
-507628237
1910717901
-407437103
795283590
466540416
-1248228871
1551430722
-36460537
1511540052
-823639257
326115941
180890233
-666305438
356947390
1577488553
-1847900351
-380702035
1823598651
-791033269
-2045873097
732709470
-544506759
-2002017708
-1618888057
-2092286249
1759011123
-666328891
815590876
-255834361
-70223929
1212911375
-814566982
1468328191
825332284
875091912
-1115426517
-858445115
-1499992698
-1889292900
558935197
-1182331800
-932344824
-713413247
-192069110
-558262444
-132762535
-1506480082
-1113484455
-1448735001
1310070858
-1713783091
629780228
-1963256253
1733126183
-460824850
-2105155846
-1553735835
222516797
419670463
-293453371
-966084746
807358108
-526884230
1140609519
-402160543
-1382586594
-1560903650
-676397150
-1524627547
520571815
-1528242591
1320435854
-179766677
1112746669
321030628
39139854
-1049340197
695100922
773331880
-625972851
959079082
-610923600
-2142316608
-370184410
1135628023
1707826062
-923630776
-1053008246
1566081367
-300229519
1545479573
21019174
-261760466
1795212828
-397203283
-134841211
-1246983104
1577304891
1214090489
-952773646
-1464837753
-626307164
-1315232712
149976161
1990805830
965162720
-1014560841
-910842994
886385502
-565053718
-842416706
-30907546
1510833375
948964150
-786316723
-289186138
117342689
-1414896652
75458312
-52659262
1087744149
-425554539
-303415697
1184119303
-519403114
-1201451890
-982153647
461061379
860297604
-191319717
-219396734
-1686459868
-307699757
572975302
204804299
-751682402
-656521504
-1878569880
100182817
-288803950
-364881595
-205031568
-116001510
-866288020
591036525
-966892638
1495326620
336513932
1951864938
1556599458
298931671
-1420206808
1885400325
-367622286
1176654452
-1504786321
1786180630
-1531833287
1529910286
-243727630
-638527210
-1468186554
1173071073
-1525259713
-1782043150
-1611773357
1688414656
-64785969
-1071426271
-17659123
1604693068
563200801
2128378104
-1341441069
-305834910
-1437000666
-525327300
-2035718722
-303414059
-2046646305
1701072889
-441762591
86085469
925109572
1928460945
-1640141871
68350926
742035559
-808936425
-1366879385
1589042828
1706336729
-740029475
-793804092
1355373117
704282700
216181579
-1774654571
672000192
841797753
1171450354
2040239767
373520222
1952075588
1330411232
79780957
-823729601
-665058787
685421365
247031376
-1277838561
-1114011224
-1090307594
-1845986313
113919809
669874847
-628322016
-1493540743
1204086947
-1157897993
-78227456
2036139103
-653891982
-875867839
475367105
1339461533
595708096
-762106797
207393606
-168589358
-1310475405
1622669607
2038468410
-2120575282
666414208
-1961297662
-1335258268
-769149611
756685145
-178234920
-1494348737
-1949778398
-1596014684
2050599662
1195228105
1138863406
-623860436
-731351103
1071285403
585043761
-400086244
-671929050
1508528697
1094804841
1437769834
1194634418
-1806781781
1360298393
-536213616
1340682843
-475794100
-692969900
-907869311
1450274910
1997726433
-337692806
1590108122
600900964
217932524
-1421351165
2077812824
1805365472
440377922
1482017275
-1131510902
878111162
4493019
-862375475
-177290041
487308081
314948841
-658659901
104393057
270470140
-621016789
260470988
1051620634
1548006323
-1937273726
-707233920
-927342122
-1161559443
-2052410172
-811470239
-282847598
-1265983831
-1847748913
-1765627804
79026580
2012536177
1752944097
-1691789905
-205409820
1174468796
178289703
-1569396062
-1662653446
-1995126765
-2006368109
1707323163
-1667385928
-1345069192
-1072548366
-1774529034
2100528538
1979594882
-1779806403
812991698
-451526357
707643852
1145087278
-1800367078
-877275462
734769296
-614430442
-1317303485
-266125747
-1493446514
347828461
-1860592302
-1342499370
-154661326
-960687958
1795369377
1642155172
-289241355
-1313393451
-1558018847
-1605922276
518548482
-15191463
-873853342
-1767933016
1426416413
-1409810530
1063245202
-1347119634
-1200516672
-1808446761
1778357186
-1225140924
-838683002
-585293416
-1457783248
190388580
212530381
-617808470
561296449
1338685532
-439994731
388516642
843468301
-1343863609
-658421586
-122176592
-378646751
1677525825
1456739602
-1722156236
-426442369
1684128535
-2093310065
-288188010
2045476073
-444002754
-990992215
-2118304298
254565982
837280902
1386093245
1085830753
1936847845
572945935
1857594729
1140636326
-1805852536
-476081925
-1573835989
-446074391
-1791853405
-142821787
2134238536
-413461673
-1555401122
-1790309744
200040942
1312469849
-1298696585
-1847815069
107790492
1860735532
630115652
-99057643
-2130063167
-1138196559
-2056295432
265050404
-2035681629
1481648257
-1993822684
-793677942
1422850690
-68902844
774223745
-1544496077
1915299324
-1898595005
256535020
-326117207
1333023667
-438625990
800798641
-1239589360
-349973204
-1990210702
1490638347
1478901593
-112438534
-1398329329
-110029845
328479410
-1769403621
-1952034650
800086264
1450147388
1888227745
431145490
-1671982889
1975663616
1474262932
736168840
-1678276949
1977051426
1180138518
1425664743
523433183
-2046872489
1528048584
1334774356
757255458
2040872852
301142636
-1171457274
-9929549
203213063
-415767860
-885946019
-26627874
-1705906358
-1556268839
-1968521671
-773496891
617514198
325900822
-1307303543
1724520803
-2139871563
-3073994
17633826
-1557011250
875858555
-1652082172
746342097
1961373115
1764505462
-1602941310
1749142707
-1440577977
-938270940
-803074475
1541019331
1331511540
372885733
-1229541537
1567224500
483993329
-998177551
-1674916179
1842640640
1380437661
-2027595125
-1663675244
1358511680
2080921166
85370230
-937068778
-2142600258
1261340493
-64514392
-194756983
-1328548536
1957340453
333974589
1571500154
1638157894
-2071433955
1857582254
1647396046
-498528242
-1935668734
-1227640510
1273334058
-1978864777
1786511401
2129669059
1215633044
1484173228
719541683
-621800587
-1945617062
-479210942
1923578642
-802949821
1514933042
-1610161013
810137548
-719183045
-217346142
391350828
-1727783042
-228024516
1710129825
797623532
1107186468
103185646
1109995902
585869775
875991703
1105522417
1027855873
672781155
455860822
-1349029032
-170017841
-486791848
467552648
-1742875816
917690386
-141839018
-1215927231
783936060
-915359911
577236235
464913924
1185310620
1515316668
-87934590
-324597624
-518324019
-482003645
2005195707
1989632703
-1780628069
-237468025
-742543753
342602771
-1370977227
611645338
-443615918
-860655630
-307976088
-604725981
611682583
-1093847668
-1859231216
611854797
-925567665
278028251
-516628790
-1243273246
-995140837
-35843613
-2099088658
-136599246
225979715
1454129979
-1836806724
-1468231367
1447958926
-1025666869
-672549676
-12067456
299479891
866964950
1155482347
1743556675
1356051279
-274345670
2017451451
-1571151533
-552673095
229923574
-2120296645
-1073899202
974059412
868478445
1504439824
135445164
-1829298109
1026001385
-449961661
-661398005
-953168798
-1995492894
1261144883
-1797692562
-254997294
434145918
-2051049524
950263474
247182614
664558811
1870604792
878338530
239919069
433258892
-396295083
1878559196
-920868641
356906978
-1138685655
1002320180
-53858325
-160092820
-1537677934
980217175
-624674495
154843584
1899035649
-16926221
516882204
1719669370
670245353
-512002410
136120467
943979396
-971045710
173349525
-1809966687
1507374999
-1926534669
-1689992401
-1060859774
-1028244222
-165757216
1326907377
-952974272
-843812182
266119937
-1469054629
1690777740
-381830831
1856870949
2036501955
-1332233519
1061831962
-2107608683
-58269575
1138277510
-503772340
565568651
310236971
-709919037
2074298454
281549796
1320096139
-607984873
596894226
-468146923
165078830
1640494488
190589517
-1105601445
-1964812361
-2004581318
1079231879
1353205302
-1125295820
-107784348
-1050035722
1245416471
-1106368313
-304422976
-146216239
-555872169
-1666809464
308309330
70419402
-1703588501
-1045963351
-550550580
-166389541
-1143704490
483272155
-1481891809
1083145797
1370881630
498758385
1881342805
-503669547
2068850178
-1329216062
585520797
-1769617816
17005354
-764618414
624147623
-1557836110
-438172000
916747059
713303090
936078394
1002483902
-59255255
-248385566
-1721784920
7069545
1481194252
-692500650
543772482
-424444099
-1842973710
-914102919
1436933300
-393090039
404888972
2071132184
-905180401
1274309757
-926678320
544138421
-1337383149
1222849826
-173435176
-798095718
987100081
-651024759
211396873
-2115978704
-1751845686
-155010361
-740509832
-1048426095
1489248829
-252520928
-673348728
-462188966
-1087879392
-1017417983
304860375
-1703060282
-1158114996
-490913485
523589210
-39449608
1819612446
-1473707954
380082630
-1826181225
1249593724
-246170261
2091830577
226612895
-115884010
1054831645
-563273991
-112794762
-465265170
1231745696
-1135653916
589975869
1207474201
-474246829
127005576
1473018473
-693995322
-293180061
-274903315
-787630959
1449750655
-125429048
773008752
57136521
-2075478097
-286981771
-1211802647
-1531808338
1186022499
2111035851
1669913104
1714979715
-1347643308
-1566114738
138183196
2069560444
-1112020187
-1622378342
-6289748
1030086426
-246205208
1436034967
1040345835
-101078473
834919654
-553505557
94197998
-1128464990
-1536487265
2118622128
166001247
70201326
-730069233
1126445670
-513132704
900590983
616346675
-1873321429
1449623465
189609221
379564234
1217795369
1290699250
1883391172
-1850844576
-1959925681
70219160
1939295668
1613131655
1681247299
-994518406
1575419756
1780395111
-1586282090
303616804
456933765
2075798393
-1948605383
288849199
790867493
1026199183
-1190905297
-2007766041
1136763354
1623012375
-1755907709
268675374
513340584
1546648735
239417724
1211031711
-1143230364
2068735131
1225179920
385980662
1960859715
-224397722
-117508971
-1267949650
753636781
1308448902
1958014142
22481643
1646747223
678526004
-1406209852
4945306
-593631344
1293987866
182551011
880433622
1268775641
-62416034
-847915513
-711119475
140738491
536896735
-978147385
-1310972573
337661653
1385990845
-334655086
-325926443
1035903540
138817054
-736466905
-1746040159
-1198803225
1334040367
846284874
572365925
-1214352431
208008553
654003124
1267002502
1373579712
1893048341
690035018
-1811388589
-700268354
-1510974703
-212482926
-521974679
804972199
114615252
69972066
1277783384
1013060347
553732782
-1815582503
1104949894
1233351669
-1717380012
-1066948461
240159315
-108259108
-1908629604
854392088
-52287874
-1368134248
-2112787580
1216790164
-288183354
1862425479
621468024
-1889775923
-1627801644
71017361
2091292628
-177417392
1909776727
1233208697
940040358
-1184702738
-120252815
1400965238
1172510905
7650918
364445009
-5015294
1775622862
-508535709
-1248183520
-1729892368
1595798316
-376639320
1431160097
-1035372860
-1530523813
797699721
940941331
-1688658626
-209246677
1716905628
1621406169
-1343253448
1946803195
475484080
-916747940
-2080824911
1965254455
715942654
95371440
1822179880
-1050822366
23771038
-1038492299
-1805874386
-237834539
-1102468804
-2079992961
-252665034
-1503637882
1553176075
2115800505
568287919
1354061069
-1637675015
1366958405
-2086309292
-184051804
-826270429
-1748594968
-1385825598
-1602454034
494142346
660027045
1413364042
1457920058
-6185977
528572839
-2005070328
1602262536
-828678020
175179363
461166388
1731338443
1615833420
1097149181
-101765705
782704368
-852046324
1650821611
2068797185
-138337506
1043733882
295394520
1026129945
-1334899777
-593108819
-1632538166
-1791879691
-982968641
-1227367026
104722054
151637771
1840508308
794758278
1517970994
1933589031
1014623613
-466586248
-72014532
-2081429889
2046439437
-1614780431
1781585787
1835825412
-1841227798
146703006
2127948947
-1406385414
961963474
1212562942
-1066705252
-1449382454
1690900959
-1719603625
2118303493
1160122390
440509707
-1273925395
-1583501898
849264654
1179070197
-1016006543
1926307444
1255307009
1307374564
1407691960
814551178
-415540681
367591180
1900220844
-2064278364
-967361283
-1981430512
2132240775
-140215043
-1345392640
-873176376
-445086147
863531964
-1611484706
-1508015037
183090745
-1249234021
-30108422
1802188815
-1274283956
-2047562038
-1283264881
2057712311
1854669538
1570304018
-1728961785
530925196
1178774134
-471604676
-28941427
-1196026968
2090550087
-283203150
400765152
680670255
443325003
1060664423
900708202
-1698404136
-155483804
-2138905612
1172068497
479562155
-1600296239
1606972931
2020013388
802242316
-1562064922
-1648980240
-805253640
858703607
-324526337
-1022686548
332532587
-1238742388
357567666
-477136923
1220822345
-1075869746
1961337923
-1310039709
-1983997546
-230763609
355328860
-1812903499
-1982649972
-1056851921
-1130484483
-458474228
453447599
-1370180819
1569783729
-1192878746
-312794338
1786763485
401955586
1261636846
491592746
-1741660429
2134280237
1325963938
-1402081748
-526298145
-1360446951
1444517174
1260612242
-2113796525
-753518459
-639522761
-310869701
-346234623
-2086139263
1802184564
255898117
-1540768087
-1058778081
-1222923111
-1291287645
1189280338
-2010064023
133851931
-2070539341
-576405545
401565845
2142068315
-396749809
1515348133
-1103432329
1821947397
-2040346270
422949057
-603725770
-933354310
1046994686
-1983336432
-206564030
-1666190098
-1264638995
-308673582
-1287691131
-1656354798
1769440581
222364783
-314346024
-503241740
-1034364480
1197368182
352194744
640365158
-1805888885
837987810
-1209029831
-7776482
-1126521506
1797533342
1967879226
-69271588
-1947581492
807531850
1768246489
-1144040751
1001993180
-412482241
-343841495
-654532801
978542039
1268052176
-827035614
1897641052
-1826659485
489252051
1040098009
2058044028
-2023140400
-920754081
1740305136
-530732434
854839729
-556051242
-803256241
-1203380443
-1744994898
1609615909
-1792961005
-1715585638
1454488216
1169564490
-1428091194
319454961
-1277616450
833302294
233957328
-333174566
185542270
1161179444
-1143119826
1093869626
-821560290
5402473
-1995506079
1932149257
1472882908
-1253847268
1904425384
-2112215427
-798014653
1302873881
102433392
155873896
221834944
-2088228463
247127563
-615752995
887799924
1267894885
1217628576
440352538
1316052298
2093172131
1801279586
-1196786527
-1687526068
159672912
-416366332
266199463
1915420722
-1489695385
1512689260
-872652366
466231100
387696929
-926718042
-638914435
1034717249
2003528823
-1742560485
1922541342
123600390
-396058908
122001666
1605080938
-832300589
1091009647
-58955499
1509683608
-680744381
-1535873560
-123574392
3498019
-1073566884
625721713
-1685543626
-1769554443
-1693307938
-1420835008
-1937488099
616467137
1043641311
1770354338
-1304010484
-509558352
725942423
206298946
1162495898
1316025919
-1169020552
-1885148501
2072153434
1057413991
-923303294
1516122634
-776200372
-142501635
-291516460
-1014436808
-2102250347
-619670693
-1903190395
-938723336
-1270545038
361662784
-1308895564
804865660
-1544520342
-1911149580
1261361885
955066926
1941920963
159749551
-535836562
-1776530004
-1412793034
324551227
-209408615
49272595
-1994707483
1335193048
1130481772
318733183
1958926988
-1408565665
-786095330
1842775762
-1670811145
1340824233
-2154070
1453005749
1941389235
-1721314255
-23210847
-1684344868
-1424610040
1195345655
1975133500
-1338963827
-544105178
-1830759513
-1950142800
1756117858
1616599197
1550964730
-172664634
1008105292
66010130
535595356
-621803606
-13035045
1077321263
-1632021041
-382339838
792384701
-643325733
-2031522034
1697744450
1291315076
1147920811
-702012427
1102558270
-1258442324
-1285735017
-719459297
412702720
1193205979
845061104
-964294192
477884635
338018154
-1484655471
1575085589
-248498240
-327260380
1070335316
-1027372246
-2003954737
-670376884
1685678792
-245702373
1111671856
1106203876
-1817178080
898076845
1182225188
-1958399956
1187195501
-177491842
1661118038
428302952
-807455985
295280746
708558967
695425254
-598305431
2109323056
381028361
1363515967
387908563
-215308715
-2122668167
-840325412
2073733076
2045360199
368007795
1512627644
-221798000
423513286
-2134098830
1297901939
933464703
326514559
-1819841387
1155692917
305655647
1152836857
1152817849
1490504596
1184888171
1589733812
1968427459
1167509959
497458893
-121249905
1674842941
-2137800660
-492805552
-1790659222
1037277220
-1671565489
-1122366887
-1899834101
1761921791
-310346068
-937292009
687850309
1363955507
343315314
-2087657479
229318230
-842684011
-259256439
-1190670240
596188817
1443978817
-665010986
-1515873387
-1144259268
906401705
-1761318723
-706038787
1835165115
-319837456
758559719
1110888843
-279358227
-1072034440
1268619844
854356853
-864941355
-470315079
-1001785517
-1965143766
-1192037763
882372948
737249952
-931809662
-1564171242
1394549351
-1251327858
1228990263
-1587911325
-1018313181
579519318
-1014356589
-1191719848
-948516198
-510355377
360802411
-639932418
-1013569059
97275247
1151093835
-1443851367
-1091950522
1898478353
291498994
-316090357
-1615748079
-196567560
-821343232
-675315846
1002916401
1567690131
584076781
883965744
-1409629087
-413560190
112483901
735321027
612775032
2037408088
2014401009
346418037
739217665
-49578590
-599644352
1189223133
2039133962
975096104
-1769038458
1196136390
826950972
1252868978
-198977411
790234710
668636203
-1836040819
1427604138
1312007282
1327718383
563578383
-413785319
-40403103
1694627571
-1800285865
-382428597
1988288431
1532428812
-1879252455
-127403409
-2044260525
228604365
730936857
-1633276208
-1150099949
-1863869159
-1881851082
-94034289
1992656935
1968635128
811618473
-413829487
949412636
1985474990
-969533298
1922082490
-159714053
1947569417
1336335780
826449498
-878356054
-659137029
-307621552
1897456615
1567824529
1106942311
-1336662553
1463395309
-70787968
106134591
106514732
942650177
980781007
-532268338
312656663
-1873280900
984862406
893260114
789904600
-1943000921
2082420287
1662405069
687895579
2041389875
437093514
-1428272356
-1701306740
1924938027
1048558224
1827079496
1097597340
880786348
500693818
-884322533
1821311621
972828052
1878787347
-1844311818
-235195764
-1694378888
1794318891
-1339156254
1782061957
-597039908
983085630
667259876
1601884316
1014873501
-1360350442
1214294164
1387251537
953280178
-519181523
925769456
-514147132
692438803
1150786197
1249935725
1664690994
561268216
-1991846372
-355712177
978850751
-1779381434
-950669141
1982953529
68558965
-126921914
1076795118
-785321721
1503093388
78481815
-53378759
-1193946661
-624938773
1792941925
1559027625
-1113983627
-1675564306
-222900005
1001055370
-874729016
-2037079190
-548090410
1274286328
-467086903
-755959827
-13469222
997664712
-872425335
491100233
1470412617
-1266488664
212722054
-435273133
537211345
-1998846588
436908605
346174952
-653108186
-579089365
1547817219
-916953808
-1067117327
-1362448846
-1895516908
-1484266202
-379115769
817071384
1126654956
-1677696425
-1808459554
-2078596950
-1361506347
-334586391
1384709948
-1105611352
-1850766399
937244383
-2106374352
-217443671
232106073
-1052621926
696363845
-1436762309
-1810248107
705593250
1212401653
-27563698
-1902417395
1929056678
153092956
-2031401775
1521155152
178204097
1566751789
-1104985699
2002379892
1923553278
-1952648215
-1418380398
7616430
1830439710
839313485
-1938323201
-1636812381
-870922344
1374572555
-884044985
-662418882
809750240
360656573
-1601428032
399334596
228495083
1387361302
727006942
-427996124
-949517837
-199959974
-453267568
-576085869
857704055
-1109936113
255673577
-322397608
871363461
-1577273100
-331433981
-395078172
-1010225861
2105455154
795066399
-1478288091
-902333046
-1738471983
-2070699247
185219611
-1163512515
1067338093
1250682842
-2089034070
-2000332487
-523361240
-1831268458
-1315015246
38166534
-9005086
824670360
861860188
-1117207666
1787570599
-1977823277
1389750967
1142385443
954703209
-99830661
526820994
-270257722
749680878
199324139
-66514101
-1942025051
1260175883
1790702537
2129466552
-1910860315
1189653522
-77834137
-491343836
-888668254
322316424
-6896276
1433923181
-1578061005
-899477733
-1808899405
1317439243
-1925963598
1926877394
1789566834
1066969189
-313228614
-214766970
-480696930
-2139786913
1556454002
1238796944
-772726898
607842359
622634954
1646681539
1467134942
1963244177
470884868
1698871196
-1876436075
1809543887
-1481509770
1442679224
-77990262
-2138648922
1428898701
163634821
-1113472509
1415639790
-122356203
-95040708
1424856478
-840746824
-402473290
164891918
1353976436
1435611045
2131870145
-1580087907
-813207430
-1184108171
-1178995924
-865203539
933279275
1331632862
2134071515
675822875
272541283
-627180130
135355681
1126259469
1746968718
1753341907
256490885
-922500758
-1875759359
1357339786
-873127480
-1834938228
-2098258009
421542293
-808214746
1818044468
1599996640
-1865660768
645901276
460877502
1408840869
-629630586
-2032253206
-818227307
12375023
-2147107872
738416666
-1541120792
705842265
1506450911
1487768640
-297869155
-424126973
678650459
-2131938878
-1594316666
-1152348230
-638035925
1019074906
-844240430
891950933
-1426410314
613596954
-109373499
225625185
-1533418550
2052210608
240708011
342812928
1689092268
1983700459
907955209
-1544438515
142429295
1811979389
-1089228522
256825220
1775351177
-117329918
-1266256791
127883809
1758250147
-2048012991
-2122168846
-1413762234
-1817935185
-1690331216
1539428398
-1779099103
1297427519
-1632897987
1749486998
-1398265587
1592968725
1321944139
1293877592
1752447545
967239414
-957559558
-337918135
830040711
-1025455421
-1893544277
965422873
247031478
1309344457
-1871048510
-224438585
903177922
-126134441
188212653
1453455447
-937034870
1518775952
-2128221403
803364546
-892366157
-454292349
144902836
1775842862
-465513268
426180728
-1834647946
217885535
-1061797454
2037060492
1045552675
57839212
-214913226
-1139864448
210204748
-424317771
1594002940
-448258867
-721257500
-836970988
2045909157
-771601669
-1179077118
-1467465390
908906800
-408637902
-199366684
-881900580
-265621347
-681226479
2001271094
-1232006987
224898259
-407256643
-1044149612
1890087598
-407013181
1701760317
1583459405
-1507281451
1820566220
-1144867835
85441898
-631557078
1618802017
344125904
1470150382
2088532376
1216167400
803701426
-1440258210
-1192021213
1957027301
-1661794451
-1169595773
162159965
-411579817
1874877186
1056090477
725313054
-1124360862
-1466208885
-1241690437
2116826483
656842285
1850505288
561027866
2001752534
95281933
349822710
-1443924469
-2019847265
-286854686
1232491111
2124289768
1973951418
795312833
429262927
952320552
421036442
-1123268397
1870601307
1927911137
-1927648147
1646847356
-413766009
-594956146
-2099442799
-316577346
-34893136
-1802624750
1376920134
164628960
-744774296
-91322628
-1547199837
-1960843446
1791760905
-256949236
911397838
1852839091
402380300
-85485578
-823779481
1172322429
175779227
206054245
972825156
484077919
2109248867
-1275586750
1984695395
1497653572
1831148975
-901802955
968154140
-1107590542
214502066
-1906704789
-876797802
383724270
-523755997
808667546
1227353979
1844240927
-91068913
568295745
1324810735
169471153
-1654414102
-473165516
-2076365635
501166780
-1580685594
-1331785129
-1331451949
-1826954204
1117001863
-491970647
-457713424
238911298
1110553207
-784828540
-2009164389
971906499
1457507990
1733324066
-182120362
-122934320
-1538999723
-842043805
443999507
-374149777
1784044100
627188172
-1388054297
331707944
-2116029720
-1185128237
-724033283
-1177553173
1465592530
141365849
1599194316
-1263172047
-1030841876
22456695
851701644
-378550688
-575309291
1743408252
1625523429
-182972813
790187248
1306519606
1996917993
935852250
2101316345
872788849
87542596
1840872606
1029353432
-689576260
76551602
-772999992
114243577
-156652430
-1842733648
-920798717
-91069604
-252932872
672964982
-1523305856
-751709783
-1532765373
338835491
-1427211239
-407876729
2020730268
-741003974
57087160
-246067923
586477223
1494818637
733160698
-799922632
-283233632
624121335
742936846
-436682049
345865448
-464649458
-227265565
1114468772
-1842212416
-1934499047
2116937858
-931251156
-42340269
1661268224
-936622665
1373610706
1843704057
370417922
-978210825
-1581788329
117408697
25777898
1529390461
-1067537379
1973687056
-1622275195
1656383669
-221634379
-1142141200
107894094
-893686562
2005128118
-177642485
-1017690005
-1084266262
863893968
-532913328
1132913116
2111911080
2146097696
1150508469
-579669519
-479669212
-392462395
586545207
1070578173
-1178839731
1168076978
2130230302
-793366200
-982621224
-1406632507
-945903739
2025137481
1728558948
122880025
757383705
785885460
1490468831
581179287
-1922319839
-1134655471
2011378727
-1022050605
821022141
-258887698
1043949300
1637468181
176129138
1776928214
1771800052
-796518476
-1704731
824269538
1776625463
-1121603670
1774572262
1472230351
1884276941
-1648009115
825090480
1168922609
177022637
1262760667
-96377234
997251944
-191460649
-1316429856
-1461631231
412588176
2019457981
-1392056133
1188856064
-1313551171
763653343
707011830
923403520
-401028056
-83864140
-687285899
2114880020
1888502051
-877243696
1852943561
1421141399
1720494740
-1019169470
-1547957051
-924282072
-1062089312
-599710658
-1428498094
-976447243
-1034154330
-1955613445
-211130241
-782539716
377415022
1151933662
33044444
1252964879
1249501346
-273980968
-16523513
533198935
-2039092100
2067967243
226760583
950854426
1002688704
-1247927373
1276374488
674071040
-607118867
1772022339
1771663302
-991178222
-1026563666
-378423858
1635281918
-679063611
1267542678
-1192915032
-1988552991
156409143
1693500173
-336023731
-172775269
841337016
424862596
574525056
38750324
1333524363
-763692049
1280351159
-789325467
472479980
113927284
-1079169354
-843875346
-103053995
-1684740768
-1921080455
103405862
-1253102084
291850842
-1006715050
-1025733869
2005483680
1612412122
-959921053
2009675323
-910023803
-709582373
1924060948
-1430050693
191163837
-630860082
1674418728
-703885034
-1179566168
-356800046
-1427954490
-525556208
-746348611
-1812866782
664581859
1708214973
-507486327
-1427610162
-622800922
1708657556
1780042999
709043630
-61764723
-394689720
-22629422
731644051
-1147311855
-1404601063
-1387236472
-914404162
116580488
-297047962
1049374000
-1754464619
-968004982
568324487
-1212035634
-376397933
-308748777
-1236610087
-1292371755
-1165148032
-267237193
-1302775527
-679602452
1775885026
1008444643
2140289525
-1637741323
1409144242
-634776925
196629472
1574690634
-557538989
1506571896
-645142491
-1464220343
-1451581761
1329767035
1850611775
1987801362
1135920643
-1862570555
295998310
1584631695
-280510483
-1731043823
913582445
-801979212
1261070082
1061930912
1448163019
2112858119
1347085237
-241662116
461520374
-959216286
907859926
1679342400
-2004729353
2135680504
-971354808
480713974
1421194810
-386062955
1926781943
1751966401
-35776602
1928501289
2079046408
-224900451
1912963821
695010182
1122546001
709768099
-1487086556
-881299096
713890058
-1999541838
-1138992235
-948003402
1322937029
190875467
689935316
-409238265
-1227816037
1895141821
1542669583
-20064409
1574771367
18920321
1906086314
963990361
1595480504
1894365415
1606838283
-634565344
1586515265
1798976241
1199257009
-1204689350
-270000236
-32742274
-262260853
442677548
-1920642225
-1028039254
381221767
-505545339
-895094506
-1199380108
-1360599192
-44341220
-851452798
186397090
-17704740
-216118373
83838040
499006689
1087386317
-691356351
851403261
1283697455
-974787593
585220578
-1970586583
-1416014723
-2073070918
-681261261
1624989915
1149742479
-627672527
-1604260540
-174011764
-1212999897
-966916990
338093132
-1946393433
-378569887
110378615
-906206548
-947526857
1357241696
-1798438835
-614435026
-419700254
1372634922
-1000798260
-1815331955
-1016955371
-1694596656
2068791191
-1452430535
-919281536
282534866
1925621701
1559405146
1923180997
924123584
113161135
-1688844011
353334891
498498852
-953863925
-2096926961
1151921688
1965600159
-296088519
297966383
1167135231
-351698863
-264600100
-619523161
1326792342
1038215550
607235501
1392009779
280728716
1763642478
-699058549
-667084637
1860091130
-577012333
-596445227
1590811031
-1144701736
1282933489
-983257092
-1883674231
1846938546
471168698
1346690131
-740242415
359883162
402108472
-1753695703
-87445149
-585109408
1450415855
506512665
-1188055013
-1977484288
411616258
658654879
-820410564
-2120546725
-1553377835
-1353594130
1012073590
-331218390
-1237788173
1802473217
106834599
-1738981073
1672835378
-171688976
-138656605
1532531116
1024234005
486376324
-1236692936
-1424539880
55512433
772764173
562138476
717810192
-2045888174
869828978
706903560
1708878731
434529822
176421256
386586969
-923584686
-1218903557
-697923161
1200863285
-1423511122
-1952772498
-725088389
374832444
1852976226
-1474114492
-1848357097
679755103
560103131
-989216332
-1626587057
-1714574170
-863933019
1409711813
-767543994
2081067821
-1758407391
-1340881939
-1818046907
-1211756945
148294517
789638906
-1692653874
-1328733498
-409915965
-1996369355
-822949904
457531698
343428252
441604548
1902177245
593601881
2046520247
1306829648
-184424775
-1483329586
-765916963
787901415
1114425524
-1954701163
367009319
475330594
-519140006
-1665886746
-1849240724
-1809524086
-744002519
-1425411279
-2076814604
1945451575
1660165731
515773538
401782128
439126970
-263901658
-764710555
1694578990
-27871684
-78404935
1456961004
-752994168
1673219814
465804840
630362479
-1309174883
790907011
-323305454
3851124
-650673853
-64739996
150561216
-1381750768
-1565066437
-910900860
-985464966
408897709
49166758
-671737109
1993564949
726480140
170717624
459717718
-1184668720
-1787975539
-880063573
1667608087
1561939809
1309917102
-803224587
-2073554630
-974237623
2054291921
-1659540548
1883949289
-2066520720
1832305473
-587121527
-1161112047
-1804222739
1560159094
-678661316
196430148
-1054108636
518990744
-1451940289
235532001
-1970288875
1949159745
826641150
-2124801679
-18618125
321118599
-1506435434
-748736940
1102410740
-1791027143
95561164
-1722099556
1237077607
1726146407
-599836608
227345976
-491394294
372290343
-954479903
1797919572
-1201562979
1043432854
2020535715
1425917952
-2064129358
1796767517
253669487
-158462961
-390074937
-771389707
1895555931
-10848959
-1090295658
1998847980
-1192417765
302257060
1473405098
1215923560
376896182
-2013585354
185464885
-160107348
128307068
604402127
1766458144
-1651620262
758789174
1154669629
2139283812
441187384
440839839
-1963532880
1688611480
-1693767882
527557139
-2051457448
-1597899062
1832077743
-704184698
-1917876660
110629009
1582275055
-215373129
1446210989
-1097941918
1494968565
-14557788
754756363
-2033467102
858239353
-217621696
1008649222
1693019645
899420975
1868286050
880854072
460347765
-1695170995
1671268865
2011102802
-447941187
-1731521717
952951710
2009414532
353998408
801307369
847251713
2096233762
-494224740
-1050985866
179967783
1048163460
-1496010133
-1291237298
1199843450
-1811213011
381611747
1425368227
1569126466
-2128354002
1334482244
4717184
64407899
-635965492
1075259059
1509788939
-1039498200
-1111359904
-1559670450
-877284086
-2049818681
433126270
1046822527
1211495079
802204293
-635329447
-498142571
228677495
2076050836
1337420902
-256339568
1207061688
1427286011
-1074956482
1810865467
-1152124454
-1428013875
44223688
1333231744
1003294528
-1167052643
481504151
-1901003785
-158992057
-744947152
-46129776
-1800190017
-49234042
62089844
-161205553
-1313538415
750326871
1179094961
1596229322
28321298
1195858070
-1238779906
-1827474505
382593127
-1207330904
1349070581
1851103275
-170142962
732020671
-1269083478
-1997630717
-1261064468
1934137947
-1542063144
208214407
-1733540447
-1993783021
237745501
-1447081013
-920475613
1534151317
-5277976
882797400
1293994634
-219329558
-609429776
-479897588
-931952344
-926201346
-1499666457
1922266942
-2099287332
-1583429793
-1741736785
488401189
1223472295
38541893
-1354657716
-747163527
1042850431
-1974724911
-631722789
-1887063974
1476450659
-301360743
-979980861
1843111025
-585406801
2016327268
1431054633
330987349
1885266097
1775210289
-988590935
1049205551
906198139
331159422
-970188478
1810450592
-314626822
1730824134
2009852561
-1023948831
665591623
359826762
-796803775
-1774213076
1772759101
1048068628
-604772159
1816627546
435222346
2130647352
-749518792
-786277428
-208526710
-858461347
-1943351627
-1075234161
-1173921775
-1714307205
1878172331
368460731
1541046408
-655463451
1245666459
-1119218917
1933180666
-1506915446
-758156014
1979433746
900086256
-350715017
928148950
-366110788
-1039095366
-1706976097
-841653668
-218187693
1216849935
1026455006
-142365828
966040275
-2061591336
216388155
2065795687
601687521
1382786120
-1491728531
-627962152
-615265048
-604962257
1812500640
1847110793
858106501
-145099120
1962248568
639251432
-457450204
-103299216
-354069163
1881678346
-1940755989
-1503325200
-462489895
-916685857
-1393219114
-1887255394
679861158
1706797223
-631372510
207826183
-1636687764
364183461
-1443823377
330117776
1799000354
1060240657
-793181408
1716161669
-478680686
-1842392494
-1793953659
1079079282
1912412699
-925219476
-1780545220
-1505016399
1211667634
-1545595978
-1594841260
-1893785788
1223616041
-1002157103
-1928412238
-402640156
-785440845
-1880206635
-1814764232
1563262554
1113969831
-194148148
-1427743197
558973964
-209997692
1333182563
-1395262540
-1557910566
842590517
-1382744610
1994820626
1457593642
-2114514539
-927813300
1404264046
-598464959
1295978548
146792444
1511924072
-601881388
-712425893
1141698863
-1244544080
-864345122
-1691225267
305730062
-511690000
1348346548
-1877671985
1594778845
-1661250327
1361787222
-1117331989
697659249
682030812
460787207
831166704
1380744415
-20615382
1360056350
-384847428
1359406710
-1207648962
636529694
1458799420
449017838
-37882966
680586500
1475734324
1493721824
-1077536624
1772576480
-477545669
-96045703
1472342083
-1468414297
518108681
-1397979030
-1092215251
-1050574010
-2077680395
-839952350
-2027870222
-658527238
1293881784
35208511
1412916949
249839582
-172535690
-323454911
778822490
914373317
1959986687
1509557376
761501485
1751360330
927123025
-1683347873
-1055608510
298182180
1074980705
-2014107454
-970753988
2137526974
1492927514
-1471808067
-1119850734
80071942
-2098222171
-178276723
-265183248
-595392379
-380469013
1696204491
896217434
999415983
1323781719
1860454110
-356931177
-596827525
432361952
396732849
-624786356
1752783670
-395426490
-1801414235
642121318
-1805156204
-1790843237
-503680823
861355069
-829323768
595789060
-200671160
-1334956554
-453348523
-1441131072
1438817058
696833576
-1054814109
-1736600215
-373778401
-1463298367
191593046
-639059590
697794303
-1404278741
1407595996
1452094993
682710261
249306794
-209415482
435493877
-53363626
-1439620601
-1116277542
899027673
737598349
-1356612750
1686558182
250049505
-1321386158
1262771620
439129368
-1386149786
-429183973
-213152956
-446535795
1457549558
-1520758062
-264814709
-748863961
609187998
-1135862585
-532431574
-577915742
-2059020182
85656295
661120874
-338141719
-66769108
819242030
-1696888427
152437158
-875155076
2050428762
2058367124
-673079529
1052399104
-1177750560
1642822361
-809285336
1825931757
-1063604701
-1290009986
1411657661
-1272481331
-636263709
189810094
1885956686
-94037374
109043187
-236375741
-463972423
1362992778
-77060050
-1221054032
985704274
391672708
-1960048469
-931992031
1066753855
1780245490
2131092783
-1685777952
1130329091
-434562753
-1569278493
1256900602
-175520425
-906479100
600899654
2135215394
380605504
-1838438266
511970660
-201245740
85182045
-656235133
807915336
-1132300611
-252147071
1797774125
610085294
299881817
-235654527
1134990454
-996306435
1693578974
-354855346
-785013618
-1689240973
1595334488
613782597
774554281
1546271905
1949844245
1523286725
-647930363
-1170049254
1549837378
69314306
-720622037
-979824025
-791533867
1703511320
-556203148
-1319247555
-94617938
1214192995
-1486709810
-784330767
987470840
1483893517
1818525632
298112811
614595029
1980872679
1306602411
-2058738215
775533370
-230368900
-760542895
1614116455
-908901866
1440131939
-926614117
-367115476
736693433
801856213
2048364182
851889703
243803507
2058835838
-901519938
1739403242
-730668932
-1957429865
2133734015
1428808149
1933337619
-1695789772
-1217580808
1001404295
-1144351000
-552779046
1885657345
-1307018350
-677506882
-1836407468
1169062255
-937254035
-451546804
1134714054
349225878
735825582
1876935012
1695917826
2137950991
1484785016
1663156823
1437646106
-80003654
555018801
-219132010
2016329269
376461318
-2087628168
-1333447012
1173418918
829380975
372308822
-2101729013
-1898069446
1324350792
2127744179
-256529131
-114500399
-338510918
-550281206
298594333
-1037333457
2058082060
-1883455904
1905074077
1180508179
362510627
-1329624719
1410214986
-787948151
-280255156
1182336044
1929714549
310902396
-1170931143
-1299403166
-1704801613
-1497655665
-1613250487
1422878649
1898465728
-1556385492
-123330548
145575398
1398353568
-464765732
87186694
-1554855397
-360937466
29136857
-1173749583
-866876995
1297093113
-1901211167
-842735160
-1105650087
-479752011
-1304004788
-1267838014
402858200
1085044175
-1063650976
-523023716
-779602958
894448539
1408370660
1537767131
507949536
-1694113071
1683714034
-1641570863
922833237
243146350
-148794351
1106489886
1031024046
-26592809
-2029989502
-418942855
7708263
-436587196
428435162
308970672
638095825
1780159579
-877547568
1772452589
153968385
-1930331365
1076873816
-1079180998
1956201227
-1939426053
-484443920
-595509946
-783549072
-178484654
419321400
-1186579863
-1820442668
1333692409
-1336955448
1399239653
-790960908
-1142055634
-423719363
-89997458
1403003606
1299002299
-248584043
-1677714453
-26923967
-2121849258
-1147416388
-1901451138
1863578991
2039363915
-692571290
-1674852415
-59895808
-1497564840
-1350265569
-1286753453
326029874
-131521321
-174510432
8913810
-1068745393
170001186
-788202909
547221417
-1527031962
-820883918
1570211704
635898316
-1942754243
6591113
141862297
389643202
658172293
-730650286
1932410492
211617699
-981874097
-612683579
-2037256088
-1037643549
442287551
52176592
1545420299
1356476814
-2024229634
-60552717
-1595644023
678109140
680846453
637674603
1826963672
-1753028664
-775666633
-1724324462
796957002
1659911524
-1317229634
-1630966395
174721131
-1690834224
-619567911
395947783
-1727581172
193699555
484930021
-444576860
-533404769
159424489
1518617402
430935577
-1158056763
-499620185
-506146840
1105929970
554796325
-1404476005
-1728199261
575311733
-977476225
1976991879
1500169211
688142014
-989910528
-265816016
-1267935537
47963435
-186094633
906022499
-920542205
-1685011975
1555042312
-1273502152
-910999440
474908463
-978016385
-1278450534
-1970544612
-588386374
538000487
1939936518
-1474832982
-637477927
-290873156
-8202606
-631007980
-612948037
1385468446
1218073904
1217047958
-1268756379
-454834456
27890483
-1547178259
-1373109543
-180930431
-168163566
-2109329983
1995045236
747257585
1709724012
-1881908386
-1654928489
58610103
694603596
1570170026
2073138057
189825497
782273709
-1124365229
1187810972
635699515
1702517568
-187419577
198253453
1964854068
1346900332
-992982423
-1892435152
-647052706
-1830275691
181652609
501413708
875616173
-1009215072
572921715
1043223491
-1989341502
184199863
1566700979
854109686
1600418689
1474722121
-1665949448
1397141095
-40938272
169327956
1099475759
822096031
710760706
674257638
446759602
1564853585
-874889597
-582997280
1185908153
-1299598658
-53682411
196742141
464247056
1596856155
858474315
-910524398
1960736266
1780486834
-2028472396
2042911126
751510453
411179141
-532045012
-1571013275
967659342
-385494472
1006632557
1580465344
-696453129
-659017104
-1531087636
975375256
1051337126
1275633398
807851746
372872971
-483916960
1610503393
333927592
1745879086
859858087
287140596
-511157433
1447870221
1580916273
-1313925564
1343366735
477557231
191558106
-1640557282
-767354137
181148894
1475554778
656040999
242827301
473161061
1404751674
-803626557
860514464
1557436059
1291229059
-2088516678
-25370302
1383618912
41732537
1043071769
349944162
-450786074
203915911
1148723798
1300166673
1310923635
-1660428357
-1098223178
-1278127437
-1089984668
408922867
-337824269
-165529391
1809026164
-1619100776
467359000
-2077472466
-1646284482
-822442996
-1956876880
-421166057
1647013120
-728990178
-592921569
-1972384001
1063847329
257518278
1795912271
-782918326
1643153908
-1309927154
1916822926
1856492137
-1777923010
-1161058227
1064580789
-1605422810
-1073708811
-574916197
593254541
1966402624
-841333302
662979712
90085487
688598074
726177001
-1209187602
-1927934678
850894447
-535730049
-1937266575
1140690984
-1477484182
-986475908
576575652
-1561975597
1639244404
-1073673063
2142965990
677507636
-10649491
255837340
-917014194
-1397574947
-1177679905
1305766107
-629157669
-1487618295
2080005200
-2068907778
-577820432
-533850879
161866455
585703175
-1132174338
-1795488832
388465137
-477981545
-2015073406
-653763623
499993236
-64481175
-273329870
1810188952
-844554620
-1674201053
1584254834
1639269224
810608614
-17993139
-1552425716
1332517748
-1515047406
-1679330143
-912504800
-1261913201
-1245555795
1431403140
1352174681
-1350628264
1825647093
-1461252140
-1753261983
-1658060647
1574339934
-1494959132
-1701349738
-700587537
192319326
-707503932
-227275523
-1582480464
116625797
-1020192059
775710839
-1844494328
-1995418161
600181819
-1882667215
-1230249115
893892669
1804730756
-258156959
554002964
-2131542623
1210599753
840947502
-958188500
1464058809
-1976197885
1291689711
2092798890
-712204672
-1354426943
-1969559912
-1030367011
-1030572353
1280911655
322608496
672678148
-459899415
1084814009
454636295
-895767755
-571946200
-2045620903
597560423
-1435682945
1548219827
517308686
-82667383
2064921683
1564721250
2117568774
408008714
-165872097
381414019
-1745603107
1205431326
1337963835
-814319122
-1053183969
936640708
312602120
235410006
-1048895733
-1739774405
-1707032746
-48632350
-503285862
1058713012
-2071801082
-1866577157
-990529601
55041352
-2000134928
-1036164249
538710511
-45248724
399055878
1540505750
-1201419037
659591202
1240385977
493879612
-1025647717
1313009970
-472081509
605905951
-119508570
693911705
1891285829
670936113
-1725294688
-1138237950
-1712924550
1727738337
1652753404
-811082253
1511602572
-1938213459
1981070339
-201445239
1897917950
246925307
1823228188
-1259012248
2068318058
-638723543
-1298444723
1138390764
1319566501
-1798648606
640772609
263417508
787782432
-1018032205
-1257385973
-1928616705
415771280
-786913827
1226274795
-1344175545
-854481199
-199908244
1056488270
1872139983
2144482311
-1833697912
567304411
-1515370392
-1750781690
-1545261814
-895348948
-139500775
-388133901
1943640658
-768840678
2048950542
1292975403
2096939863
-1855230915
-1055228464
-1859711901
404784383
-1938712910
39938230
-23526385
-1180429136
-324320994
1470081691
1927296776
689471270
-1085601805
-1655549232
539278440
-1766997882
-1563490574
-1762082988
-292092488
-221197901
-813525520
446305346
-1534725299
1511261920
1524141532
-270125430
-1097381138
1996569447
-390702593
-1587593757
1606317242
906807000
-527935098
-1017933312
1139253832
718251859
-1568910019
-1405081855
-687094769
1110363418
466029981
2008386860
-826019576
1483445089
-1280957176
-1756248100
481895569
-1652395416
-1642075566
-2012471367
515339924
1257914059
-1315518589
1278174248
1408905704
-1919448552
1902008538
-1892528123
-122131209
9238690
-438538219
1332020623
-11532128
402301076
1654687727
1030084003
1541880157
454805064
-1736414230
-776026579
1245380264
614697433
1567692878
959482843
-1881985894
784226806
-910223759
1866918674
356182997
-1321779207
-1967531721
673035301
23516068
1486706999
974773724
-184758588
-1453325728
-29945447
-811494160
2128939186
-1512187883
1062597483
-873113693
-577856582
-1628555420
-394846093
-123278014
1140170467
1701212330
986302533
-1103796991
882890466
-1328202911
-764006443
1435125754
-1567974961
-514825786
1721048653
-74881163
929479196
-318831940
-1703886047
-891761814
129215682
-1007972880
-811243169
-1101363901
1487560380
-273228228
457804875
1714055909
-2047119944
-1434970544
-1029037781
361627121
1164687372
-1632951409
-1616827810
1382351686
1737848806
-1547039946
2119821235
1787662026
650337735
642475459
2142713847
-1583970454
708730418
813870228
835059663
88598366
-1531042144
-763019827
-605115960
-1036501839
-1690866250
-1409205633
1010176940
-1357173248
490902201
-1172200698
118455575
-1645410431
1829257281
124605873
424037193
31167559
424216108
440718248
-1130383812
1343014851
1810898645
-897781750
1094824696
-1536689267
1240519558
-1378693803
-1326600410
445564260
1764832298
1607978251
-1963789853
-1300321933
1044125254
1119507857
1638249943
-1071305515
278892330
-851799463
1231376517
-775680933
-1854120605
1298698819
1326250723
-1298424948
522057075
431712320
1968181037
36540397
-1984289341
1088893496
-281292811
-1798652799
-604863016
-825087443
-1356460929
205685139
-56548155
6759840
-1108265397
1739781298
1243425504
856041267
-872170510
-1947925252
-658808136
-717625713
-992363211
1519394719
1108991302
392393351
-319460270
-90892132
-536533663
-226799235
-647778150
-1644667954
-2017937801
1394197508
-716186049
-933254613
-131880326
-1242690105
-1770350734
-900208824
-84552937
1390864552
1377118893
-2031371486
-204950995
-2083748308
-909901235
1650199578
905643388
1949221653
161479011
1717015873
-536028771
1368420688
-1523078710
-1172366122
1169512497
1038277649
-133232772
-942141684
-1345665699
-1309480388
-2027102943
338133263
-1381474187
-342129914
841678312
1984684105
-1773855754
2057771228
-1808318310
361484768
-1830199110
696548995
1170249708
691340931
-2120134554
-359568769
-1351820268
-892467610
-1116980442
1375685817
-1280763490
1388984714
-318686052
-1921164709
-1762690689
1463791681
437007381
-132320258
-1929701782
-569217039
-1320842243
-124532217
198398818
285296663
-1963293547
206660430
840796048
1849455503
-1832716830
-518788609
-172158122
1005488658
528268520
1929536197
-1883819357
-458979841
158615576
-49237468
1674649736
-838213027
1059387142
1993610278
-88842229
1866077471
678642014
-1808471495
634273339
-1472665174
-269625064
450167639
-102964860
624394133
-1732101142
-1529888153
2037217860
1986261423
568616958
-219429149
-525047651
1147005253
1387309029
128711610
-245273716
-95772252
-699815478
-752340874
480193850
1965498332
543446506
192127137
1284423826
-593517881
190191683
1490685285
2055529491
413110089
-78540405
-1767748238
1834491366
1077763288
-1861688477
177174308
2020345139
-2032515522
95161292
-45610781
35081391
998621853
1319961561
-1906527283
-339254663
1362168499
941266342
1579068562
-1189234394
205467231
201203080
1074767520
-495972838
264404580
-617108859
-2001478273
198590745
1384140395
-2078854650
1127272573
-1450864355
-35630258
-1951872309
615093389
-975023511
-545447533
1670718238
116645995
1387164125
-1386246090
-690575797
273626884
1850497420
-1387854934
-694745778
343528469
-445445493
1694295330
1972377294
-1290453230
-1574338549
1691470348
1988510282
-368662456
-1481855062
1380388829
-920524143
1318941765
1095023365
1875898387
-1160737929
-1744004745
-1924979055
-1816047497
-2035450171
795456530
112011691
-197667933
-1963090831
-819006409
-323851283
1143991747
1808280078
-60077486
-935214142
1065615775
868928901
278820291
185780796
474008024
1856861957
1257560512
563370020
402690673
-868846024
-1133429639
-274907054
-201193839
462302902
181458044
-1078076609
582456966
178593726
-875018150
870725592
1775811085
-1211747549
1417577611
-587332204
214864592
-1517647997
525634446
860392392
954839855
1392716223
-1579703212
-1136639431
1869024578
-1639943770
1800243934
289070834
1428573726
631633395
2141226788
501214552
1968449880
1073040249
-139751880
-1953938821
-1217439546
2062091164
1422184875
-1203379538
574051468
802987523
-1722326737
1923951705
-528480426
-325754485
-230505859
-1204200435
-1160379678
-1492430722
-2034130055
-272777768
2106783937
-447697916
1023871635
771629018
918190941
-777405735
-355227281
1957845528
1173572413
902678335
1765488071
362413967
-747522937
1516603446
1676405904
1358007436
485212358
141191659
-322395301
1507567162
-638041875
1548577133
-288879618
1768308604
-1077546084
-1509722202
-2062414221
-889407748
1730694049
1350604680
394157311
-2137701756
-875849024
1309289350
1780852374
-2097595508
-1875204937
274474565
-1394013315
-798154477
-1266950532
-618392941
266975281
-1695128910
-1934828088
-1341118825
-1658533241
1959413997
1449573592
215995978
-1543117548
1716686540
-1491175822
-926508763
335877326
1256816810
794852901
373872412
-846533389
-1590119348
-1762191147
-993644342
1855978793
2000858676
-385926794
-2140956948
295372262
567347255
-1930959337
-482679533
424906513
-1199182515
-829134558
-2032340075
-1500199703
-1536622937
-1399205151
-191998780
-135872731
196408839
-65761468
-730451614
1837274717
1009555787
-434433055
1132066899
-1985483864
-359476407
-1885410757
-336079468
1070646917
-884275742
568171078
-1170398100
-1783960322
-1696339631
-342410966
-1716170528
-1114891766
-1499427644
2052628551
379640939
-846678477
-1707586515
595824761
-2132051474
1319827064
843042649
-828422756
-357337883
2135065971
792356416
35667538
931387355
404953790
-713795937
1367227395
996541983
556442771
-1900286268
-1285832923
1778826424
1003349938
504918440
-655195203
-915034475
1022671239
-805621694
19710500
818294792
-664979317
1280861209
-1710540786
1951049077
21997290
551198491
1047805384
378251590
-454898843
-918756179
-1383568448
-1313399519
-1951728519
1208270851
1868403786
1347590749
833370560
999746480
835261856
-926943823
-838207592
-2009702784
-85014485
1289341486
-1904901886
136761733
517606656
1490632559
-821685301
1697190767
901431468
303398670
1412700912
186170657
-373811660
-1170174631
-463262914
-1613227136
1642569302
-708019900
1459398201
1110467213
-468254955
-278980702
1926702910
-48661067
1425743732
-571884145
-1832575253
-264367769
-566244479
845000241
-1343799106
247824871
-803269484
-62050401
-1140480260
2075595617
-254283304
-1521190112
-587411245
1155954497
-1144003318
-383452008
997842626
-343188799
2091100033
1321243966
1964224824
27970243
-467197075
1444533650
42257787
1855095008
1586838883
1462329998
-794546997
1209232832
-2026622440
-740820453
335108550
-886434645
247172204
1881131718
-710246386
-493319072
51705770
-1967189325
-1823911384
-304137947
-522096114
1744910801
1676536231
-1942055905
901817223
1455610702
-1436744311
255693795
-437232451
824734285
1340689120
-1143633332
-1397325228
231120342
-1667929164
303926158
-43521934
242626574
-386443225
777826955
-1761418626
-1761772377
-340075046
-854862235
2122091307
710646425
967072143
851739988
-2008282956
18451729
-1982177520
-358328136
-2135994008
-1731164246
1799846734
109639281
2144941161
-195837478
-1319930676
-302361746
871410352
-1478521426
-129651139
1205734276
1388688467
-1265195591
580423532
-1318591872
-392149494
1840375369
-1566566309
-1620524417
-1932391697
1733682652
895746735
1734265724
1610350212
-1236983598
1991251274
1220429865
394601210
2010950755
1633914425
-1105945597
-1110452304
-835410734
2083702481
237207200
2073007097
-1004746014
-1600358892
1210325067
-59176414
725681289
436614488
-1589193774
1554183858
-1287080733
1409952554
-1250035299
344858611
-1635836055
-1690697617
-135370750
-466662991
1992444514
557417420
-1186792232
566108481
-1889987431
-1235902649
2027193417
733504964
2099802703
-1780317138
-1302249236
-1363619667
-1177877133
1911959863
1378640147
1538622080
-1903327984
1019393768
1309603168
-97388581
226863110
1143332408
1216953502
539806393
539002620
892999030
1685870797
2001847285
-1763661420
-737228950
-1440628354
1216151821
752038625
1298956473
1096222561
69481001
-842604267
1475053453
-676741860
-469289893
1204212862
350865781
1660459357
1356434470
1107710387
592921481
20719154
-240483260
-1400245494
1545488593
2086310295
-1159072605
1605238092
-1671476506
1259303760
-1002179151
-932131925
453904602
791256057
1869480921
-245135628
2012760149
-1964097189
-1834723508
395484160
-937657089
-2070799360
4092932
433759600
-793181659
883837449
1169044997
926268568
-1109210474
-1533015234
-1213407771
-1193777733
1694280398
-652236186
2072895886
-1095464071
1834393942
-1387517992
-555252413
-1821622908
198099306
-802260655
-482508576
-953866598
-1077697573
-745508088
-614845083
575204783
977437239
1144040959
-2016987468
156104296
978935846
706609052
2141072793
-1670957872
1159194390
-644196744
1593267723
548472901
726652954
-2104618891
751508913
-1352904269
-456116209
-1684922859
1936762535
-776455932
1726257664
-550992119
1765487233
1510888919
1687432139
-1423956984
1314175375
676081519
-525178620
-728129054
1645490786
-1984935955
-829581288
1810964948
-655209073
-480237887
-1138395723
204540701
1697098162
1815090782
1519825513
-1897405999
-886324299
-381908691
1158555273
-796641556
-1057216686
-427796029
1583407188
1744242090
-544758826
1871862357
-1617661865
797839892
-1592686298
1080551275
7673874
1912413406
1914515719
430010835
-452084005
-962199440
1823627417
-490654760
-105918206
-1063449790
-472969692
-1912896077
-780702411
-1108858004
-421251306
-128744126
-1021672410
1699528573
394654284
-324139785
462933610
-773250934
-834053488
-592447982
-1471890268
2048145802
-1554158238
501006866
268944866
-1949384735
67443195
-2017704088
1484699718
-1716068038
-604717938
672623982
229044200
-249005415
1358268880
-1881832554
-1147693061
172043439
-1269453126
-1661739034
272390701
102818160
-1194055539
-273387357
16851028
-1003186462
-1994155754
-1313393332
-1941582778
1977779000
-351298765
2021511882
444271111
-842275297
1376017301
-921192732
2100797481
-1773528234
-915375673
-1146585352
363324016
387039876
1618310510
174167527
-1381029196
-985657275
752561105
1134771537
304970763
549690501
-947967589
562591234
-279333850
-816627183
146855135
627342251
-465375493
1027269483
-1007176867
1794099156
781320356
-1469110051
-837725949
1347276817
-842126970
668371920
21531318
-1661734029
200698038
1086800733
1992311121
-2062726335
443748503
77522468
1659353325
2021544680
-327581241
-1454254756
-215013277
-2023318737
-717868997
-1759656660
251084046
690879662
1051678376
208401976
-888236331
-233964160
1083505700
-1532693379
-759398296
-991994313
173617165
947973985
-1551341624
251593232
875929641
58523397
-1646142707
-912480665
-1116607218
-1680938274
80022883
972627308
93348036
-843692669
-1112266667
-1874788329
-1875055704
-1717374521
689827149
-1643377831
724863890
-1953078006
-1244763301
1767414931
-937852614
312883916
-661729995
-1839333045
1552611287
-287576702
266699646
-2130211300
-1759706360
-753481556
1396199243
1972744430
-1976035592
-447584217
1084616930
-1241419161
1421172412
1527077055
369458884
-1433265503
-1384147714
1584442888
-875190035
1188818205
1372996320
502440301
-725193639
1146761206
390826266
486248073
640416458
-1740246439
-1720527003
-395976523
1565645512
40781364
-1715915237
1390855649
1871807465
1575870765
-2075785698
-1823032665
931134290
2045073621
-1588765959
-1829878883
79311997
522219037
623596358
-1903925270
-1106232773
-1426056184
355603278
-660487909
323707900
1735024034
965363190
336868407
483138382
-837034192
-1608497192
81569808
-805309021
-221835608
2006343856
152128732
410592854
-701546653
-707350791
837044483
-1434678032
-869935856
-899307049
-1482170567
-982785114
37399019
-2092933833
-1348050481
-557460954
-1538251729
1243595828
288720710
1506666642
-631853367
1504503228
1305605157
277530316
-1636136627
-2067294349
-813101556
417919988
541729581
263981782
-691770360
817179182
1862956583
-94271325
501970983
-318170456
-1898834945
81723000
1132795471
-906891813
-262481042
-2055716166
-1949539253
-1513618416
-1106933670
1855009464
1044965158
-182207963
1082757958
-951972081
741063100
-120375664
645862411
413841999
-29847411
-1561230684
311925704
-1796686370
236627668
1400861715
137771542
-865191652
1685252311
-1679611213
476455296
-776593720
737013633
1136338564
-315449551
-2076941151
-2021285587
-1799472655
1918523887
405211472
1476103108
-1087251370
-1685910456
-1411967868
-2015998967
-116088638
816983562
304543071
-285370829
-676145923
-1927134985
-801250544
-1665813573
-1707635508
164869305
1727407040
1098156663
2083298675
1874040339
1252941234
-954760984
1157647738
807501145
-1283696987
-1230842929
-1110459212
-1052676062
-1497250436
2083008773
1562462332
-1726109125
403315232
-1527010420
-1322618814
1516732894
-1138597979
-415540000
15793733
-958014686
-2067096405
-1122023533
1800370337
-1718427979
-1217243642
399265560
-455008628
475129801
342366113
-1380034338
-883296804
-297673396
-1744951393
-1920275808
169061580
1061120603
1923401666
1476319739
-1193257986
-1234318856
-98785008
430891328
-1346358076
869538297
-2098563661
-2059653749
1076381594
-1148688061
1616811296
-99927532
1666911991
-1430194888
957517435
-1875079996
2100156996
532105837
-1880117958
1738287115
-542067412
1943026848
-588723192
-583678480
-1764784362
926345704
-20223509
-1886834583
2137466607
625491246
-1087738456
1295731436
598828844
-1659919397
-995673243
315990341
1670864399
-806556974
-1123811184
317689770
849964584
-846825823
-105620992
-1237755892
326161182
111823602
-850413479
1871886511
-658065745
-1275882169
-258267469
-522463236
1176048116
-1741574426
957765501
-389506667
-1757028631
-454505967
1129454495
-437538646
-1137091028
403947130
253011935
2024801162
604271877
-1328437003
1018317957
-632540035
-1964218458
-1138666897
-666401984
321217488
524645299
-696806882
-1024755894
-455901392
-33681661
572333817
-1849660469
-1672826309
165203624
1611891818
-1992711046
-1932342188
1135557164
1225272898
1984214154
363769782
1593315101
551010285
-109160509
-2015158837
1752152268
1754475238
813251054
1487762622
225050705
1545287788
-123776907
-315608498
-985646895
1484683894
-1533236661
769937381
-1413518333
1519441891
1657592329
-2118399000
-408007953
-386717707
-1626186151
-221055920
-1413814536
355766528
-552489833
106120825
647788317
-467755426
1530905012
1208219706
-2127188613
-1462222427
1942904158
221347381
-1958190827
1889219355
75385693
1935057775
689147863
-126196375
402808640
-494467550
1916861656
862945423
153355832
994315730
-1122504993
-1076848616
1468306243
-2141016419
1279185704
-542207858
1441048972
20549079
-911357848
1521477679
42821905
1538546646
856708621
-654125344
1443709318
-899516663
-353053751
-1321404063
-885747847
358886479
-1693694639
766376897
-480483402
-1216665467
-828002719
202241812
-1513868052
-1078464671
1169957636
1942451812
645467023
629631870
413079569
245913317
-1157376000
1971383222
-1095714824
79951723
-951465237
1384522167
-802275394
-1174115552
-1109612559
1976301008
397584453
-1450204303
-1297163642
-360954868
-328982575
604030280
2147054875
-737290623
1304500167
147135872
694189694
1383149801
1309272758
-2081462123
-1287376511
302383473
-1131389285
264987035
-1040968998
-533312815
-167344288
1336331377
-530382519
-1512989796
1249562022
518287158
-2041994241
1863575256
-1891164732
1740680954
-1130964162
-2081893935
-2095742194
-143211592
1524897596
-357201110
1937552217
-1125075068
865974605
1107328820
-1428468034
1260102912
1827529536
2062515586
708892574
1805445396
-1401267960
1292510140
-224418073
1362901981
2045532318
-197680717
41115796
102884581
1245940774
-104060234
1438362746
-129532267
1650686544
300656675
-840747200
-1452475161
744298753
-322141888
1512521646
516615007
-1628674511
-927036341
-141282261
-2099898821
-71554282
1938259151
-571464576
-1074261271
-578794110
-1327013064
624167906
-1587323976
1696158601
-299036247
1505834798
643887826
1123679590
552303117
1418742645
1205911658
2050103710
1449023852
-2073317189
116727857
-1961887899
320717951
-299932420
2020954637
1450974017
1151691141
262437743
-578174452
-2025252371
1496161111
-1779512307
497048470
-840188545
-1818134086
1248302932
58088418
1269684428
-228668684
-1668799928
130570155
1588620555
-450798943
-776761670
-1072666590
-1372060232
-1840975418
-778079284
-238701786
419983034
-626639834
479132339
34587313
-1673320249
-2028196140
580682686
-502046827
-1299300345
-938949623
-1668671592
-2010782871
796879095
941170743
-548329271
-1987103299
-2069788784
70939742
1613654402
-28186476
1512637607
1699361181
-1217480295
-1275844589
-942828138
-1050844661
-1592889135
-54824587
2022070812
736377543
-2087941793
2037925185
-129010559
-2102641843
1801940649
-467777345
334397437
-1827377653
-1261341616
-1539798361
-232945318
-605249997
-1719191184
1259396892
-1445302824
246519506
-695043034
-1487108392
-49101744
593870625
-1318575790
246388135
1472378011
-161044453
-445090659
-1726231527
-1273011916
613769039
-818617155
544659570
-489961701
1764793079
1610530807
-602983707
1822504956
-1357049016
-1415138075
-631895807
-1333603696
1984535819
-597877895
-2022183829
-2059035325
312596844
-110147007
-112903987
-332585193
-1378119919
-1607566356
694576398
-837365049
899154030
-920581876
1575465923
1114386479
1830015831
778500637
820704996
228001770
-97165866
1598502341
1510300354
1396178237
1383230526
6999901
700083256
-2129991117
302240895
-325043793
-1595617759
947018248
1215195836
-1487379967
-168799735
408274378
902703898
-458492078
-405772250
1167357757
2110368987
1658282467
1574509192
403256831
-186568022
1124085496
-481294449
1933124332
1949166647
-755043105
-1595011170
-1098226237
-203735802
-334171343
-1797150195
-1081765623
116202628
-886770857
778900836
-2089885651
-2138840229
2054892879
-868559163
716354540
-318825978
1940403376
1328954536
-1972178698
-714728281
900674027
1448925390
-583457583
-1030313960
-653792301
1440294255
-307522307
1160160319
-1543936674
-1811560011
1935776857
401063846
-1093004372
-587452051
-1797915963
-892293046
621736009
407399419
1614543623
1543056818
225635246
-1215854961
1776718578
697497667
1197769741
2136266133
-666967612
-1147436590
2035254350
2034098545
-583421744
-609809541
375730004
-457446804
-1173235108
903826608
328555396
-374523927
-704136500
-1923287148
1946108550
1069000411
2051280895
950316681
1262029133
1184967546
1576987384
-964346105
-1405533099
1933720116
754030529
287192495
-2036466645
-159298591
-1859870837
-1313661025
-708774350
252047675
1721321754
1566641415
-440318557
776284557
-1654637729
-1508824836
1051093205
-1787826007
-744151450
1968994956
-314476866
434649118
-414083470
901915409
414523577
-1703952470
342316389
1926409674
-757756791
1233617133
-1135280539
134759591
-719500643
900571743
-1584552004
422370915
-469439339
-2137840252
1406584576
-1280525864
593428484
306299997
994947955
1598339726
137523575
-2017611231
1146645164
593590932
1403624374
-583650515
-1412727946
-964876909
-1353939127
1301495864
-87475465
-887656161
-249487811
-211965750
1937549332
-71023024
-1766565849
1960995054
890544404
444788881
-994336151
-162978266
1284132739
2019091895
-1372714829
1801521055
-83366312
642284373
363389388
1600544165
1349733977
-110289586
250348690
1177996376
317832382
1988876714
-394933953
1066462623
-244240364
-1358932563
1728535277
-313024931
2040323940
1188790309
845028699
413166307
-413030508
-209021693
1945578225
-1848127835
-142023924
1219642925
1920872193
633158447
-1506371684
928193938
651763791
111417945
-2021515620
654929022
-422141997
1988509625
-231822508
-1953735633
-711131204
1447525721
-453291106
-1632308313
-1621870920
-128888919
-1403486518
-493934909
1818575730
-609692490
1120591553
-58441076
88982620
-401571172
2250604
-1412478260
-357644370
921325881
-584222634
929111268
170530733
782650147
-1325896561
-345805860
-1743681744
-1294681637
-735017773
-1444484677
337642079
-659398334
1697890284
1312436761
1152149438
309886539
2112222548
-1540601358
-331190935
841055473
1910212125
89573564
-1718741343
1240373611
704886805
-1413939526
1699380614
218751134
-654631131
1672391826
-173214426
1482900435
584104185
1155670045
785500086
1654567850
-493969691
1401080446
-1807739618
1423210061
-1853787642
-1912167563
1290704314
-867947289
-163060312
-1186075147
-1047837346
-1037157289
-832173081
-899272205
-127649125
1242467616
581847192
-1012760704
-1284493760
1789843108
-1886646679
931942169
1071216419
1798695314
207276614
-124677314
861306400
1438428571
1521852670
764006208
-1631130014
877184619
-699210970
-1972025505
-1489164831
-426241065
-1714922691
-1753833965
-485512661
237470034
-222045680
523793066
805741926
-711796571
-1290427041
1190515986
645246868
-1609397282
-1314870079
-1099586824
-2091751400
-2135446903
-1860261692
-2101992943
1432134522
-1235913187
-790329256
201812918
-545967770
67848633
397791340
1965587894
-1198752006
1046006031
1216074201
1306788967
-127755967
-1529771360
513792383
-840486402
1004950521
-266030807
169197229
-44157152
77174940
1585457245
-1407814714
-41471816
-1203953250
1956542675
1935703328
-853172470
560342514
-884381887
1406038575
-254952952
1522841810
-1224027414
-1083052830
513816292
503964095
896042837
-782005428
360993510
1623765191
-1751190209
-631314553
-629721217
1570624262
1503266513
793487829
-1067119715
-1029870738
1680507669
-1740433145
-2123282880
-406899766
1181332646
229887265
-1059514804
352135679
1394886567
2000382014
334754721
-262582891
-817851659
-420972111
209956200
-599576203
-1130119008
-1038815379
533105071
387868148
1029474710
-2127840858
-237811144
-919142641
-200181599
531793079
-588240242
1602337528
1142679699
404401478
773008216
-614888239
1956131262
1500172965
-1010090255
1782878134
-1052329303
704949115
-1732826313
820422145
-1985945599
1759576227
1873294498
-907523896
2101340110
1070985811
-757340520
1627147178
-1142721562
-1407587456
-224817920
1670879435
-230152283
2021123969
-1892338923
-1734727396
316044509
1959783922
-129811588
-1369916193
490521611
449374427
-1813715561
1466636394
-1450742836
105330960
919032859
1251658026
2105289615
-208818982
-1930172193
-1786071318
757472650
2066005206
-1238758921
-596638379
-1260760079
-822201571
593994753
1337526713
-1697868443
-83255132
1741094334
1258772749
-1412502358
-271563546
-1842499356
-206687691
-112328803
502614975
1622268977
-2009675645
-1186504348
-1997413
525853379
-360697215
-619293721
1504705999
-887337818
-886505235
281455742
-1729948858
1969396910
-1957903868
728027114
-608176288
1276850055
-1182796541
-1531119223
766031638
-713066486
345584106
694895045
1084961377
744828113
1384024450
-1103030323
-822237732
-2128725235
-417701471
2065441415
797420199
199529110
-1878306388
-963265339
18927759
-2043797693
550945630
-256802634
-14928277
1228309371
-1717675065
572823198
-1723153208
1322346508
-472616810
-382289207
806612680
-1888389829
359402906
-2015809859
1692343622
-226670309
130371205
1201605038
-1241110466
768409378
-1671491341
-217736138
774603372
1270881528
-1302117718
-1892492475
-1084949710
-167446382
-1783410653
691734101
-1932117314
1126689663
1450080073
224263394
-366715796
1603397505
-951844225
-792725735
-765572248
-1794949025
-444616728
-299330097
-1695824489
-1760510215
-1210136351
1066302900
1297033399
-1795796579
-1793020462
-1209732664
2003070404
-227283560
-1725048282
2114199820
269088413
396260878
1943839895
-237233283
-556396057
-69747698
-821346386
1940759101
1648777521
-1212290080
792379018
-1459402989
-1761325735
-434898015
1380917727
-673673451
111990061
564784913
-673926847
486804643
-885095852
-949680981
493560994
1255449751
-2010333073
-319479818
620454425
522285754
-380349830
1741030683
-1989880860
-267452039
-722484616
-779077194
-1248093520
-1815885608
-563042481
-908681488
33628183
-59692891
-2029198096
-1294264115
273993065
380981745
-1273148742
-697968958
-1070404946
-273820740
1566389280
274731402
-1326192149
-111558929
-1812918392
-1141091783
1243521700
-1704618610
-1860964490
-382495087
1170489762
-1318422227
-961902103
-1526733165
1346695414
-1504883549
-419673595
70397785
1533574205
1442954493
1505318897
1615492898
531002660
281044405
-1786856702
-594100562
439196718
-134314972
-1267205608
2035164108
1223856564
-345444812
1523572296
665000240
1678381869
2047557721
-1936180293
102811530
1293109423
-1041795391
1760224469
89451475
-1766136138
198272457
1468279705
587777769
396896291
916768179
523867467
1935733342
1907418246
-1826372202
-1934252970
-1402655092
-800962913
-1003005547
-468984720
-2031190548
599779105
489273427
-884579077
1225466279
326324154
335985574
-767496786
1187859309
1354902095
-388687734
993704308
1081251974
-184442740
102146647
1506014099
-1121998298
-207507557
-1154675402
1363718929
-380866812
1154708530
1495524305
1673416786
-55381459
1568256723
-180902839
1914564869
-1235500268
1885544527
-578996116
94465601
1669352174
918695563
1384922407
-798623510
145531708
47079814
1078054201
1349132377
1494204841
1404530842
1322828585
1192435515
-142471915
903002113
-940595590
1405063865
616017905
1634713242
-270288868
-542375975
798309325
1044960237
-831794652
-19936477
1022521902
-313456020
416616127
715097735
-461355356
-17755653
1609460324
587970942
-1639682532
215529138
-1697655480
-1914599570
-1871835278
-1801254943
696018967
2133121106
1298950474
-135828652
-299454496
877782938
-412516064
-1087233833
-858176176
1659788623
634924956
1006828028
-558554334
1454396794
-186245590
-2103883237
-1021677610
788789702
2056751562
-884976999
2099752608
756978020
-748953820
2084548461
843484067
-1386730706
-582515746
231180256
1446819678
-160217586
-821010126
1349027731
2108327270
34347937
-1817181254
1227088838
1212695125
685732118
241656974
1142943958
-473008894
-1103949220
-502419568
617745415
1317306097
229137276
190094085
-1875452540
808734733
1885566018
1430398056
-809617757
1090068884
-1074257373
1120454266
975179884
1649044562
-382249894
-1520141155
1319399003
-687632879
-989409709
-2144065694
1203775845
775672399
1277072461
-1637079456
-947591368
835310129
975044154
343423815
-209534521
1736990648
-282815255
-1175451084
849240837
-752717774
-482796186
417516358
507943152
-1198605838
-24414560
-1170996880
-1247762992
750451010
994323788
-1744024944
-1661808448
-2056122216
-748754423
-1543594816
302578285
-494438392
87760325
397640940
667367965
2080747514
-295661474
-370066779
-69548301
1925491484
-1012157044
-2014274253
-1581665936
497574809
-1829770243
2036100592
-500813507
890703754
-363066687
223960019
645040935
-2093373267
265281768
-1647659957
-1357982871
-1987003564
-1810396311
1961938253
-843444175
-1231900513
-571751099
1572568240
1229226077
-1616377875
82089451
1643917496
1533610629
1076704143
-545390114
138968559
757078077
1953041598
1193582996
1863792187
590242203
-220065073
876233377
682581293
1205234934
-2039748188
-1067387116
-1927180906
1069270769
-1830171803
1230845729
-101079968
1534277303
1163518320
-1329202945
-471874406
-584355193
-1333217139
113500947
-1036187436
-1769072526
1913341030
781122638
1500083628
-1095700637
-233757131
1013743314
841875880
-1226066848
2072521407
1424273627
-1363229113
1474754574
337982336
-1107105828
50245202
41734266
1685454631
200284648
-786483849
-900963562
442664260
-329604781
-1849422569
-1636988159
-474228417
103028377
-1728333218
-675143798
-2048800629
-956799875
618365332
1345756918
1114089500
1291811445
-1331809614
1662796161
-365689578
34423109
-586503368
-2132625246
-266457914
-37112343
-975167171
1746411155
-456671275
126176951
290687943
1861868048
-425737030
-1525936443
2072689756
1816754782
1306520944
1007414151
-105447976
-674967666
-1137965975
-37132099
-935703423
1255195394
1971762369
1529319051
442465112
81441840
-1278336585
-1212768791
-1847665999
-454271578
1646657880
1070540605
-705809402
388662861
836513404
1307928389
1580478215
-1313406223
1370482166
-115667398
-354126860
-1661809664
-1171053818
-434907854
-506781905
1604660113
830525202
-1661762107
1701009932
-61257816
83474581
-1521330189
276704492
-1164735304
1550157143
-455161276
-1145315703
9747560
-973859874
-395159503
325809298
-780622695
-1318125532
1129362114
1636379002
-472202584
2041724809
1351573368
835578764
-418687248
25036810
-904011412
441399618
-2071745390
-349997389
-1513828169
1263529687
284203383
-458184366
-319519724
-1177036517
269908630
727203693
648163524
-72277627
-1992150926
1142650485
-453204815
-842537074
1395580902
1685935418
-105906474
-522609860
-1635747036
1199086242
1023543773
-517542660
158291706
1213817749
478616841
-978032972
-566144937
-508117957
-674650282
-1479343591
-51296754
-640184215
1513933021
-1519693763
-1892816167
-359551144
-1804296579
1696269931
-2132462689
-127347049
-1994054728
-1814166474
-819862023
-1902184382
-1894592806
1308174031
-682292494
1665544308
-1909568673
-1720812137
-1300411890
-495444487
-574163306
2091365365
1580888205
-505572792
1784021633
2038219880
-1845778192
-1863529297
-1793170689
1217022175
-195352900
-571231024
-453252820
741080136
1285704317
-278476725
-797036280
2057650534
-492994035
54833084
1007830358
-1924480281
-1550358250
1055502055
1976049094
-467828555
-1161368108
1739416626
-1586537643
1668865676
-34308577
-2091349165
1838737140
1366984652
148275368
1445443401
851531367
1810119823
-756703614
636172175
331496304
-1297818626
1752015076
371432591
-2014920404
-2009645088
-1331173587
-1963094188
-1243464773
-1797603981
-1946633945
-267980668
-374501850
-2054004865
1463351695
-559779188
272271997
-1189794393
126483668
1054745372
-1053118400
883627265
-1513519073
-1633380394
-618074880
-1500035607
1033387155
-1769491903
-694402236
-1268114670
709161685
-740348157
-1511818320
-1767776803
-1609315634
-454790065
-2092415901
-509412371
-92277841
-2145889380
1834640033
-75136517
-1803325387
-69815657
327801522
-675352602
518019886
-2134421671
-1738460663
848083469
-1373933509
555357148
807350183
1333070817
1049615574
175156395
1149353665
-1518821451
-1660904042
406738648
1334433696
1911144407
1837886385
-343795405
421171912
-1115044636
640253635
-1706107720
-590099876
1741661528
-182147379
-120055735
682290624
-1890620828
-1282440577
1441858460
-137696385
-2057069052
-1346579015
1633125750
-1032956561
330761808
-1868413873
1644384537
1895113491
1969111569
417133836
692381434
2024388160
404101783
-1288773383
-2079888202
-373357054
775200456
-2098507042
-1186754489
172757951
-869770372
86858505
-891229582
-811135331
-834517752
-65324211
1076270211
1355073825
-96721384
-2144989363
-978131652
1063740696
-1263097918
1281701114
-1577219830
-852403783
-2096675113
253835609
233204090
-1151322101
1314900603
513428873
-771287062
-230370940
-1411510281
408061956
-224153725
113550578
380387277
-689670619
-1066179994
-762661474
726056972
-1007500823
-750246363
1699492014
1048475622
-783945735
2015376244
1827112139
-1524418433
-1845921305
497241375
-177549309
1135304455
-1024866120
-1548156353
1803077615
1961559050
-1800875102
-201039960
-648970216
-2059514874
-1051236586
1961149605
-885607786
967814461
-1306699777
912445159
1765371642
-1982054708
47916876
-747925063
-1929817235
-1796905731
-1554785876
153848952
-1212435432
1054895832
-1011480680
-847375294
1120097479
-232130305
56060310
-75684627
1194825928
-267638341
-605657926
2106117435
108285209
-75228591
-1517724816
-1646482869
-309759807
417595802
2040252025
-46324143
692363134
-1831537710
-1774888397
-1314034039
-1986788705
2048150447
614972444
-2001054616
-1246958541
-965341003
-1662808936
418745876
1549697123
242675400
-1484928782
-1476392426
-1348792036
1010668290
-736441952
1429817934
-1916203024
-1802206777
-1164681014
269810215
-652821954
-77415915
-293282547
-1284033526
-1558584433
1656404512
1463350395
-259315177
-1548254653
1392294173
229039078
982459922
1944380012
620898910
1730743902
-1924393829
-510745863
-669655650
-1566603017
278794146
2014306582
-170045282
511868623
1473682456
-1167706669
462226928
-1382168242
1394118378
536177155
-83167982
-1378051921
911789354
1685587046
-985700419
-721344321
1286495119
1172837898
1376114815
580681189
1246720287
570288365
926197383
961965665
-1958706902
-1365740313
-1605651777
