-1606459660
-525439283
-501401840
707853955
-1183795618
-1019587779
719603612
434012002
-1382931380
-377535511
1803900940
97524983
-664679871
-43413104
-743656024
-1432495899
42836432
-1991131380
-462481275
-806519777
2132509098
158874639
1101388330
-587386178
1910370008
-1032481009
1904570997
2048626963
1787706948
-1557702018
-517710145
-17672704
-2102867331
1550911806
-1217996994
-167084413
1789936058
-492048812
-131729749
88440467
-1974906849
-484985893
1840199716
-1435454673
1173367359
-1236732614
421752659
1607819699
689814497
-827178855
1225432782
1744361580
-1530233081
322386832
1256476864
115704943
345587499
2021711649
1053971913
-1148251994
550784203
734330600
1307971107
-630136277
1829496104
-568160368
855023877
212305368
-355675575
198664329
447268427
-776281314
2043840326
1034632439
-1221130666
1868056597
-1685570366
943171565
1823708208
1184408277
-1964977736
1131587546
-1595202060
1935703043
-1413122949
1347835203
-203264148
-584284498
-354985993
-639229774
-522312965
-2106140325
-1086260932
1030620142
-1955619651
638461022
1092073789
-1427697045
922655724
-1854310037
1737936596
758127875
-1410683259
504920172
2139673864
159407334
300233515
22607252
1137015186
1902467535
634328394
475557043
2080182173
1241284472
678668158
-1915169333
1768164046
1630279248
355221558
-1814712604
-1586715005
-2052680854
571374740
293555996
-723698338
-2084670537
-385790569
1278203649
-1183443708
1723864695
-265079940
-1219603934
910271009
-1612035348
1261325152
1498013155
-1428780881
-529169071
1382880042
-333452911
-796730248
-962269431
-1340274777
662561718
768370137
-1512323557
1542095093
46131373
1227484871
308592606
1468231973
1729316472
-476718057
-901750032
-1204492004
119335376
920295161
-1607824276
-1847490631
2129725565
-226653499
878089307
-624085188
-1372939032
-181028102
979682666
815586533
1942390509
1143420290
1963662301
1001316059
-1454414346
-991107782
1226211268
551265359
-568033211
-938571598
571010667
1090221025
-445166704
-2028416720
-571717866
1400984642
-1623168302
-1469452805
188264173
2085671706
1730557279
1931806677
505987125
1055839787
-2124670151
870543560
-2117797696
1888213685
-2044495198
-18707419
-544007258
2036877084
-703874318
1524216521
1852668469
721007304
1150861482
-795633758
147937317
625100876
1909722824
52097137
607313680
-1724275255
1589520732
-83728687
685266208
708370324
433786203
558634359
-1280996599
-1420719850
2037240242
-202041926
-1000622790
-2121144333
-1784363618
2070798677
39920718
-4803218
-2026332102
-1383035796
191336648
753734156
471242073
875699148
293531136
223186806
349594517
-75728009
76413015
-907840349
-1069895769
-1022174882
-1391922511
2107744310
-1358216967
-187013008
-1101904092
383298852
-679611527
-916598829
901250796
-1344782951
-44272976
1415694960
-1027848798
664768540
274862610
1218820789
1434872749
723501808
2116966039
-265079147
-599974920
2060741053
366871946
457953235
920762597
496851312
170249376
1127521408
911217792
-1693528481
686217035
873677762
1166342136
-484749137
1709630800
-1442278698
125906506
2035088121
249214615
368107095
-1757018562
-184940757
847962177
1710404543
1036222359
943375788
281566975
696819502
-631269499
-1826266429
2120710817
-1338308246
423716958
-1305076167
-1932734739
302740007
235016333
-334440132
285314482
685935239
1024496842
-1640817019
-939438564
-412683293
1496658315
-2013525827
1313144136
-1279613237
-2139893831
-639522020
1152631834
1207518795
190091431
1107419219
911996494
1731322736
-1231772353
162964396
-572301619
-2009402102
816899197
666130542
-1732281023
-2006480974
-1243687647
1908056965
1312524523
-485430770
757079712
776387426
173755571
-1336387245
593991003
-1539288544
-1777913728
1907913227
2105955858
-897024537
-1881209911
506882327
-368401253
1709458325
-388604564
-562081545
413237710
523413402
915842238
-348262583
-802739005
-260544221
1758468066
968484495
-425589953
-1555444870
124019550
1285109813
1378252138
-1866657364
-85287189
346645201
1851392198
-661221269
-659176564
1344643244
-1019845028
1963555382
-326897951
172231296
638423095
-394868298
-2054289476
-1993629053
-1193158122
1699081835
-132868108
705792932
-852643492
-1014423673
-117444743
-228855533
-244268981
114915609
1945560232
1301111303
-746055567
-1359657106
1320207841
-492591685
943329377
1097671860
461131861
1019300792
431343782
5426399
37666852
1386839130
1179749364
1403440079
-271888986
-1425420916
1171422881
661678514
-928732152
-653910059
1094406483
691894695
591355163
-2127116392
2126965497
192802467
938798696
-1282832745
1150238206
-1911989608
-549096569
-1636165192
-1615872836
794475475
-754593360
-333488372
1454776622
-336511835
-101797742
903239692
-601130006
118147397
1743332451
673483813
1143651917
1540857844
1572037944
838831989
1570321399
1720991586
-246863979
-113266217
535338873
-202811568
-81761720
-1780475363
-1735266739
-121135242
1409600882
-1760636517
-1829586938
1743763622
-1721186587
-1540127764
-114885433
984906800
1671776181
-1053034768
-1206135047
1116233096
-1072322807
-1259765997
196023352
-1899183578
-1853430223
701166549
-59053683
946107309
1095672317
54716549
1999386338
-1728540593
-1949350580
800206159
1614089650
1492229487
-1586212637
1809505401
-174821633
991731847
-628437889
-502237207
2122806409
705585739
-1241041620
101571306
-175679172
936722446
982219991
1016202287
-147122967
246165349
1528098594
-1066337257
-1204125895
-1217931255
249761655
1305893682
787230173
-1300174847
195413087
-1404357373
-1918467574
-1456667136
-1022204908
-2132186361
-556820188
-1758853621
2128901716
1883417590
1212093625
1106592862
1632124791
-1826512056
-1746932304
1231243920
687499460
1857035514
549439169
-1507187979
-246851073
-671800943
815559208
926088771
-1545988026
-2008396194
165125780
615386999
1843117596
1285025284
264494949
-1708277255
-1854807866
136025399
-490896361
1169993214
1070560981
-1519040570
1773466360
1798565677
2113999876
838035930
251099937
1464713604
922652227
-271187585
-782315101
-548763523
-1500946413
549850212
-1193366017
247243884
-354526188
-1706693154
-253019684
2138159658
1284933084
514603314
1806321651
1303793911
1165763593
-1232446445
-645102003
-2019890532
1842765721
1685384553
-1056235600
380631504
-1124137864
272344147
488210518
-618636580
1262171994
989543279
-1784532512
1130902145
1762211018
1129563224
-815725942
-2023729383
681733507
-860737680
-1763972194
-1640716293
-1299016706
1447300062
-1604359379
2136864548
322531148
-1843870758
66733309
-1793169134
-703166683
2070141223
2076171965
-175542541
1243282752
671606241
727165823
-603013377
-785438748
-2050333320
2102614630
2064772897
434028990
-1962112516
-2077442914
-108096036
-1644707083
1306894746
-1788373364
-698149524
-1726662789
658493542
1147326534
-405113557
-808409434
-1168104870
-349718203
1420815670
-1192632322
-397461090
-113421479
-1437792176
-1101119144
1646796041
-428812068
883785734
-1973040605
2040982247
-119279062
-178112750
1826459649
-995527684
-842772912
-1428228604
1846306969
854590153
2048365314
-841691618
1160240299
-443755763
272750546
-367704448
550287460
-1051394674
-1097064289
1368962948
-1895838477
-1316103144
-1496085685
-1929086869
1048622939
2050894277
69280944
-1280064712
1166131338
-231054465
1928698067
-1206881572
-545969493
1752706243
-558681510
-768147566
-1915650121
-1095975769
616815931
1286823308
1806939474
-1862887651
922755254
-1277517361
-1688258092
1200821881
-46709628
-1843424934
-1677115739
-1599829712
1710757200
-1459716467
1063113677
-1793726494
-1262683034
-922806071
-436033334
821389209
-829071702
-1039068589
-1169914204
1299147859
-376342838
980598909
1029297983
354918333
-439017801
-878765561
-1485451793
-481939391
-1131856816
1957869506
713885009
-1368687550
-802503328
109951862
73770584
-1692619354
-1372483894
-1846361851
-1281725274
425724308
-1694999806
1631665615
1708727324
-1352140674
1634917311
-1737756072
2031762356
597166689
-1613391122
213013032
1729702285
2065660747
-1541472535
1018037746
-1221534649
1545141277
-827335192
-424416264
1077077392
-86522990
18175159
-1852163411
-1894544897
1040591743
1930220713
1491839387
966722080
616193628
719756492
2074723463
454637775
1760155906
-2013654435
-96547630
1693096649
-1880308554
-1054692226
258067745
1418840959
374238565
-713857242
1991623488
-1690610899
-1539811279
1304031576
1561789507
-1075996117
-2137407956
-515241321
1588974
1137231235
319123298
-618871912
-1906130858
679430339
-1151573476
886478393
-809247033
-844807917
-1426361757
788695218
-1544835352
1948380553
-1853418045
-1744842743
276784925
426760379
-1344796848
-1996315189
-1805380308
-1194489963
1513631726
-1453308680
-582186462
1221181805
-1068544308
-1083620802
132096119
1338230100
1494427184
-1433095318
-528859024
-1968635729
-66637703
-1208886757
1826801348
-1816192251
726933858
1862092216
-2072399486
-2065536231
-1946175613
-2058248029
-1362249935
1452157243
-149839331
444308654
-1774736328
-326831398
-403013866
-440683827
1736759936
-549096610
-1906428606
-990402035
-1359171753
-1210038732
867380963
2043222469
7922583
1870751274
2084321395
649419530
-1172995577
374390268
-688191584
-831611545
-646942720
-479023571
-40522089
684004045
1892047955
53124123
67731333
1072326344
901068906
-38871475
1017783386
-1810303757
-1253400660
-631334385
932441807
-825003346
1653002534
1426024001
-1046174550
554237965
1273175911
-827209878
-562148288
1001706515
1140128426
-1482106605
-280249029
-665847777
-1892353734
-2103265198
892795293
551470758
931365394
-1931181148
-1895984380
231416098
1669004739
1314259968
621781039
1297584457
104444314
445010728
-479590720
1015466370
-632575743
-299625663
1545936195
1461074068
1912557861
436800422
1975314798
-1293835104
-1359631655
1856126712
480804522
904986961
-999737671
-713372039
-718651182
1288762705
28639122
742473370
1218121529
-1142308098
-1487444223
1510207697
-854680591
1905231965
2118293593
-1512380752
-11570358
-356382130
2047264202
1258431027
706049945
692158209
1753256894
-1295435943
-1170090694
2046888872
1199068806
99738357
51884759
1716971885
-532347339
1717615301
924393961
1540711846
2102398156
-459257149
-1633414274
-1917374137
193286807
-1947716677
-1528605379
-1300450408
-2071122731
-530637027
2053364391
-536914905
-1134292322
795319316
2061424287
1931145215
1740520449
-1238025770
-1379047125
-1520636391
-1763471508
417887037
392357244
-433346798
-997031600
-247119977
-573115349
-456125410
-1338062331
2030132409
-977726011
1358362940
1626019306
-303782310
1000032649
-19005781
539694032
1187450525
301587567
1454665115
-573733480
-48428049
-1809669012
-1157725144
42219290
-126054381
1648241652
189109379
752484168
1301404794
1270976960
911106929
-165335150
1369229271
-1531436847
1152547321
-1624828532
604260595
1002431667
-1454350759
1005548238
-99132739
-2105229818
1943136313
-1633349860
988777892
-851854534
700916771
927123653
1943722537
-280446567
801602097
1701496655
-705197905
1483510410
1693584391
929543252
-855227755
501897491
-1421771261
1351491238
857972870
-1008571489
-843669581
531524537
509331983
-621126143
2107680647
-1100350654
-1994392975
-1691549768
-511642169
-1169923813
2127494840
228459124
-2056023354
-1032595095
-1359019765
1495467224
-169550760
1073896192
-1773652666
-1475607166
753931904
1526918149
-550159675
1842446919
2018104174
-441115436
1660372866
-1594964030
72640167
1068158244
-993431454
-1668074224
-1473521787
228761449
365929163
-1489143852
2035943138
-787759495
653468537
-1426062207
-1682244592
307091826
604481170
576605911
1847889163
758807001
346117367
-39418195
-840706575
2109413382
-860532004
-1197220623
-1789512783
-299789888
1721998234
-1413376787
-1945455101
-424220893
1524778691
108488139
-1003209577
-1585552950
-865105289
-950276005
1493414801
-1679717847
1571884789
1757564178
-553311437
-1671721158
1555851124
328463957
-1039038757
-1165949861
-378682317
-1117220105
-1626169552
1714100598
-798019121
653354240
838153112
1297854818
-1247544877
-991534928
888764140
-1713243512
596703381
67055555
89686895
-1776456247
-1785463745
1617077493
-1255071237
-977840225
1430880555
-2036636728
-2095230852
-1308012670
1503747956
1070121091
1341471650
-2073476724
1696087497
-1599136642
1650171858
1626992223
-1584079484
-1279573347
-1862613667
-987167418
2026214395
1161857049
924355571
-739099494
-1999928044
1064416646
1184577881
-107934618
1271296798
219216912
1979711322
247525197
1588410335
919829256
996109562
-1421455957
-1509147927
339286431
-1096073487
-1770490117
-821790415
761379056
-1609284777
-853062280
-1652887071
1282736707
-1019329381
-591558650
-149844884
985814415
-539807815
-164975023
-763376669
-2079155136
1936058795
372126518
-445455481
570295355
-1700231136
-1773186718
-1383989090
-1380718818
134275435
-261910984
-331555446
952328652
-1363040322
541067000
-534253034
-1990762456
738034583
-363860964
-35990253
-2076106465
-1957895815
344772357
313172771
-1420265748
-969513249
-402938409
110329556
-513194089
-2089467283
-711218784
-1296990736
39457213
-682112152
-119377217
-708143086
917469591
2065966184
766703491
1315990140
1766662708
1981273420
779309330
-1285954264
-1651222775
309497965
2059365003
-1006488292
-2029696597
860591893
-831193489
781942786
714074074
1744073010
-2051570116
-767998729
957189569
379776070
592511066
234845858
2049775739
-1522035295
633253947
1163960969
196025561
-199941166
-1433977667
-2025408097
1919436386
-862944422
-244723502
262622752
-849599846
289962659
1741431394
297622177
-1214063481
-1462822608
1791460207
439346786
535866480
-243374572
-1315741318
890116838
750649319
1446314408
1158534949
-2130796859
108764682
-1513181576
-502713319
-1333179968
1982745605
-1830292099
-1659920599
960464406
-763251238
784030097
-172214601
939062037
-535126172
-338047457
1071338326
-694215437
2146214296
1399285017
1199165616
-866361890
936900622
-459249617
1696956586
1102003281
-2095570241
-772124355
1193225413
1747245736
559177744
1819760132
-1788819001
-1231926282
1219445519
-201688292
1063305625
1338892822
826468859
1305829929
-844793997
1348913407
726374665
1621641036
-53843403
-655719588
-1659191963
-918560292
1439340824
-1154671524
1862835318
2124684374
1853492869
-486399290
-1573178522
927324049
659731780
1663156559
-411235615
-714527435
660003801
-1898543057
-574160100
1624040814
906889770
-1647985679
1221352472
-1503194149
-54063771
-101892726
-1358397913
941232076
1704222240
-703635539
-926792017
1690581933
-567917375
-445235875
1718672685
-1069527108
2029543455
-1166187069
-1591061380
-904717310
1719562857
954855745
1938070615
1004467583
-732522426
-922332218
953517852
92553895
-1740288450
1106804836
-62461998
794417933
2049042519
1511928351
889195629
-362860962
-1457496061
1822715398
1224087632
1576363664
1213176889
2035061384
2030633746
298580314
-1041131551
-274561025
925581188
-1400873754
465898100
1863116433
648957683
-1690840124
497972963
-1839651528
2007942313
-1082817502
715703480
-588044770
87981498
-1780593094
-3946629
1125692461
-1298919172
1035933194
-1736877994
-1303460378
1383250774
625046602
-1861753349
-1385719438
-848409539
-595197285
17538757
214302198
-471673220
563787516
-797075171
1635474987
2008033587
-1145634175
2043846175
1302552621
-1404742367
1284417349
1802074748
1731800722
-779566555
640121248
1393752481
1238351549
736991489
833454229
2122051352
1213704308
2043643233
2072258958
-1260129746
2142397104
272241691
1904902986
-133058602
-1233389132
-1882115656
-445402090
236975821
-1418620319
1239715123
-2055987398
-1848843778
-211005753
1041228544
2090266038
765904167
-414357505
778466383
18279982
503889851
179409207
860368529
-1387200479
-929883638
-1022429171
-857520325
-157974943
870961311
-1119717855
122507209
-8299329
575009256
1657128933
2068514309
1759440133
453816860
-1190011722
-376544120
-543588568
-2056693416
-1035103184
-995707007
-1488039746
907374603
1469742269
525777332
-1430749267
1061997972
-1336514705
1304493509
81589285
295791913
-1480465136
-937744457
179729871
-650302214
-253165450
-107169106
-1670291386
-1419912299
-122893798
375815932
-1572230459
1572485004
1017219307
-1821653926
-1156237534
2068104532
1952359520
-1405680523
615488507
-1851023504
2132450251
-2013812308
404479534
1195549901
-1707172107
299826712
931384718
737651056
-868049946
-995195188
981727442
-809071282
-1831086589
1320832861
-391222064
1075666298
26565214
-1496979036
1243460332
-234953851
1737155913
-2092227134
362070730
1119110945
-311161556
19252836
306174794
-221993465
565626520
76526919
-604670283
1223935514
605394331
-1542620162
722849331
1131890124
-1224802219
-526187278
270180480
1722019520
1590236875
2107959466
365965279
944443057
1887249403
-453326003
-1085559986
1478097553
1602542639
1592495716
-1757251846
-708042763
751541398
919886563
-123140107
-131970897
-671379440
-1397242007
-1011398875
295171260
1973931336
1319280326
1910222719
1543106144
-1062092281
-927462722
-33186955
-1601209201
-481722425
-1349572852
541226412
-776349809
-506610297
-894943063
-1557085966
-1291598886
-1328962851
73418061
-1970853009
1742042952
211529809
908928822
991764761
-845206419
-1238214425
1666595111
1774555501
378472511
-1442832131
-1241004365
-836510629
1141716476
907171415
1523674298
749607553
511925578
-816663176
-1986857420
1854878876
-1197287777
229478451
282313005
307134011
-1313914397
5982592
1035792400
474597301
1787388754
-534431085
799992615
-580248740
-2037355865
577459498
2129589858
-397764110
170788982
-969861338
-1838031018
-1802753445
-2025589287
-372399267
1301612424
-1534594924
1106760270
-448523346
-1545122068
1581105123
1757707231
939939924
-1556634968
2088434767
528893315
305543295
725038109
1275699027
-1733709884
1990019104
-1571185626
-1988209714
268076961
1288562436
-780308830
-768090820
-1710518347
-143876828
-1081343441
-711901653
806164376
1925343290
65499193
-1117040153
-1670699644
-928133481
-295038670
1179241847
1190270523
34720563
-164955870
-1299522611
-775760088
943646470
-1049675678
-1728067272
-514974012
600052629
1902634147
-1465880036
-887077061
1994005199
-1747374539
-260413211
-1480741042
-2122991591
-876149370
1469581113
-311835269
1765387942
1762137320
1940577900
984686938
-1723633396
-580382058
1242053432
-500084919
-1167970796
2031005432
608022701
-1818283445
1559320273
124822309
460250726
-1028186067
-1349717517
1181000618
1661789693
701504490
-362327972
1783511945
1871397824
-1652698544
325908211
1290589060
-1883439452
-549241630
350015928
947743130
1522557817
-518910208
-876084199
-826164014
-804339873
141644101
1196288643
-1419251402
1185467768
686280496
1369317691
-1350963166
1387252702
-1209189627
34841709
-2144597826
-649696297
-479253515
1364811141
-1831430968
1351881031
-718972292
-692473411
173974934
142087525
1254276874
767550966
-603062949
-1490943823
1808234213
1315662795
-618997592
1319039013
865178445
-39687197
-551269322
616274346
260650720
-1735253625
-1292879134
-392322099
1210492223
-511648908
-1845221384
-2006039374
643246322
947828209
-176002637
547052616
1605366664
1000301090
1330216964
-992772674
1764514818
708349598
501978002
-332096459
-1004069007
1782957376
-923770622
1298943670
-233535522
533451322
-1019997065
-1878794395
1669176681
555944047
492427612
352426487
-1139096140
-1984891136
-1804524960
-1918104224
451835265
1678730279
492367298
1792226513
-1876502375
371695940
1415350734
-590431263
-2053663761
1923517493
909745574
329241097
-133495291
882823658
1148680773
1385709910
-105076337
-1451997641
519305153
-758137767
-146506155
-209427220
-1609932080
650876769
-1437229987
2058178594
1543323276
390881516
-147827384
1075175383
-1080828294
-1200091815
885688316
632198845
-378987320
-1496405534
-1967715709
688689230
1031319765
264424138
1023364658
-1044595677
-548607497
-240244526
1806737933
1178532486
-49884553
493756913
470857578
-2051150267
-1332281632
813371715
1518554323
-795764791
1159564665
1678291520
275063600
-202896026
-1194583537
-1947401423
1455333669
1188095219
940354039
-1980867872
-806172487
-1247993187
693949522
1458611599
-38444233
-1253129992
-763581806
1317338410
-673347752
-2131745194
193275197
-773975873
-1168646751
-681764004
1131550961
-2141253843
1456359178
1452021457
-135792729
86116635
-674182688
1392505529
-541203909
-584188372
430303467
-1007198558
1498992171
14944624
1990641875
1081123645
728548254
934175005
1953351615
-1687319761
-1937410136
913513854
-630953154
139232553
1946666700
-621282518
-1146632086
-1077325003
-227421247
-1350333319
-2079798710
1686690643
1052233337
-438596044
-2074084744
943254852
402106206
-1635298421
331526147
-108654171
1570648798
1144552779
-1952331626
-1128876482
1757184297
581660752
-88584231
-1914942565
-671846855
-9158857
-667764457
1367353308
-2142261742
558103384
-1679978720
1622885065
-255534773
-629301005
1672789616
1426399017
274873804
-978251096
-1726292592
2146923859
-2142341160
-1861887956
1519523771
-1727433979
2135627597
-1878617031
-1337549371
1209967732
-2073701078
-1663474234
-866860744
-1124935005
-699851438
-637491080
-1179443776
1781375735
1147465871
394446935
2018211016
75310091
1396007641
1628380356
273882980
-339643455
-1518585385
698416810
1017002609
1397668505
-174624859
-1283355148
-373886726
-1747077051
1417059799
2090588734
-1875605283
-886604420
-1420979011
1444831950
-362539603
1067609870
977445608
1319117253
1510929882
-945560008
1429950701
380540561
-1857454577
-74776007
1221760360
470647717
1794537179
-1748074716
-1196440253
1195922284
-346926958
1460708856
237356087
1287673978
-660393611
1660529133
-1770636909
-1922933500
1582907920
-238418160
-1551053508
-153012846
2075974627
463189521
-1933397772
-2030417166
1090420292
-1436399269
2138765790
-1809559697
-598299261
1076316005
493653569
-950561981
1663180879
-654223801
1752607628
2040704073
-355934377
1863978128
774457497
-1808440074
-1593492684
2013231958
1207621685
-38328694
-49693563
-2135177843
-1665585184
1532842626
424899163
1526618268
-463759664
2055814992
-1427619113
-297297363
221790524
268225613
-1533599214
-1111417020
-1728070698
-953171730
1305105212
-881213293
-318436456
2118085430
-1160112121
-2057428981
-58620477
1419063659
449868357
2092659638
-1058036700
720898828
175430607
-2019317309
76044697
-695724799
142678185
-1587070494
966961875
-2073905900
-1588689053
231356370
-1620209828
1151402143
-211971135
1591704375
897081051
4807303
-1341182050
-1865551696
-335655274
166231144
-1090357748
1450272809
-886193351
1125474065
-1660494656
1594455149
804027093
1835447858
-2085251155
356397054
-1255812310
-1835535532
1389040366
1944845096
1841344553
-1727593464
847488744
-1163622573
-114374989
-1500299421
1959586479
1273283481
56577959
662255273
2085570729
-421233000
1962632987
1615748423
1785313648
-404893304
175283176
-855983098
846448892
-1057511281
197292908
297673597
-13088255
-2065695661
1280042378
-2110680633
-908239978
131567825
-1917446923
-1005797514
-1382767337
-977646227
2064500654
-1820129337
599321675
-1330871735
373646282
1552556054
-2035521080
767995609
171013240
445665940
1092452245
-2002870858
-1973814462
-1773195210
294499857
-718935629
1891176851
-1295847952
290530068
-1371324370
335781496
-2044862173
1761255251
806155431
-677305174
-1391276205
478899720
2078325142
-180097844
-985135844
1443052242
-1677880712
929239024
-1569691546
1733792217
-1459465430
-806607265
1873213911
598226485
654590075
-1348821351
125598089
-1929905520
-15292932
-1933639526
-672259332
1846018057
-1370131175
1948295519
1333245006
-1184006309
-99466900
1615366823
887239849
1037598782
48508496
53254910
1066675707
-570154227
324051381
136192502
-1858122260
1462722728
1003212851
2018475191
1326621197
898065563
1110275680
1064859322
-145235124
-1059396225
-1079553178
-1202097455
1406502064
-276815968
1930442959
-1772511126
683047233
801986015
-684735582
-495140589
1179903303
-1541538598
1390678708
1253130816
827076279
811398217
-860090825
-348147892
-1693048598
78541483
-768207722
2133901245
-856287344
-1655011551
-1250156411
-2045803060
-1960418077
381900184
812891219
801210659
-446470369
859861294
42555010
-1970890264
-1474363088
711653582
889441177
-1882241030
1705405101
-738436580
-517588681
-759731591
1136691973
-1508122984
2033413739
316183436
1073370103
1578460925
1120374083
672058461
-2043031737
-1254754070
1261547938
1006048616
-913845330
-802094396
515944790
882845429
-1987341039
-532973095
-1080866455
1968322018
2134017014
-801622327
548228279
-1763262298
1941057587
-1742523359
-65493055
-1666340718
-575069465
-1818258616
2146586047
644029272
1417601966
-932803682
-1548721413
-1501163311
917675279
-1802262559
770717788
797139194
2135626809
-1783826989
-1863324608
-1251101121
1395779567
1980501017
-507460465
-305405956
871320255
-1992881562
-1183017460
1201359168
1142598777
-150538280
-912667410
-751003693
-1381497121
-1955912799
706669231
-1461930119
-143605351
-613454870
-751858397
1011668344
433217899
975539955
-2005249333
-1419767720
153908905
1064299134
-1917833110
135127017
-1951760663
1504595309
1822624729
-972785270
-849498630
-533479510
-1590513641
742831271
-1116351979
1500931142
839675556
455422851
-1062746286
-2091329052
-1196228082
-979708873
1388523101
671006040
-1802926645
-1760514567
1667258985
-862702966
-2064279735
1410211489
1521134179
-611674208
-1957039037
1235070057
47890795
2135606876
804006486
-864567308
70734463
125798337
1501375444
1519418001
464155513
1612783100
829808086
-407491392
-765154501
-258668414
-1211763817
2093101300
-823775449
-1463589259
-141251840
-1598673254
542770133
875928395
1382563454
-1875113638
1538651391
1181227441
1030889499
580845724
1909299392
-508331860
-1862577716
934855501
-1380593155
-372295934
1036873479
-2135589918
-558266845
1983041751
-987087975
-2109859684
-671647214
1170213786
648858549
1908954125
-456357288
-1502897119
1770821967
1841316315
-1012092254
-1220048110
1433148074
-248028220
205559918
1671756677
258059824
-201225502
1891929349
-113690649
-343740543
401082671
419510952
327952673
-148387379
-2027948214
-435850999
1924439032
1033624422
-1212640646
-196360964
-2067203914
357170832
1602418419
1433270126
649154826
2010581915
1145354840
372463509
-999167956
1901996083
-1055184255
149329001
1221826884
-1823328266
1544369277
-105729710
-1698578420
1672299079
1780889562
1653477922
34310067
1649402209
-715896285
288739908
531678212
838864559
-1310150999
-1691690186
-37701433
160948314
-1975417210
-993694156
-1974242457
-236319710
2047868127
-259320523
-292775212
-1226095760
1075737448
1044262682
404806058
1678556332
-106007764
-1528984795
1472546450
-979010100
-306289266
725469095
-1417515288
-1324532691
-1794942582
-2024970243
-1889867874
-874191451
1432574272
665834940
-1957722017
-1909053736
1770066867
-1117077205
432649463
1003782859
1588715213
925144305
2132170993
1426050998
-238856794
740946191
941783425
1576086813
-578414843
-1906614001
1582596516
100189985
694642726
780386685
-1100239739
1784937235
2059124669
-240449386
184627746
80261449
-453477062
1056990783
249371183
1892417589
1144737871
405925688
-1173694150
-1740149582
-1503521617
-659077231
1689787407
-1894687839
31335959
-688390052
1588225373
-555579212
312111249
462265507
1874747801
-1323592055
-855916297
1382838684
128849186
-188019718
1366759862
-1363290597
-1618392923
-1266330957
-1867378732
401167687
1955778
2124778244
215839795
-202254192
1682163183
1420249335
154848534
-869860128
-1898234468
-1464430939
2025939940
-595982576
411622808
-1265330235
-1864373460
248064925
1126103219
-272283003
-911998743
-1721033317
1047047075
-1243455076
-1990127354
1315969257
-705303253
-1238457441
-1014735837
-290661467
936770681
-1940604012
2027693721
-1946729758
-887107121
-1126005052
-1753984069
675511960
-1459718810
667610069
25882975
1993085147
636575886
356880151
440629148
-1872884656
1095716121
520419358
-1276657452
-544848421
-1189341447
103873680
2062679540
-873239139
-1104636888
-1088650177
1527458554
959202077
-763525433
-1416955271
64866231
-1292347196
-1736372854
-993328993
-883631914
-993191282
1180186194
-852412940
500921628
276302846
-184772837
232204470
1806787312
240808275
664277272
-2026912654
-1062368738
907663352
473375259
1111740820
-1441841705
-1796459968
-855349190
-495035843
-1198808324
1977449042
-146392145
236587097
1272231579
-740814751
495026944
1790824687
-1398032199
1679312928
-894229153
99123386
325648209
1699142005
2143534930
581959161
-1627425380
989669484
-1334870634
-1185787005
-2078127213
-1573808018
873873985
-161228515
-1315464783
-667328847
528906278
-934867697
-1507132163
-152008718
1360476284
-279973131
1516203847
-1804589726
646751937
146672594
-1943019599
516281565
378250971
-69911702
-769503375
-1549854623
-602910335
-334549296
82409172
-1676791619
-877868328
283383869
2014131845
-994742392
-292790432
1547883555
1389517071
234959956
-393147631
-910308479
387868831
-974649052
731893441
989013880
-56845042
2016121370
-594380856
1863068190
1999971871
-896777100
1284226533
-2070364014
-919054844
722278585
1574230883
2076811856
1739812903
1317252143
1413088119
-597913146
-1031987162
-1065056881
-800236820
1270059559
2112085278
-1702727429
1364088577
-305584514
-1446462165
-1980553425
-51534191
-1673466363
362118447
-1145392137
1694763380
-1560989257
-1574649645
-515747872
64272933
-296274141
-1096823093
414622002
-2049290844
-1493078910
-205173411
154441756
782708126
-1539849717
641778467
1818974769
-1823403830
235127942
-1259151346
-1397952237
175183253
-329298657
-1215901009
1204727917
-164076800
1153030780
-726585935
-1747613914
-88902711
659678993
-1573314135
964276178
928280520
-1684221774
2075463442
-112167828
1233074076
2072847721
-1276136302
1646393666
-1403517306
-634361463
-126124670
1423721264
-1832923500
-1206211837
1934472365
-1946948336
-1720208639
1218934263
1939054422
1410744432
1259816155
2071789198
965723263
-770202234
-334010906
-2026400762
2037245032
-851141024
216921536
-772755186
-1696570283
-2064989857
22326597
1538669907
-12438892
-1420663067
1217907764
591123546
1243899582
1052311117
-1049658094
1465460112
-388029892
-580436453
-290385074
1434829214
-919505651
201171828
-1219262555
-676075262
1031031493
398783696
-1374366008
2146512859
-1566530600
561495021
-1312545221
1867320067
698982168
-86709498
1762579327
1693620834
-1632692356
-644144828
-370355853
862209153
-1516905950
680477301
-1750403082
832370525
1625208982
-1708632581
-1588057647
-977001859
359005012
-341450490
1732539604
-1403077050
541653131
-772460539
-1483763650
850982030
-2084056285
1461535577
-1984537247
317275758
-1193957887
1982878539
1038438022
-460911780
627679113
809312064
-791685107
1681671544
667406692
1168735275
1579896792
-17152219
-1390364542
-2013079998
-454172950
-1190128165
-1571634846
-1612146189
2136500554
1860761146
-1735832431
-1535133671
-1612935123
-1709724317
-651626641
-316819093
-1856097709
-624688253
87108920
-1110633164
-681439567
-120235088
-1472773054
1798553416
263286095
1787720951
-828396669
494936374
-1391136141
-1929664331
1711139926
-1282411846
-1203306497
248920613
-1379105666
1657251189
-882882281
-577467590
1111088234
1950898143
-1425572858
-2021111121
-757604934
144540540
1373054561
711520091
-1479545342
-1495606707
1945843565
-323349303
-99266100
-826931319
-1791376195
-1084060408
1647066083
95373196
-927927009
-457032770
1304169678
1360464655
1104033209
-119402877
1518831258
-1595008615
-1885266578
70952555
2110650589
-310319307
-521231739
1698924260
499427574
980816229
512722572
231071171
1476917913
286472022
1022303354
-49596264
-2614134
2147131732
2066599187
-391005367
-772981336
735538048
-1598227056
1618258910
-1645507028
1368729535
-813679490
785475481
-415264461
-753194251
2061097190
1717441865
-1263566215
38992242
835143597
589867231
-411642778
247760556
2106850110
231345217
-1131607474
-410371026
1441763685
-1136492194
-855018763
1762261968
-258049154
275878273
-2119596208
-1694527192
-1127578418
776805866
26734994
456672832
-1972708560
-366975590
-101810074
187076488
2073132531
173347950
-2108847496
-1653603570
-773441790
634761071
-276330951
-737734932
-998931899
-1724255640
-1341662749
-226155776
-1149499577
652407479
-1299699781
1653686754
-281179879
-1841947800
924293781
1147809042
-293572491
1904432767
-391383395
325754993
-550153179
-1374423148
1655468627
-925806350
-496753755
-1415234651
-1100833833
-713186671
1240389639
-513117657
-532820378
1894599043
-850145514
736109406
815397924
-673822034
-1869073218
964347886
1870843931
-1703145637
807739051
-237967951
-487035773
1905623081
-1813496273
1888069065
1003178307
-746235068
-1514976152
1347827705
-92735817
-1039844905
686003361
1338873648
-1546925900
-982058818
2114797816
1734837094
-1063539256
2115467392
-1694741183
-565394261
86947526
-2021070724
-1743305686
-931132547
1738281600
-2485919
-162649441
759431769
-1183022634
-342666525
-561889937
1171809428
610240495
-207009621
-1426496209
1274097258
-768812346
-742372722
-952466338
-102221225
-150087704
-299156479
2027815882
-1915035739
1240662395
1120100044
917520689
166356550
-410663038
-849470210
2033828906
-672177181
1368858974
-1551827424
849042757
-2091035084
790608791
105069485
-1981115535
437587602
384744924
-1202739008
-501415010
-105266487
-982487736
-403644145
1415026339
1946539827
-456773914
-1120079080
1935716704
920237569
167620215
1813313945
-1472019673
-980400165
-1026740878
-1946134460
-1591814569
1707729324
-787005877
1681035187
-385546422
-1818772554
-858230792
-75113319
-1130166928
-1660992020
-297423440
-1306257862
-638123333
1013837184
1359632117
1211793436
1396159806
-1842665543
1929466836
-1045658882
755519248
1868551690
1689561451
226787593
-1072066442
-1893247136
1017336491
-1474217659
-725133248
-1131423045
134570335
1007775310
1045714547
1958004480
415411053
645317702
1096533288
-612938740
550537306
-2082207219
1479232435
-1257869044
-1150328045
1228562863
1580560390
-139906037
-1928780823
-599000034
-470861225
-1252880692
-16927011
-1992139744
1550970625
-323980071
1304113693
791762058
409207463
-219930917
1767071950
522139054
339389599
-618449108
1402517004
-1336025583
-1525171316
-1654211670
-1092031442
-1298685343
228429900
-364533554
-966011826
346964133
625828629
359055868
2146507271
-1363586378
262289114
1523976988
-1191182464
-1336609811
-1235411213
-482359448
-2007476823
1246268957
1788721916
1222381959
458503364
2123956675
-190051076
1207132379
-1349633753
-1013408389
285674953
-1684697066
1697138751
951752886
614310827
2124560659
827007448
1712784810
-129114305
-1411745309
-482917990
-320377207
-685727074
581007141
-591145770
-1357671947
695604926
445788057
-911161214
-110562638
-340159721
-211389193
-2080558206
1318006429
1601821577
705961469
784572713
-344567588
1814878332
1556268486
-382599170
-803499178
263466313
-1366447006
-666158910
-2074852507
1613385944
-1087730526
1954329009
1863695818
1054215305
1388804915
1475494408
313308641
1637647703
1895768813
1345804743
-121291755
-1826081989
2145645165
1230791096
1632122773
1820158669
-686289184
650352559
-1507178681
-1424270031
-1343152095
-1507267822
-1215087108
525513264
-1073460730
-1599300197
-2038125083
-580312923
1416095479
199273564
-879151290
1672718618
1656608703
-296401661
1792904809
776427185
-1024295770
-2145334433
274689236
1081780808
-20337729
480523042
1109254589
1936724952
-871090051
-1214991896
2127148477
1770266141
553509004
-1335882376
2088490436
1459630204
-1198738978
613485128
-764217011
-81982688
-43500029
137215558
1548285906
661545317
1804611261
442616789
925073793
-1316800903
604966867
1365428501
292237102
689758272
1362059813
580736871
-1899029109
-686238600
327568384
1880993583
470452119
1816634397
-1853326669
974037980
-884665260
372099343
-778892958
391537700
-1170355268
5319153
-1164213991
185105044
1375463157
1434482771
-1084799453
1910035015
331345859
-1146106606
-1277426020
1664336885
61006653
-925358338
1405091397
693858095
1844988867
-1241665602
1473913751
321577960
1281590831
1767566064
1143968282
1294196791
-237001143
-1231980
-2120432138
510928474
-1795379584
461450154
-392266550
-1779716355
1955335895
455344664
-1266200644
-1565705284
-2011062499
-490163503
1437358800
-923333146
1114474592
842966324
-958102147
620348804
-490286685
-1517728591
-1134870403
-2003850087
612729806
394178482
544263396
84341418
-247031579
764213431
477061236
-1269457792
-1239209347
-1629129277
796769071
-1388958676
1854378858
1145940470
1001194028
-1743239862
-1460766531
-21146245
-1333202002
-1212100214
898559469
66754467
560908402
-1943443092
-1001641901
2144571218
1163941447
-1461254838
422082011
-1197007463
189679588
1448884891
1147431672
-320557404
-1574076939
242977141
1083079640
-146461482
-321327754
-1893564845
-1135184679
-553811406
1208127300
-849433576
-1690597830
-498250756
294335729
-1971731885
-966600939
986883231
1573017303
632964036
1498403724
-298440751
1703685999
-929390305
-1676236221
-246377228
-1182943261
2131803151
-650859251
-635587649
1055087073
-1097066883
666994921
1541824285
-1784649039
1567699473
644319535
-79308203
1042465673
-612572168
1069570566
1531761770
-1098446048
-110976792
-124322280
1816575428
46105728
172295521
-2090407031
-1244900337
1045985056
-732422604
494634020
723028066
-57506767
-1775159992
-1064149801
272835492
-1371767496
1270883995
1528170593
-1286157013
-1724149796
1109033351
-533833399
1131304869
1565121280
-1660880314
591286033
744454203
1767948564
-1735659592
389489323
-1120449549
1858440104
83102051
-458545620
-718319787
-1627114430
-164089414
-2130547777
336047185
-359831952
-1515032415
1625188315
-232914337
1936330527
-1799263696
1457062584
-261747480
2076708142
-1513847369
832490750
584829924
-1740056770
-402325247
-1339339841
-144895293
1127492299
-1945734179
-1813409881
-1319984752
-717350784
-195196967
367692658
1852779604
-1280245306
869525584
-1585062499
474805432
1472289693
-527651161
986775904
-401024531
-388347217
-716386605
1571035866
-620494128
152005794
-364951523
-643640690
1713604168
1221681837
-2050679255
1546843149
418887154
1925706093
274554420
296862709
88796928
-1953641991
1152496796
1456750873
-206432930
1480020019
983062181
-1725053695
1945574677
1934553697
564413561
-1248086124
-1772599820
797369851
1642669936
-1005827565
739044716
-1693884986
1210601618
-318673591
1764432571
323849505
1106287449
-1383041280
-1508431539
-1058468706
-963430214
-1783485769
1834562910
-1707445292
1735108198
-910288495
-2109067549
-599573390
-1256630708
1311214991
-943409494
1070875287
70109794
-1019120639
-232511040
529626721
-88463195
-919471303
1872658194
-1366912316
-850162850
-778709118
-2085889194
-1068503652
1305842085
-404855984
-268894421
1215804676
1285485610
-1569386824
-846204034
-2544152
914104883
1617023522
766810160
-1042233384
2049977056
-1999005636
1638463733
2040076831
-926124362
1056232241
761760895
2095193620
671880538
-484593382
-643841574
741423791
-2047892580
-2134334540
-417103847
-1676806818
-987558473
-1862193325
-944079822
208165913
1384559062
612381974
1346013478
1847819443
1103734490
-509596580
-736999836
838827379
-1181013158
1322712950
-446312337
-357291293
1809154283
-1734049891
1421039550
-674885913
-1016809568
-1923111898
703578594
1957520656
-321901100
-1992554252
1030338798
2038923314
2138425382
-729522131
-1027355374
-50301645
821175748
-862074065
1513917577
1403789094
35738860
-1858908475
243643829
-320679785
-505951312
-920136043
1708779399
1772570152
-47470343
165706717
1578267684
-194990500
1277329869
375391070
-1284163131
26008242
1276657364
1439155863
990684638
-147067403
-76034536
-916358090
-774224254
879238098
-995709685
1687720907
2086047237
-682537558
345018062
-595519298
-1011438366
-869416791
1548788400
-336244605
1117496799
-922881769
2034908916
875726859
660340846
694380270
1004205014
-1821326211
1498135894
859781035
-1897116976
980962085
-293834350
1406554473
-1437878759
1660105900
-492196999
-628694230
-1827441555
694714250
346293790
-1426360712
-791188205
1253135799
-1479569671
981306924
-940226532
-460293720
426795462
-472719731
966215400
-1759572359
-540369235
-2144505188
1693294830
-1337905306
-506913118
594039469
-1826985797
1183320703
-1020229106
-1957724103
612908346
755921564
161133998
239819506
-1289467082
-2127029107
-875533893
-1162558696
2105041693
-1123353706
-1646921909
-1768387317
187311879
-396529382
308363255
218503712
271619317
-544521323
-1397353540
728640183
-1050578595
185503951
-699397850
1280589196
-1760799258
528035662
412038058
-1377431475
1769039983
337523467
-569418668
-1875765907
-1287782827
-410875543
-1616404319
955183928
-400969739
-1364795294
143301549
1599299622
1156751471
-290697981
433946001
1520365683
1700789677
846751001
446608646
518629614
-1721893725
-149635028
-2095378611
-690394351
1360451031
1691423660
-1917160877
1262063185
-1650424284
1206804074
-2015652593
1818376887
1708087226
2097993545
-418883025
706894000
1907980136
-1560440011
-280841998
1589127712
1183324701
-1472981422
-389799849
1167188156
720828075
1965245560
1820876919
-1202666088
-877979698
-107715361
-1046632913
18793983
1368803949
-1463931626
398165249
1376745858
1412213791
-1848834246
944474939
188937555
-1450828304
-806549661
203226201
-1374551853
2011012963
-923188127
-1280356953
1072725864
578606523
1408993191
1888831786
-1658051692
1212302198
1407355015
-366150976
-814039229
1607791641
-159111521
2097597318
2007811427
-444555213
-1352378477
-182947975
571330745
618761627
940620796
-444692129
1799767026
-1925730309
-1737748577
2136615143
-47294728
380423570
658761953
1921353487
20194695
1901177908
-96568454
-928144187
-436497665
-1336767850
-1294642583
1947512785
-1997006981
-1792841272
-2014497497
1092309489
-1741829599
-77010174
-672486370
720195141
-2058863429
-1486174814
690346076
-1836052243
-1358234489
-1708582539
-308833661
978851056
-1844917174
1342054709
2110063876
146031711
1254878122
-179697326
-577882740
-1299401031
2070609853
-1338052876
-19451459
1768190353
-1842646820
-339784895
1363858209
1245974382
1737183677
-442413349
-1359917477
2053992689
1830429632
919466412
-1169948257
-331948995
86576265
903527141
-552913309
-1553060206
-1160752946
-785808061
-1561736618
-745864133
-1420744591
747226003
1212543889
1426127530
-1833418799
336267640
-444754932
275869921
924219996
1516821612
-1639460782
546204178
-722810264
-378269436
1024253304
1953920649
1035022915
-1772210057
-921159093
-1234450743
1815626376
1729094240
605603784
-1807299339
-627070540
-1728399678
681931984
1378291826
687319288
1633987661
464810268
-1024780343
-90013104
-1959141665
-1621222547
1998752977
152450003
189188684
1159995144
-1464074484
-2052189108
-1449857694
-1534561183
1105324113
388048138
-2118117081
-1354286826
1586550699
858467572
1824190564
1245811486
-55908735
-951848736
954030950
-665382078
-1008018442
622927140
-1048579069
-162641205
408658578
-562776980
-1709986341
-1413183364
488567841
-1608312883
-1177207073
-2010648382
613965787
2101935130
-919598057
-1287756503
-457175356
1461379190
-925065569
-907088110
-458036650
-584263126
1896015090
1227530659
567019868
-884291144
208192618
1429022462
686655264
-1409921744
-1388724473
1511812276
-2107823928
841024449
1585230191
-2020465797
-1510247172
-1223756142
-1558647499
-1441724897
-253615668
733362898
-375639203
-1089266762
-1629422383
-995221235
520573727
-1585616617
1478406545
1443988929
-1023446805
-669465204
-678096345
249370417
-1726072403
1568065222
-797522397
1921754232
-1644460463
-744163311
-251231313
-784348704
1462711177
494915784
2135308018
1676381812
70398413
-1634066934
23509944
-1076115757
-17690205
818205613
122096978
-988393145
-1638232032
781088882
-170127174
173506325
-817043538
869310842
-2025300741
963395350
28633358
-1948962567
217949647
-999563898
-471326560
-956019672
-893932407
-517116645
645630946
-341361536
-2084906187
696397145
1518379830
-446975964
2109664765
-1921023452
602061799
-1332343394
1620070093
918048918
-307624339
-1438069042
-319224006
1760482578
242855152
45225758
590113951
-2084223335
-1661807094
-1531971334
385804937
-897262757
-570519599
-1274077569
15044436
410518161
1184687892
-867251854
-1672528107
-758257783
267890403
1368415859
1084469434
969576962
-1420051372
-837292175
1750243696
1130903481
1420008068
-1826195104
991930948
-826043581
818608860
-1420965591
-998358004
-1158261731
-200120939
-639026206
2124023176
178256897
-611389827
-1771712962
-455632957
546225530
-1048972806
230108999
-1754571585
2130653114
1716592207
-1879127478
-480648112
-1828525141
1662471454
-146473967
152062792
-1777637821
252375341
-2056001705
-1912543020
-1583899620
1831804012
650550392
361950757
-1177001405
-1336909258
-1713993624
1635376210
-318214065
1325341143
-1835245851
192148604
460486581
9225550
-782699536
-2000878030
-1863263141
1488101459
1554888824
-193642473
559407722
1566808986
-1905013160
-1072568638
-554408600
833374297
-1738807420
-1444407835
39218309
1571256328
793797758
-2009075792
104869940
-290024345
2117494285
-2057249161
-150510339
-2137459771
-1589524943
753781905
994041745
-1746031234
903556177
519206531
-1184635362
-1252019516
-279531338
-1083098274
-727727388
1450454946
1101841212
-866971803
-1087673336
569342014
-1471264442
1301378290
-1678355288
-1304099234
-1555552526
-561209447
-1189692625
-2067051732
2004461453
1241392525
1101990121
1085561149
48527689
-300227774
1712395993
-916935985
1934897197
1383920980
2098228170
-462321582
2131133516
-543626073
-1225668701
-357248215
1943846713
1041211598
-495480833
1209809073
1295125689
-1386199888
-1804602883
222171521
972661434
-1550540440
-484258477
-1933676301
-8194940
1824234349
1447738537
-884791069
1349608750
-677091854
-1155150044
1035847094
374877522
2005862543
534759232
227198622
1447192579
-1230169311
1264644834
2081789467
-2139456769
496491501
-475402067
1822754500
-782021087
1854866443
-23726444
-85174201
-815200744
-1029308927
-1000182353
70846637
-1070188963
-516201811
-504105134
-673843742
817217122
-646913944
-406966437
-708799628
-549927417
672657512
179617740
-1856685925
-1331983023
-1125515674
-1811834471
1415826040
-4521123
908650112
1000695489
1584285345
-449292142
70184288
-1629189726
2011623901
-609812459
-1790732644
2125741449
-228839637
-451619711
-1887634081
-914314104
-1059306743
-1985784873
-1060400311
266210956
1203472114
1457792691
919103892
-1572592210
-326381273
337274561
-1363384201
-2011911223
1723602098
2074433646
-1260840754
-350059188
-1287422553
-1125086238
-1375607814
-1342649008
975932845
1334876460
604958213
1333661420
-805241668
653454271
-547295734
-1014939704
1869308455
1098535196
607103187
1786990576
-1129846307
-179749168
879948227
954819306
228825579
-1953102943
-1965009418
-1141832182
37088324
1886672900
242603430
1317074947
-389758780
-339541551
1387024336
780555713
-1197020302
1738768185
1290961943
-1137229706
1428873989
1422716151
1455148775
1083265267
-696560727
-731210811
-629406755
-419730376
-1997301246
894044433
1268517477
-1269314227
1007839856
-1104990480
-1945558876
-582199213
-396810091
469851986
1337649304
-346780971
-78990573
2038570615
1974117246
898735459
312780698
-721243999
1618493299
-1266505119
941253409
-1473491189
-1382016162
-1609044452
-443989390
-1780860903
-85023476
1664185373
588375788
1263800016
-720554596
-1614101054
-721779836
1921662343
836096028
2031775241
-84249076
-743878690
-1546541452
1711629999
-439373640
540309487
-1944024958
196330105
-1224558628
1478931140
591765894
1058351312
1371944954
-40026104
305670080
1375270547
-148146180
75849984
970777175
1447499816
1538599869
1962054331
167225725
1965289684
484862669
1600239496
-1477294897
-644160691
587452277
226550695
63458305
-737128564
-99024392
1062912324
-1673663046
-1368057370
1437938716
-281034848
92389564
1715670877
1492472040
632717713
-1799879865
-102057165
2023417006
761282348
-772805441
-791641664
-1151663797
1012207295
1458173324
-1199565691
494969516
-397981435
-2044708543
211456896
347232149
1677491348
1760581375
-2106265663
-949800291
983409818
131626011
849437500
-311212164
-1756916024
-1699789570
1660424673
1828993161
-262153075
182009933
543172585
1405786237
1707174791
-587505591
1507592563
-2106776452
974647606
-993126793
728786766
957291094
1912055282
-625388158
-1196995304
842215177
-374678754
-1039346336
149781639
1610148234
-1399998306
-2043284044
219785734
-141662780
1231281541
-1350114701
1649569411
-875772960
2107299859
322494153
-1266613625
446023623
1227335902
1485691453
1321997958
-1259508508
752665934
-1533823981
-2072552328
-1473088978
-1862709939
-1991388943
221877928
1669669477
-1601607617
1244653252
786710475
1604050075
54197552
18817764
-397074349
-180805387
-104252852
-891482507
677078277
-1217452622
1549049747
571594000
599722696
-15124372
-1390116660
459395491
-516770880
-1934397538
-391499078
-1789622891
769997211
826110054
1953322893
1385258541
317296938
1180519563
-1123287397
-1369904076
402707251
-1648116544
-554661041
1617392088
-1128563067
941833001
2030737249
-254285102
-2103163061
153076255
1408713799
-865275189
729286565
-675990736
1574481899
-1072222725
-1030511244
-1242650007
316899485
1172772883
301597045
-408337962
1873067082
-401449635
-18791535
1925253449
460414702
-560782816
1222121586
330249818
1788109894
1667882056
1854452825
1284296879
-270059318
1592828742
1160294190
-1713545603
-1882470950
2067339829
-1459483176
750343502
-767652553
1096570941
-1217196850
-2060954876
-1305835596
540439356
847740910
-705207523
1955576620
-2021814110
220715917
-1386752968
1973992374
650027164
168245966
660038103
340429847
-876075148
-1069877449
688567909
1736282488
-508708553
66823553
1229949307
-1627025832
-1491793001
2042137518
513531486
1887033539
1915208211
715383905
1822697164
-823246909
-1064085420
225411945
-386249225
641750039
78827226
827764638
258207697
606341154
-1533805097
1040926192
1439056010
-1421485274
507818587
1172928956
1349150806
1065878449
-856557136
171361889
1514493811
549670231
237387527
811984403
-1239787926
1791729056
471408467
-56434194
-50342252
688084036
-1815210124
-1098412210
-247314721
147323541
1777168536
-1710616995
1511583954
-1682573764
-904589602
-306438675
-1856167474
1080570663
-1475017157
-1853138809
-1733024619
1496578242
1936071073
597667523
1403047696
1940938340
-1855551395
-990465319
1610197068
484184843
-724841024
170887544
-1299387707
-72651700
-830589183
-1746627626
-628365593
1240723588
1744663393
1378690823
-1611953711
826921043
-138706288
900916370
-1618998181
-239664309
-825383601
-1284798399
-545911206
41614307
-483838890
-1480507591
-399793630
-1132648783
-1667464841
56393
1284508748
839624920
991045378
-1501135482
1381579704
-215805506
-1129354901
76969751
1909079509
-401411070
1883541290
156866380
246821663
-1591830099
1989169890
1028724725
1025476585
1744324518
-1186606139
-1710763791
-1014270628
-1427585941
1406576694
470515716
1209929407
-1738795522
-168233297
-627951122
-1676452104
-1079530724
1962653924
-1176676168
527325777
-2006096972
-42365656
-55805104
-184637313
1078078615
891075088
1395157592
829065952
1165369963
304957525
-472451526
-688233724
-1857589275
1456232190
-626646401
-1883792017
581458742
-162656834
-1943129503
-129432421
-799787323
1448464794
1160735390
2081603651
209070367
1634639822
-1723229042
1321239774
-1864368085
-401362191
-315044233
-859523223
-1610710110
1706808919
566465824
1405061481
396098237
465308598
-1841499485
-1855106768
-2040997585
-1443076341
88395399
-68443554
-2033334443
398738622
93281038
85519018
46758315
999374340
1009581002
214603490
-1857025150
-499220604
-1957592714
-959314896
-1171730193
569927228
-1724723454
-360136290
-1792879610
919766694
1401175023
-2044664357
2030530888
-879459818
1721059293
813595967
1907738457
-72069531
879719265
-852798452
626585077
-507849772
565727772
1732681974
156641317
-2118515415
-52811256
1449546724
397378989
273274398
1497805845
-210236168
543860680
1576252411
1238159860
1745616845
-816669418
-750099327
1530088753
-397129985
946276565
1432776458
-925371513
63400943
1404701007
1801286637
-248273809
-1040374073
396464531
-2050157017
890840058
1430821563
-1657263513
-1342678217
-477247776
721654418
-361476484
-1333746360
712526807
-1364033180
232576483
-1800295531
1532196393
-647935067
1297360063
1323963656
534199680
-1911219103
1524306236
-585066204
-2040223996
1060096713
449295551
-501232859
1982700455
-1687841811
1174117471
-1458506906
282283967
1135488202
-1956115310
-1047487743
-1882517548
1252421767
770067499
957197756
545425083
2036870907
290794115
-2032249309
1345966307
-768483470
-884198154
-1987840016
-2128940818
1318075313
1539854225
390720691
981170563
1901594422
1748804873
687924910
-1750171551
-2065791293
447619566
894639617
-1600508232
-1748800483
2117005087
-62149626
-2035973453
-695780847
1836228480
2003679486
-53995943
1515545783
-292879126
2036228076
-1546715243
236564986
1667817571
2062445761
-1719198318
-965960105
-121970290
1082087608
61761356
-10827292
-1753699996
747710723
596840292
281522579
-1475427292
-520285273
1717604659
-1083426633
-1141125496
171642531
-1652032736
1366673095
-1291961799
89042264
1135741494
852688226
-554343037
1406791716
1920920304
2055686803
-1399850420
949676623
222344023
-2010195115
1242351682
998466090
303753806
2070983257
-135098797
-169357451
-20795348
2125784838
620128098
1194679297
-1782555509
256987328
630181430
-1217082730
-36919969
1740579436
1815375030
1088055318
1810932553
-2003813836
1076177491
1258384097
464602925
-1425856121
1633234372
1131635835
-335276799
142686563
397067769
-972904084
1163147240
893513430
1429565001
-1366764697
29115263
-167521343
-955031059
319340974
-1911933323
-1585281057
-1885572431
189119412
-714567071
843996677
-1993402648
936876547
1273011407
489294250
598205087
954079584
1922506139
2136416426
1882906646
569621548
-320459134
-8227514
-1297777813
-2010980852
-192155659
-947024785
-1159268968
-39461428
105854768
-847072189
2065207967
-932871808
-1392998005
2060811991
1356723971
-642320148
-1618020080
-353786569
-1803982726
-1441979867
246265420
16160426
1746331103
-1603865481
616590186
-1979828166
-476296595
1165964681
-482233219
1441896562
1937502250
1012915391
-1124579044
-2088330391
652903840
121489631
2011474739
1089331967
1118833362
380087286
-94736616
-1597474970
1960257902
-1134734980
-86150948
984675300
-1443013570
-120413514
-83064093
-1985725482
-1439065628
-55308965
946381239
80870391
548828870
-990367622
459282712
-115508254
-1854410170
-1167789158
1123288663
656114645
-2087427274
1663855650
1254994915
316824247
-22333557
1353200891
1475365412
80552027
-1881441456
-1166009229
-291786361
-1264318458
-1205380388
99830884
2142437849
-5294290
-1152314298
-1983295339
-28699943
1716669572
-971961319
-1746755745
-64814585
724226868
-1001653948
2058782867
-1357004350
478946923
-1360307116
294039195
-1758919279
1708624153
-1268140572
-672240162
-1788534848
1490515448
977743955
-554248599
1193190446
1278307275
397586615
-448914485
-1689263003
1399962091
-1912700142
-884236481
1823840491
1533612287
-650701373
-149424112
-1904981033
-1026827254
-576358337
1482858041
588339366
-947935830
-1922133760
216341323
1314624847
-2063397475
1864056509
-1441929837
-1207109484
-64941432
-236660518
-538228357
-676343398
-404179981
1784988449
277939504
1743217851
2079207576
285018290
248085125
-2132475493
-1939118884
-969199048
411933462
-456137095
-701952611
-942290083
1271722672
-1099463481
-361565394
-1510454401
-389975056
135068411
-1225441121
1670927779
983624489
-1374038105
1250003777
-1463123031
-1606927477
1203206599
-1432465816
-1430507327
-132461952
2037097049
-1565794446
-44370147
1506983257
826542899
144055816
-301345560
488959273
1511266064
616195235
-2008077194
1950725361
911535851
-1625457326
-1402596420
1812594173
-1436966768
1938136761
256943873
-1074647411
-1903291793
617133404
-340765995
1034084022
-158277454
1709145373
629426498
1043953546
-832211054
693251843
-1472358847
841556086
1962737382
-174340292
-1986295953
808361707
405400316
997009253
-1548068096
-1615852479
-1560590676
2039060743
-1058444813
1288144343
2042235561
1032483940
1803370887
-1232716930
127145498
-1854935180
-31105043
418349079
514169961
1874942250
-1516992450
1510064250
1154161753
996099323
-842669650
-2044885863
2075341918
-1991349600
-1827121662
980999909
-1303844824
1642741273
-1793268929
776990191
2114202496
1482327029
1032574115
-748071854
-1254635944
-753441328
-1398794535
-1097872687
357623324
-1023685859
-195617945
-1894764357
-361893810
-132253147
-1056506006
1667088022
636971601
-1331509937
-1767642747
1995718396
20908676
-700462943
841536279
1420456383
215369362
1466268550
-1524158293
-2027618989
-695274745
-648930607
1506028980
-247688595
1680721959
-1529172222
1050767225
-265280025
-117448710
-1463307577
-6646962
866542822
-1509850709
-25748028
-115352572
1376765758
1079365138
-800204906
-1014381918
-1389566956
-1649139313
1637799701
21519956
1083370692
-1956036839
1431204313
-242427997
-1656589819
1473747094
-2318337
138042086
805492555
155404396
1793669165
114245111
779556972
1684770903
-806262830
1338920234
1057408390
-1422069379
1446374322
708539259
1543526687
-855363137
816696481
-1807863290
822627468
2134630993
1021420686
-30434629
-2059759977
361970572
-1496862781
-1451179439
1385840731
-1167695358
142159466
2084691323
1053154419
-70424366
-216147374
1642167641
-274453421
770221374
-1057852173
-12673231
-2095009803
1852188538
991670703
-1163951266
2035571639
-1197118266
-1052311462
986349447
-18755453
1654365886
-1053885444
1520254996
2014999088
166458352
-248413739
-1554895650
-688652249
-1009973841
-1216236384
644539685
-332622775
-1299370202
-1084198885
-1271789882
-243979248
-1240118865
191492295
204846253
-849797132
317348453
-273697812
-1790996345
2082155791
-903609097
-1539189792
828775356
-249105149
769054655
1899717767
-601967716
624957467
-1915828974
1956221981
1526111448
-1132048976
-915972647
1482527794
-1995648461
1056448205
437559648
-386560266
-1060271496
-1399576811
-1878493586
-924242762
-368334418
-841809947
-594665068
-1282773594
2074317194
-265143883
360074442
355720160
-1030355676
1462437827
-545033161
-1331078740
1681986541
41255410
-1133523889
-1765732350
-246923296
488874222
1092810019
-1546763956
-1977855240
1949128852
2067730163
-845151121
-802777119
1488549009
1603404808
-645780468
1587702258
-653976760
1718688704
600759810
-1217703847
-326755591
2094148330
1317248823
1370822807
453141790
-1168706221
1244977048
1577493551
-48669672
1119130785
-655945123
-483959399
1298257675
-718669730
-2063237487
1312458877
-703987707
-1672096937
-199134255
474145053
1981050981
887982631
1704918867
1207713554
-2061488262
-807667954
1026473258
-73388230
-1419806870
359143174
1614119367
906344688
-1623497643
-1603210216
1615239106
-1663319426
1365307833
-1144168213
1675466202
1304479951
-1261049321
-2051843683
902893882
-856564120
964340950
-688644651
466071550
225846681
373812840
-1290315752
277700596
1263221231
-471476565
-1674516900
-927025754
258620652
-1439948399
-1091430438
-887310440
784628217
703669762
1915778088
-1304716851
332518811
-1031280896
908681094
-144495216
-986022939
632001292
208351351
111151472
919110189
261690824
1321306771
-1368347253
-882544638
1107140573
-754183525
-1570101233
45278044
158026014
952356814
-471597571
168608789
-59559699
1415892602
-1636606928
-222905704
1805041885
1110890453
-872819554
1021173207
137885080
1179210509
-1249104932
70438018
-1463102973
539206556
-675677465
-1502632587
805855391
1324128481
-1979242208
694195057
-1912215758
870367980
116687512
-599990258
-1961283419
1712898201
-1811616114
-896941584
-1482878672
-1860314401
-738129355
614423097
1463257267
551321961
160639929
108762430
1551181671
-563512218
-915271292
940958332
279156917
-1559763043
1643168188
237107148
504330341
-416593213
-433168880
1449071574
778556923
1125278480
763948980
-898337853
2118912605
-615747057
1352822697
1731391542
1076806585
642000309
-596144319
-148966020
1979935653
-972526155
2113668322
1302678273
148458375
1010618898
-1247256310
-7315963
-1445326026
-1163911435
-559829102
-1401224304
-1755863583
171014592
-1327273674
928572835
82792751
-1830210718
1431861588
419172271
1300681384
-1485050900
509107187
2046971466
-1823879342
-520889500
986290182
554456608
991207839
643126233
108730866
-640948697
539206022
-499068745
1935290958
-1735042794
816597743
1691756380
-180142871
-940287465
-1099438509
-666784534
696726544
1502261434
1978505123
-342530721
1948300304
209410093
208926569
656248802
322384633
18044330
451975725
276898910
-835227483
-159055312
-1263654375
15996500
-994811144
1000455029
1951921887
231370989
-625728920
1774792730
1782849498
823697486
2017499839
-519783648
1865661555
503217199
1900807199
-793214310
1598203590
-805312594
-579508154
2025541028
272026756
-140043680
-583419885
-2042542701
-17225190
1171908265
-136170167
-1105914259
-1610558446
873238861
457782417
-44162405
-2011516230
118623814
-795182139
1659485660
-1132538878
1173534423
-272318357
-942103683
-53577814
-483406623
-1029305729
-1628365881
-979093092
-1502912652
-380305548
-1595308873
-1055785322
-1814993751
1988450685
285618676
-503412981
-954721106
908463880
-878651395
705612875
1991971361
893120138
383710881
635800545
712330146
-924601727
1749022388
860202299
53772962
395497910
117632767
1045048720
-1140296831
-1419866173
-554744712
-2001641986
-1741776168
-1165684268
-1475700302
1583726577
596374546
-2064876623
561627542
390282187
-1242854079
-1912055557
-680416941
365686209
1467089966
1255528117
1358458258
1599792387
-1826406222
-2019323642
-1853485330
580989215
609812547
-916326084
1201109411
-686038617
1121846993
-24799212
1933431940
1240980496
-1203042094
877965368
-1579201742
-993874979
1300210331
-1156709112
1576912778
-1097486084
-2115833614
904841628
640372319
458969199
-1262706976
-805700599
479916905
-1532753106
-592413494
63156452
-734488452
242982731
-680266558
-1482222844
-937366532
-821258409
360050714
-654959734
2046188175
1138945028
-1884880326
-870431195
841410581
-377185269
1243147443
-710031982
1711416276
-1004446129
839504019
1423506530
-910316553
-527904190
-1973378822
-1411891713
-1283853255
229167751
-874140947
-1854792720
1195394013
2127285721
1742423657
-1316568229
-1240588575
-135706070
424150203
2092248779
-359559566
-438766065
-729485298
-377802701
1081932962
1717234778
850899013
-1078094029
1049663320
-1108472312
-922113781
1387657113
-622694777
630691421
-555064025
-1860709335
600687009
-1219670707
-1396907244
1477915041
-2121977778
-1360659426
-902523184
-2011769353
1540014681
1032456266
-492817164
-1989888028
806091498
-120039255
-1565680892
-1865456987
-313562374
194111695
806578440
-548974080
1346664194
-304042318
1027743835
-1989440892
-2120399883
-1519077744
-351806526
-1408175595
518389617
-1677944561
1966011584
-1245172569
1233909552
-1691570267
-19846617
56492361
1006252996
-1294292166
1822301170
579767141
282626691
-571903734
-538103726
-756827066
-405448001
1880842704
845166086
1161556185
-449746374
1604284192
2019383279
519937975
-523725608
-1416649964
-1778633245
-1563860126
499729302
-1428292053
-278186304
-708057906
1895292602
1335283565
546269124
182807075
-1619349684
523102929
-252543716
1945439681
-16915516
738091491
-1103640646
32629124
-255415292
75145889
-1047907221
1180467784
1598529672
-1140514650
-1593661400
1211621295
272099547
-1236800374
-30978645
1818246177
928109900
711187847
1268361285
151234836
116711393
-1112133280
1595047918
-563117171
-13481844
-1736587651
2133326493
547009765
-527777636
-812166054
927692506
-1525892144
-1860773514
1880770082
-47055984
339591579
138095236
1242962838
-1296871129
478953396
-1046191508
1363833908
-1420224558
-878118545
190232453
-72210284
110653221
-1709027834
794782598
6034964
-1404697879
-675010846
1735284352
-1282244425
-511864525
118621720
1384688909
-1845743798
1848851891
376764725
1516598729
1500554696
1748387401
252671038
-636001791
-169139713
-2066617123
-809150222
-1582367318
295583346
-139285905
1327935057
-1917097324
-354132095
1635975020
-53490591
-1254155553
1072123591
-1273727676
-1967521745
1074871981
1486596291
-1575049928
1159982099
1375459609
307429561
-1494787976
1281959992
-680415129
116514522
-1144777364
1670702939
381062523
-1694171998
-812208559
-2131516461
386367119
-1413258367
1013687560
262412496
-1913122528
1723945405
310016042
-1972892697
-1659586775
1391593878
-1154142881
1022995149
1042926483
-338366806
1679142128
36864354
2123491819
915183002
-726875495
