-1335072434
309965837
527023736
-233253556
81085533
1481007411
-163200484
1390983134
389554504
-1386378784
1634681787
-1767720824
-1317449999
-1400311641
-561455111
1326249961
791606136
661239802
-2069430444
289044496
879384577
-1527792488
324374920
2038939147
-1511805766
-1983405246
-1011639500
-1060669251
-296777444
-1515221580
-116950595
1855078645
-78271376
-1959941421
-1493630607
407488187
236241556
388175394
-1764959761
345047019
1737961726
1181268602
1691270343
-855626744
760819713
1078668282
-1043432867
754237769
1296086095
-527061701
74311954
835360504
527166654
170644424
-1858329948
130867452
2135119950
1463058381
-377703467
1828901044
-796346262
-53470451
-46161334
1625616133
552362862
-914402535
-2007405386
-481983562
1464253289
1442759358
152594743
-1366843910
791399715
-743489857
629614079
1189450318
-429171871
1357494723
-555634633
1396769157
-764421529
-31919216
-1394744033
956546336
563290045
-1788713095
-775605895
893000931
1890044470
-716493291
-547331289
1317312932
1935844909
1281148465
1369207059
923255141
390042130
-73860857
1356422478
-1738614619
1748084516
-2033496657
2034406779
-284771086
1025944191
1740226517
-257788562
-2080645949
-1134425511
2065542571
119066639
-1012967292
221506440
258552097
590783108
94675185
-1043002553
-1662232493
1031755150
1141515942
1635285304
1882255683
-999149261
-2076905737
-63935060
-1181033273
1598351005
779100669
1481883682
-1010426684
-995994558
-359733775
1474675214
335221148
978249796
360717244
-195395110
816093924
1959150873
-1735864114
741194289
-264564902
2029784174
13859374
-2006781574
-221102058
10744904
-1437643567
1281985954
547879678
1090751084
-1262729424
-918036450
1274265727
127027713
846577684
-912495056
-351297415
-53287053
-2024370509
1060436328
85815930
-1088751975
-1875959808
-1460728723
231398702
179064601
-906556097
2022576125
1879695638
-1932143861
6883287
-1066456015
-1027941768
1929870300
-682545557
-792495611
547368598
-1893740172
-440197334
528304407
1573066786
-1242091621
-940680346
-710574673
183781104
512720280
144494691
-459650305
-1953872147
898972699
-1479501455
1443417515
1294656079
-330756772
1035161405
646400650
1150022413
-1044964477
-916817821
-322038354
-1343531118
60031306
1997139782
-1561762399
1069874860
1332549856
2060865828
1805555441
-750174518
-1621863152
1075235428
954442735
260369510
-183629662
-180956110
-521153357
290448319
1984512001
191739725
-765924510
439220684
-640577251
-739579873
354439346
1520011372
-617380462
-2057072627
1120404654
1341000161
-432340215
-958474224
1119836086
-1264814209
-800762402
1415825540
-822890550
-709206112
-1462320637
2030359104
2119294471
-1936202022
-142754269
1290949862
-2067216272
-585619340
286014730
-687950213
-1171887119
-984962539
466725187
613670969
1194621601
-2021927235
1476818690
-87870301
-1828054457
1088271609
-381390780
471225050
1977386783
55135314
-1376444620
39336751
451976926
-1414763002
1280441040
-286021384
1693161458
129946874
136853964
16561575
-1495176947
2010435822
-615747658
-1832314600
1835246820
1951723762
-1161275302
190552873
1035718195
1287217432
-1634765465
-149124465
984115205
526184298
1596809810
413289703
-1515960783
-1461785570
-2035613062
48913419
506716711
-823633656
-434770548
328484007
908900332
399514703
-504906200
-2102035957
-1633226910
-297588125
-1690229052
-650431
-2054564403
686873390
751235280
-1760311966
732425106
-779428215
1311590939
-1981173979
-1083733440
1198228465
-1419770764
2029046200
-599693612
1076644217
-906187884
-1374285102
-198282184
-1365121534
1404933435
369148937
1639115277
-1907211606
1153650584
1790192480
-137595991
-104065150
-1281617427
488503588
-454702237
-997253245
1958679411
-1831135497
2001880589
950998977
-1507070854
-1886757844
1492652737
877329888
-2009307692
-291130538
-990367008
110444999
-524723597
-783317733
-376476072
1589698196
1395232593
-871662515
2052835364
-604860721
-1755601521
-2143881414
-1880738024
1133809633
-1550152991
92715587
2030610142
-1235310394
-1123152856
236238763
-2050718405
55273473
-725651872
1289879729
27156375
1036963024
-1395379780
945697759
1104630971
1093783457
1712284430
969342116
-1843044645
-1053196860
1540104044
-62425056
-451429929
-680027039
-1834340848
887657279
-60495427
-1072822613
-1907370880
-1813989879
-2060180078
1066220373
-1556985618
-639479753
-1387517358
959040836
-326605088
1575885576
-1943160268
-2012501113
-90076653
-752409515
1858096177
-1556777853
1024766876
1332999907
2040246215
-793687950
-1394975407
-2070318088
90286330
1167314702
2124783462
-1288621520
-1371092837
205350024
-1007186854
312898960
-333839156
-1538481729
330426131
-2004740901
-1894853182
926200750
933009224
1962860580
394648268
-727894491
-1247576034
-932881244
944524180
1238926779
-3629803
1296493005
462076325
-619135742
1864403237
882746270
790619693
-354758404
-1695689692
727160377
1168945155
-1484619570
1867631210
438900402
-94216726
1335430323
-716205386
-1041541847
1056229655
-573839309
575194707
-1651934182
1361456112
-974660717
-1645680778
1339027698
-1871013610
1591756943
-1662559766
-1130984986
-1728225627
448366150
996000238
720882944
-169682502
1864927349
350940509
785681530
-1032487371
1881753063
1102621455
-335252401
-1050339649
1810928172
-805489537
-1299620594
779845902
481648264
1073155501
841250800
-1255511449
1008244270
-1360232634
571058221
731500644
-592311890
983961345
1482595722
-1642640905
196877738
1013815883
-503806922
-968729426
-163630896
-1357777115
-1096524330
-1403887048
1840835843
-251052211
-697083938
462864935
-280299557
147466651
2051388194
-31816714
-1321224624
806819246
308547756
442531150
476780465
695971271
1520449487
297640068
349739994
1541948148
-512513668
-1574228122
-1634269019
-513521808
807638228
-607988169
-2088402272
1099139913
-1571356419
1018360567
1561132288
-52420797
755318840
244944103
-1276365610
110428668
611319859
1108918347
669756288
-640418992
138251163
-1184914831
-726510495
-1233958402
-520285963
344908274
2001398228
1307969419
1151861422
-1013930185
1819614557
-2057542042
1968235632
1148156222
702355233
87502412
-1621026378
-206558562
-1224279913
-481551635
952928674
-638643512
1029920384
1708064976
834350093
524359567
-1797464556
-2113020813
-1500130336
-1243788567
-1166108291
1974218677
1147456161
-627302154
349538184
-2073276040
-1740369584
-148536766
-190350695
860590978
714758772
2138521158
-1144753440
648045220
-67301008
-1761500620
-833165366
1379386653
-1115880678
-1456457740
-261442375
1382144831
-977503347
-99552919
-391537418
1370703443
954789182
1445741560
1573362406
-1153721927
1488942413
147126345
-2063044997
1917794899
1281675549
-1243696561
-1326768403
1376079908
-1957783258
2111206790
1721721770
628141619
738514185
1263053179
-759945077
413455541
-1268761372
2108973713
816685383
805728618
1314569191
1946415873
-1591435220
-1585905082
-405993433
908003362
-1778899957
-537821612
1305306033
-1809131542
926241139
-804247337
-1559176478
962667188
753486626
1642197682
351376374
531565890
89365944
-1022620151
-1311636514
-2066147578
-483970386
2074777639
381557845
2045882525
1475542661
693468577
-22493388
-1497090405
-626336190
-1387463492
-726318331
749622413
1826379801
-1493079541
1507931351
1132336187
-241028249
20978524
1583186768
1200299309
-484107291
1485413589
-47100152
1319495792
1436992538
-1565289383
-962356204
-773854055
620247825
-180685009
-1197637408
-1461975542
1242786124
-1496222235
-989860287
411475827
1704651000
-1946467726
1107649737
1997102747
-1199395487
1413518490
-646370467
1237735776
-245944921
1472762006
370334469
1952651004
968885938
-1704365069
1407079427
1101783433
-667531166
-1282134854
-1232768986
-1264833594
79028747
1480572624
-1882061217
-1587474661
1874125344
-950330465
-686550124
-940104230
-1742570195
-2003677194
-1870586700
1280656839
-1025830902
580791341
928980491
-148250918
52269389
1747176077
-400647210
776536642
-882760192
446404590
2108467226
1497716141
1740164499
806208160
-2139164240
-1114736954
970086676
1827419022
1667838116
-636251393
-1304092260
221279648
1802273728
85014416
-1513999860
1499869025
-374959261
-476209730
-2029594631
-1817111838
1519357334
569833312
983683044
543647709
420695904
1103855518
392331438
197694492
-1073524903
149640188
1488714314
-1796651493
103030140
55597462
-422794316
-1687869972
-504198079
392737453
760677409
1006645338
1869207275
-1890285471
-2029620361
2120228945
1557485854
1838165184
-132153858
1168673405
1364044724
-477112066
-93268136
894078768
-1456850224
1298304006
-1891190610
-2063382904
934127922
-221917903
-1165957588
-787330352
985961676
-999532716
-1224796242
1885603110
-351039338
1742073856
1470019771
1208066142
-1190500450
-1254691068
205534129
466798118
1417674082
-1512949194
1190739010
249268842
-1598333087
-300893838
-1778594530
316877049
402906095
-1177712925
-1172779791
118913384
1494954569
1526620033
-1959489904
-251445962
1940008936
391387097
1262133358
829926449
1738100505
-1998120684
2139856724
-1717312745
1697917645
1690315313
-524353455
2056329343
-162538579
-1605498476
-212728338
-69420039
-146173327
1356634821
1765037222
1692656500
1391723378
-1238717328
925162132
1601022688
-633374851
1736940211
-121045394
1252616724
1695651305
-776842855
-1366079055
1396696304
470236139
524776416
1613627933
1870977478
1537996072
1311025666
-1066310044
2009633269
-430446197
-435987086
-1942715875
547313879
-73509800
1340957734
784518398
-1980826404
-1471948671
-950902699
-592443062
-1343176970
156583480
-592652159
593958280
1163416632
-177429051
1662143416
677881205
766959033
1102814104
-973486570
-101575109
-281347394
-1303414367
1329117581
1394594273
1633507607
930386399
-17948952
-1302727163
-1659148343
-631005641
-1408228596
839332297
-1453846547
851267974
617669761
56954635
-1793812521
1241867769
-1504508624
-99607848
397546617
-477119333
-76606354
922853665
2005798153
2070372911
-556329672
-1694437457
1465070818
1323339071
1576379584
1441879124
1015111591
319023476
867861800
960842338
-1539435602
-518863832
-1386311540
-1418556575
1890672282
1833496121
860182598
1875506939
1732825161
-117807328
365098092
1423017531
-1988837391
477635905
-1796159587
577617398
-737001595
-1878487164
472136445
1678464137
-1745460900
1794472995
1900459645
1892744900
1043706900
-579155771
-964798113
401381413
520951988
-2088902708
-1786038535
-930211256
-1191225584
-207110421
1479875512
-816441442
1359811697
-704621830
1013063271
757378397
-81588108
1606630669
221151665
-1466883913
-2060137422
-1391242046
-1461540380
-1960731827
1849163681
-978093094
1982606071
819837670
1184334137
-1388275958
-1647627570
1397614683
-939883558
1255260179
422958011
597993941
-123253012
614532368
1858532168
-1443994565
-1986603832
1672497422
-1054416589
-67682331
-1346319530
-1501357599
1979177657
761144469
1199450870
1111461685
2008088087
105316518
-2040907869
1813350115
204894797
-1232220283
-1433896875
-1293102459
2103822116
-1283517600
1773682855
1481648716
-1095118478
2100409886
-1318801222
-1332479728
-1281783908
703169934
323637080
1251300776
1629069917
-1196900638
-677797284
1482603899
-734984764
1938447710
-1508873904
-1597676457
-958646653
770056267
1838767702
803941760
-2085855387
886733874
833397068
1723769356
1677896480
434629446
-1683410645
-514623379
-1040124339
-1978904287
788666287
-1232895665
-800776781
-1887148621
1067461436
-1443820124
2132045003
-2075894922
-461141248
964764156
753987712
-1365756698
331233620
-1175123175
535474741
-1016103632
-2104264601
-1867503678
-1181016308
299849769
1394461981
-1406141481
-1848041627
-727638655
-1298674636
-1500913499
2014880421
1879241528
1585583528
245556859
558932792
1344478032
1168319065
-1827947651
-1670453544
-1280972605
-1165768726
-1380734025
-1441726706
765562807
-1445619989
-951906699
-1448194567
-1116060433
509507385
-182537007
-556330163
1746690181
-807983452
-1424282228
-1998010978
-1700169770
820018643
1124069921
1457011678
-695688516
873308004
-1251487465
-1682543836
957964290
-12618409
2056071574
-946029394
290180372
-781180756
1264962621
-939900887
-1973934858
802373449
2103153970
1376468527
1476049527
-568710111
1647055738
-1093079280
-1791434331
1895406995
1934283145
297228756
-1375306621
1409304079
-238611684
1293131648
761995001
-1432069377
-227599289
767899288
-801047029
1919428067
-956803639
1463343845
-409526707
122946494
697623207
-2097924744
946042262
-1761184080
634682103
1079869678
1741222899
-8311324
691511292
-1633505804
520136671
132392875
-54952589
-565195763
1463054768
817254889
1208355884
719108754
1334639187
-1989325649
475482587
-898210310
630972731
-270781655
1766693423
466097499
-1385802346
-431255878
113550628
-758281167
971214529
880466021
-1662564715
-419494819
2080757758
-521261970
1826251540
-1967897489
1553736548
-1326377920
696235517
-844343769
-674932714
1625393809
1582230728
2138808632
-158478409
-1444635197
-1823169633
-897946032
1340258077
274224269
-2041833680
1625953876
881739332
1701624026
-1698586685
78078448
1034617732
143142129
-1954985586
-2111513266
1093371398
-658936107
2134253128
-1043323868
1207397236
-1648628242
-810290181
1941006836
-1946848017
-1858513176
208590110
-1337671025
2103836486
-700614182
1492145634
461434586
-2056238493
-1266684245
420244172
200782292
-1829223416
-1720116303
-1577282429
-1674055209
1308215739
1483637402
652309739
-1873139171
536974847
788297615
1864376689
-1859915643
-1792324412
1667344022
-963524952
1639420823
596597535
926092087
-2016317163
-1601104699
1317183037
-1704640926
962400070
417465075
-1162541675
-503169393
1677459753
712112441
-279206819
-2119100890
-1926313830
-465451545
-1301944770
-911801310
1888530237
-443843127
-1585128630
972032752
407729549
1100611499
-1966682323
-2106127972
-1940234443
-1852396513
888709026
-1827421393
-884789090
739530109
-1792965079
-1570277294
-1018105400
-2130006998
-1568323338
599193398
1222216285
-1167742179
283379500
-1115994697
467962627
-1585395553
-1603398582
1380993471
356694001
287174481
-1890216219
-1770318872
2130389189
-706444429
558816919
-474501019
1992954259
1031075938
1894491447
-1919376862
1620740417
-371082654
-1798525110
-792695768
-744103663
86405278
40402872
685755718
-730308226
574806892
1759318722
-622226963
1908703308
-131149100
-1691495373
1821843547
652927962
1915824466
-1716632363
-1771625732
2125383610
427521755
560792358
-1678641908
-403466621
-1450635235
360328011
1711650176
786025701
1138732555
-2078326203
-457825242
-1822524931
-2068543080
1489903714
866823435
-1795034903
148959169
233803509
1790395932
-1506836577
1656590801
-284062391
-2039282929
-1956036870
657200608
-276795182
575243139
-19378155
-1970623588
1918194853
-172843163
-1441588516
-557471413
45583401
-351406698
-621780513
1417114896
1018563854
-564772662
-833142935
1497841260
-1812396930
1723504307
-1570152495
1102793735
1020988307
-1368787619
694553871
347857328
-243486968
431997659
-176562287
122684066
1180450354
281420579
613951567
-1074949111
-1675160272
2112702518
532178973
-699751484
-971450783
-1054531453
-1415354305
1060493163
948979478
-780597363
673237058
-1210562670
-104283256
-685548341
-1777396471
-1591522481
-903709172
-1761008434
855489829
-1487865863
-1454178940
-454289239
-92178838
-1568253646
1434095384
-308033652
-806295362
823305512
-407724250
1553247922
801157684
28766487
-1032573578
564554621
462624856
-1055512047
-1871392590
1298688990
545323724
1227183617
-1182008044
438747386
1365695251
2020630765
236552801
-1331234806
1616514476
-376964486
1132557589
-1872814718
-2011731870
1429292981
1960900319
729239157
561906146
1949854992
627216975
1359510583
-683813234
-1269615447
617618893
1645299267
-1005885808
-2037295918
1315658189
566496863
321298736
-1179903283
-185221568
-1235244291
957657450
2136964567
811805517
1190550500
-1605271621
-166535577
1631220032
-1835211505
-591987397
1740109239
-2040405054
280359893
-1650095120
-1205159549
1397058634
783037001
-1143334816
-1866123248
-517550125
1202695395
-913065881
-796479377
-432006193
355561055
1936974667
1214081794
1265331803
-853379611
329357069
907482687
-192770637
-1951831191
-127336703
-1368151117
2078016231
1129625172
-1055494240
-468508342
1433578446
1728371299
-1604007011
632711885
1436547131
505757391
1757718069
2127597483
1897940590
-997735506
-1253919029
300734715
-342093107
228182425
-819367501
-918856767
912781012
-1796239475
-1243424179
-1763351697
-707235000
1317866262
-648224170
-1193312081
-1884905038
-434004311
679733882
-754499489
1806985483
266228305
1653356588
45534941
692601267
1575252622
-1946389318
-1596388477
1624380584
-993740423
-1124562533
1328337013
-1128603149
1717921324
-2039648757
1125020313
1440995941
-282597792
213105113
-536166938
428925059
596440662
-381152897
2129588706
700818622
-1491051781
2006302579
1463648869
-707014425
1717803590
-2084499780
-1859673950
982251233
-419342875
1529100999
2041040999
-435538281
2047421463
101386362
425332131
1366478640
1838039771
1449548937
1030899241
1540493185
-738139830
1760715529
-1862653005
-1479124541
-633488575
-86041534
797680168
854732421
1741935426
1723097800
575491617
1319072483
-2119428453
1697103564
1078658985
1641309688
-1672734776
-1825858897
-1130613436
1154349456
1520405269
-756765481
1399214898
1532658210
-1496684153
-1968461114
317336308
-1257573892
1312808444
-1995531928
-2085716209
-832564288
1601724561
-2144973141
-893178097
627865614
677618755
46790741
-414967858
-1229256062
2002336472
745782289
-2131545098
-539655711
1595216639
1850131658
-986332989
-1027268722
1467692214
-1042788037
1916300045
2090562114
-357539861
-228419642
-1715812219
-1481109509
-691310234
270635909
-2042453698
1146846005
1916645861
352784031
-92549777
1046914903
1649308552
1995734492
865184630
287953008
568893807
-545357446
1755017760
689740322
700392865
-1658380480
855958311
1921296862
-1682486993
188287444
1651581435
1387212881
1624666776
624920905
1110291141
448075293
-1797069201
-1766074116
-1826101848
-838287412
-1413648837
-1066266977
1136079433
126328065
-596375139
-1615536490
-760002671
2092496623
1533808056
314102145
-445328463
1803989519
-1174120756
1147977497
-993245082
1783887629
888565796
-740384193
-1813373058
404813570
-842541518
-1676600750
1239966618
-106283288
487241463
2056728000
-346193612
207965770
-583019352
-1970200097
-1587764253
-668768965
656502414
-2013365251
113779677
-683754104
1111053357
1376157621
270452669
717595440
908232360
991542916
87350919
-1353048044
66653283
1222937755
467039720
-1884016918
-1837049110
221474550
-564121407
2116004215
-55117039
157800108
-298810906
1580099069
-1743893669
-651379319
665538338
-1637206031
-808745825
-1006635047
1084637310
106547185
-469080856
-115454074
-1162592318
-1159301388
-550493027
464370789
1160440892
-1855930174
976067041
-152941108
1193608895
188993959
-516575684
412064103
1550916078
162546531
-1380775302
-1520319669
-1182014790
715208036
831659219
1242985291
247086376
39728182
2040716619
-1715516534
156146007
-455105478
2066216027
664581201
-1469956927
-1945984107
1507796945
79237411
1879757761
-1547397269
-500616716
458863373
261691220
-1534207923
615868139
-572777407
1156942627
-1743375889
1752681566
1760258277
-453208128
-1763366370
-621377699
727904552
-1223981776
1444627184
-530201471
1307605143
-989587031
-833573828
1658289744
-220627283
1764024476
1613305932
1681311205
1349289136
-1938792972
1493411793
-1474530864
132144314
-2093108832
86581526
-217753798
-1410279915
-701403313
-1270225288
-363826867
2141805260
612740730
205545493
-2048025902
868438654
-2055956825
-2078028604
-1744060901
151477877
1107880938
-503140796
-1432379614
-847396106
315383727
-2024061769
881501170
-903114278
-435967561
1591463248
1924874053
-589338019
2141498720
1885042763
1796661614
-1368792523
1949511464
-912766435
1368888185
-1765086234
1198841459
1247108077
-1576689520
1067372116
263567244
1815621442
1415049631
917143961
1650590185
-1183119108
357302075
1074824472
2135649970
-327841912
-93291073
2125759186
1900223364
-1269045169
-1091819592
988107768
-183861903
-1666666386
-688108926
-1060488512
2000255051
1269542060
431814962
713647483
-287824350
620002472
226953654
-353693977
424612618
-1258414766
424558651
631099329
-46599903
937698972
-1356051250
-1217006178
952961231
339849328
-2014609595
-1135938821
-1639323313
-2132471068
-147958432
783498386
-516154002
1862464939
1509902122
1360013295
-2097878893
-1639554354
1751545253
476094273
-280932354
-876425060
1817780133
1097514613
-2068712364
-1012377889
-684654340
-113660544
-1983348902
-1091992752
-1860698153
602819580
1248307713
-1794801333
2109131879
230064630
-2094063966
-1910470458
-985966909
-1163376123
456965001
-440416129
1387675404
1081788575
-60753481
-1575141516
-417553455
2045314215
-1502839837
1247492504
-47320395
405738825
806947266
908485571
1280548687
-1395926774
-1754236024
-690967831
-376773551
-172062182
548952493
333339278
600240875
1377354732
-1508821772
-157143431
926692465
1899154952
-10159448
-1323545689
-1494515142
-984006625
1915734312
119231618
1875802059
279466847
-2023552858
886967379
-1150008523
691696905
-480588757
1063730676
988846011
1175776831
886685405
-1080239671
-856381769
1368831266
-192929404
2103869167
-1929100611
-1109738724
846634058
-762387530
1412927744
-1665119111
-867309374
-1049702067
538701044
-1923001028
362846251
-660625733
-1202920907
-991453392
-1022068236
2120128278
1636327590
-1104192196
86861443
-1557588242
-208695587
867604475
2134602289
1722690825
1616371390
121524108
-1295332199
599235157
-1390000027
-881105242
-1583624174
174656794
-1284976823
1132636910
-1550973575
-882715794
1170257309
1786547852
-1823399885
1832435950
-1074658823
1508009723
-1604635023
-1081787478
-1399637191
-1504688864
-422331978
-1226070943
1134722725
-669795682
-887688299
-2099474963
-1345104814
1582375016
1718487743
1143044096
-2017794617
1998467735
-1043082179
-916651760
-499746078
-846588548
1516172537
-1475886193
750936316
494409721
1835931522
-331263393
490053707
-1246509300
-918865393
-1555036027
280568712
-1208342868
-1790486332
-618553316
504837585
371008472
1969223732
-1345731445
1810528976
1881379820
370431014
1981486074
-1174289125
-1567009483
579352220
-2092284927
-490705187
1533568200
-1511081200
-195928670
-1416030026
-674431601
1054310912
-674478983
-180686112
-1132194652
1679628461
1499135281
182973586
460637921
1659607326
-638490822
-420698712
1426754487
256034411
55401912
379084419
-796966594
1019685175
-632327234
-190897619
313615758
-1595281283
177586107
331118273
-1475079860
1638374032
1093888564
1862328329
-1727297657
966371932
-2084179021
-1347821464
-1042125116
857206001
1338271231
469672954
-978253993
-1125510334
-1292639092
2108275193
1599140596
2077402153
-323989452
313163874
1376608645
961055405
-412159449
-528538152
107525949
-1455111033
-1781767648
533882311
592314348
996013282
97917913
-301571381
-225066092
-1899765917
-1823246399
-1549253805
-1372909507
2034831208
-1109853461
-1586596735
-1701393147
1875455891
-1263783352
-1021462700
293907066
-702622327
137202968
-19964919
-466205653
-1497119242
836823709
-1177202755
806242172
-1704790828
-796602606
-1591812009
1470542778
-1638677011
-936152102
332094116
511870831
-496348770
-1635244292
-1983519038
1167879926
-83840548
-881414705
-1743239486
-1323743151
-1344693380
-1473667343
-279422071
1551798329
-1011038290
-1323833475
-1200712714
-801502090
-1078857270
-154079364
926001737
-1706473615
264727887
-1929244261
1798722498
-2119913210
1117624359
808409630
1006093960
-503613281
1086369071
331661589
1885878732
1082815614
-647054601
583291852
-2126068690
-1129731495
402637509
-123141753
596261983
1414614315
-1006484512
1834811246
-83427321
-141540280
108967690
-375523386
661636328
1392218034
83410509
2014869601
-1657808830
-507568725
-286454534
-30976937
1788833913
-512891509
1492601838
2092625142
-17238795
-449291309
834371095
699897334
1031823433
286102401
1147316534
-1957066511
-88334186
412917925
1127401190
622861329
1974540849
1869680692
650527196
1336487946
1510584451
801016091
1005028207
1308690763
-467011280
-98768233
928601434
-629536657
1269923195
-491291709
-870507583
778237433
-1240650263
-1383661454
-1974195343
-634792639
-1748866013
2086127422
-1159085972
-1176210776
-1304015072
1406797024
-1022928733
2081890578
1136821635
-1039396670
-1574078715
-786081131
-1470399935
-1926015278
-488172872
-1470154643
-1616797818
-795733351
-391235931
1197078067
-820902951
-933943413
-1174629062
1752233038
-2111269507
-636048736
334173290
2033184169
1137227802
134672675
-646998536
272520358
-773386083
-342411063
1803059189
2137983825
1437182812
-560055036
-1927689849
823585497
1440866428
10505625
-1879601173
721407547
-904553834
-26625424
1297512380
1953829951
797172632
-1245468502
402284148
1128385704
-773137431
452502776
1317019699
1011352742
1301512144
-614496470
2103932351
-220469617
-108404970
-1669825786
1338912460
1300537550
-1641108759
59851355
-1506915204
-361740261
-138854910
-744291243
-1887125464
-653842196
-1005616374
-412271087
459199072
-2082587606
-506766023
-235493261
-693602768
-300960984
-1717864640
685123383
-1846145883
469487312
-173564823
120788294
-492282737
-1058834914
-629211141
-2020769206
-1057897849
-336511022
-593946910
-1437321852
263183667
928834401
-489166961
425167324
-1602405944
-425704148
67433501
-1048217799
177390800
-596340237
-1859116364
1984716050
373883692
-2118050420
1802127410
298279493
2105890652
-1290995505
-20236025
330333735
-1017129218
-576752940
290292832
-599687461
521303188
1602943328
-267895417
955162855
537559434
1906379931
-84838519
-730166268
1191300214
-955958777
-1797630184
327993653
1385488289
1056985773
-1392517453
670107162
824189893
-1844162408
1872353539
1882634629
906357528
-1906008185
-847018616
617479501
1645979785
-124928803
-22025356
-2009616030
-702752952
1749181148
-1848248618
1252801569
921065100
-625757422
333366267
603814890
1042627984
1261245458
-1922908911
900578798
-2091881507
1940108903
-1708626420
209636941
-663463473
512029893
1885483724
-514230945
1221389649
-535952510
-376036481
1721693777
-996059414
53125956
1206772548
905667316
-91079939
1266666234
-1369295600
485021905
2060102476
1864531215
-619676971
-1333724288
2022225085
-708166691
-683244832
-314884039
-897940127
-195964577
-760002686
973856427
-424055119
693132843
-185498382
155220748
-1006876646
767550366
1955285361
-239805071
-886114886
1246084440
-219946065
2043365982
1664423788
-1845182998
-613952659
-1069985631
1752835074
1579672270
406364259
-1636622245
-481200944
1422906263
-1048265885
176996190
525141361
167551080
-853946947
873049790
2061102021
347108266
599923429
-1115105886
-1109537736
-1927337223
-1209804717
1170457946
-536818102
-846591138
1055104938
976595638
134468938
-307886909
1664704284
1311735957
1564148068
1801336995
-1439077364
1600411580
1866513630
1655420928
-997614604
-1773025304
1853217182
1683401882
-1655404664
177593893
-433618193
-1476107939
-1463067621
-1836770208
-679737468
-197599718
-1062674622
-278372805
-153894980
237636218
1131317430
-1779189984
-463760345
-290616274
1128191614
-1845191272
-933042104
-395717525
-641319091
-1228474403
215936412
-1593438059
1373005608
-2042241619
-1952341285
1922822714
-882017717
644227936
-2073361539
-412515775
1981665869
-761920963
-614519937
1727034210
107497858
-1839304184
1473540966
1821616089
-690102112
2058880991
-115816317
1134222933
1275304612
1540255301
-1694644871
110082614
-868371722
-1006974337
1928285948
-1352230152
-1984589365
-1804688610
-800016165
1176041193
-1115675958
-1181869091
-1407666369
-2088882910
-276794895
-1181640020
610574388
-1718943052
-941837638
-722195956
-180371095
-1074839776
1536824697
380972189
1348718131
-678683635
1079381767
1942566389
1585686999
397769780
693761700
-1837163342
-167636472
-1596252770
-1129308647
-245655086
822734254
-799655151
1873791005
1782516033
269894632
-873770809
-236478215
-808575053
173285204
1750530145
1101307246
156215731
-1557601907
-130543589
1624073174
1505667068
-406074635
-686251713
-1851219064
-1158587129
831109811
2054830558
2074541697
-1968496667
221670143
1071754686
-290494145
1853360206
-1765888612
237597326
-1443420944
-644954119
-1794937690
-1591669920
1885124556
652625197
-698518643
468924247
1372555198
-1234056553
-1515830175
1614010271
-842794167
-128982946
446856527
-267272035
-665959255
686105204
-1150381461
-1858606489
-931382472
-1499617233
-1755914321
-290671498
1562961683
44355863
848320323
-2118831974
-871718147
311200513
1171738622
-1347573459
-815335293
-2032507556
1095645228
1546114699
-538600865
-1560148534
2001612945
-290293823
-609345247
1002033650
-562572370
-1313521021
-795709941
-1039146348
175287618
1728536163
516020285
-646802467
-1532090861
1452662592
-1029732335
1447118588
-1436620819
114488060
-115825464
-290510604
-1625293334
1157478001
947730533
-636808525
-598788876
1608377764
1521020377
-534981020
280002696
697162555
-227078817
1417252352
