342324088
-1562567430
986803410
-1456264394
326156319
734408366
1313379131
1888651644
817556076
1852021271
2045032249
-888571382
1771062859
390285697
-840236552
-82341846
-1358439570
-1291254969
-1087110498
1166293476
-117344947
1976882056
-1699846153
-301915430
-1350291602
1362746650
-668913580
-921735083
2009268710
1461503422
-536448081
-1661719910
71242270
-1718603371
-632935405
1803118466
-1598567462
-29818413
-1507155910
603916873
-1089141129
-299152719
-1788980105
842476709
980925043
-1261685592
1985848790
1058506010
-1922954446
-2141963045
-725322879
944397964
263170303
-1068463916
-1451066779
335475989
-182202544
2033795443
2022131476
-1532867559
904029006
-1424086750
-1491017236
1460064662
-1954679149
734650701
-1403610759
-1491967296
127709748
365925137
1027313431
141526476
-1999475198
-453120206
1221257691
-1690833652
124680205
1894627666
597283764
1163630395
-1293954967
-1894690208
-1177967412
1105797402
2033900852
1376646734
-1352212173
1284578363
1905777366
-1551982330
-1693979457
-1157136612
-542012278
-1832137058
-1236756179
-461143434
127922462
-691893559
-1712459125
-1966112809
-1274871818
189301649
-1571820070
-983587474
1403892310
-2144201918
308076014
2130678565
-1641947937
-2061863511
-1033579879
-2028718859
875666778
-9593730
1243170312
-1183814028
740516020
1993758494
-183518100
-661623886
-1560165047
1211810172
618412508
2130225990
-2020549276
865873497
-440225159
1924339107
-487156218
1288634547
-1454581550
-1430932049
-272874010
2102536314
923004554
1319364246
-1515476807
903165577
-1251706056
-820770086
-798373197
-747160621
505154958
613490862
-472471476
918022109
-822121796
523290500
610305607
1807194731
657051670
487295716
1055278575
1408916606
329001716
879658623
1941191075
2091709565
314403545
-327501948
651902357
-1599436367
-393522730
-1520988367
635050190
1718913782
6121264
1164155564
-1416795531
1328925871
856813632
740774930
265987919
1342509562
1670845338
-1417973552
-724636791
1898607908
-1908372879
-862633678
523412661
57566047
-1820556231
918615353
-1725999086
1756372914
713072782
29022896
-1036711664
778895664
514990932
-1021974399
249627666
-574562196
-1055209698
2117020484
922751349
-1342478293
1886245331
1578297112
1078088912
-2140324517
1278693262
1907458742
978803837
1187721796
-1123444794
-2112909374
508372312
11860221
35356847
-1728215964
-1477110074
-942667488
-1626610465
-761726441
1808677624
1807658176
1755668275
-1784511040
2116302705
-12162917
1204248818
-1680835326
486984133
-1921502324
877135411
754466000
1588972706
-2116013758
-1460384644
1265419587
-1789261548
216654902
202018732
378191533
396580868
-16708902
-2031783654
2002205677
1617483777
-1194943474
978029821
-208155132
-168805566
406099671
-180706803
-887112472
-2142408213
-519923374
-934604950
-495486568
-1516489585
1565029094
1513278653
1656790384
787034870
-1451547208
-2135080804
-502658370
699984671
-810284189
-1224763085
-1368587628
-59347832
-117894936
-605582561
-494582817
133467052
993541603
-1648584035
-127694920
-1982838324
119012096
-435531037
-231018759
455832818
-991900756
-269742131
184497427
-1188903886
-1831047410
-954647108
1848818719
-1596787662
1288805432
983249851
1115735602
334800877
2063781273
-1325134878
2142334964
-45149773
-1568026698
1200627199
-1958068109
1371383923
-934213863
-1609432974
2030527028
1669688636
377921929
1159934807
1787222411
1585087745
963978874
-2028873238
-717206484
71248540
-1485825337
-1197070809
880356865
-51299051
121285534
929061553
-1215404227
-1439961565
-465988421
1232766708
15321008
613897458
-417286696
-1828232819
-930423971
-1348998874
-1612706973
1429857512
-1016073143
-2025051617
1234894449
1568117290
950369685
187102846
-1095745550
663846482
714009550
1062819816
1887937318
1302236570
-2141331836
-920205559
-1203852465
-1565294301
-1914616039
-2106905636
1101250728
-631522608
807381210
-1488314840
-461684587
528472945
1087161939
1517496909
-1475814117
-1735024860
-1025749026
-1327555008
1300955025
1321638903
343435133
-777608493
-285400425
-395196718
-272888343
-1445812935
-1957603513
-280632685
-1325478678
-1291103031
-1080006230
493960570
1753232105
-820856574
550721646
1044734152
-1290341437
-45866034
1379931093
1131648674
1265681119
-215874549
-287393809
586246714
682441346
1771035718
-212093430
551716399
-789617567
1173250505
-1835097751
920098100
472299383
-181663785
866423605
478677232
-435577063
658275125
-234333776
-131667163
1531502406
797823468
-108927312
1003560211
1990486595
993686349
-884362934
-1533695714
-1946191001
740490293
837025484
-2072048978
588974899
-1727290478
-677165327
1980665942
-293932891
1519182629
225453903
-1425458121
-26524723
1398761609
-178742765
1015531174
-513747552
881300083
-1907399695
489793292
-1152855797
-882573766
-677384875
-1700444402
1510529355
-1527846502
-1440089378
646824941
1605515643
917400756
-289670900
2097734190
134216046
1200869464
1796853559
587601789
803269566
-2133556089
-1784058430
-1099837746
-934541019
634616627
1235061649
1905150660
45001995
971893576
369772215
1292749398
1646888799
1612890095
1893112948
530043823
-1698015319
-1825884144
-1103565730
-1885484714
1144898912
1224702489
-1113851171
335621519
-246027912
-2094391298
414000859
995112960
511139135
-772145280
271304380
-696016490
-1748508055
198292144
1327292556
1165150889
-1038682007
-808934218
-142233225
-287203491
2016015105
1137288910
-419252099
509468236
-1499830756
-2036903533
-726124443
1029154145
1141832411
903788160
1349805298
-314873594
-813432339
604317106
1403694932
-1676559999
-740665565
-521794574
863167969
378239643
-1808242110
1216490739
2116950788
-1884851838
-1858961125
-1561215529
52332405
-242725648
-127105319
-2046876681
-1117856854
-891253877
-927400807
585653219
561558668
852223119
-656548033
-970896217
-727636114
-800844119
1751225991
1540459344
-912418502
1020870950
760168794
-563326290
1086477549
171191116
1090712418
-982928550
161453380
963321352
100906976
890519546
1829303735
1217934280
1526361532
-1244743229
1349418662
-1733672278
-1204694819
1030324543
-549601070
-1319648042
1325221051
5754704
2004136974
1437426471
-500616143
-1089406348
-755544779
-685242864
-579790185
-2048242615
-1160511650
702845117
-1926985200
1333406547
-1145922482
-663901576
803586847
-480404227
-965982162
-1420674482
-1207848576
558195677
-863865731
506820850
1233805877
-1430241732
-652863929
733199584
56248030
1368131796
-211842154
-1853528891
750246477
-1668298277
45802537
284918813
213285465
658303040
-1385987741
-477612515
619350770
641078068
-1389018746
1237236436
1137981046
1291754987
-1200051680
-749354356
1975869250
56447907
-215824955
1920502646
-1438869878
-364247067
-297228035
844739973
1761094765
1072523018
-1022242176
985985177
-90067645
-1532048640
-2089559392
-962926368
1445158969
12851277
1890919942
-1678436999
717134624
-25958572
2103152544
275074393
-921501823
1769635287
554122713
2090813042
397669620
1007049917
1879643915
1729651473
1542124721
-1379310060
1904707889
1863086471
1914337895
-169353384
2096863457
-686013941
874425932
-580987915
-704943240
1386559199
-1404691339
-1055941622
451330198
-1455476048
1380846951
1094093679
1801260749
-1027569342
-1032629267
-470872839
1705785236
-2114070964
241280043
835169788
1776420481
1735777952
836290547
-494084592
-1793462345
-1787306098
713049174
630810392
-213663332
1867837578
1490502782
-932716160
-1070121521
-2095883508
-524821061
1477486789
-1246507687
-1289417545
-943587109
2064913465
1110098977
168855485
812887229
-796329976
-1088034907
1192097153
-1090963928
214151797
-318559001
-292536451
2048506072
-1039513239
-405151324
-2033429915
877725146
-97625042
-1242778421
349106060
678011673
875425143
1850692140
-53235577
1056878647
2072529315
-1382185616
244719887
-1065958239
-1509651134
-1173546935
-562031829
-1232725283
-1803841577
-419242007
354849166
844602661
-468764961
-1108955721
968430653
643934009
1532327186
1702434624
-1340286092
-1377529487
-1700955672
497633643
1520997578
-178366191
64607582
1259887345
403877523
-1876952608
1176671225
240833035
1650916741
-991539973
-1771137269
1189106028
-1174497123
924942566
55815476
-478896015
-2118185149
-1716289821
-527356117
-1311997290
513039788
-1415655033
1763779774
1589908012
-848608385
1420091529
398997015
-518286776
-551034693
409703901
115141952
601549822
728677591
1605353472
-595391512
-212645169
1070898218
-108345963
1495267686
590974047
1802225549
942112305
-963015426
-993298582
2095819326
-978631566
138459235
1822223864
907667974
-1395288746
1767757437
-943092016
-672506466
-1775644471
191668844
-1692763606
574457166
1000075135
-915268917
863448487
-159684137
-84786684
-608774856
-118248571
-406649453
-140800752
-1831565804
1547526414
876911578
-1193666785
984465543
-1941209007
1541382822
-971408575
-103599418
256819476
511910521
-1437706962
810148504
2032647432
-1688620931
-1919149411
366620181
2053790526
1857578733
1533982165
-867724112
-2006450471
-1973780556
670741891
-1320317832
-2145293051
2146006355
1139811790
-415373414
782016039
-1687433721
-2057738584
-35549654
1479142997
1748170026
-1302293657
-1744531422
552034568
-1585264935
1934315411
1495454634
42462224
-1766608426
-1784279807
1379591065
1632632263
1262130096
-392880352
1361093179
1670886025
336573216
1389571986
-1425939372
-1355387549
-945783626
-1958090754
1701525605
-700266486
1242424757
-1096096476
-1858380243
1942818318
-13395654
1681671985
-1797770638
-1595295922
-2062396510
594375508
1591743232
-1782278738
-1107685331
1476254352
-1530986766
13412871
947317982
-188163628
-1992362193
445895775
634251430
182912840
849306423
1862062937
1829035969
1963360489
-566788577
520439534
-1035769250
1256263767
224661466
1495312989
-1492090491
399521773
750843577
2079619424
-1580528075
-152273646
129189172
-946539361
-407860
-534346802
-279906326
1600469353
-370082133
-1583493217
1895794662
1370792097
622021657
1348615565
250797347
1029609718
1994139751
-653620356
-1488296623
1347514454
1815211605
-1000636223
505565913
-1087127388
946789044
333482998
-1077196769
1973908391
879162188
923789841
2059072262
-1021013434
699070463
-1063146829
418143416
-782937358
1470546478
-2040388163
-1634799194
293608290
-247744934
-650267095
-1001421362
-836540026
-2007094258
1087163926
-2039031493
666032053
1950806012
-1434142684
466444498
-425480152
339231846
-366831102
2146195274
1558889387
-421002305
875269188
-2136974724
-1527482480
-1416181359
1840634745
-578676516
-1355071769
804668833
-1554200964
942527303
19919597
2071928144
629231114
181057278
-1150632255
-939983037
-284169835
-1776331790
1498583645
503172422
1999385943
947958593
-1126936381
-1788149651
-1969164887
666751488
211955062
-1555911812
-1996239980
1644266554
-167318229
-1431322744
2019694248
1623262265
1004535232
1006073566
-96206836
-1116884477
-1911776915
878447138
-1021175082
1577371431
1322215737
-611118149
-615938660
-1073741127
-1048356178
1488209262
-1964992181
-1361669734
-1495556913
2141934665
1535586614
-1066551556
1106376778
1132609217
1579868274
-1177749212
1441134313
-1484304098
-1000822688
-379464078
-1056797106
463768598
-1898249078
1046169246
-947437089
-311144008
1628200882
-1637512125
-259198978
704216203
-1909242328
-1466754399
172867197
-1583397641
-440473252
-1379429474
-1281697199
193435874
563071155
1757815310
-842924412
-1133196899
-1075735651
-1437289421
-674236816
1661318145
1848154343
1157225095
960270121
2093598421
2089178957
-1879880008
1910484027
539265906
1872626515
-1503697165
1993765781
-1941007191
432739924
1718876517
-486882109
490469348
1783184091
960590846
754872163
-1827752821
-1442960848
-299291529
-1604395823
-2042778200
1334529846
-770036586
679289124
-1191241267
676741748
-2112356688
292661086
906988853
-678136976
1858289263
670166238
-1294138840
-1068002493
1137963477
1007812633
-105938012
1230869610
1458695808
286439049
-1646305735
306205657
1431818031
-2113352220
1925380916
-2033303723
-747553404
-684168047
469551615
806784259
1567462411
1707324759
628349895
-129443781
-1345577862
33710679
-657975969
674314145
-747147718
667130684
398269284
1612128374
-1101418202
303725232
-584754016
-212423893
-1750349678
292091665
1250483891
1936788791
-488789362
-110878108
-564547344
-2050335703
756442986
1829238153
1061300612
1410854400
-1137793667
2065701552
53956829
-1813779782
-2098162398
2121165579
-1363402936
-1430265046
-510353149
-1882254395
1885892828
1409909006
-1692246375
1246074418
-1869556842
801219680
-858684686
-673376442
1260032965
690455020
-2080448587
-1644580277
-1806062936
-456222942
-167400349
-1084243250
-947096748
-1442871507
193830879
-1794024998
946031067
530658627
1524801072
879841896
1195407530
-353849281
1257438852
-870401771
-1145104333
-891042964
-1495421577
-1192068331
-2133474101
1222328482
-1463177323
-1934323609
1137987284
-272148585
1985267741
666703178
701090078
903974510
964642824
-2130114833
-1345152630
-1341837420
-1160296120
-1131309201
-1599836176
-1337442100
1963317844
-382710530
-1096267966
1430542215
453303780
-850829215
-1538206479
522706552
292332281
-552005987
1583221391
1941608
1152678176
706204144
1000639925
1210166342
1915864310
-239815164
905595430
-835197310
-1940563730
1239694178
-1906867660
-211166310
-2074143151
1123384868
-1118961310
70690804
-524543354
1057395694
-1762765494
-1669789458
264502419
1603032351
-2142424896
-445322445
248372963
-269417150
1129930040
1056901712
2111723849
982552266
2111102564
1757836678
-1933869244
915424766
-800445407
-386855455
-683374972
310077234
-335501677
-424062583
-2000760403
1483523127
-377378674
1003292759
1084384090
-2011081452
242342967
856794539
-1014235804
-1059676171
1603843563
1886155644
-1868861341
-611111837
891959646
1350163119
-756490380
94795189
302345479
-1040163668
-1339818948
370217157
1826365371
312545839
-987988179
106756327
39773336
1578156891
1461936135
-478595049
-472749788
-1874727660
-1037528414
1688952433
1679919541
412698509
1601260521
14449893
-1999517678
1003201055
872354601
-1397844182
-495581094
748496988
1484792715
1898103026
-208291804
-693672860
858120671
1114069600
1136444391
1120703094
1044802202
468262838
952827548
945035721
1903852578
-1858535341
148889505
-787136867
909721928
369357019
-441861408
265445772
-1593327595
158936247
-1532111056
-1489477595
-43388728
-1773233472
26281722
1528490682
1629471007
794446134
1841211167
633332601
1125681109
-2068630282
-1639569383
1301879481
271297644
1572524012
2074445152
770505878
-2092071124
-1533805883
834227982
-1008467009
2095299946
-425499159
913385925
1383728525
357342733
-1761571416
-1368266544
808430424
1440825934
-360856141
2109515400
843689222
166885054
1415645133
302284536
540057828
1656533133
-1773241919
-221065020
794653880
642749192
1216405142
-348903354
443278358
103401827
2021353217
530987257
-441614350
-1089324872
-282880742
732006682
-1775428746
1153683023
1122576210
-358632564
-558124523
2039574047
-1433583964
1932092411
1050483424
-1870936683
-1602669557
92631364
-254696
-7666029
-1867984589
-447432172
-2035107325
-455422278
-1154293646
-872634417
460111875
-2098807060
381044729
-2088993870
-789054749
1418364684
-1348393914
1416088123
-621374092
-2028967417
-693463587
-125646649
324894808
81100312
1898919478
1277383037
-126750179
-977588921
615213049
-1119633046
-325692275
-1206797774
-1836190104
-1771891475
1432892227
757058831
-833570788
2132797013
-1783234687
1948732656
-60020493
-1959644472
250395969
-435680951
680931144
-1136522906
-133501559
-2036009041
-603226011
576161965
455559683
137955810
-2069473227
-1685926370
1953441228
605347853
-92506051
1277213729
1466533772
604953419
1055498701
537639461
-1769385786
612586605
1015742322
945148683
787089008
274397946
-553438802
-82061884
62394054
-345399178
1118171882
1373068344
729708634
2077750247
715490987
1754258537
1923194479
1567551892
-11835388
1135159256
-756072824
-1715205361
-1603736757
-1257243353
1570886459
-491697290
-1581005041
1919651839
750667850
-512427019
-1962035128
1191521075
1871731699
-662139762
1647687120
-209366747
763052422
1089914140
-1059821806
1169686120
1603885368
-2114616684
-1822633472
830468774
234819895
1393001614
768963658
1144726468
237126654
2049904388
-580043828
458800963
1177069545
553804888
2072187463
-1476174359
972366859
-385918053
-1393692589
-221753952
2079661631
-1182034165
-2101433452
-582019683
304879229
1021517533
-1349258196
-1950181180
957162350
1829725245
-1188285072
-843089334
1050092609
-81989486
-1335341603
363964572
-1574847553
-781826810
1974293068
2009412222
-1248434019
1244573253
1136840805
1428998775
-1129165040
-969928572
-1154595759
-138240916
-610105434
929755076
2061743539
-1959896693
152438612
-1816643497
875474904
-838492566
-167938869
1552976803
1177946412
621418351
1474461454
-428534491
749743599
-1359280271
-280655544
1990339513
1149559337
-1230629729
-888553510
-646692073
-1552634149
-1254260831
-907744588
-1284771424
2091740790
-1363662596
-464940827
2051411546
-21582704
1600260282
-510181004
-144102599
-426259243
-1425408951
1539708272
825880480
-1950012101
1571032739
1249886021
570169126
-1216301191
1359322799
988396369
1090394268
-1272080967
-707590170
831092150
1646901583
484310667
353153337
1625586033
552865930
-1101181923
1847830066
520879275
38518622
1885852329
1767644761
660889167
-842243932
48572974
566662872
1643014364
-1385532094
-149889182
1669227105
1466003067
1278955694
-1161248794
-1670982833
-1228762541
355518896
-336120389
93217803
-15281380
-2116504725
-293378572
-1678671439
1938991858
195846813
-275249491
-20128526
58939499
947700517
-1733484485
-1572248261
509289707
-1739865659
-221237852
-448114153
2030779446
-1733554647
-1033285551
315088593
1500178758
1271691560
1551076097
-1599628195
-401257378
-1478200504
990459905
-1314030217
2116279902
453734279
2005216921
-64028404
-1547872935
1608330840
-1886630967
1575231193
332775012
1424569579
794448437
482859602
1106632880
-1005849423
300438877
-944463932
-1918026277
-608934113
-1104010224
-444149827
364069762
-218029647
323184162
-648930133
1609663002
-1496570319
973889884
735878850
1157233920
-1855130824
-276194892
-2141404637
-1979062323
-1251174155
-624377667
-89820358
-1242929937
350213677
738764896
-1984025241
671488372
131563906
1809394892
161140703
-1759270359
1687667447
-1241822806
1266769108
2074244579
-397745741
-1693397355
-51771692
-1189600996
-18044412
1093560009
-360173458
570607297
-914903130
-1118181351
-151961062
1194123849
1378742341
-500556506
608205402
-660781303
1147836993
828145357
-2073748452
-1329678138
1073937328
1116246241
-1497718942
1225783691
1276698024
-1084238310
-245315548
-1150918467
-761212995
962891596
734250868
-790999188
-2130499640
888191451
-1541223709
-921299477
57063914
621412717
-1109025245
523574945
-1415541552
35035362
813187821
1441428001
313790007
508702336
-932338908
-796727175
-930903118
-853446798
1964556602
-1832346681
1493758891
22400627
-706868525
-468553712
-1117052249
-916815418
980726183
-886848428
-1446756147
1381952617
711601836
103653597
-1028525144
471983753
2025345907
-175900969
1477470251
960796984
-1168077358
766428453
-926058251
-1019027108
-1593491006
1739077233
-1362004777
681209323
1453612427
-107606907
-1513141870
1049169236
69504030
677244121
883300068
1230888512
1268296129
-1873190292
-1558549051
-1243588742
-1221370127
-1033393962
1699594222
1863015210
421463427
2145948830
398377882
1955187017
621558795
-854774584
-1576677489
725960016
1552665474
1117768114
405566303
1496261426
-781270238
-1741763296
-89141269
-1820938356
2142367380
-1700640875
-399412184
1239369499
-1322775987
-1963581724
433242661
1847325038
1114135093
-363361787
-931979188
-767724836
-524450167
-847382996
231308007
-929363529
-1104485631
235186455
-321529370
-781366591
1901888564
-955534169
-508555553
1775620318
364431163
-4452430
-444285099
-2071612405
2047881109
-743184361
-119386308
819985294
-1663910070
-1138916846
-2004127812
1234468719
-1719653038
1434728656
-400730571
847441190
-428171722
1939895366
1983111043
779936661
-1699101961
-292771779
395715458
1400461880
-766082513
291680433
-1499841324
-1103444070
-37384330
1113726812
-778614559
814529290
1679398151
-2051715444
187229214
-2041258610
-1156852830
385109309
-2122865006
1627295256
-367764301
266467427
854484118
2106035447
-1228322125
231789958
-822331428
-2098763120
-1169253427
-136150380
218076337
-873288371
1479365
2016268018
-227086458
209052372
-1748188651
-972762669
1482143404
1951666300
625223000
-111832627
372548702
-1875429636
-1545409301
196415913
216575236
85515621
-1651712047
-1001531782
-636744266
-36448431
-1716029481
1038629616
231554814
-951076260
-2040456200
1121199085
371183585
1810478803
-195617534
-153032103
-1060147936
-658126933
-1194567559
-586576334
-903505733
586050996
-1979931206
843613926
-1145776714
1037593102
-1984466589
1785185508
-1094431713
-196924453
426650354
-1143555984
-1811732146
1053156662
1577674923
-1915129418
-1092927378
1675918178
1083303359
369176098
36613948
1401341510
-1712800086
-535828754
1992592142
-832580839
1436323804
-1821526788
-177939945
2021269081
1486838427
1416633829
-136028951
2147023105
-1501866969
991993425
-379261894
91131130
-924646626
-1238301304
-1760071958
-1524026159
-1269084382
1419867721
-870798268
131209897
-8100168
1954881754
1557298820
400708211
460365683
646974048
81734040
-1340939427
-1866025903
904492400
-2046502358
1346335880
-111212956
-2023505947
-1145335586
-1720020739
1189200820
-738997773
-1525678632
713930464
-823781277
1565473404
1390022784
-1827756570
-630141422
1916417186
-899268727
-942235388
196279683
260199068
555535662
390043496
-1479559553
1546516941
-1130198082
-1990825812
-1384529414
944004114
-526195109
-814696375
-89595276
922991195
-1339346435
176686153
-1648871775
-1667187588
-260339011
1470296896
-1355439541
-570232251
514965840
145821052
-1010540169
-1952460337
2096569552
-171158149
-1762448953
-254359784
1461843138
1511486365
319323678
1279666386
-565680300
530999578
1154357385
-1262868873
517058534
1917517365
932089436
785646497
23585227
2029871025
-1559850341
1788425367
1157892944
1949081476
-448955748
721367082
2070611196
1808403658
-78714646
-1518204222
1511092505
2107479804
946455147
-1306448205
-71192717
-1700745119
-404303420
2113848789
-741947041
-1409260605
144424187
-2121029550
772512254
893292902
-88788642
-1204624191
-926042430
1408599861
-2001901149
-826985100
-1065886671
-1505728450
-979209648
332789517
355459817
167647072
295817308
458257495
803242211
676043075
1437953558
107322194
709319419
1693327751
2144858694
1583312783
789850799
-1875624129
548726161
287886782
78511143
-698819424
477841953
-228240251
-83900300
15336949
-615544444
-1109490030
-1023545316
-1872712746
-1487676203
-405243405
-1314235946
1295373464
-1408462055
238135460
544553361
865399047
-1218979350
-279529879
-835402822
-2104342446
-1249448871
-749977634
-1496428354
-356012218
1386269712
211683019
1078965454
2007563967
11856055
-198963267
-1025519647
-1375404710
1353079193
-1467775791
836344319
1077850223
1715375494
576352722
131411899
-1592375234
-740256518
1700965766
1905697536
395844455
874801790
-557218747
-720202736
-449092193
-365699762
1321138122
-1506486582
-1449017952
-214367685
-132601779
1125492779
-1056737695
768102098
-1710114096
-519161834
-1570480249
-567360834
-554544967
-1276802217
-1267754725
305054570
872309920
-463799835
311455356
1379700202
1152721002
-1545351833
-355898218
1677026075
-1033437034
1959117817
-2027280557
-1080372728
2059032790
1611692847
2128044625
1661846671
-1726280223
1519650649
-1449094954
1717252676
-242509689
387136264
827908352
-895050348
1545250309
1255432913
-589740480
2052898605
144828826
1385920848
-2064369911
190514077
-1347947686
-851110033
-1829039677
526303033
411574337
1189717224
-1375707899
-153535425
1671493514
1474596103
117528324
208930622
1115326785
-1902937164
1741981765
509812149
-52714985
1163781808
-1671279206
-1940331782
433973365
-657103073
-1937273525
801767261
1551775442
-3954875
1716652946
-26374771
-1389902007
-922556268
1061753420
-1362609607
-1970404251
-1253415450
1064067054
-229164550
-854453441
-974645754
-1799450187
-2099627665
1445882571
821400180
1775205665
1988733865
-1305211794
-1070717335
-401724253
-201778486
-1823854126
-43496936
-420383852
943415016
1247446014
118820406
1988185449
-623321290
983642016
-867419204
-1782940635
-1585036955
-2009503059
454306795
1860770318
-74699961
-1770766549
956341392
-1397878109
951515830
156282701
238290057
1563342540
-1146120269
-213285184
1635986567
1429004371
571262161
1193176387
1781731348
-1111926637
-1484877357
25366141
2093304535
68777582
-882125676
1375234826
-993552873
-1886115965
-2089563097
834774742
-1981867395
-1419126624
2009354814
-987305810
579901981
-276958859
-94945585
-615637229
1876080311
124770187
-1775246860
1025162834
159897657
558673011
1373354002
-385692719
1775335304
434256706
-1895318467
433638058
-1408839297
-263272132
-231867173
510614909
1748321847
1542503886
-143305081
-1057705599
-441390968
-90942015
-149456585
-1003419940
580911568
1340921261
-364930144
-474682827
-606827022
1313468331
1939243224
-1346833530
-202181727
-497987506
-1697205187
-2026234314
-216695586
-1148221742
-1962008683
670764646
1024480190
2033368214
367026038
-1379674230
1953630065
1618276295
91191784
499062844
-140976769
-1469930146
-2000233656
-1989378228
-1409977517
1074153035
-1912685202
-1953624549
1444377597
1070570482
1477205266
301378600
-2086050253
680665046
1586864491
-1770659861
-884156776
-789835117
-1033561576
-1333411615
-1650957760
-929853935
-1283098813
907900648
-1769118349
-685373706
-858136573
1968954060
-1208790351
-1796607652
108710658
-1075639263
-10291722
1723432132
-1166721697
-185135022
-1230231489
239639369
-1190882347
-1375809798
-1092307124
-1536702440
1614625308
2066218866
102204838
117981471
-1985940337
1625545642
-1317591325
1339926532
1014734862
-1141134276
711425064
-976994728
-395211739
1717141950
-807004946
1506947340
1452725101
-1953321129
940660745
1148036899
49894962
117889684
-1693796122
-701986904
-1828897962
1866445948
-1586463468
1455303394
679877492
2020257761
-1720723963
-1717671225
1424308807
193415416
1043878676
909428397
-81300915
377074220
1118171081
2043776583
-35408217
-1948583378
-1316535716
-855226418
-1152037053
1969028944
-1204187529
1973798270
429601596
573162515
1538048064
481009219
-559405696
-250939138
-125987946
55967156
-905611341
-1516253264
-722179174
1207435072
205821778
-1649120456
-878993808
1622804646
1461307675
690979236
-2029504186
467720106
-1948469588
557843159
-2019786604
160118533
-1697533334
465426592
1522249893
1835110044
778622372
189666311
-329596329
1722925813
1624136951
621550569
-1739442146
1176836070
-1174804749
-1233211194
-997116082
1625623182
-1222608642
2075711961
143815065
-1528867191
-330862984
-1695281304
-1384668459
-1071080865
-1678461409
-504220067
490252034
-1988079812
970654133
1061896470
1654615179
686819302
1780927456
-810317448
1738163916
548088554
-1980016560
-1568327606
805463252
385063961
-453176794
-1834463809
-326340501
622528818
1371073684
244981588
-1200252586
1828703712
-913397312
1427005148
-186674983
-119561498
-1698812947
-1062142248
317864316
273255576
1519793372
238127116
-771617006
-1952727924
-1262143632
-1187662770
1567001334
-1928242543
1907564432
1482318496
-1365505897
-567318304
-1965738928
1397176449
1208020535
-241223791
1062959186
155878527
-348774929
-679994544
-676778902
-130533871
-936971530
-471770288
151017600
866123427
-1220718814
688949887
-1092452678
1629220849
378174637
1966587898
-483992358
-390452328
-1896486852
909796034
-1561796636
1570338793
1477375773
1597406384
-1686655485
-1409692160
120552912
1247529126
1771694764
75445525
-714040632
594079751
-989390589
158760721
-674498190
-272979096
-1003863938
-2016363932
1910489462
-10503545
525842376
730033429
1718335036
-497031301
2027567591
-1555501799
620907185
-980186835
1591323040
-1684182551
718318922
-296994554
526395161
-1047889074
-1727197112
1927720937
-1276617792
-1801696898
650818110
57212515
992616555
-2122800532
-1310233904
-942697439
1267261888
1833013340
1405009852
-320943454
551118551
980567477
-1366637026
1131800364
1802165789
-1417776614
1478185967
1690028036
-1634118533
2070500539
-904903218
-1639141160
-1192363338
1108025319
256630019
-1340872064
-248259304
1175486949
-1105299008
1223895525
-1322389168
1395222276
1862088104
-1962610111
705011350
-191280911
1286152853
-2090441080
1448551442
-1800626360
482685334
-280478171
-869039746
1304184172
53806646
1473106153
-1664760311
446753179
-1753269757
725380672
298051966
1208342844
-1106127794
594310053
816944037
-550781317
804256302
-762259881
-75663895
1654727447
238820043
1602294860
-1016587462
-679490438
746724312
1291632742
145576501
1192969481
-1999025567
186588644
760714625
-956422467
1546523590
715947802
909579899
-1663501582
864013062
1850366820
1483492884
1256113023
215940673
-246525864
-1366280198
-1808236282
-1262673801
-304119238
344103925
-906343796
-773420139
-941027404
1720256915
-1264989621
-1400103246
1326681286
-1376818680
227488710
-950928235
1122416891
-1123726258
-439941346
-1666371974
412345565
1549881236
1226585508
120729365
-1795376470
369512405
-2106098770
353542615
-1231987130
1721514182
1084883886
-701973905
-1797515148
1403560692
2129045120
1825773715
-1505754816
634494765
236870914
-1530127361
1523801535
32986143
1404679913
743699645
882222331
-375958977
-1083020590
1672803239
-1261674457
79086060
1789744023
1906171690
1263622682
465489875
-1461293340
-800698292
1380962810
-1735853164
1069920521
67984367
1586865463
-376492891
-812858864
1350765654
1433969851
-2096254601
1190852626
-2133758232
-861959841
639864022
1103504070
-1400751564
-385795168
1608496533
-342098854
99242037
-396074350
267398249
-1937157242
1951703254
-1764463084
311561237
-1411300643
93991096
1998622788
565180359
-1114633883
695027761
1573673525
-2012312638
1751799914
2021265048
-1608454177
490517564
-1950143858
1390351807
-259455145
469241480
2090825765
2024053184
760293183
219396215
1350589631
2080471292
445175935
686961148
439452165
1823025248
-2108113100
260650254
1972560840
-1118951446
65851112
-2064603182
-1355660970
1295563627
-548336124
1558973688
-587608048
-678827122
-275604350
-319809948
-746650823
1019155224
1532883430
538721809
-1865057008
428506225
443450990
-1380284110
1467448607
-1671834782
-2102174841
1733679513
-1156161579
1093365535
-1773201533
697921884
-1824849070
98547848
-1429100407
-1456304971
2110203266
1212428459
1433707212
890713642
48631661
384424845
-553464321
404994285
-972283444
-1766780119
531011080
-1489873531
-1853221154
-988739911
-1100852493
1155996845
-1657664132
1656842803
-726623191
-475786117
-1311133333
131144214
-1007019295
1589119940
-865725199
563918693
863080405
-1742946370
-2000482390
12877811
951975993
-1237370905
-521062757
-915347743
1474706920
1603763238
-76365433
1865003365
2121285344
109250863
-1072631423
1333500876
1171912688
-2128107733
1735969986
669305537
2042146479
1834649239
46613436
1010863311
556201648
-1981692053
688526190
2137993252
-1594307085
-349909377
1128003834
1753149591
665881757
331484458
-661124492
258425323
-1666802709
-1211687124
1586055420
-172492203
478226532
-1515035955
1446559758
95559995
1966621518
-1187811515
1863173656
1566074430
-1766447262
991038814
1318662732
929137786
32150722
-302410153
-325215305
30873100
-1843169238
-1419715317
-495716974
-2049991724
-1427353242
-1398471341
-248701736
89832827
-1294398205
-588255833
2126916376
-1063057993
-1732754103
787025675
432972427
1236836045
-403431832
1740240680
-1052981399
330093399
430453232
-35798856
-585254281
1709070151
2103852422
264580647
2039752932
1003658539
1577748692
2060405367
2037491030
217627569
932984513
1219540067
1977876030
846636910
-1438321182
-295569465
-831445645
-605436710
-953236433
-967861954
-854491906
-1156573537
-976373255
1041020940
-1897816781
-1042314222
-1106833381
-126653890
-941496320
1122317313
-1123691153
-1507051760
952860041
1092507567
849414020
843600782
1583834611
-820395492
54395533
-1657764483
726533247
-1789937784
1767210139
669307002
2093098971
1233346874
-1586462706
1386697059
45894580
1692971389
785783113
1592716279
-412098673
1492517867
1702472612
321171128
484288217
58260973
172302758
695800088
-1532787140
368735105
-187077517
944533460
-932490701
1928680510
278070915
-998741094
1163883232
1495327892
1028091284
847121905
740651292
1112459096
-301217823
1031198809
1179369680
341941120
-56350572
-1478155855
1662606466
535376426
-1371658376
-714971688
92472882
624795874
17874930
-1695519849
-1527561881
1992471588
-442062031
-1331927874
2010077828
1368491551
1362602404
141651084
-1837822113
-1252115012
600338348
-961935277
-586044141
-1387513379
-1542444653
1944489564
-412305643
-305976087
-6436165
774412039
818768773
2071719048
1856412698
1722932279
-456935226
1445198251
-1551188507
333916908
-116230064
-1184693042
1437831307
-46249168
-1098775868
-771886463
2033924324
-431488457
1665102144
-427351005
766890
995463873
987635700
331614449
2031561767
-2142543933
1398162933
1223441214
506628656
120100165
2025109073
392605187
-1405719727
1776679821
668802658
-521294182
-90571959
1489787005
-2063510169
-1370833210
-1560387656
-1786444999
2038796624
2087160566
223914774
1647152652
3314904
-1786674998
-36467993
1558293132
185871065
-584988202
-580836052
834448379
-1787591973
391360165
-1467426532
-511292432
1933722349
-1297111552
-259795180
-1739287242
1866752696
-1989045137
343327691
1604786419
-946592816
1010106367
-1429873975
-383921652
637320013
291126341
-1872477159
1949326024
-1268940646
-1027353949
-992571075
-2140120909
-569330292
-120870199
-659843743
-785628476
-76661835
-1052526722
1890454739
-587864639
1832110842
-2075251808
491046835
1575111394
1210154339
2065005417
1520323558
2089739444
1722991666
-1372803597
111157840
1246897728
-1530324426
-152780035
1952531265
-1665406868
-526448800
1617703151
-1250273745
804012448
-1565570666
-816201957
-554846042
1955443627
-1666894137
-929808315
1427406972
-206973976
1932045375
261943653
1461513544
2086523292
11083579
677019818
-1703281389
-1075413342
-982474048
1574895810
1080760400
-573456823
-192874840
377703512
1992165641
379420285
977925116
173448670
-933449381
887791396
1265232521
2072600459
1432040740
-1360237622
-1549941843
895907751
-1538094342
1629719423
-653263247
-1243704058
2065606750
-1963095297
328390876
601702353
-1697202896
1138779411
-1287439738
970437260
2101949030
1975233847
-204000150
75611987
1621909496
-273727363
1790192128
-1315617434
1406152222
-504258383
-82446453
-564331800
1361843645
-98673220
911321519
427527907
1021850654
-155766451
-606889402
460613519
817325536
1479061685
639764083
-1777631021
-2092720848
1867364626
-181767690
669396748
2001528630
1803221423
1941007297
-936457716
1001313490
-691126101
589400012
-375815068
-1735968121
-1391235624
-277896667
893973222
972323767
-1840566300
160939850
1760888933
1569772816
-1342312514
1536630202
-257979970
-801940922
508005938
-637711159
-548585956
-1395221758
221173718
1048009908
334192502
1729110809
-559557847
-1588233228
-2080567460
176376321
666782968
1463588310
-1121659917
-1603467904
-495958269
-1589983669
-581279426
-1274170459
-1626985248
1770960636
937243294
-2121199620
119337760
333396385
251181211
2019805180
-1302035281
-2053000301
-1330176284
350839492
-114351488
4402847
-1695813996
1434218502
-794519191
1267802908
1372590262
248394307
-1437044149
1897680703
1341977867
1935292472
189825141
-366923859
-282271478
1140169111
-142904759
1982262609
-1425888473
1271450362
745359392
-1036069777
2054907480
729693460
1664210283
-723801863
-976174636
-1386267863
-1151094758
-1445368799
1304109341
968604863
-71814592
851666735
175026241
-812573035
1410822647
-1041264749
-56690597
-1674643756
-1117695104
-790390723
1166588000
-589793148
1366235567
-1259781076
-994441705
-1034675647
83040389
-1526935995
1598880617
792884270
-221352418
-73827739
-456559654
707823912
-275847731
-1164598343
-165241257
-85397698
-767202939
2021710924
464348977
449481569
-670587526
1259074017
1393098345
1227019351
-1217019385
1378610178
1340276270
1374998773
2076661714
-383363239
-1287850589
-160086643
-1854864851
1992716861
-393126940
773309604
-1280953409
1910509199
-1344131254
-594569496
-1475268253
-1673642809
-1317288722
-2015187360
391468879
828970057
-1617523604
1893472485
-477229960
-510710531
996854760
1125033424
1413417013
-795566562
720738390
-412110092
1599131170
1863489104
-1965126155
-1734519602
2063500358
741335288
-253620965
1499614715
1531479928
-1796477752
-1893990600
1077774825
147939837
754657176
63662100
-2066084143
88148086
-269696132
1273448283
-373318940
-56327944
339687698
1029803611
2085839044
-2114037636
243931931
-662884853
-356280523
-643921287
1983450956
-496467634
32493588
337559247
-390266778
1453168505
-1609872761
323617255
1221975428
-727833838
1523954805
1023761175
1055423155
-860286758
-988147912
29418826
41510599
-1662776562
501918609
978275807
-1658926484
1586719976
-267620132
645651922
-1043815301
-333485460
-529341564
1351971097
1365243790
-1209175968
1926340280
1017577552
-592266026
-847183717
-1436600994
-360931177
481013803
-1660449150
506506824
1243487674
36850020
-1457053745
-883683419
-1319726445
-939493656
2098181524
-968643143
-1468882004
1333849477
1649131903
11743440
1792360488
262283647
-1832113313
-212695441
-946008862
1454849260
1349561063
-600690227
-1785537066
-2008963266
-1743423056
-583553151
1044111808
437449249
-1891917436
29876347
1953522690
987774855
1357998809
-1430736840
-1786623798
1818064128
620015514
586836529
1997318003
-1249390514
996218413
-243502444
557328172
-64179912
-875005775
-1797761482
-1277820457
942845086
-2127299449
-1635162681
510513458
-1929888563
-1095721452
-47820730
1987611196
1987879700
-512609084
-1032490825
1170557649
-2042835305
-983289007
-628374765
-1146430057
536304738
-1490048956
934392960
-126674915
237503681
-495828293
-1698151742
-778340544
37489102
-338010259
-1130619152
827891153
1518762826
1854431723
-1992571030
981506420
554984368
1398136360
-431960822
1843007946
-1074908537
598169147
525055897
1561118162
-1839925257
678793314
1140145540
-732824692
1281312159
-1786263222
661570254
-2067151393
1145227429
1084769933
657937224
-129743685
1742008590
-651096709
-1293317120
849101698
379468367
1441186332
-965072906
-1095575133
176220451
-1443630475
428221461
-1007554168
-676506978
-1774759414
-590696863
255187378
-1783955327
775661988
433083500
89932833
-941668656
5799764
2071340302
817453048
1097801378
-1696154953
-1214203564
1536801121
1071864375
-983250566
2115786936
-352146514
1590920783
1478101024
-1509905262
-867192384
-162722631
1333883650
-187189554
-933277524
1659989033
-155196521
-525271073
1442240666
723491150
-1108713995
-479907853
488593393
-852894428
975516311
-1730312344
-1262740304
-1327840122
-1628637088
-411702658
-860002274
2141254918
-1251564832
-1077447603
-396871514
1675819776
1889810645
-1282095880
517361147
242836717
10481395
1232109346
-1927296125
576634868
-108549401
-817256288
1481776369
-544585274
1443836569
-1198464400
1624113460
-1075614806
-635466831
-1201361942
929095567
-1316400426
2073972573
-1537071819
432786184
-1047840255
-781191600
1419445499
-483600378
1189296181
964976909
-1341606560
234203189
-397498135
233644132
-1646277585
1516523693
2109505870
1123107389
-626634154
69336658
-1329912087
-1928681836
-1759342956
-302187395
332700513
1643454659
643778416
-236322341
-127856230
-71833337
-497176468
-539826283
-1304084478
-334093764
1406957178
1433874097
-359463895
-1034192917
-1004626001
-821758025
-1571279977
21371014
-686542282
1364676759
793802201
-417361935
-68036986
909180105
-1175641123
-617986492
962848983
-1365697610
410364031
966895311
-1671647791
-504278698
-1557508509
2129081182
-733700473
1874023705
847963908
-883488835
-129040477
-264369397
-1603217651
2011337086
790902753
-1392997582
801969127
272138233
-818505280
-1684817094
1389356690
-567463789
1378718839
161046099
-1656125512
596056899
471760934
-821969062
-697308929
-813235374
252279117
779573558
858210206
-1799622559
1334050689
1115824516
-1112529869
-1372638288
-1746777252
1581930870
-629711918
-789250660
1187745717
-1455617800
284204641
-319666327
-1137403376
1692043284
-1272517086
-1250880191
125797976
1301920406
2118276240
-332901252
-902399541
-649010701
-2048124817
401398306
532846900
1363093862
1366802718
1872053677
1658826336
-371175333
-213353681
435342354
-1868549942
-1452927216
-1571835335
-2124599550
-2049137256
-1387703942
-772082708
-328178579
1378126538
-635517851
1672769637
712946247
-1175043664
1157247198
-1166365758
1092764301
-731468643
1701589460
-1538706183
1166373770
2109240281
-254947332
-1370130971
128542806
1542333915
-581505035
1572860065
-731472481
459384503
-1817510227
1334541849
1012631211
-1155620139
-1973846014
-1515101731
-1363577187
-1838876445
243688363
-1388165320
2132826614
-1248637172
-1580710823
-269386879
297665630
-2012657815
1166603545
459864496
-521267548
1301546935
437715196
1469717299
-1746681597
401541194
-1721958152
-467140094
-692656729
1460559426
1159588880
-1857679375
1640128366
-326699781
484689331
-483000508
-1999015694
-289641783
2059423329
1043755144
-961110073
1053000933
-707421548
1147928992
-966361087
-547131743
1217835997
-715374050
-1214958600
999241699
-452024244
-1338828589
-1144150962
-1839970608
-847336427
1015049896
438678577
-724455225
-1987432081
698692271
750974429
-476598640
573708991
2030308212
-933780636
856530901
-1890686219
-1015330407
1500503985
359682512
-230156234
-1796018271
-1973189687
-740197051
-506796869
438493963
-415171500
706523059
-1287560712
-228418910
1464466268
-520809531
-1486126592
848616979
501416531
503500046
964844327
-866686272
1667434586
1914559222
-2107506200
-154693165
-1992245056
-676350226
-983786231
-1851120747
149898696
1019486699
1357387773
165035007
-1718342737
643093776
76158856
463979665
1658666988
-1445787219
226235561
389529442
719091897
-760411032
-289685069
2137370488
-2043356974
1790791609
1037704636
295613017
-179614852
-1720471141
-702686661
1577328353
-1562723128
1835067519
-1246497044
257736022
-931466728
-505984124
2129901559
626584761
-123869470
2111007205
1349081680
-1822209698
461353395
630334899
-1817367968
-1480808258
2042705271
-60734013
-1421680411
456883852
-333045001
1267905257
1427597846
-822870267
678629026
-850799515
-672040183
-1148218740
535862927
-1453473891
-125068967
-210801035
-1192946494
251801356
1968470275
1847551776
-1717192275
-90934150
-1069755248
-1906618550
-973739270
856218221
-1698159751
1966766239
-25046393
1632119007
2080887494
-1841682030
-224458319
-862699216
-2004950025
-501670799
-1235374891
1829111133
-882502104
-1291625549
-1499946220
-945422734
497483119
-592506988
173809237
969176637
728149128
1275072739
-1327130737
-1035143101
-1419848524
-992914150
1710279496
-216240648
-1781628963
1591773103
-13010344
-249542103
-642135810
-1513528151
-1504578830
1803057084
952252097
1556326517
-982866460
1329397660
-94921623
-1095784199
346508317
35887598
-1734630159
120253417
-463314832
-649027960
1381002357
321343066
529002902
-966653790
1070386129
-1139502700
473763961
981107150
-1686685049
290808107
681139887
-1593989083
-84776218
-306829744
-1718845116
-1592917054
993330279
1529691236
-1017021508
1357930356
-2122833831
1536252621
-1175570601
1753184430
1937665217
-1435744243
-1835156842
857094850
1433409915
-539153904
2020070654
-452593330
547746724
-1746991164
-1984871653
538009078
-1753197765
1232949231
-834957625
-457441965
1829551877
-943097540
-1208209493
650757930
-2046334286
-939389034
2032578566
1766376928
1106506557
-1634942280
-332539475
-1926045395
1624964504
-462796284
71053138
-1269000176
586193799
702820756
1843672584
1279321602
1967233739
-559815537
-1530047738
9029486
-1882971517
1548978365
-1003863638
792203615
671761103
-1930002596
2031248833
658804859
-23373130
295739187
-5800443
-641752273
-303859639
-2013496344
-91915546
68404011
-17426680
-1804448114
1200782733
996323857
1146347651
-2103553150
35734301
-1673773720
465130308
-2039565962
2025357371
1651035606
-403278868
726678990
-1862930224
-244238962
-1590825829
494055978
2116821005
858812934
-1227080043
-660461757
-1413075793
-313305875
-2115114463
-1581455110
-1418916477
1148536924
-399134540
-1867909202
-56747476
46703179
872568143
-98186547
-937763804
70007622
-2069528795
-1342166867
-1718195200
-109626273
-2051825025
-591452260
-1383801097
1407146086
1423905764
-1840731083
1144359076
-689118121
399419764
-344655627
1319703818
-21789933
-831353196
595731213
-1323254055
4020307
1633693135
-1651933063
-1015798289
-964561191
-521644805
781542225
-334525919
2116124135
-550963302
1476834910
2018799162
1219467764
-410111101
-1830859025
-1204623549
-991863651
1464630210
-2139158547
-210625532
-1498669095
1855458747
1202649645
-511526709
-2137855887
-402910059
-1497930235
-1189192853
-1321010258
-327803180
972169761
-811385977
-1384670125
-299840952
454337430
-1186229488
1361584845
176343589
-1651903689
1330940683
-1283267415
-1354388621
1759912999
1478537367
174759749
-1704330328
1090658224
1939748398
1397971402
407156114
887609938
-1812363990
-1011420583
-538175366
-811317731
-1540824181
-232207741
-797422202
-241854910
57029111
1838368511
1759412063
-1289639961
1786250753
966858390
1467172882
-1272339397
1710990509
-1057000351
1200331067
1934438347
1408606515
256235831
-511606176
912309011
1258759171
270717024
634681754
127912022
1258429961
-1623923827
762514041
-1168295247
-512299982
250728972
1370885929
-1954479507
494546733
-1804761289
-1670129712
390314645
1552538486
-1930066899
-1777081286
730729416
-2090547825
-1601392444
1794249656
-1368725424
2031627920
1419691965
1827303236
-279382670
-591719198
604099129
131396073
1782101511
-1752740537
-942709140
-632622239
945441355
159164444
520527248
763762943
822532340
-1900370206
1552086299
163770575
1812919686
864126458
-1830580429
-1903191301
1739102181
-728523089
-809400735
-1710152336
1149008171
498886010
575359109
-1647280704
946596283
-657291136
-1069142775
1565138249
-1349159786
-1864437153
248953433
948556695
1420813293
2003481897
1703104146
902714118
-80184586
-913170000
-1460920455
-1094294612
-798328574
932941571
1122944430
-1565269899
1220753871
1622447673
-426064096
1960764046
-2009626854
-1520384404
180344003
-2138718458
-395055239
38868232
490057600
-551765325
1003173478
1930137157
1586030701
2105186386
1242771870
1816070641
-927535042
649946353
669099948
957802610
-1084806662
-1031461231
-1516239936
-1717625845
-483003151
2111328518
1946546884
-1702296994
-901651988
1558193442
1542995376
-1264201167
-1912961114
-437690862
969569565
1282646388
-778851717
100126983
1421296152
1684424578
-1258902689
-1291721960
1145860153
-10117209
-34115055
30603622
1271203059
1351544802
-458144113
-1545451647
-400754644
1910470635
1716735436
-295854071
374301199
1095396471
-1041523296
1836985240
2095657505
52224697
-130343937
-2009650721
1680327570
364277804
1904975213
648880398
326886101
-171605361
-1641744719
-1679417479
1740576882
-408767439
-963316280
386528120
-68006630
844537966
-875989476
-1802273394
473570043
394919033
993723381
172130508
-1858183082
-1051199397
2086257455
1538233719
-1772624051
-1476973510
-1856664275
1868177896
-2008008959
1705874910
-1183483379
-2027782733
-366681636
1137207921
1975666972
966828811
-1300175574
-1214726011
-183870324
636097124
-1263276562
-2029889957
-1451410332
-1352676262
-1139239181
-516294558
-611855177
-716732975
1180169249
-1507505155
41542424
276920924
-251003119
-1515847031
-955234483
719225058
-1088964382
1547090078
226962241
1169180287
2067600717
-1411381868
-1483590081
-362294361
743834358
468746056
969424733
-1766539375
-553442043
524989983
116601653
-270944814
-605548043
-590844598
1032593627
-1122946489
-1282528341
-1755147445
-877223414
824678200
-1508612918
-2134786376
-745663840
-2044853831
-1232763067
-523029697
2143963980
-1124368301
-449589195
-1137003799
115921797
-1641508892
1662121195
-1304846430
744668861
638255811
787408201
-1658310408
54962390
207009319
637198157
-1893350877
1326548436
1558821320
-1471043602
1265728581
-971491116
1565576646
565116203
472703218
125773373
-1803855158
-80767648
1616771313
484193588
2029275242
911359962
-283169980
1618146389
1869043154
-2003699026
1061617765
331470239
-1517234017
-1423240762
1991398866
-2112703057
1596982798
1898617660
771737035
1462772272
1232218709
1745413354
-315406502
-1367075951
-808488368
1912907585
-2019210605
301731321
-1850201248
645796185
1779488029
626646391
1962646928
1626210890
1221092080
-2124979842
1136649208
1678181305
240226143
1836522383
-797677722
1230166453
1612958297
-826116808
-1533092038
662223811
-129589781
273805628
-755172207
-947549385
-1555019768
-1081426925
-1871502428
-581920059
588098700
-2067771500
1273157490
1168956247
53011326
1889541616
-1853244515
-1480621536
-1766594667
-491227166
-1254862703
718437360
-1613682435
-1530191324
94227947
-2138422839
1443629146
-55620060
-855064809
-506731853
-1466991091
579725815
632440379
1947817676
1200189877
-1501660275
1450977619
-621318238
-2014476808
1043987238
323489180
240253381
-290300798
1157390597
1329628470
1359471510
-1194289587
-201008542
-470625532
-887980699
737874979
1018157476
-521762602
-1504172357
-981714080
-450529841
42886090
-43254541
1629242108
2034879803
1463814894
-1518248177
1571867849
574906246
597070890
703814344
1211518712
315527883
1870525277
-852666650
626528737
-322381805
2019801029
1103335122
-2074884606
144253707
1709947811
341783401
-646842808
2144119031
-1018320354
-2062858990
1914493581
631380710
1114275687
1101822738
-1389146526
-2134847705
1828153117
356502558
130936845
1689554427
101555443
86010929
1300802517
-284363381
-1052429424
1750029215
-1547487364
-1770346212
-2038766154
-2117885078
-848346612
1228128128
146757029
-546538796
-2127864874
-1634982705
-168796479
-654175691
-640296265
625337175
1231248754
-1119015154
716390045
1474856912
1360105803
-1754708643
-134751671
-1448209197
405142894
-1728652750
-1422080939
344406413
769551149
-1753678974
1029985401
715112367
178746100
863101242
1827844361
-1226349400
-1317687449
209718167
-450678591
-1347251690
115113671
1207857844
-1354001211
-1748391559
-997919079
-322987164
1638555362
1282725673
-458363511
-2019252927
1020119065
-981622646
-125288565
-548493820
261430110
100573565
-1815039934
1916397079
-1851361124
-1385353959
-231010395
662164072
2035237885
1993328026
1045988576
674609024
-194656921
-338714727
-1747115145
-997484077
807844937
-2122144643
-1362678095
-1578123431
443673494
-793860047
-1272139981
576765533
-1686838767
706594326
-1768276246
-232708716
-771521845
614930747
959983406
1140658544
-1026420247
487474123
815361315
1522746038
-742602325
-619742778
-798373789
1193314894
75840425
-2112552204
543653849
77962841
1311638110
-1435604971
-277989137
2091691144
-576616726
2024849245
1595393259
458571179
-170336493
-143995874
1004099734
388120200
1703151500
47113671
2060065310
-399556114
1686437498
429906444
-1582683843
-1649455095
-492600781
835534438
1838122393
1220073206
1526167624
-989928258
588281710
-410546023
-354139963
555116388
-702980503
-2053738066
140474807
1302921285
303434455
1619064350
-706611475
-1461510307
1794442494
549215891
-754322941
-1888848790
386754251
-1121012914
-471746916
-1159045151
391523245
-1431134153
1043222254
2101477157
552082111
301235765
1616770178
168445942
1320267564
268836288
1894140220
-1063393497
517382862
1976313523
861838489
-181152109
-894763240
423698790
-1834827464
1530453585
752080950
-155747076
-921749861
-1390185178
353769074
151332600
-1448105170
-239029189
-1359089191
-1424455658
-213575033
867193359
-166722530
1562376792
-392623122
1085331630
-1310780227
409603166
1827124512
582781731
477102947
-1196022278
1602422096
1074441770
-939035508
-49126909
-210969490
537929770
487793774
-421744279
-691604822
-1512723359
-2019884011
-934634614
2128294971
-2102860448
868517070
-1237569597
812094811
-896445766
-1129007671
-1336673208
-50027882
-179778056
113514489
664215096
237916484
1845684943
1606503487
1685438187
418042964
-783440236
204341190
172855950
-1568442038
2114525935
1630780080
-847434766
58708362
-2078595121
381973745
-1422378592
-2108445738
-866170723
1714754939
750387248
-415981036
-1868429133
-35766373
-1418418726
110378836
-1820669169
-1540222302
783360845
-1408761326
-1513236157
1249624007
1845292479
1278787255
-974393936
594025036
872394309
-167303579
-773608205
1371833822
-870016412
699102708
1726792350
-757864639
673726951
-730689226
303797546
728726316
-363534862
-2128933246
-1777875668
35895153
-1153127082
1811478128
1560210375
-2133353887
396511783
791624672
-1962914719
143592557
-1193941876
45756481
-850039399
1203714064
-1676321067
1979086863
2053557624
431356908
-2094250286
956580765
-1028971290
436460339
985729122
740216852
1048768094
-1947594680
1881290058
-436439877
-1548147739
29664677
-167774649
684441720
-1417844681
495106302
-517801627
61238166
1849364292
1069370534
1433629073
1553670600
-1460422182
421481266
1974991725
1375430765
1727756450
-942169765
110984035
-928307948
-2040550832
-1829203416
-1525266180
-586971069
203491606
-298473140
842021746
213082228
-2097374375
1537470412
1617324931
1579358559
-486114394
87443173
1231863432
-1786582146
756329447
-1360392917
482381509
-2062680114
-634951727
2067165685
1613432065
-1921676334
266316448
395516664
-921241767
-1861015076
-1091838970
1561395249
1634034001
-1867386481
576575584
2068488712
-1048000213
1202853023
-1235433430
10419634
-1923012997
-817691686
-1931969867
-1006836778
-958980613
1101815916
-1089783786
12227955
-1177639269
-1218560674
-1510850975
642763520
1576430556
-1140492961
28597783
-1568241196
-1116044962
2053707975
2071030236
-1759941688
-1057604681
-1767753768
493645165
838614298
1248477829
-1081111226
-701636656
-1678371693
-1212600378
-293942023
-1420147508
-503166484
981356646
-1627546864
1808593307
1163914862
1144478233
-846172375
-313661218
1116580823
-67949974
-1861359649
-600505904
-890622588
189063956
-1088859501
-105132354
1838118860
1549531024
1426025327
736294582
-192818775
-938016785
-1298884184
-1092159874
-1582226275
1777362153
-217830398
-1484030777
903214802
-436127435
2092456345
-431762014
539059075
-2075667430
-440726819
-2135811789
592033179
-1859845819
1902882526
-128052829
-923563877
-19146275
661037257
-31454117
-1307470912
739089108
104784305
550177390
533955428
-387183488
1467165331
-832240554
-2023848796
494030697
689150611
-1728891678
420505410
-1482874268
1830651276
-439640209
1958246861
1452864992
-85514553
263996757
1296008191
275603583
1951218697
1416347300
569017189
-938293016
-353317678
1532897808
-134607291
-1688708901
-1577868828
-1404786647
-819822405
936217989
-1031393022
1642911182
1953978404
356776213
-1518206727
-494339613
203841728
-1867314802
242731491
1818286657
-1056597614
-191829794
2101925290
310799342
1002500747
-783234512
1993827531
120115853
-257734425
317208702
1003625308
735273752
-1127725611
876755561
39500367
713924043
1480262493
413163340
478718200
1621906275
-1671455874
173476238
-154398004
-1535940216
-1287387754
1465092663
-29450902
480965255
-950606330
61858245
70974175
-1539208125
1909011477
713112128
-630924251
1732328045
-892741100
1380675212
-1394669587
-654626830
-535252029
911553277
403020190
-660456523
1449168627
633189168
1742646428
-925709186
-560065940
99465496
-1445726259
-1291665359
-590106864
2097918295
-781443752
-389909950
1856569152
-1682235186
-1092439377
1163640168
-510248835
820338551
1458193615
-2114788208
1864536914
2144513137
1842601158
2014877460
-1127821966
1706553180
839633013
-1577352148
-2106381796
-1186022682
714320791
1197158820
-523594554
1246913702
840834305
709167567
1025165817
-384416216
116413483
-104868677
-147608966
622230344
-957175058
-1843851099
1790844074
1839575491
-1230964849
365616559
2094342191
921689610
-48758021
371749071
1839855570
280160602
260939604
1936343562
-551121494
-393499384
-1621810516
-544052766
2064610682
1086770977
1198148111
1244979725
2136551767
193614898
2107164870
599170407
-1132815218
1109785187
2146895834
-934171864
1774231747
-1230655030
-305210921
1566300505
759535965
329434621
1266099921
-1859089789
40962337
1761971433
-145894229
-2030718294
1628079645
-47010079
-1288605802
2122264441
1647640518
-1371776007
1036932824
-1391267906
1045807972
-547290475
-234130994
553885207
-1589845330
1906727740
-1390497485
1195295469
521855152
1677254065
-2054037342
-901344862
-685127436
-1926958268
453282905
-2065771258
-1230105375
562068069
1879047999
1530375950
710280029
-462393479
-1862361816
584589255
-1824241990
-1671442704
-2045239978
-1355446393
-495113010
-1954937705
-1277662910
1845794918
255567203
-775128022
1809785756
1042508524
354798290
194520877
-884860015
-842814965
212783337
-1579873285
1938632779
2071398991
745438741
-663277026
1071540413
-1859157933
-468413763
-14319647
-364559456
-1956124042
992002795
1795710244
41452472
-1061084721
-2064767439
1147088750
2120612955
581609053
-886357558
1172898632
861151795
1701665411
-440004354
1881011912
1401250882
-933101134
-1780109365
1543256427
-1932947162
226784871
-2029941823
1376040232
141151390
1026542424
1606434605
-282020671
-2002790068
1457441769
-96044423
-462742693
1804712636
2106560485
54566866
44892497
-204016732
-316664215
376960267
663145028
-618863507
-1327162333
-1855025215
-388233098
-1462497807
-1172594500
-1098162242
-735461032
1428700294
1508429714
1343355810
1259595617
1948376891
-39632982
-407366720
628104480
233770849
1213972197
1214558021
1171330452
-1137243060
-1588913040
-641493089
-906549829
-113037477
523085441
186226203
-641737880
1626643508
1676431167
2053924816
-965235367
355348820
-1115771647
1222347707
-15853432
1808694470
1743800763
-751481045
-1260536127
1808644402
2082928052
-526009249
499079796
-1781524711
1185878396
-418164884
1412930508
-1296247202
-55704803
261592420
-1963113729
1559163911
174738064
1539316148
-820638745
647786564
970713458
-2144975410
-258064686
1583182001
1471091191
1890785031
2000157333
-1047739688
-1521594082
281923265
828148711
-271613191
-1641502682
1006829772
-157587989
866773772
1622886720
1285792777
1903661070
2112065030
1613622149
733088080
525180179
350061403
214690346
-1167270765
1756987243
169952964
2140381937
1478923331
-1802187063
-1617473470
985188322
1494872818
136008438
1061202017
93165627
1255309113
-2125666335
-465634111
1225929892
-624290341
-897511687
-156567343
178815654
2051734058
1888600511
-848238882
1465799518
1907886249
-1119331946
-1234707124
992395629
-481103886
655401181
2102918178
125237810
1286771673
1789092159
-1561821493
-213260741
-728105262
211485513
-2068404710
-154049289
855803279
1425675068
-1671250290
374542257
959578349
1322565412
879806167
890877881
165691920
-1614044632
-1011975528
-1841032221
1811752140
1729589540
-760691346
-2134093515
1876616262
-674603916
1859576369
-106202405
-459893285
384121618
-859723143
-1112085154
80932415
-1993616669
-1445864861
-1140504299
-596134679
1065669197
400051349
-326395941
1735035310
2020036364
-1139838338
1283103233
1633411244
849403462
-779776798
-437293434
1796036713
-555968036
-808228715
-167114107
673500731
990160642
-621042810
1051669486
-1947085591
35459601
-997540353
862122872
-641633902
634393499
-1731167190
100905430
817251021
-640609600
1771002838
536704040
-2116454895
-2051213121
973546107
-2112885836
-612683945
1030990287
-619985029
-13021995
1027557117
1129297711
-383107414
-1442635469
110985709
1079942780
2129717008
-443709133
1147840510
-837998014
311009773
-527916879
192027801
-136263724
741332476
1192426220
-193077857
-334502305
2062344956
1550805441
463801482
-463948995
1521076587
-1913420772
-2020121134
-1231632506
978127508
-1061970005
136202897
-1685218579
-695728948
-494390829
-1015922583
-882454584
-832090120
-1605121049
1250823077
532720752
1441652305
-30398825
60213150
471487946
1631249771
228323494
-1996316321
-2077188315
2083967858
959075551
-1432479604
230130503
264492215
-539989175
-1792415105
487168706
1244835178
50071961
877267891
-869784693
1971645353
224569063
-1155509403
2113629644
-1223576135
-1674688859
-663503496
-831733256
28489874
1410965196
233793176
-135261152
838007456
929819991
-317544798
-1985668987
-1559128377
1809330420
1109257539
463244653
407282600
-1622492935
-69319457
977784378
668519202
736837780
-1863082061
65405879
-1049209317
491325766
-833858755
2082702773
1194111104
1577691282
290612698
-799718954
-1668961911
-1513456399
-1997696335
587414440
-1442712511
1970273800
-314103857
-988644875
10267717
1008557084
1298866835
1729099096
1903944395
63054533
-575394228
-81568749
-1112639514
416469729
-1062835936
21610272
-1458060281
-1868781621
1605833519
1759870085
783144391
1542716365
1086163959
1169292012
-885569565
1811939282
699154937
1342114418
-1962806394
-69354912
-1930004323
-1576993090
-19135794
788496836
2146568274
-885008810
2033002376
818767246
533888249
687932205
-39454146
-513918145
734869123
1277995135
1893188980
-731364800
-2117308456
-68656671
-1587068627
637768470
17911802
1429137299
1320223412
197643732
1770219882
1951212568
-253844328
1668398032
292441034
-1566404856
-1730680073
433379481
-1806431293
-359931612
594241535
-1733822936
-427432664
1111258539
1455318194
1727754324
-526230693
-709104405
2076971496
1914348427
1579842543
-847059942
196625818
-1568564545
1498818446
-880093594
171591773
1034627229
241796381
424835914
1470658347
1628102660
-1874066659
-1751566814
1584774505
-1882611788
1766034260
833186561
-42063068
-1022188218
-608383828
993184962
-225432674
-953525413
842252122
1714616412
-1821106167
2103924504
-924989630
662434171
-1618189678
532232401
971577497
-2125638581
-314313312
351298563
1547387596
1835946134
-1121819811
-1330331000
-1093466720
8634896
1690276212
1044973317
-2037394279
-264308239
-1506112228
-2061819226
1130605728
1253510596
-2122149034
419029517
-1961222177
-536363137
1005705586
-120396409
623492079
1835946706
615373270
1834707072
-223138251
-473046077
-1455871742
-1472623559
-1037841784
-536210822
1239357134
728439223
220682263
1665144921
425828342
-1962807554
-2081470326
684956239
-1563003944
673024895
-258753178
1371917422
1277694587
1183608782
-1162543179
86162106
-813938989
2113356951
1556762085
-1246115005
-233733822
1596128466
-873126928
-485241483
-1204234654
83257141
-419536451
-404084051
-2077579775
-1295850774
-610995259
277351440
-1664078228
219622274
1480319481
817334680
-629370896
-1822527448
-1076893469
6960751
-1103887203
-436393447
929759499
-110256513
482889805
-373266861
-1024558949
1819380041
637381860
-980715892
232948550
1101993462
-916736296
91962725
1877238884
-421722965
-226353677
1316325855
332044129
1779351841
1980833367
562968077
1765317208
-1528757644
-1162738237
1326644491
-1747828998
-1372580806
-1614001901
816462894
332965300
-406774570
288878093
1342182268
-1543944431
-636947186
1426476378
926980446
-1313231012
1875928283
-360288047
827659668
393269385
-551626368
-935685637
1422227304
1651052116
-774772514
-1379369773
1686010662
-1412142934
-270977531
-549004595
-1596968246
1643014216
1551076110
82160153
1207952891
574468514
-1337770969
-1525652184
738426168
-928947707
2027759598
336371310
-911479728
586455807
-589895421
452990058
-941141993
13950974
378408152
-1653243421
-1155878058
817769014
-2127862838
1210560115
-1273057533
561632968
-1073561995
-1169259703
862542257
1863045920
2040572995
-1943918551
-224183735
1595648926
1792872262
1040477367
-259247622
-527605641
-2073913016
738263541
-806317714
-824695587
-209156577
-1923528694
-373437123
837250142
-1755502780
-942099387
524912038
-919278967
2039813286
-1359277216
735368572
445671638
-1979967812
-406967288
-964617123
1425315527
2135039449
-1618180708
-1484081110
-602523574
1657789123
390551349
2012307890
609048161
-1007432571
2136072934
-788717392
1850627588
-1032726653
383828292
-460715273
-652011195
1317845455
66314536
-822852885
1966247605
-163450693
-2104868941
1126230323
1999065862
31843247
-1257595759
2142762412
862734577
920086588
-305353086
-982635616
620776281
1658778480
-563962858
-931291849
1255169456
2000620651
-587547465
1985901101
-1613103462
-322907086
-819075604
2075715012
1112375503
-211765565
873384155
145010684
251825733
1844222312
-242015216
-1579594238
1997486477
1562778192
-1414017668
1337318885
930365821
1813034331
-2108892993
389972367
1423403790
557638196
-1654170199
2023259378
1768887688
2086567844
877306622
1097696129
1875930332
-1114759131
-9260679
-1691227935
-461119920
-780530762
-662269165
349219040
1616491361
-1933243667
-1164393852
-402949467
-659360028
-31568046
914394889
-1014209751
261163117
-1149301527
-1702922136
-1991673115
-1652522507
279943440
-1643002063
892525261
2040157110
1426006667
-84286139
1250813052
840972889
-1187621155
1602894492
-698328657
-924322989
1988004057
-64384446
994113271
-1675963508
545008759
1128942497
1720354218
335914049
-1049314325
2009914374
-832988902
1141828138
1950702067
1313498205
697068297
-173540642
376489328
709648191
1786743643
40862838
-236948936
-1656575186
1236883213
-1392350351
2069748522
-2108066529
-94279066
677520087
1703305602
-463157448
1182827115
1923474080
-783463059
1378861017
-807894633
1931370581
-1438333985
769242336
48991179
879357431
-1491090012
768329513
398749059
-2106514656
-1284731979
-982144429
1719779914
-115182488
128439500
-1717001015
801672815
491085066
230619194
-598471680
-1973796871
-1021051194
-1692413448
1305919741
1783974615
1230265352
-1814897669
1397584154
459723867
-422014903
-720566069
-1182949624
816259561
-44062028
1181496150
1199159319
-230572309
1894190861
820656129
-1558529612
-39481849
-6913842
-692057345
1882204979
-536331884
1705983122
-1322033178
974090191
1607186249
1409860534
1977529983
439858414
1460392759
1511800381
-307437347
776994984
193263097
2034865908
-373401936
-1877400438
-446391767
605009366
-16782886
1799723158
178726165
-1818002255
-1113608126
197493390
1856902834
652700169
2131113704
-483037839
1089782992
-1853880773
-1597550022
-503155387
-1317464690
249528037
-1503715419
1891560215
-791614191
1172640901
-1413149586
1951315264
-331595152
-1538048417
1227355585
876802025
1720651762
1881778340
1371780618
-1708092976
1691193979
-1105301296
368161667
-79292085
336104514
-1438366637
949699597
-1625258611
749633223
1084310899
55441988
807411751
828510212
1096079984
262090701
-1501439278
-1145762078
-2060924184
1234002161
-2004204181
-1423258898
239882109
-1033687697
1130061886
-505695412
2076047284
-1618406771
702467718
1094676715
2127792672
300954224
1438788916
541192185
1469924031
-1299071827
1109103087
2098924697
550769571
-1272722401
-869763492
-1331177773
-1663513644
-86127110
620336030
-1853906484
759449716
-1774991840
-1157467616
1643008566
-202959836
521209010
-726945391
-392126455
-1055319898
-997187350
1500728624
-144294030
1042302659
314002728
2115395657
-516348660
-1384163217
-945989558
-705417474
-403154611
74191146
-53678016
-661489846
506990402
180265128
-100599330
-1574482365
829420158
2141326259
-1129442828
-1987244642
-672407473
57130832
2054851483
-917957256
1936883763
677294625
-1794670639
-1533647277
-791122038
-1615808503
-528301496
552687454
-1393691508
-229708779
497209210
548531448
-341808004
-1289726823
-936704000
-1474915466
-972560099
355739034
505924900
-1543945692
-491998875
1894466923
-1627958604
881150602
-2015913616
-1943865446
1563245081
1457805295
1299932599
-1784360436
-659797337
-1556258014
-1032540799
1102995558
-1070408907
-2000118153
-222236519
-2027611730
-666124048
476552720
690279488
913411122
1381947244
-815710115
1640282981
1170662312
1723430395
-1613423899
-609079789
-873845354
-384276926
-210604219
-257702870
-1939931149
-2050871288
-80024455
-1422620847
-950704626
651808337
1826209882
-2006777814
110049199
-880860757
2140912999
-405314872
-1977532805
-1915505721
1755158727
452693597
391564700
927965258
1200718990
-328805321
2000990113
758888165
1405987391
986364397
1141018274
-1629279581
-1536603759
-1414714667
2035301031
895509121
-1371111562
235916472
-102862263
1728954179
1413675352
988507080
600379801
1742498437
2024413349
-1000230446
256559937
962626319
2007452301
-1275683665
-124727319
-360498579
-383805430
-951687168
320276444
-859785281
-649743840
-792469991
-262421782
2095109069
850132582
441861181
927203983
-1535704482
-20158524
1366119948
-2089303468
1902574793
322303869
-1030421447
1720705653
-563019316
-1509131665
-1795560833
375756995
346144412
-1937328487
-1746226987
-563246133
-961596100
-975440674
-864957473
-603521992
1577923602
-1529224440
-1763290968
2034868341
-350670154
-429387250
-687222898
-178055530
-546920435
1271829657
-1540068739
-1354821512
-667800170
-1461091900
628071007
-716988890
-393018365
-1999937501
-1233954861
899496574
2087177483
-1561543417
-109012196
-1272152556
-1082880386
-400067585
-2041616549
266443861
1828016793
1168140960
-151661312
795873007
-1672873573
-1263876983
940625790
-687402128
-325775209
1708905377
1087273534
73522989
-730807924
-348698462
-318410539
-162747036
-1585827662
500131803
1317230200
921308068
1050991382
-22198735
-831493969
-1630140307
1565313640
764498534
994904392
-654628846
1696051731
1918676637
-286690418
1036469222
924993934
-1275584995
-1861807942
380417943
-1963427854
160795477
1381375914
1388216532
2091656395
360016415
2004460496
553399606
-465059278
-886474168
-2014916756
-1630735780
-1391008741
719498832
-1072407299
259435608
-1609533206
1609579117
-2067690508
-967737783
-984385716
1584533461
2103686315
-682827448
-1906305724
1671514173
-649812076
-1437143673
-1564156796
825574812
-1261745227
76810679
1016606718
395610676
-301256621
-262689622
646715065
-1075016494
1078920685
-122350278
1542676456
-2026107565
-1323486612
1770593384
283931703
1108323690
628421783
256673223
660039784
-1771515487
-17446196
1292923419
1099048222
709037725
2106200300
821876796
1187952633
-1582520667
508103063
-2101139392
642064866
-2085954715
-1965832551
167083224
1615017639
1365972974
-659315549
-1907032326
-1466801719
1674458880
-1116189123
1345347520
508847252
7039371
364804603
85298319
-726310544
-855867021
975689710
1135083899
-144521097
-1627544429
1625285213
-627089942
-844367545
694594565
-338655819
-653779081
1747627544
1275376543
1852101565
991602456
1545503760
-1688298049
1223112205
-845484926
-1501023019
-176713909
-2039753792
469074891
-1933159068
-1150375949
-1139859864
963959121
171879969
841710265
-1201948094
640927706
1606189102
20646578
254424490
320924924
-1965208577
788090893
-595573808
532176831
2137713966
6261076
1327263404
2119150976
-1155850357
-108012302
-1263111121
-2094382825
1394196855
-692384012
1573634746
-1387620292
-1690015887
-1417326829
-263010093
-2007569626
-2041375503
-1512348942
-819524586
-1825691020
1972579956
-126242653
1923824488
2033481552
1268185304
-1250235025
-1120030605
-1557366319
-1198704151
1784444118
-17886131
-773506655
907660859
-381514796
-156099718
1599757535
1824606265
656872549
1463192852
1415508294
-2088309634
-2008976053
1242630472
-2016861298
1954389859
1939782158
-269204732
-359167726
335648728
-254988476
-1210605330
1357832114
1029303159
1190067986
-1808631401
-329684998
467552214
-1212444174
70409968
647970179
-324113124
724547510
-1169806084
539054489
-808567338
-567747380
2025770951
655813662
1498576907
1462226882
-740166506
-1733830995
-378049651
1027332876
-1512433057
-1344563710
1446789521
1709127429
-1749895813
1660442008
-407721599
60430387
-1706665319
208824723
-354681071
1355931087
502277365
-751334688
1525300624
612246659
1462815690
-1792069222
390878336
1507180917
-1400169723
544977327
1666363752
-459150973
1038271290
1386085827
-1414393113
1644562640
988001499
-363318189
-1007159028
1164906111
-743998809
-2008458467
-1956296987
-1018875714
137447263
889121983
-1831278251
-349737722
2142284479
1608457374
1841141546
573065376
453386668
1662579977
-1685389713
1056413034
-704383575
1274393501
-811863299
-698532133
597237647
-1229387798
-14650792
-98213053
-1715789443
-1611392938
1376489655
2011053399
96406540
-318148287
2034934628
-70475283
-534699321
1222525546
865352774
-679209469
1119736794
-1701343600
-135083333
1188806917
-1518995704
-1995951780
-350751317
701087566
-1771862046
140435325
-540867878
1245878511
-1285337291
384926996
743825276
1926422704
1577791427
1945478739
1834589710
562380627
-261354954
97232480
-949191325
1392996127
-881234863
-1082320770
539020540
1344596892
249593704
1819049838
-436911459
735467930
2025515538
-801693933
17077532
-1768887432
421632284
-709901228
563310715
879838626
-1385258048
350463813
-461301959
-476993701
-2009284842
596167561
-787462940
2123586492
-1994001207
-280526095
2093164018
291485435
1764397326
-1270417816
-1302431535
463807472
1371831250
108976403
768945213
299435477
-1808109262
1204726196
-920711472
-1966116275
1477037360
-637721009
454190047
1770391463
561307298
1489557007
-494833277
1489986403
1068430701
1197264233
-765830156
1566637300
335454195
1544228993
-1332157922
1654483143
-71185463
392181709
1321127789
59852675
-1379484243
-1631962376
-662620437
2084136338
2066224310
281445896
-911881331
2072825568
-66499379
1240054978
-1611863607
1429068514
-730565541
-2116693940
-157669780
-296651558
-193918652
1756973844
536245929
1419519064
-1149816557
-1413679376
-750500492
-1683449341
-371081099
-1405927033
72288784
-823933799
775210475
-47250706
709178343
631681588
926256059
242059925
-417038439
1731641806
-1842592473
-1814423964
1156450646
2144921862
-1116284191
1689196576
1264103536
-1481829853
-300447043
245099795
218996779
1674761817
979455656
1721494508
266605015
-626452405
-2020655400
1419111651
223255585
-250723631
-1959566524
-1364611040
-125983835
-123785222
-281237418
-1753037219
1407172806
709819476
-1491408161
-1101078583
-1864225087
227691114
1904430923
-2115001041
945854464
1459403405
2076596245
522092375
1096078252
-774399273
-187928708
876277932
1800169605
-349891732
-572204937
1317168415
-466425611
1374900995
-1981924635
1836751946
-2107802527
2098692004
1855930120
1132859863
-1917507134
1772122035
1441328180
-5502942
1789048692
2077060908
-1370243389
268572
-2143800243
-2041211601
154380619
2026860915
-968786447
-846172737
1948153106
-800581137
2024167525
-1646724154
-929876542
-1127156961
1092479713
982538076
-1460091816
-1867036876
-1747143191
-2051707832
1259631970
643896876
1424184990
-1956930362
1954119273
-1882095566
790997841
-526234486
-259735893
-1491144124
-903402152
-1888774140
8380173
1762457878
-1625123803
-1489978394
-1061028529
1236655669
-2120215149
-734596894
-1739368831
-2092010641
1237243779
-380649544
-1761827659
1792061554
-1247058265
-1317269137
788669429
-1275066701
1359365789
-965115934
928346743
-133918831
-241504449
1941285501
1208533006
-435652423
2113456953
-1029991608
-1333722908
102060747
1904544731
-638891995
-729016474
-1977276867
867526191
-1911792555
911944062
439710336
2056326478
-800065984
-693070585
73956192
-996770321
253719925
-1785448579
-1809610576
-2131103936
1298199790
-2082997004
1088355365
-669418248
-64279143
2078403147
-1052286590
-1639883091
2071362835
768612001
396156149
-777273246
-1659824970
324945926
1127259073
-280162205
-453471019
1916544885
783690524
1370936917
1536923717
-620871678
-1642538663
-278370424
766112800
247676239
-1763474102
-75101040
-1572687931
961158468
-162824225
-899388397
-4523742
1070418174
1976919058
-1545646365
690592053
29477128
1033177351
-313519794
932621519
-1093072696
-1351093650
-311863883
963093914
144104763
1411113771
-763179941
94099294
1286914788
-1515620807
557393022
-1628564097
-341407999
-364584501
586381995
-1321982775
857985024
-735754061
-1021257650
-107149968
1792882992
1132805639
-870999928
-453289647
1354429883
1151688449
-90585531
-564565378
91107028
1413752615
-1766406260
-269969927
285053228
-1787010389
1784932889
-1053417794
344505769
388883220
546743592
866888966
705007961
-1825940963
2050270355
-234750518
1198880932
1620737756
-676138721
212895365
406864321
867033382
1729022481
214765886
944054891
-387313871
-1149107192
-595946299
403301587
412348795
-1474428666
540462396
-881102888
-1057455893
898995663
-2092279591
-869130635
-1693959371
1462726774
1939299561
811571834
-435488382
1348457524
-2109802729
-676123010
-882373297
1428274811
1196818157
-1562590445
886622100
-267073206
862313371
1881537339
-1139159511
-739877182
570323447
-2095307749
-1919818907
1994527225
23752389
1438444526
-441777144
-923913970
1021800759
-230484933
-1794834598
1794565246
1289214390
-1395682486
1886842259
-1944358988
1803305186
-419505964
558311549
1242982118
-1189160232
-331273735
-1235768745
-1869418978
1752910514
-1748481930
176092925
-1280420458
-271472045
1934350614
1562637125
-1241077943
-860108189
738803049
-894087510
2007759302
-2067272040
1618662579
16474927
710122566
323783223
-527575001
298692477
-443977727
-1977827110
-220379564
-2086449330
881656508
-151146637
787190239
889722382
-330482010
-1892105840
364644210
-1133105217
-1949383836
631740128
315105012
732851228
964050026
978992373
-1235473414
1923586049
225527948
-1111441077
992616828
-1664120567
-1978808620
1749901192
714628299
1105117048
-1082614635
1259655173
-784487486
1546240603
-832943936
-1035568500
1046151740
1198103022
223926389
-5336733
-2127129915
-1767437251
-1779691299
101734537
1967341203
1015709709
376037942
-1236853441
-1657106249
-653481477
1996388399
-788487735
-1392592753
-257792026
-1230734475
-473169547
-2055391362
230715018
-915974003
