553445076
511017528
-1741243259
-700209451
-1000058174
-1806188639
833435557
-196807816
-1249734525
-363658478
1329499167
521325176
-1743006217
71440116
-1313792665
-194661636
-1547769974
-132417309
-1291239179
-1039475116
2100235452
-1284698648
403419244
1579882832
1524254940
90334701
-1133348354
1576992463
762567702
539443821
1960186638
335232918
-1329114960
-1822469014
-45977322
-1009183902
-1084712816
1871144356
1753894090
-192141505
-1180041471
-291282681
-1326910595
662215962
4780726
-1663046044
-660256060
-967774059
1649339406
1929745764
1869539928
657249562
2031350681
-1073308744
1767403584
-974692046
2040827098
-1378872683
2095084335
-2082202857
1432684878
-484849825
-659769558
-113263993
-1586985043
2004356004
-172914579
-848645158
-1214110865
-1951561653
-1044815729
645455959
-1300555631
1030393868
-421578268
-1756178494
448847768
-292903645
-1060096734
1923796793
2106230229
2075665983
-1227918010
73404735
1139066347
-1066838336
1807832504
974742297
1963500686
-710330846
573660845
-1752175784
-304573043
-1185817933
328768460
-1467388489
-1180930799
1401242508
1986017555
1125773350
-927686362
730650046
-814315012
-172876506
914464635
186054858
-1593123109
-1627326633
-1606141083
-2108848553
-496579447
-284904881
-142051287
-541654754
589417030
168805548
2080125818
394250024
676743643
-1522235540
-1498975168
367506235
-213012993
962262651
1402233242
-1822170735
-661994757
-1448515955
726738470
768314315
-495936112
1671578669
-2087304321
-203280347
-1774320616
1132867606
-1174398457
-687835159
586401258
-953479999
-2056083227
1824559400
2050925827
1823330623
1051380305
-676728920
702789089
-1041353400
-1896845298
-1927042792
2058901938
806390419
-250502088
1874059402
1058879150
355686247
-1526312385
2047210785
1485165248
994805361
236526643
412641289
-1207126933
921911256
1584513089
-1735479897
61746667
287621006
631362173
-2127405551
113391258
-996426519
178048737
-1234011968
988804757
1345140593
680576917
1281798020
2103175327
1141816571
832910192
-1714950985
75216453
-301761290
1727635646
1756268725
-469159359
1626782980
1788235843
-453385589
-2143283933
485524172
-90375040
-842248211
-970432467
-1110800626
1428705588
1723963501
2120845951
-824654345
-1372793051
221605866
-1455367053
1092239542
479615007
1095935046
922197322
1841022030
1309212476
1761276507
920385287
-2130720339
1230879078
-819808722
2039067803
1866187518
1936038426
339405413
-1065468351
-1882428870
-805812114
-822662410
-1362790357
-572005115
1192081492
-681267423
1799579486
-162672201
988001312
740454047
251183321
-800943688
1832122951
-1847990757
-1092696324
423912720
-2037910679
-1424281887
-2082924248
180235069
1208173712
-105488939
1241668002
-1595613881
-976305734
-573088347
-981283396
-1221978862
48333972
-1983334334
-1938924490
-1166068238
-293721208
110429067
1696173537
826935940
1687586041
-989469365
1563128965
900000699
1017653965
-84221339
-1582523388
1704052025
986239531
-704549555
-1850644034
-1888974113
1958826885
-1397037126
373329463
608105383
1300410072
406096793
-1057198857
-141521488
-332361678
-1205833916
-1977573711
407601050
766580852
1209932019
-1680674393
1020758803
-1469452711
1010062706
1859750988
-957209422
-573645898
-293255660
2042500650
1452520707
350649091
1264638439
-511702266
431970018
1210956057
443098664
1752603713
-211835124
-930402499
1992249849
1462027392
2053667058
-1299211940
-1536751279
1103655311
228492496
-1823413096
1366928179
1989666946
1961059070
-486419965
94480162
170838045
133523590
-1790998103
1290386899
64900469
695744758
1982626259
1131616548
548060886
1024729462
1879961226
-111120563
737812711
-1782083300
-74986150
-1871469228
-1768515060
1063731838
-1124515497
-1967217466
-236378101
-520164728
-936795291
178215075
1551338481
1049460880
-794484045
2068448665
-134574026
1689613223
354218375
1839493493
-821031649
699031858
2132212288
1248300502
1658736483
556474552
-361406311
-1482384861
-1774926575
787495164
35541802
-1608126274
504370352
-1461448114
-1936658124
-34409607
-1255800153
704346653
1555843229
-1849570488
1535101151
1423592401
-1657163719
-694620360
577750182
1809404631
-1772354998
1586341536
-1030119722
-1077954051
-426149046
1252784789
999445046
148085759
-252821273
-1075328350
1695527967
470452576
-768486066
1555953848
-285908126
-2124671106
-851838292
-769138589
973554025
-171586336
-498480399
233999678
-2065180261
749797074
1223952342
-1347525463
-1836360955
1449161780
545515297
-1820117320
-2035414986
1158996365
-1032855769
310372974
-1268301463
234132070
1485715346
-1648608982
1625328873
-692857899
1442538084
-1273615007
-1966456399
448853079
572416315
-121874291
77445202
462417123
423082710
-1370426268
643245593
-993065157
833340631
-830381235
-112228752
988548
1359037898
-743390193
-1736362364
150933273
597275493
2030800075
117974824
-1526454629
515412241
-800759508
-1873229576
1542761804
-104615255
581015516
-541649215
-1253222499
704538496
-403037383
19489312
-1566722300
-811740760
1769984328
-205994392
1315044627
-1674252943
1378490089
93021641
2068667334
-581235408
-612640180
-326970195
208246556
1532480833
-2052722525
600528741
-1750754328
-1093942194
1701266200
510580228
-2085212184
-771918896
1133891329
315140747
-188149994
384187605
-1053100718
-1595560634
314313278
-1164747516
-757019309
548283252
881785552
355153886
-2057998702
-1569885139
-2132762633
1411870790
-1459329510
1730529152
934525161
374904386
-1235891484
-61082661
1337651328
525364483
-1333418611
183131567
1581215242
-1776546526
-1537368247
3124564
-39903396
-1039702228
2019961879
-556237015
-2137190355
-340268448
1807983670
-154045953
-1181785440
-108768330
-616103722
-455002185
-920928990
-674502365
-1467928557
-801076183
837566838
-1854954213
404960286
1367356999
315908365
-1112271273
-890994244
275478401
947790490
804976600
-372485644
-392721045
1479388390
2133837098
55696132
473377181
-273536288
1722994413
-443374444
-992803877
142105847
1430426513
-367170770
-1476990348
371485612
-535076768
1287866092
-587926290
-782381214
-1384022335
-540538510
785824995
-825138824
-1301646918
-2014968034
-458309339
-2045056359
121505718
-1591165058
150624040
-175586734
-672119672
-1243277054
2028392097
1405178852
138504111
-1303567374
-330126486
-1468294053
-1912499493
344496289
-510781016
1593374174
-2062953297
303727843
1651245103
822068297
-478897207
-1963991877
359093540
1023137528
79418878
536470105
62298339
-555576347
268648425
1240635714
375495459
1992703989
1564059815
-1139230512
386657880
-1159399282
1176776155
1234424285
795389272
1790259820
1611838456
1913166779
-1972209855
775606709
-1859313986
1710267494
382518680
1846357834
893193732
-322461700
409075893
-567828641
-103800136
22328172
2057565791
86199629
-322236380
175871598
-754280782
68321446
-1689911950
1549719730
113711945
1713545098
84867954
-1519774116
1029700760
2074837560
-1950903655
1214187438
-2041816679
1067969511
517909836
-1896392698
-1880377942
-1711522602
2058904158
1935177739
1554067637
-374492766
-571907113
1219878691
-978870895
-1585593386
-1327229449
1347514407
883301031
-1132298296
-11431302
-1093601958
-1822224168
1351476130
-1410261988
-1982142570
1852685470
1187224510
83674719
-1503923001
2054464881
-1730301897
-355838582
-394851
-2038323349
-2137655364
1884003061
693133949
-1111854290
129196967
-1652436604
-1914886216
1808705541
-409503410
1798028912
960813310
506129481
-937849705
-718366131
923233300
2073733125
-1539141679
-357169593
958841541
-361216548
1901432002
-2146987601
-421848043
-1524228566
1992170236
-892693578
-1384061764
461926506
88041332
-162701961
-1599169838
148573911
777232724
509413434
1243134150
-305946539
-1688936433
483746806
-640361580
1093377168
-603597130
-194852329
49059894
-1518639515
916580490
709351554
-1169968037
1703028865
-972983599
496326869
-1109608874
-219391929
769155053
-329066509
734134361
-1041956105
1591891881
326807999
-511120670
-1197717237
1580277974
47486246
-221801868
808430564
688326678
-43662237
1160596618
-854126170
451960823
-444689026
-2022115384
-100424865
2070703683
-194971884
-192439437
-1353979538
1822907029
-1271661218
141101603
752011810
-1832127953
322222955
-770737225
185421473
-1131588341
-1102779216
1812615816
1403343370
922083375
-1812188478
1628143584
1500872414
2039081285
1751706465
150617005
-1669513573
-2120081558
955900600
-397606031
-550404183
-1647663803
-1747294750
-1466952580
-1988528774
20002908
-2103543376
-1382230691
-923486484
1023277474
297089449
-1705385323
1880776433
-2028491949
-1057774767
1092792974
748098417
1821210628
1307201966
-1435433781
860493422
1861064437
-488837881
-1353609121
1134544233
-395222615
358241006
1875944867
-687199484
274509496
31505025
-148719837
1245611752
-797473309
-488023828
588774872
-957812760
1533444457
225135153
1370074268
200635494
-1156091752
1738392107
291661530
-358589195
1404899238
-1531065905
-1354043772
1299543359
606988481
-1038349131
-903922358
-293568727
1026011748
586906326
1310686472
-244370380
-281428245
-233717097
1511232383
2005367078
-802270871
486991622
1951348039
-329603096
1307831225
-798919070
1089451012
1430852530
-1148917294
354493664
678165463
-646501532
-581108129
1562496940
1377989655
638049847
200369295
-193123283
957855553
1233528468
882498345
-2067683443
1557419564
1268899651
-777667358
-281462152
75438720
-1308473656
1916389874
-1780271837
1244953705
-2110597879
2135455460
-747616369
930299782
970278708
-1916808019
-2118104562
1551985447
-477231649
203777536
1750436358
724308408
2127448432
1418294752
-1456890124
1551342455
-1527668546
-666844298
1854671795
-1610774419
-715473416
40671012
1752379390
-837821030
1721085381
-1371106087
120344115
1384755570
1917050029
1470554023
-857757351
-1195930744
2130218678
76571282
-1020657820
1345948553
1685237074
-419933527
-564337737
711756651
1175129976
-876921253
1628159465
-16338715
1123852304
402865666
-1331466037
1617371681
111019667
-1366812220
1260842410
-2082483793
-101009934
55277723
-16042032
1799067069
-424442441
-1543476047
1020370001
-1842217339
787298666
-563154704
1856446979
933076997
-912942539
437857241
289174989
-1235172619
1269696202
678529941
-1300637916
539996406
-388719228
-867299511
-1561933613
-600371193
1563649228
657871278
-1244296710
-1878523588
-1550903874
-1896929056
-824272040
698021552
-1717211893
-1870663819
-1590111028
-925535045
-844814816
-182793520
591318808
1158558304
-1886911353
1779598007
104506856
-1831973623
-1699115123
-1130512861
2090685970
-960134283
-1241816027
1171306839
-1084802017
2010295281
455229708
1479788852
-631539958
-496969275
1414869293
-1163318
414200647
778888689
589985862
-975010254
-32890362
1317949209
2106861002
244416410
-1492016968
77178044
1598583305
476613024
-28027694
253882796
712001934
1132375524
-892452912
1837226426
1244179143
-537208616
-769552516
225205936
1393146347
-1717163559
1011134063
1351647363
-1280266473
1003139203
-52274984
1507470537
1199047354
1236282176
673167739
1536045416
-1973715917
-1290953950
-247934212
-1993988464
1824261816
-371212045
1369684318
1689027562
-1567526791
-1182673015
1936678853
-559393519
-237602812
-823713955
1771765379
-592756416
1239272427
-391573666
1097815377
-594814387
117760163
1015496451
1219710428
1820419798
-1910259537
875781534
-1976974717
1643486137
-1620624644
907332344
73297247
489945289
1127551887
-1789614823
1252279171
-1234846531
-879748515
-398696602
-444088188
-742087573
-76788615
570308337
2065425979
-1059198665
1237410676
-1231022068
548467913
2120364741
1512863488
1781975327
317726427
815165429
-19426090
-249008453
-817381842
189057808
1634235097
1124777198
1313328213
-1941164738
-1457152133
371354072
306619321
618661179
-1651256225
-607210114
1285704929
-193903286
1153650496
1334123230
1987238900
-1168847767
1570723088
397311554
331784827
-473256251
1192248164
-1963430695
-1429653142
-1907551888
1994576910
-1430109821
1052944224
1631882576
225277707
628572907
1508648749
1638616410
1863771807
1730416346
619467413
-452502528
-1720755778
-1532565814
2141500755
-759704601
1220540590
2076160442
286723168
-1441273891
-83200023
1631438656
-473385612
-1263143414
-1733493433
601282532
896471757
1158421092
-1753435300
1460897450
2081941294
1997206632
-43274466
1802733552
1689054762
530486278
-772469813
-2001446534
1457665185
778093020
-1949015799
977463243
1033041291
-399829337
2033973070
-2054048586
1485373172
-177302026
1175412354
-879602893
1642521415
459128864
-1008842015
-1423291274
-2043839794
-1504620681
1018551334
392741437
-2040956551
-1918954307
-1835224347
-1430035863
-803332899
1620944598
-1947174856
1979088848
-1525795201
1090967999
656522141
-1232247727
1322587731
-342478658
11881246
-204132313
1622481279
-471875622
2067818930
2051922562
-1382424220
-953208690
-729315357
1657939795
-1301776675
184933817
-348298576
-1394039193
236445129
-1446364457
-1738888012
809308087
1354816710
-1700136330
-203119225
-1721593603
142343488
1003726818
427508579
1861542026
-623835223
-683431902
1533924106
2000103766
-1947500535
497800744
-979422745
1353524313
-1241782599
1203514947
980485747
-887360744
1264959850
-1484374825
-713057574
2133168002
-1177112468
-384023472
7224797
1384834300
325260333
1579699796
1335774714
1666049721
965281535
860265527
-1112976695
766392143
-591220963
-894293325
-954677080
1838167431
-1235407633
361315544
-1302560102
344425076
-1311135348
1054548545
-1800747412
-541371194
-1955444351
1628417160
1636009753
1701588319
-2102065200
306972667
708993391
1850196262
784514363
243264399
734084849
-1003410405
-706684991
285299732
197640959
1274069420
938509929
1800158890
-987634124
-761262522
-616145603
635377267
-369466353
-673456594
965326233
-2105292407
-1363419436
1141857680
-957133147
-941573838
1451613620
868787672
-1648954849
69990738
997263659
792218688
-2116279971
1401852704
-1968158295
2097333673
595988114
-2056470756
-1923961740
178500526
-1360304561
1168329280
-1002163508
1074818806
1312992589
857315957
1734995791
826827466
-1158662551
1057687112
-828893794
72814055
344913135
-144608291
-1511595967
640990356
775794458
-710511837
1742041287
2049986549
1630426331
-1565571255
-1393029583
257795745
-1089634599
2021364592
1424057744
-349603213
-2085332551
-553279839
617394413
149735325
-1275625058
423518976
545843304
157749506
-2088136205
-1805722558
-410820189
61347267
-32477849
-530888357
-1261272736
543607834
1677230649
-337881732
470246248
-632507033
310480565
-336765892
932682926
-157687928
-868963843
1322138900
387873716
720840557
-206858996
-45452783
-708351186
1687261418
848140280
-1780589116
-1037477148
1257424847
170291063
68093052
1928680156
-1011343819
-1639969117
468165815
-178744137
1552587802
1714436353
-1462508844
-2062225573
-607128528
1335310527
-1891337203
1767385298
666202609
-1034078916
1425519781
-1098538383
-474794762
575663566
731772253
-1565287620
-675852919
681237694
-1205449684
-1966099319
2131594872
1248855703
2105918510
2138348770
689055788
1792539040
2005387483
-860551889
1611292921
537117094
-261814148
-574733292
-463470922
-1193028610
-2050913829
-1099478120
1496397200
175323081
780790074
677827846
-1141886949
2102816377
-1640828795
1333126935
954893481
1080156308
-899809590
1959926352
-1019073569
1402196664
-2129136920
-595247191
-1117336444
-45472034
-1089499770
1133399407
-1061719908
1497132514
-646218169
-1432242582
1289877429
38210882
372740155
-478834878
-1961436544
1436319013
690203032
501229086
-478342238
-1279401313
1732678313
-313134963
2109424076
837585459
-1310607355
1086190505
-718776568
-371587432
-188589052
1281493625
-813209258
91551680
384822127
-768430441
-1755875209
-1777549803
-492934794
-840161518
1106853128
-1998152187
1548166886
-1155186283
-1015393071
-1274865728
1614362779
1093532104
787898462
477787968
-48864974
2116465398
-395057713
-1731993463
-1480039933
-971053073
1965821164
-1398121422
231073614
-292260561
-1903589252
-1763203037
1681753011
144367935
605831382
-1449865057
-1053790489
1048856410
109351864
454874500
1710095268
-883177388
305282391
-178397231
872151265
1025222071
973094582
-664155287
-1920503229
1418160943
-1200073414
639568150
339510226
1899285031
-1206003842
1474239696
2082157807
64228275
-926348444
-1204274114
-1765110139
-1770832720
-1491515028
1135333756
-431333249
-1736083415
-191528632
-703338978
787966585
-450235396
410514351
298170996
1608309689
1942270908
1134245233
716180751
-1467392416
2008352217
2060177355
1184355972
340599260
1913925374
723718652
-864125585
-1758881632
304670650
-1991972841
1684588218
672324887
-857567135
1336134427
-1368521186
-1985089067
-1954988236
646651456
-1066708246
1840664847
-746713921
2078379411
758039811
317226829
427377282
93995460
-492110293
-1326017187
820662227
-505086658
1057194885
-2065238646
-883447550
-526748040
-901338280
428646414
-497355586
727942026
-2068700397
785111748
-1871172682
1122953987
1806389648
240459809
-128676221
947056121
-94037604
145459557
1137481156
-1728782496
46186679
-1863636979
-1162461046
-1398645601
1334836759
-65600885
1443849462
1294793568
1597666803
1090365496
-835852511
-1814921049
-47635203
1665044617
-612238789
935916838
629047343
367638913
-2015834122
2036804302
164252874
-338282138
-200254940
-1965586519
450131099
1684256695
-1307376994
1168910822
193616512
-970587812
-1090749080
-1299662539
-137465046
-180802529
-1548281582
377977173
1604462115
-336593574
1299394912
1447326186
-400671982
-915044366
-1320114131
299024275
-1070704835
1444296067
1370261643
-997367236
-750235824
-1485590820
-1375520721
-520741712
1486901596
724195245
-1703290100
-1729480335
-974705887
-1280945793
1747438909
513689803
967848080
1280391651
-983345369
1481583654
1466992266
656480238
-874315810
-2136472932
-1780361746
690236644
-206102072
365021899
-1263621422
-1389585358
-1674205825
-241512981
2146370575
1853496993
-1188296965
-298768350
190830339
275723464
-2125854480
508363286
-56063087
-146633534
-319178123
1337741252
1873654892
-1485533407
-2130726170
898312336
438339477
1641826082
-2138527734
-1914631012
-126952671
1604196897
-721960329
-1193497764
1714399807
-812514737
18568244
961347433
-1151048071
1556496545
2007225760
1186976662
-1901618886
-1624851957
-200061805
256574785
-2031773297
-484412434
-1340505662
938940394
767842865
1721492430
-810309529
436661769
-1297378365
-1474296249
1521245217
-1027491045
-978399401
194736449
-326952680
-937327875
632231222
-1234184862
-1433365916
404339326
-1239268384
-1657822524
1840220847
1464786223
-1152756911
-935017241
-1492643048
-1739518852
-2021193594
2092083689
-921349030
-352777217
-2045715138
1519716596
-1260632531
-844615917
1058283525
1998593014
1238104300
220269480
185569389
-1023524713
321279351
1421346390
-1882588258
-1422773144
-1571129510
620235699
1952881937
1097097303
1353188654
1003031273
-1537718376
2079647595
1710566207
-1544878718
-428893535
1569942700
1698110574
-1418606459
-297744454
1522058338
174538073
1192927943
-1763595177
-529660798
1224564152
-602493830
-557235245
-426792859
-427187190
-797346807
27637172
1601354683
-1718677648
1965368360
-1366391757
-1162002242
2070524887
134903590
-1689477382
-1599978070
454693981
1948519301
1623875119
1220894059
947994605
-1426461236
-1386632783
336621464
-1439722453
-1561105510
-6369120
1174541216
-710784361
730498046
-1663904477
1068100418
-2132134932
1976928518
-1493684124
-2014597054
1333282249
-904870251
-1211542817
1090054489
-2005737837
-484752775
1406690524
-1518568852
-1916738664
-1669928516
-892597447
2012382209
-836362888
1737342778
-1776470931
1465533934
-1130465600
-1895637132
729166281
85391698
433848535
-202412638
856924415
1538250185
1822810909
1180220942
-1718883864
74364378
286562384
-248622689
2137674881
-1780478284
-1618338254
267613875
1414986550
1445867290
1225456488
-501112014
-1219158685
1031600538
25640869
-1148331041
104175127
1426755076
670097927
1793899761
-470582502
858560026
-1309728320
1295382498
-1265817552
294201732
2077543673
-1352574330
-313771361
-43680506
662278642
-184241314
-1231863569
-1999384332
1005895277
184231725
1349526256
-2110958876
-281407156
-1632384052
-778140159
-723786075
-8420743
508468282
-1852460658
1313016432
1063068933
-1198777865
-34490406
-2099885475
1392936851
251998097
-364910850
492762904
-1727056137
-2040125314
53659184
341447636
1008879385
-1597976020
-473816248
1651683198
-13695457
1924602454
268432512
783031606
-385139253
2122366617
-2035084677
-1038958598
-1716672736
1424220487
-1403711864
587292068
-1071025077
-1520330887
-2011125465
-864801514
-138537791
-1856715670
-357389109
1237455794
-1042507868
1657984515
1704407265
-945306096
-2060038038
1292056241
-2009495279
571981802
1962844608
-1046771586
-1320327997
100484955
834933419
-1417937569
-1070865692
1179643720
1692602865
-1840750390
-402154007
397954334
-1160311882
865052300
-209259501
215864765
-1915439767
1960645336
176426996
578885043
-2090683424
69947298
-374966990
486848685
-212598847
1793262381
-595454581
-868543447
1725541412
2014559203
1529098777
1433741680
26735478
-2110831260
464948438
1915441859
2131013280
880589536
-1402622367
577179604
1242798695
435808937
960447489
-661084809
1721175829
1672929027
965335530
-939883367
-1593700775
488677438
543651263
441429104
480430955
174949382
1504236888
887716852
-1606741645
1303289337
1573868996
1656006285
1330523179
-80796294
1268237969
-1462484979
433206978
1728308420
-1974948534
-397601825
2121069827
-382073534
-1834828480
-659375231
323132086
1832242461
888833933
-1326766033
417277254
-2134433259
-437344426
1127519200
2015964067
-108862061
-1466044849
-471528075
1909934185
944602623
-1183492733
370807856
-774929855
-1259069105
-807029163
-771623326
761943687
-1015565088
-1815244863
1557129064
-150386131
2072336008
761486311
1711734999
-1911872290
-1379540245
-667862582
802661110
-702137754
-747696882
1400565588
1678633068
-556571056
-1474962647
1752401821
1137123642
821730768
2104204480
-1992814228
-1190164246
280771555
-2121552396
-2032582147
-2048349176
1631611828
-468607978
1360396292
525086929
-2094508735
-1718321284
-1408951567
1808135978
30601278
429760152
1460449910
-2021932077
-631135943
-704795067
-1721101754
975694556
-1484323586
-456834204
-478869986
166702423
-1192456644
-849720921
-856299000
-816497074
-1432233624
376279980
1352006366
-1643076873
718461665
-483338163
-1629115635
1805247014
1613777748
56537398
686620571
2044868354
-1807223199
-2002030921
-1091159702
-1973339397
146853758
-2041654054
-2071769411
-965330181
-11996901
-1312549448
2053306619
493693915
675408391
1608424712
-203269453
1232728600
-1239810798
-735608584
811893216
1660154054
-251185422
593538111
-948352403
-1085860924
851672682
1917326706
-1625201414
514771248
-365493592
545691543
-897219104
-467493347
-1913607186
1247494135
1061355634
891515523
2257525
-481483464
-1731177850
-1768720266
-1043218547
-1103422550
-1197448141
-2018348389
-1152762616
-188622111
-1898741797
268101078
1206105816
-295278461
-1766766997
1999909448
1897001719
-2139366302
-199810079
-338114696
-759192698
1335415244
-944044018
-1573984305
-547104967
1675762210
1742366621
-1721389239
659786737
934642855
501860691
1257197929
-892909654
-174534759
-933665897
-563297682
1663490967
-67234171
-37253579
1359888323
-458508918
-2068819497
-985527202
1167027131
1334600601
-1076905040
-1581026573
-785584003
1978281470
678374908
237645570
-1386422724
-1142691009
6344130
-558174064
1290942635
129987214
-86927427
-1776779880
-1327011920
994922609
1060676140
565653843
-1265467561
-1950309979
1092102118
-1250776134
1304531721
208615488
-363089744
1934652744
-898856964
1368157973
1459612370
199400196
-24306963
1681084251
-966391320
-1452702018
545590541
1866132624
1786625781
-469461096
2089135160
-828761446
-1408361027
-1808449848
1592470124
533586480
924255059
-2098158437
2108782712
-620210313
1607062000
-541582916
-1722837005
19117807
-114190842
1039194294
279025775
-743445360
-1483741036
-1757946954
962114543
154069296
-1024122181
1761004181
-1444135275
-772380121
-2014333295
-1270135530
1786600863
-2139875532
899137845
815926635
-1832207980
469441186
-1090967005
-411314434
57712570
1309710246
1664082889
988396909
730154698
1503568651
682565978
-726947883
-1603786010
1741398544
1181062625
2042305618
1603712202
-642894960
-1241640808
1370572742
13082690
1190397795
-828568966
-216056358
-1129196069
-770422780
74512662
-774130366
-1040536611
-653493645
-126584155
1656341572
-653081993
1076951133
1914613598
223371642
1082650428
-2121766791
-877702135
-2135773995
415624142
-792995532
-1098288686
527779046
-1079591976
1746624911
1625864031
1784491096
1825504833
13724744
-429207772
-874970176
-152986211
2103251255
1118258933
556637081
1515820007
2081300731
-307897124
1430987401
-862997139
1438893781
-1767094996
1422947305
1935521547
-1780947757
-1210466858
1461078660
1395581851
959942192
2107114234
-1250665571
1835152555
-1640020998
-447842111
1552850486
384352881
-1950361611
4038249
-610712945
776388347
-1123739201
-415883615
-2023350804
1741451434
34452020
-1287646954
1794543259
2051006432
-271986413
595345741
1903762485
-1803080712
-354119455
-221081933
1984583715
1768864630
-1033554675
228440561
-1694186908
-123356289
883140180
968242053
1378072204
1857987211
1524486503
-1891450994
578397455
1487448664
-1133392950
-1613823258
-184935233
-2064485087
2090525438
-124433035
928802963
1165316623
-489817630
-34982460
-1155283543
168547568
951310421
-175253040
-1243187827
669889830
1468420384
-1919952608
-444780357
-327800863
461333011
-1297064935
-1655128734
616114576
-1923632531
486128785
1909698154
278882964
-909896832
1895015329
-1624076616
1065866038
1270343573
411676863
-60490576
1089000155
707564300
1171062283
-641828357
73068150
1670142919
-1135012376
839250825
-1927724483
1776376521
-1449513522
-324581927
-2070156642
-1580243943
-1178879395
-87932552
-1178892172
1701447916
-1008488266
-91819066
-1525918602
-1184491518
2110785798
-318294017
1125283311
1094205520
439440995
-694037383
-1864855373
61389278
259426266
-911497174
-2104705455
1199446258
1667966664
-1841320851
-1520998779
-1520455826
743089768
-1184444667
-1193104656
1932664950
-956262227
-648746911
1363171850
-600372651
-445195182
-997699039
440900951
1784867488
-1135601618
309191129
828561112
-152395620
2122192844
-2046604269
2103009732
205271516
336125243
34485146
740829815
-1062423250
-1185645535
1797155061
-122203734
559908792
1921061398
-973726159
1818906340
-158781347
207712302
-379907356
-1905572304
796038500
-1489352233
1493171309
-479623920
-1278777253
2017787110
-194662784
-7447887
-351998919
-619821333
1955055585
1760214879
-1601406526
-730170420
-1507793041
97746747
1160734255
-2084695663
-1869697693
-1480008662
339750925
1932694908
2065566938
2078399248
-1668344219
1759338076
-133385840
-998068163
1266056732
-302084062
-1105953299
1890123559
729663901
-883669836
1663198533
311419225
1197442740
-970527231
-1121311140
-1122441045
1739200189
-302955180
1293724199
1015451827
-352307971
1153915885
740231897
1994904443
-1452212401
-758800179
1216120605
-94644877
1890936066
-1341526063
-1498552929
-2041586519
463151105
-28967422
-411759408
-800520393
1623432244
2082191147
-1632382230
-1209109253
-1503694554
1986617514
1804683826
1478482061
-940224024
-1749772917
569445756
-550526099
1120769844
21000146
1400131828
1175929212
-1953904684
1431073559
-881542374
15669165
-436092092
-608236456
166021646
-1319421444
1576432278
-1151878390
-452605683
154733726
-37477483
-1095616655
1838783035
669598841
104657453
925182513
890951842
1112865494
1249240074
219957540
-1519446406
-1132214188
1641519742
-952701588
909327274
-1635509473
-1133658457
1953593036
-1190639474
-1933165470
-948007984
-1288630221
2091057403
-383928071
-584705001
477014425
-1308834945
883171691
927423312
-793298162
-534507283
519263511
920568873
-1048271600
-1643149289
1138543788
316754830
634634780
-1765910051
-2128177186
529800782
-1173258873
-1491240602
288227926
-286255874
1925317517
-824636243
1893405673
1181614621
-203268438
-1716133569
911171596
1824996985
-835316184
2122770754
-982656889
1695029200
1823973881
-1618017095
-1761568919
-234355271
142329798
241146629
438096955
-2143958844
-2050673337
-1488402258
347371640
-2115774496
-83432491
1048061283
-2092431557
908312573
-680963780
-282106305
-140325830
-234530318
1129249238
608985165
917931507
-1309082977
-678199340
1827680078
-1521811676
862060886
688913374
1756071097
-175551617
-10917770
-1164578081
1483891458
1941019550
1836465241
-1723151079
-50738913
1908792372
-1569973137
1935354495
-196734393
1206031493
950938282
815704131
1465454076
2091038743
-1958277859
-1657148500
-900000693
897736617
1526523359
1221985837
-443901358
-2046845596
-1243454155
1726056115
-135132414
-2072518576
132405743
-557790146
-828643290
-659318007
167076882
1259892147
-805734492
1492722097
-881873481
-290075921
1269858561
177926952
1482608178
-2126046433
256433962
-1182473862
-169723019
-1756001202
-663033232
1250872729
-1510281802
-1794553793
443285204
-711792053
-1810032304
-345476484
1010213508
-1850688923
1309221606
-2126548050
1089474725
1057308217
-1090702898
-588110289
-197841837
1085539404
-394066773
5945309
-832233499
1067716940
1379134555
349459761
-649057163
1561252672
1258754324
-2133003889
-981111394
-1825663999
-379820599
-610615073
-237857401
1966939880
1832447442
1380398683
2117395744
-1781887544
1481586891
1900715178
1101718699
780103966
1941518523
737188654
55222398
1708967814
-1309223304
1397701785
318270982
-1581287311
-1491670966
612321990
-111772401
-1886108139
1462136526
-119663674
-1589266111
-125539676
-1503904739
-1912738760
198492141
-1749920576
1966434605
2137785052
1241640457
773928749
-1223082634
-272148118
1518455417
576282568
-765367080
-1710360928
1695240336
1954974135
-1358049349
-2067618407
616554197
-2115199263
-1002899080
-673261979
-1336095223
2137169056
-1781182217
967406549
-46074776
826970037
-1299148904
-20659562
-902784721
-478618756
-952776106
609394048
610704478
468467808
-1748735702
-919624912
-1926637889
-883206768
284471468
-767874861
1141503526
-1649186318
-2058829312
-827652540
1113020921
2112880727
22230255
-1714974887
-1415728142
-747545872
1372237908
-1067626886
-2061405917
-1771320831
1569989817
1324831858
1474047802
745583060
1013157184
1808675209
1702150662
1487764463
-2110956857
1501883346
-2056024775
747366280
2124475719
663652032
-860080529
1075998008
1082572668
799797247
1247933295
-174413329
2103650507
1721460097
1786509487
-1029765848
-1469523617
-1508923178
-1242313699
2118125149
-2032896876
815174592
1973387292
1138036156
226291096
1518068230
1133910732
1399022617
-772109745
640566408
1607249294
1632753190
-2088718217
-1132850797
15655110
1625181922
-1029381876
-1974589834
810416099
305014095
-32537106
-604713387
-1544711781
-2060906137
1253668288
-2114731460
-1671059333
-1864762288
992170514
862164598
-238708834
-1559224370
-1608375359
1572874527
454830012
-1464981256
-1582376547
406382072
1141172326
2075939374
1692175693
1235284858
584800655
-869423030
1207153263
1502387501
-1388795570
-627577068
-856779773
808095545
2003372513
1277221115
1735771145
-633555139
986833908
-2082830846
1145135463
-125968801
-284006109
586448376
-1632741360
-1593945949
373050045
-440034837
-1801126045
-2032982656
1578801355
184979678
-2099201328
-300352080
-749138608
-1008985159
-1837203263
285493831
1740523473
30073984
783444918
1673949447
248495383
-224480056
-454903374
1773167090
-866230477
-319711387
-1402413611
863007263
-1696120383
-1047076504
-1809872822
-573403183
1822670449
-772188600
1424935010
-1891163195
-572990013
-524625058
-1477071615
568734666
-1582430191
-203985258
2130904888
1424595607
-1328594222
1702122595
1157968691
-1796052776
-1163952612
899657971
607325013
52085641
50574954
315883684
1731094945
-787033209
1746398879
1414931381
1937955675
-1849910684
-1062517174
800846144
-1930859794
443793530
-1636782037
-447445657
-1545296880
-1333022654
27659510
84590286
1708537379
-1098411290
-3428778
-1980915896
-1159604002
1179976212
1344439860
-1794014252
-586721492
-547650796
793216568
1949853642
1712841812
-945807588
-341380209
1021224785
-1513545895
1998171363
-2031439121
741143827
2020239523
554147699
1228067032
-1222150348
-941134370
-1712951741
-1978152421
2138914687
369954849
2126113412
-1251321697
1742377698
-2035021741
488052155
379373666
-1445743588
482799050
802966927
-369223490
-291166796
1682932532
-736108317
-961581587
241276716
-535728710
1103782439
-1681877297
-1108020874
-252265886
-2066527509
778611434
1323775655
-487270988
879477941
-2095315791
-616486678
-1940465248
-1915966701
-1617880056
664792246
-742107746
1444551410
618267911
-56354237
1026159895
-81779919
-422537474
985395769
-1340364797
-355374479
-1385201736
-284186198
1235104210
1856626222
93505284
-514719422
-1581235569
1067761427
-2059499920
-1884906563
1229553219
-761880951
1144183127
720553880
-683141481
816914832
-528463586
-1442533365
-5514564
1174379730
406862266
1883777333
1437065615
1963515381
1909004916
-1132491879
1820471799
347321904
1122918128
1080709832
-2113204847
961616416
-1839692693
-89492640
627818895
-729290020
1006741315
-69952460
-308862499
789298246
-1482199876
-442050868
983831172
-204919644
1976255744
589576975
-1090731181
1002938734
1239828839
2030807614
-1630305861
497646953
1191590649
990561572
-268942086
1622221812
-1285724880
980259211
1211652220
-624796255
1336371457
706642674
1998833789
1211953671
1289827357
1892801148
128611570
-1123644715
-34428813
544379434
1622994601
619131946
-1077102599
1754679116
1614512815
935136804
1902573740
1814091828
-884992015
826344375
-768346923
-275273427
-2139765979
-44066113
1498659724
422560939
-1225050902
784740695
1983935873
614550211
-595892691
1584807019
-1792474630
-562175011
-1711659313
-1238017141
-504766441
1282353831
-829918588
-1379248638
1289021533
-1533198004
-1276203010
157570343
947690097
-1647507995
295255625
529199090
-272628957
-423060945
804648056
1540021201
1268809390
-576966018
-533235839
-230926660
154852157
1230790641
1012763237
876453510
1037148081
852117991
-5260141
-242415242
560888481
75336369
1657412238
-1617718250
1551703458
-779967608
103924941
-1939212214
-232650553
752368577
-1788768031
1764729251
1546914411
-64708801
-1197664035
-924052747
250050349
2006986792
-1747264271
1940427046
1034313275
1606991834
1929141080
1509500745
-1065271853
-767753440
-1516944780
-1727440918
-2041054201
22975904
754000182
-72216661
999499712
155992216
2014919107
795061519
608290308
-944932663
-778937772
84423061
-1963970693
-974960718
463790173
1806626824
1204863535
767693825
1350519281
-837530603
2115464082
1530592582
1369831780
1647140637
-1141551419
-795689239
69799729
604542540
-1397617897
976178782
-1690075618
1355914730
-936089909
1508157590
-946553443
-2066207247
673473053
1664910008
1750646389
895388638
1961686663
-1044655600
1545078177
1173214668
-997980608
-622567609
1367609720
1849387709
507723780
-18884395
-1915589363
445383739
-91948262
-140175182
-1238690344
1245074719
-1637593197
104829267
-605743211
-1481621072
1143992015
1542198740
-1852407188
-122747665
-65830843
1748857201
1202397009
-191637712
2121500290
-1850834374
-595097939
1088678380
1991512177
-231814393
1416920381
-1876701995
1239595741
-2003717976
1525201722
-1000632277
-46086604
2039993953
797278650
889862222
-1657650034
-1429385835
1199350358
1436833427
-1713134612
1575914688
1851579659
-1893541030
-1136191292
-667852374
-374622107
434402655
538946749
1559122649
-813549607
-2039147952
-1897400906
1509565510
-1009511309
-1057729376
2008987916
214332244
-262186064
487395995
-496763108
-849633795
-1296262996
486355641
854940422
-1364367026
-119149696
2119072054
2042653364
367991572
151892709
-942269727
-1167142118
329448151
-737956836
1469720884
-264291138
-1536397817
1811000594
1368992676
1043534971
-60087435
-1440260930
-211715526
1515263105
-1051131388
-130118194
-1456788125
-963061345
-1257517408
-111665279
-654264573
1094977732
378977645
30116054
212826319
884328642
-1420336573
-727617050
-453317669
239178837
1711060058
-1865154674
-719180430
-1107384220
1733171521
-1965705904
-428800731
963482246
912501525
-1685450374
-577587162
1930011591
-1688195602
854149000
-806470186
-1707586646
1137731740
-600130362
465086875
-1381720206
-103099246
1650993977
1927536119
104173981
-1431971550
245731007
1021107414
-693002832
470418922
-1597489035
-1905374938
67824698
420020366
1365894232
-1085215316
-797232366
249108903
10095918
-1287824107
-1203317278
-857686790
1655421606
233766731
1987250921
133968108
-1512434242
532291594
1513293819
-937731787
1901203300
-1738812750
260864973
1575776468
-421214880
1086570334
1861474159
1881403202
1182847344
-1073402572
1151675417
474025193
600762036
-190980610
-1048141527
-1062102313
-1657773748
-1223258374
682477164
1966023086
1713679423
116011757
-1905178980
1431993311
-1744526946
467548541
612679209
-533045481
1498499304
-1647872064
-1573602757
-795571976
1741002672
811369999
615851000
-312442100
842078333
2037360416
970234882
-1844563466
1595644912
183995475
999000643
-1287019542
-1433380820
-118518964
1292232172
1099485790
-495904143
42801345
104004026
1179077377
1268281098
-808346476
-1982420870
1855910892
-585374871
-446893276
-2016676401
-718512361
-529676656
970338271
-1310664909
1763729677
-1490023503
1065710875
-642805445
-532160797
276837144
1125315878
962209054
-2131884186
-1851892408
319582363
72389239
2114743187
-816845724
1813235191
9630025
260024907
-1602201647
-391223701
-1871927228
-936467641
-2052516328
-1965636621
-1061797050
142435656
1437843728
233704614
-461394397
1531202451
-1768433605
1253951311
1289541545
1377238684
-802699920
706618685
1319829726
1244548097
680986554
382672215
415579275
-788330055
-293754752
291480691
-1350376707
98007181
-373596443
-1965058329
-1899823606
-414197306
-1780546191
-506583201
376697170
-2129515481
-606255632
-1048582416
-1632181562
544228381
-1205100646
72661613
1152558958
1201582900
335752051
-171486983
-1742587802
-399625523
920699637
-1612386339
-135859159
1453622798
-1097962261
-111827045
-777572335
1970079513
1247556767
1795835459
302374430
1143493503
-1477652681
-265905404
-662156554
-2065314826
-1487096997
-1928077563
806041644
-1438065846
-3111141
-1659873419
-487008572
457652369
920782864
1833862368
92628470
-632514398
187748800
1258779588
139491890
1231258311
-691100090
-469171612
-551210908
-1832239951
-7004878
142749659
1383321976
-665452116
1139596462
1046268019
46377504
-747243245
1349304545
2073363255
335813332
-691363835
3773847
-353049402
1066411034
-262301096
1299531297
245529450
254276359
1003560653
-1030314119
1934444648
-447204859
-1247972731
259080362
-1766298983
-520150571
921053108
-1085885074
-1708892615
-2045002025
-1009249389
1454487320
-571185666
-703367543
1344024475
-489381964
353956204
1499410765
1291508207
758389612
-1383492505
-1000819602
781068569
-347569108
1554932745
-722624412
1656569
-732507255
205638837
-947024041
-1232730375
634146526
2066822508
318576609
1114188677
-999927368
1737753694
-988825576
872484538
2032261747
-1741301564
-370742069
-894852515
1250213156
1185549804
1819605258
1903950606
1334616249
1001118613
770056683
1400822460
-1615975841
-135288964
41640587
-298783141
-451871965
-390112202
1905122387
1619833556
702243803
1661262144
-1541240964
-500091587
2032857927
-1107111852
-1108744236
22684233
-159038862
-902978563
-671102527
1644484866
-446782626
1033575277
662391686
340227253
1678415327
-812056690
874493637
-1095106004
608446151
1030223190
-645730748
-887008222
1572511043
-2078725793
-1761184781
848177907
1727076996
1147314358
759974701
437953427
-2071588959
-1641594126
-224314562
94052800
1893838267
1202516360
-1486211547
1228351867
479769697
961298526
-264575078
-1724785741
348340790
-821386339
1092071505
393284163
-1638036527
-1488378165
-993685120
869078815
-691888924
96403736
942591135
-1104997687
1471121311
-308765961
1695234926
-87699960
-348150186
571005168
-1134058436
-1434332452
-1606888608
-2094809164
-375943579
1110669484
50903874
-625556111
886135579
-231897151
-1035817715
-1018928025
1517069929
1050812407
-1736471292
1468908219
-2068368267
1596380849
-545796735
1416528779
1255468805
797458445
-1152806376
645666114
-1419528381
1857050456
-950312708
1914376492
-1511780412
1285978820
-1435629919
1154646092
1450435270
-974721448
-344551517
-1563551379
-864491335
465246759
-419201818
956157046
-2102627584
1847261124
1535022589
-464376062
-1378705672
1462985460
-875627057
-1904566736
327365944
-1573633627
-101356169
-1048368714
-737494758
969193247
544651628
-1023566788
1573809274
363517561
-402193183
373437671
1980124093
-703100851
-1859500178
-653662669
-28555755
1692309422
2107967728
2137861637
-2135935486
485366362
1843558316
1366285056
-118202853
-841504724
19086522
-1779215593
831417870
1467028947
-1768246624
1114517346
172315620
1740220104
-1210686916
492912949
1292131721
646703741
69593575
-1603316626
1207987851
-831276846
-680021289
1065239311
852774434
-1954348596
-276752187
-1851970036
-1425714833
-1619565432
1448011727
-942346396
330425864
422429037
868570271
-758834827
-532692812
864041888
-1771777333
323032972
1391965298
813587900
689663358
-918142021
-891718208
-1196010046
1849722456
282920431
-1345204711
373390414
-514646381
-620474303
1981940670
800430860
535891558
1122503820
695171513
-1019238807
1627377325
177753919
-773927906
-716972403
1701165257
662725491
-1307710316
-1960146041
708632772
-1556478913
2012545811
834652362
-682168903
-766879925
-1393682706
436212695
813405298
-182747997
-425737196
1586663995
-1706977198
-916535347
-477658990
-758299972
385644149
-1070533091
245642843
288263631
1798774549
1763374662
378156363
1308289356
1842766127
-258009804
-785006231
-1570471068
-595334042
732668953
-1887321748
-1869731630
2074938662
-1119261754
226251136
-1743136176
-798062836
846037307
539704905
-1727609524
75051396
238768000
703507495
782865371
110181043
1484581558
-858755396
163923949
1745106071
1306853480
-1712139094
-25553470
-560967571
-418449114
-147199071
203616668
1694067794
1835474772
-1133084520
563201206
1227806509
-1116872897
1074421849
44399988
-944836917
-244943760
-1804493757
741633755
1057225803
1605539909
2090129227
1140372290
1309143739
1377961404
1216667459
-489454007
-95226877
-392829294
260052575
-476591606
336773121
-691700340
187068659
-690279537
-1614319115
1274192403
-1429664895
-2142201213
-280743905
1496441094
151952627
-81393621
-132599386
-1328326965
32917796
738894230
947044028
213292711
1071028132
-803079917
1523912446
-349883568
999199420
-1015295262
-1494013408
2004139199
-1426369873
-17856209
-254267703
1181370185
19167555
2008365883
158901179
1265029104
162947455
436616156
53327670
-469429770
-444004427
-558795993
-610627426
-1320771149
-1671500350
-1054365846
560109659
-386441048
2029485971
-1689329312
-249439744
-456417581
-1673217044
-1783930977
-2004425554
-1741783740
-884202140
-1872769707
-1300247110
-1225038353
-583581773
1131262003
1516386701
1068936388
1285037360
-1648737880
-1341092148
-1467568644
-64307052
1642800978
-493045832
-1871708746
-190556413
426884785
-1542777386
-747864895
-1163030963
408088605
1574865873
-1860278597
1513458544
-1834697479
1430307231
-933384870
-1424013983
1050279209
1965557475
-554748663
-350009333
-293077056
789477266
-644168010
500966295
752419582
-438024488
1456327402
-963376146
-1684424839
-853453764
172368409
1406037115
-1988148583
-1653051646
-1809732037
-755993547
1780905032
737209296
-26975845
1461181916
774120426
-447647597
-355473682
-1990231934
-1802901365
-1458496861
-721078618
2126853196
-1442733993
447898404
-1550209656
-1730300039
-1529513138
-2135071313
-884049797
-1900167261
6389047
-742036174
1261595043
-213789883
818326229
4188948
-463238482
-1721694339
8869464
1102134428
-710475667
247455250
-667468010
924181139
-1755114586
1149534135
-69109638
364187431
821064488
649975440
-1921954756
-1963741679
-1309342946
-675066634
-1366651950
764234490
-1563701848
252392567
-233765594
889879066
857925799
-2041439968
-446296440
-777869534
-147757864
-1127381763
2120113637
1496411740
-546006492
-1161234464
-866017479
1573250063
369452341
11802465
1011383873
433352231
-1265948084
-946513114
-693823627
-1015409643
266056017
239384932
443352117
-976590604
800337707
1124472741
-507808190
1930392556
317263953
1414759371
1054152303
-9094437
-1875945311
-2111604396
-1946248553
-552545487
41659504
-621300001
1280460497
-2033378021
-618637599
432367598
-1244672542
-70939421
-1667964550
-745560340
1084572915
574203542
1818693876
161061746
-865657213
-758509594
847141713
1202043077
1826119838
-61186990
1289235252
957079715
-867988914
-2130643069
-93027220
-607621570
209181778
-1356803591
1536155089
977431944
-528090867
-1151421466
-373275565
1806140081
730992577
517888602
-1789322417
-610253331
599852796
1162986143
-673575388
-586672262
-559326638
975652838
1784874758
-327176223
1309122379
-1714850014
1685077777
-413011845
1258415519
-1381122765
532593569
-1105807306
189032096
1713197895
-1150628640
-1237860199
-1594542089
-1653207683
-1352703584
1438107397
1277425042
1549201354
-616151958
1014793788
-181037347
2131143968
1989580246
-102743001
589030191
1352692940
1935677468
-946341933
-651478650
1115009567
1212620779
-1077457988
-1504141449
-1948671408
-921813383
-522452914
-1378530465
309716128
625473754
56521384
-560194082
-1147836225
1402740885
-729986142
-271008122
365256558
-223239820
1073126161
39276494
-301854363
-393815908
1163977545
648474188
-962609034
51366108
-1812277021
461926179
-1770129679
1653784649
223402687
-1276767815
-1491736246
749814538
1450403404
-1104668499
-1378169351
-1483452561
1231686662
2072346120
1399672737
1955614536
-1992120256
-1540409679
-1617855116
-771339660
-623582173
1076345126
904453589
177024695
-1622261002
-612385943
-613906626
214384849
-736411745
-1697883081
1771922275
1895107275
33963624
-1321587841
-1857093481
1620597651
1135433478
-1478244846
-1405905553
781134795
-33801513
-1387661162
1399724708
1278704605
-1939358869
-550068800
-1732665539
1470791506
1115469126
-1070421055
414399213
-2127648412
86794978
256582912
-941210951
-1880789295
-329491462
1013440522
1616159709
-2001547023
-387922683
540170950
-596670224
-475396598
678130432
1404701933
85110086
1697370851
-1201469584
350678456
-195624299
-40343146
-700364633
-1734205222
-1523086118
2118115754
273168965
-1113063760
1917687933
-916873887
944880129
1920330678
1654107827
1182543949
-1670011735
-1325812931
-1802441693
-1969972439
-1434531993
-1966122662
605330891
318042341
1139220805
1815451681
-656127963
-872433406
-1936181006
-105874413
1885633669
-1904827616
-550204730
-271264812
-1081663292
1338531796
175854339
1563322144
1881148707
186823359
-861390755
-958519040
424354920
1472926171
801413819
413980984
-1554429363
-1231985128
2096663103
740411651
-1356080102
827703591
-1052398972
-1359694079
1564250000
1574116500
-1544124890
-349374864
-1140204535
-311527910
-1431234938
-1984997990
645812700
-1385166
281248718
-1373669490
1667990534
-1814542867
1798201650
-2012179182
-1114150906
-425970429
1365240185
-1530079017
174411783
-330262230
-808976453
1572457198
-1978539196
1587963308
765786220
-724336774
973846695
784253491
1994747544
572488871
-26708045
1908859879
-1241798288
-309097510
2098242468
-2008030278
205739524
1878780458
-1841662763
907879938
442669393
774867981
2087609440
1756964679
-384057730
462973014
-1261023733
1607058014
-1097530014
-956236194
2034388066
-132496458
-932162231
-705197183
1448915743
-1025319439
140826616
589997004
607701970
-348499018
-1951874835
170533364
1811822781
1561848516
899269866
-1305304439
-1121115648
689503307
-1611201100
-514261398
571838709
1335801462
518485528
483293307
1474207197
1510859596
1899231790
-1588751723
1159746491
-347879240
768395233
1263189438
484273792
-2047838747
2066074542
-2004657767
-925345945
-1850207793
-210889301
1194899231
1611727778
1543634711
-161312054
-502525297
988780854
-1200232170
-1094936994
-850675549
1887043106
-1668018637
-767494178
1255197444
1563473351
-891856007
1216137449
1469077502
387035267
1638215011
-1450645622
150583671
419819934
37210618
201191612
-2090373347
-722915479
-1326585823
-1546234064
-444143650
2091438500
-1942300625
731161165
-101781859
317321760
-686284354
-1042278025
795061793
2021409701
-2137871678
-802529389
1824686161
-1613102315
-1994736676
-418069813
1853815966
-1588373808
954168816
-881572722
-868353601
193314906
-1376547596
255827418
-726501724
1386644539
-1769841653
-459095107
-1750360412
-1473172442
3778258
-2094551016
-1451074312
704218973
-1552049160
-1617136986
185086828
1035128147
1816259860
-1956983236
-989837229
-84687214
-994308174
2132141649
-112795718
-1009115169
751827886
345424065
-1386564639
166546331
1700395717
-1172791347
1430184166
-872180373
764239208
-175998874
300111811
-1863168997
-1681315629
499845290
-961737606
-1677974081
666964574
162091694
764826510
1367294491
-890610669
1552646014
737354421
1586917188
1124165247
569011809
309078218
997692550
-1435104307
1538290785
-1803620088
949184392
-1059448816
-556920823
-33520267
1626030
1934521055
696227184
318981275
-2101306434
1604374054
-445442442
-1621631363
-1108578875
630517307
623774541
-1041453879
-462552773
-1376657617
-2079948997
-1530013111
-788910235
-6509722
-1963211363
2008812959
-1952623110
2106550122
-956892370
7768881
951911433
1175758587
112973705
-198114719
1250758937
27045738
878088940
276593153
-207846767
1862466342
660333630
-1032974330
-192879782
-378543465
-551789742
1078296699
636285378
-1704231382
-1908630675
-1484740681
-303446109
-160164436
1211644421
-966233135
-524820284
79409372
2104313291
938932564
-2041601154
550870330
-1884636693
-625107153
-489730142
-933888731
-132357742
443389423
1553889178
1542632484
-871174224
521408047
-1125292083
-724155261
13586175
-1874927026
-1061609400
1892315681
-77304254
-61495454
1474479258
2078916232
-1590489902
415127917
-1082939906
837030462
-474526890
1696863950
-99267649
1423189850
1335362769
1722392314
1213668824
-2123855527
1734620129
-969373589
-1882090022
-2130952654
-160765884
1790534104
-1496245742
1063808167
1138659487
-334482779
674293482
-1927703587
1513921658
-377745764
1521527439
998778926
-285295985
1286582493
1318434516
1138600254
-617924797
-303803885
907210069
-1299413684
1252933492
1938238952
654363103
-936223286
-1765930123
1832217530
-1994313969
-1249803986
858273366
1153523342
-104801992
912764426
-1081686680
-1674096572
239246218
360018778
-2143312897
1820806156
691981167
-588594660
-1743153287
-925066216
1000570424
335709222
-295833729
-1778192749
1659403512
-698332109
-550603126
113530321
-1724640592
639660862
-2010421591
-181758009
981211308
1882994451
-1560451456
-1606319940
-1132403412
-1946636766
-1777085805
1168059712
1161166917
1378919573
1646778052
148012893
-1777941751
1572255397
-853992422
-1608043764
950224101
-871482327
415305411
20071914
-840680630
-225519249
1923481692
1871750699
-2028294256
149932367
1481091694
-1200792370
134917910
880096380
1867699515
1560520466
1914591661
667626013
-777902405
-123423960
173077046
-2009133668
-691118623
1125119017
-1859660407
1656851900
-932151774
-647478967
-385254504
1864923377
1063038775
369046605
1503717076
2143879915
-1086008032
80968506
-1862392370
-336048269
1604199532
926290254
1258998561
-1098295685
1284847287
1473614644
1072922512
54293871
-846175372
-659676558
9835114
1485193681
1886937324
-1991275483
-1089098699
1666740484
1710977414
-321739024
-1884485749
1911613799
-209739448
-1896735694
2096157758
1583370405
-675489891
-1639313290
1228056770
180005706
1329578328
-1442488529
-153672244
-453385830
178444025
1920359844
695742518
415448477
1633354542
1636063529
1003906341
515782270
-1647727205
146162831
19606637
1966873877
-1306645027
842418397
-1247867597
-1848279614
-2052265268
-542036673
-1480709933
-1331999876
1745005056
1756351038
-838926332
-2000213975
-429993066
-1455948751
1443751482
834100783
430419508
1818609906
2043791179
-1967628470
-1567107255
2089069781
-1639636139
1038539936
-1877705831
-1103346986
747136222
1200802834
-1131408392
-1511867375
1413543227
-1455624492
861252181
272292470
967488310
1322102079
-1848317190
-368418116
536326122
-146973723
1271367185
659634582
871650802
1154694629
797746537
-759652316
1638162114
-1516119935
2057271930
-1420475476
1810840148
272395245
2027563174
21894281
-2051486458
873112937
-863596607
-1532684190
1244506050
-1520640367
-1655522605
-1820415073
-455598497
1018461683
-1856571620
706143769
-477765562
-1411822366
1773655895
1566316304
-765724840
-1685203319
-1269913790
-1390375839
-806268657
927081538
1365709662
457513208
-1977207325
843410216
-1471608589
1700859522
-17739026
820805354
-1422781865
-981229977
1153513938
1361845730
466727790
-1745496585
-23364902
-561812891
-2138011020
-559699485
-686768801
772023644
-1860028167
-632961810
-324044180
638287379
2053003565
-322105885
-384483932
454527825
-1503853731
-80996151
324571236
-850214489
-359159875
1302984533
-41684188
1647311629
1385644135
-257090401
92047650
-133766230
-1362813021
1000622104
976575041
-1068900366
-1669079447
60730299
-390443219
-1796489226
-1425395933
713277827
531385283
-2145594378
1473353910
1978565660
2105150384
1072444987
-368615997
-1732837667
607626583
450059811
1183716393
191916276
1605424888
1543458941
33730766
298926050
1970307597
395051286
-1809839201
811472170
-314967817
-853821036
1007165396
1711735620
-115932454
-1686267519
-5600136
-202179112
954710468
-944536662
502536488
162754856
76523284
-1109848918
871056154
-1328683827
1940767257
-1603125567
1687819873
657495461
679687417
1002587881
-1159342226
134363915
1065814996
1681350443
796475609
747400009
-597478872
-1711633874
-1276225183
-956083382
1912169078
1166472208
464594481
-2048608877
-875238363
454429816
-219890331
1809015924
-430410841
-1712673301
1344830667
-999052422
105189594
844555871
2008246509
1042308135
573206448
922563853
152565839
-1449692700
1462097681
1149718923
1029885684
1597538614
-1202701825
2082066457
90910247
1818125872
-1684424965
-1720895686
945036407
-973019608
-1982649945
988437126
1420397058
392313005
9220780
1504775870
-76221194
-682120265
1031428573
-28472543
1750684244
201053984
-1300353380
1448217597
-461488393
780931923
-1987474820
-464549240
-133251883
-1894111422
-1367516633
536976880
