-553194300
-1844391549
947696086
-895858205
483702107
1152912428
-1400232521
1057019803
-723917328
1756736916
-2102150851
-761940894
-1368075773
-812792914
1266565346
-1291739597
1041953972
1321311093
1964108472
1358591366
-1625725376
-301571552
-1052665459
2054644638
-1549228597
531113364
1024085577
349213215
667728735
1010296858
-1856683109
-1754642461
1938224692
1633336146
1682808788
825523981
-2056336591
645600870
742711570
-1236973475
1545312178
1753013121
1194289056
-798650427
-1423881077
2057814146
108315293
181212732
-469875379
235081453
744858331
-675040045
-1401368633
77131553
-1050437624
-1683276539
382674895
-1966689584
954530835
-1386837422
-1929057470
1227018922
1279373512
2093455630
-70956472
1423479643
1356567485
683128437
-2097055780
-303790664
-620770191
-2048254461
-1360585077
-912501196
1426872497
1517983746
-482157189
-6316136
-1791526083
-2007044764
1646203310
116831474
302837932
1584088274
-592482424
335517390
-393277812
-476660476
1067331726
-1793554525
-1524092724
-566306733
-505947792
922416016
2088442206
-1644327540
591322185
1773182792
283584024
1133449734
528522020
-1355263415
-545292069
-729698059
1691979458
1552838739
964865526
-650427391
-1490119271
-400476648
676469964
1753555218
2042474272
1560251695
-2017485133
1166578029
84453193
999074638
-276764641
1362306564
130053711
-1770917704
-17334273
-677675767
-794797903
-399787532
947765606
-629912381
546562941
975509695
-1454386322
472172453
1752406225
1025615938
456244056
1761258908
-1067990882
-755765113
-614339336
240885416
1882818991
-428733143
1098513743
270566062
1452717801
-545158325
-153789575
60758667
-632529708
1362014923
-1775225911
1670581868
354513753
-296571210
28238130
559484252
1019363277
1368344829
-710897432
1946407454
-59122898
-1633800855
-1638532026
-973332164
-217622357
-1872959540
160390386
-749071265
566251625
-1210183304
-1366098114
-818460959
353030788
-933535243
1563432657
-769738848
1985283667
23828205
839367046
280523797
-1655637520
-2019924117
531637395
-451125084
1839162870
-1565526460
-1092309011
-1608994251
796682636
-69699628
1043796971
1198386434
967672482
-1682702611
1239213353
-741638990
-786413958
1281467661
-125932882
2054502823
-73556374
1427669454
-795200943
-198479981
-1897034529
655631778
358811480
980695377
822328997
1572965310
-533450911
-1493285390
2022534244
1903474518
1729237381
-608019691
-608350099
733900811
-546591815
252323963
-1782926154
-2114137695
11762296
-908574503
1575279907
490250997
2058139294
1922452464
2003587591
-519264211
431230359
246138330
-942158103
91448369
-1910949960
-51322969
-803022454
1412103513
1024528620
1578521896
1652573478
1227241830
1881020306
-665564150
246097402
-511916874
222786982
507482149
-1806370554
-323209037
-1923811298
1858453782
1323828244
-1935764084
-1748461418
1262896394
-608095752
-29220056
-592151250
432477405
343207704
-917901994
-317287757
-509495965
2112277038
1947029320
-783211268
-369757692
724819276
57688641
1961499030
-1342886771
-1259584736
-261790835
355512483
2029147717
-1172824967
666232242
1073999870
240117311
-1656165879
-642064156
-2030953309
-383360786
213925484
-898189635
1804330574
-32291586
-574550936
-566985427
-1437849247
1346990433
-659483274
1723770030
-2078315766
-1560717145
168049793
1218268604
-106663004
-893872750
-884752147
836764036
-1192121506
-621431575
203400666
-2080521765
1296112922
1593723020
-40318551
730965105
-1717615721
-135620664
1966502334
-899060410
-623442735
-1440513812
-2078126457
1707007068
194477991
1131175964
1915894717
1120641709
645304254
111415140
-1349041942
-93113761
507325349
34427920
1163761194
-1061364171
-1676082887
-2128589510
-1117671115
-913572792
1730212939
552318883
-1843749220
-257228809
1867539327
1998985926
-1512428718
-484851940
-1711843466
-1787022550
2082972269
-102869376
-857997265
766193143
1860313902
1989894544
573318314
-1127577140
-1742482626
-2027587248
1612933326
101888207
-374378182
981282447
-1640657524
-1263886332
-280622223
-1238240421
-1394995389
970469346
182116076
-2105169993
1057539685
-1097608669
-461921618
-1527792245
-1018335653
775543003
470008636
-1491458085
944912038
958438092
-1656401313
862030139
1679802950
-2105800456
-560287961
-226142846
-1605158562
-1569945226
-1386730957
399235773
-1099869928
-190829687
1470442032
78210406
1485270470
1657440494
661165214
-1841761322
-1850064055
430499956
1686929114
-2134364937
-629958730
-728926766
-488805544
-476082627
-1562964938
-1346002252
1766430511
-464845610
239079469
450692375
-1182196774
741762591
571040413
33507030
1618995516
-1733002406
-1560230452
-556729725
-1120478236
2076087454
-705705691
1849715066
1448702866
-1373251826
-1160983205
-145969357
-386273798
-1378960819
-1649039660
-1613580840
-550123065
790784305
520585796
1431627799
-1636764190
594082230
587067287
2041293880
1803432179
-1451577292
-1686292717
1272577137
1399807271
-1973042732
1649040573
-48058247
1915800628
1535724096
-1858767364
1865436250
817809305
-1434621799
115422588
-1293260661
1274337578
1881913262
1276957013
-709818563
116037579
-1627744919
1970513771
1030187765
1086979195
-685707892
686310423
2017280602
-364412012
-77628515
-955863290
-994165424
-1163616688
-1833453537
584327777
-828547260
-72796017
411559170
-471822290
-567106871
-947300650
-956895909
-215967243
-1997094300
1601704090
789711959
1685905062
1773288099
368667327
1906929517
-2039627079
1959909747
689493595
-216512558
-590801257
-1583059277
1589794750
1979186994
777600824
829059588
215521718
478512028
-1137982196
1113174498
-1081970418
-1854218563
-1610650337
1413767160
-20016040
-1500607408
-82296713
1068764847
-512455700
-470989867
-2109594176
71201799
-2124014032
-1743115904
1697706283
-119339606
-397100008
-303261068
150408850
-560086466
1250079216
-702412752
1832528351
994884602
225452121
1315805001
-597722706
785070203
309330320
-665422503
509579313
-1359054376
2066857718
298916407
1452004948
515736819
-737142068
395241576
-326232799
2017360146
1975415357
415424724
-225660572
-1958130515
-2114348127
-1261347396
-605782638
-216464503
494003455
-129234709
-1550629402
-1798196731
947386068
653951275
-1250133300
1862459827
542023442
-1211931910
-1402757757
-636277974
1084213355
-1269782403
-972139779
-1175774951
2142446030
-58354507
2042249481
-2013091681
-857130447
478911984
-248440397
458619610
669389969
-2036397183
-192448278
251333566
872577078
521878194
-1170638749
425427495
2001436987
1557249785
-1155392067
1521675568
-1832110771
2025247082
1106839270
44237509
-78307150
-1449082003
-1294731076
-541805706
716324749
-1971361616
518009847
-1045026930
-1719683232
374058078
1835119685
-1370293916
-2049825583
473875857
1665449398
-280674064
317686192
1675869956
-261071782
5457056
1721886520
-1836235252
466532903
1916199788
1367191700
501544136
-2031456480
1674120231
-855064155
-2132243561
240005044
1033688600
893974018
-2063807030
1724284259
-1160048951
-417596352
-1224411750
-2021966425
-437759714
-1441062542
1005122396
533814033
-982713944
-1745760013
-941364238
-1805462351
-671642565
-1539978142
-745035132
-94511173
-823697731
1530683373
-1871120016
444727142
-170484415
1146623698
250877566
-1493420265
1738013523
-1331776477
1927788120
-539903298
1045276309
-888179767
-1710732488
-493174400
-966504822
-437397558
-760970525
-1169858922
-308914767
866485710
-77647915
-55409548
-1933017131
198179038
-587066947
-864184787
919777699
1195182959
-1177538261
2137074453
744265084
476814751
-789200249
-340662105
1327446412
-1192240195
203342917
-1819109719
442104603
-535238385
-937636778
152228238
73028387
1677718222
-350766879
496762650
1390106657
-398004363
2051815474
-1088001716
-2097477328
359501370
169237490
-118840457
1792063058
218569436
-1808421992
-236872271
1066474001
1652840863
219900447
732433009
-1797130170
904961940
15401721
-964691341
835212856
-298734818
1323291202
1702220511
-1967546392
-615645008
-179651527
375128489
-1341567318
657838043
-1400027157
-1633479622
1097983223
-1731812217
-1549848272
-431352752
1141986177
-108894080
403088859
930959138
-1390535800
1593211188
1023058476
1513614023
-1038368148
626513338
619323529
-1986073129
-1666553214
1302702358
1293553773
319987026
-982080214
-286018373
1605847200
2002605248
-460598752
76701520
-1931941720
-483050342
1989976083
-1578996809
29547903
666403560
-1543863693
1157536842
-25199227
1273100842
674115727
-213531033
2145546168
-949075332
1840284126
309598766
-2039066079
1149755636
-379307108
-1499290999
-2064002159
-636294834
-2107202664
493896044
975713421
1658265035
-1512706996
-116937635
617898886
1615964501
411684397
652881206
1310533709
-1729767449
-877927868
1050618665
1995707077
-625577685
-505245186
937738245
-476569383
1692899684
-1164267457
-822223433
1413500848
-89957235
-1658253380
-58800110
-180253665
2084128706
1866377865
-725555502
-1514228129
-1521240865
-2034290959
1311978462
1235791103
-1312576410
-139262587
-716387892
-1916824805
-955350618
-385145737
-46442838
-1582971442
368479512
1065239592
-843090181
-1205324572
1458219275
-500414210
893730048
1340543700
350114948
-1439828357
-1838716872
1237651436
-708403105
-1308344437
1844449576
103978190
-1525265735
-985937892
-1236152994
969781274
-2057982831
-1999737869
-1279225933
-333010068
1889099180
320200381
-1597912879
1543797640
-1906003270
-608192156
981437429
42172372
1051949494
-1838905180
-1633502220
85738758
1337497746
-1167544099
-1774943102
1833385757
-862621166
770128682
-1371036750
-28463468
422065399
2094260145
-1406253128
2116494549
-1337099936
-1300045508
2080998646
1883659244
-1462513555
1738182153
1774954549
1076843900
-668587483
1113291229
-2036930254
-1998850827
-627296871
-1872116386
-1829355171
-728528633
-1230102711
2098398882
-1442420004
-500369327
473649605
1655809795
-2038346795
670729565
837426327
-1098397132
1627279853
488201680
1654678880
-1585900903
-1428258293
1724803293
-93075648
-424945966
-477937568
-1271068421
-1888369541
-1466983272
1373312171
509330647
92728920
374336716
-348131655
-942273654
1876305740
-57158451
1180086059
667518990
-2092997800
-1376016119
1297610875
-2042578962
-1075344721
-291250986
-484012992
1362344253
-796302693
-1523776638
-904415055
-537689144
-395206496
895372968
-2036950425
947061134
-1836676127
26811845
1796421222
1764014704
2128466114
-486968566
1916448861
-228915420
1600744142
-817340045
-2004475603
-1501298833
-378615589
207538199
-1425944153
-394684525
386502508
2074603202
386325913
-2051956475
-332554923
-883370048
968721163
-828333470
1404188325
-555066629
786342342
1834859172
1294629311
45178440
1083125525
-1329265776
703431370
-1873690883
-694640177
607725426
821223754
1887289542
-1242719596
-520348148
-1001503729
1530729912
-90551211
-920501045
1247772493
672388006
976513306
-56474052
1182421260
-871175501
601265919
976716989
2065401794
-2107576024
1760539007
1458830455
-923308227
-714909561
-269591820
-1816538997
210216902
-258121760
995467870
-693897333
763153283
2128303970
-2058370718
-488064213
987399709
-493483724
-1918880106
-1153958088
30081698
1759730565
1042726907
-1002273848
1721815979
520519649
-1657210422
-835283278
-1521698367
-1325186106
-1926191757
1741809728
-486609924
-2118297993
1642650850
997160739
1812055788
1818597391
-1346062845
1634977702
22414781
277136856
-125953400
-1427580378
-2022250091
2132023261
413390825
-1103194943
-1389432000
-1123441731
-241554516
1044091981
348918543
264739010
-1621012506
326473868
-1517522180
-147150543
999934977
-1033371747
-854900974
962933987
1752599998
-1632500556
587665419
1759119636
-1966535043
-1100106227
2068962362
-461190790
710150332
439080477
-2074832213
-801417575
-1756003875
103816203
-1970355064
-460536491
-335467477
-1689483426
1830617278
-177751096
1152410910
544324342
-1294547489
-1922611371
-1709354018
-1393192128
-1656803767
572686333
-900535291
502295460
210877064
-140210960
-682370903
-635123902
-1461264904
1518853735
1108775832
1995198686
-1778241105
313176240
1033186533
148923928
-1542032999
-784323446
-1802271069
597926368
-2048284701
1969404082
-576255760
1486166568
-964285795
-1216261955
-1741221323
1804420314
-1672786022
-1756695256
719169451
-1303398389
117111450
-1772582739
1543776800
-698599055
9398698
-1123635497
-1458564358
-595799790
-1351162933
-738820136
53476732
1091949374
579415506
1824859546
-1558609849
-1357376065
-169547378
-453528045
1259117348
1489290318
-2111749329
-1340481827
-394674944
-126515129
-1222471451
-287099387
-789338569
-1550649440
933677255
-1038072798
283552533
-1106346217
-1937182474
1314495401
1914903192
-799786070
-1794576894
168071552
216059259
-939755700
-1772661877
-2001835312
-1413602961
1003207893
1048255275
1800147999
-627252053
-787761351
2141283731
-1377454691
-1251740249
2050379772
-1488606733
108443837
248814371
1217380581
1923282847
357569287
755947629
987991281
-171627025
2111040044
-2125446684
1315148938
-291811738
-1405164198
-1892870729
182958328
-270906091
-1281048623
-717513486
1958724376
-1299053759
-1014304586
1646663867
1395687754
-1219745725
-1075479513
-979910696
-556773201
984052911
1709654415
-256012173
1837532564
-874556488
-1923589318
375126561
-2043386072
-1613576493
-969252053
-1425628128
-750407051
-14458983
648786221
-887630880
-858662771
70218737
1115153959
-908511292
936799235
-1002901395
1037392052
-869787095
61239709
406613236
-860604685
-1661255514
-667842489
-1944950878
-520261222
1943075733
981539913
-1347499541
1231864913
7350738
1744378300
-1393484794
-1584238787
-1798359870
2144129594
-826668408
-1757514278
-778024809
-873461292
-1440669106
-1419741427
1815235793
-1294508216
317712032
-2122026375
-515219193
1088062323
-1892309614
1791364881
-1735269914
775812100
-585519443
-728156435
-881771910
-1525600910
2017972175
1784683617
-1594882644
-613840849
732773455
666106956
1387742219
1515271453
1325023844
29831597
-841307698
-1287320255
-1480625466
-1248039301
1490700569
-1668077386
977477269
1211641268
396237951
1268216035
9850746
-894520650
1380005320
972202480
1027513868
2135042510
-1264937741
-743739531
1413253748
-471220722
516811646
1324400756
126630738
-757876637
1661915108
-835766647
230213346
-1744700442
-2040191642
161182815
133720666
-582913166
-504775666
-378153114
1405768599
-927841162
870214896
2103679170
1752490231
-685778165
745879218
-1836807802
-582124664
1740972872
-313647537
1085005345
-1197379743
-1140161579
-185870313
1117109528
-1029085616
1351642558
-186942215
-463829771
-1301845835
-156068471
-1974743036
301727102
-1377204051
1407003018
-241903573
1425532970
-1301701774
1473157492
-839331256
-829512752
-1654348544
-1720335565
2079571811
-601630815
877320700
885364985
503255859
-1358276264
1192451025
-405498729
1845708516
-932461905
-519236836
-1943041011
554259482
-1072731628
217599049
934067044
1666866229
-1194610019
-2079655298
-142272582
828112854
1386735416
1564198071
910639005
1767647906
677647654
-1991360207
43555996
-1134078139
125802921
1255998220
-17921509
-1133473862
506353403
2118409771
984782183
1287826888
-1925725054
639305054
1625434889
-1826185265
-742764990
1813243587
-395623073
480425412
-880756845
-571020696
2089611367
1685273209
-1119980269
-921405643
-258230562
-14885599
-1887779
-26090999
1610042505
-897732845
-1669008390
757803810
-905967151
650754510
1147376663
828943809
-1884287851
531394877
796884088
-351427059
-832236996
-795310533
325641004
1110356279
379936520
937680216
-1702104190
783133662
1870350002
568700381
-1617847621
-968191307
-861394382
606670093
-441193472
1196378467
11075293
-1725535827
1096830870
-1208587350
9679541
-1021658170
-1016008369
1376488650
-663354884
1220242601
-806739389
-2126149337
-1739353590
-51233996
1589617088
-1883124183
-2056624800
-1279483822
1961951614
823245923
104987900
-302090297
495687959
1337559031
-1283802386
-1932529363
1880341685
-720225481
681073194
-288682695
465447692
2121711504
677089184
-950195390
1207821963
1052643491
1156327561
1566927620
-1569067571
-1769800268
-296338940
1672537760
465667925
-891544249
-688769567
1198655719
105714810
-416491768
1584986299
518030295
566534048
501393387
-687725237
-1727812763
644127144
-478149485
1010589947
-1216268164
-454264151
696810999
1913931193
1080473669
1040857567
1912081475
2113412366
-930862167
2079379683
975807483
-365709202
-883778797
-654885348
61831526
-1363084591
1405723258
-905921931
1021417001
2074011522
1580415390
-2109335984
-1878153935
260721206
-163758959
-752651847
-377677610
-1341109153
-1971554184
890029022
1882525501
-1096512574
1737310354
1375659455
-39479043
2129233479
1966722937
-1393945567
2075411972
905146127
1473181864
133045447
1088953531
-163921717
-213127619
1947183844
-1237622936
1635066187
-173924610
-1282316597
-1686518828
-304059819
-1123651423
-208479000
1415053613
1760881592
1738889799
893542387
601610285
1932606111
-1625316535
-636593567
-612763270
151200298
1280166455
739623710
-1446941104
821463354
-1692116963
-471946887
-1480431780
9200012
-478960632
1096092768
-287795733
346616841
1038207688
1870885068
811561796
-1448468901
-584720650
1805249406
1884887633
-685025853
242718008
1341100523
-109668476
1300661033
-375983933
-1376418188
1585107703
-595719052
-586959839
-36564007
1088387285
611163931
238328372
986549231
557155320
321163260
-468018310
-1608393327
422661843
1013310572
1950139281
1834554836
-1813229934
423057550
612195070
1668694142
-723198849
-1310066968
-580818647
-1075356745
-202985049
-228846285
515887787
1056330496
1502410941
-1080178062
726505420
-1067829915
1471748669
119419461
315684679
-1796662546
828876500
723063166
1864202575
125726042
1744765950
-77484044
966207190
338724879
-137773327
2116090775
-971280116
1663820619
-66541127
652888260
17992997
-549896544
187115171
1290486746
-514570145
-1235779938
794707423
540076045
800561219
1143550417
1169791328
-2092658823
1976855338
-1920929555
2134565639
-687771526
-135037694
1096224328
-603455233
1404312634
-73386926
153503879
-2124366742
832230027
1896663930
-1470860132
1724931645
-319373578
297355839
-1960357137
-806801817
-62164205
-1630399609
-250280997
-1944698568
-1955909094
-1782379680
-2025664677
-671992064
1086579130
768121158
-1241762812
-1319644682
-716590039
-31978843
-233344714
1397458524
-946217093
1305287068
1625030798
-1624545057
-1312754121
-849175549
223523486
1468342083
-1682590425
-1588027729
-936484128
80197439
-195929488
118124788
-1158187289
251758501
-459023903
198927466
1528011990
1480097734
1191674511
1678329076
350649622
1659734291
1376053665
1172294910
31413059
-1505632505
-1218761113
-1476879867
-1055743386
390037828
-1617564751
-2115541668
138311785
-2093734916
720333406
-563444436
1577776327
471876242
1854597427
422836667
1027606146
1949448320
-898953747
2027916017
1858377050
576685178
-835333224
737065496
-188052933
-693331500
572033569
1038846947
1607363318
-757734368
1395899178
1549758129
-1119322828
-2112691941
1361053725
-1168391918
-1688689498
1658221768
-1986374269
1361427593
1804955777
503176157
561436566
1836042387
616172585
-1575886754
-471870444
1990621672
-1770649812
1834235016
1272851797
964149760
-547542927
143464431
91687583
-1944120616
-1171996496
-1658082582
2089497017
-1167492363
2017407012
-1114794962
1834608062
-451871319
62755711
-60236616
-430809294
71216020
-462762978
178071024
301740378
-336117907
865228670
1600101899
1399861447
-215071998
-1978095123
805787312
1969270580
1601699965
481427588
-654974498
-1404493679
-1475165208
1969217108
443701516
357203295
-142331662
120367326
1628123793
-574949826
59748594
1822431176
192252230
-523973437
-1676198612
-1579258930
1982249577
-505846385
-221771437
1410310390
-514884156
-1988434020
461951567
1070272519
-961684467
1865415898
683136320
320287547
1277011856
479889402
1520612033
-732659149
1948605195
2078499720
1870840432
426088746
-382237992
1278901823
1290574510
-2133450899
-1858137007
1397483672
357159075
-1260052214
-275818641
931112868
-1612696444
-1922117689
297158324
1977835803
408555032
-1526931626
-767915702
1291465907
-403235465
1443098822
-2126746772
-593471818
-1631165419
-1161313989
8616197
401948622
1254423038
197595105
2096668310
-2112322013
-172067998
-517247203
-1255738276
1722987431
361732692
717780229
425433009
1157934512
-852197170
-1694957806
-1734396238
1020101062
1813458680
710966548
340406817
1358932926
-1532726871
-528386203
-727811699
1916545287
1065389357
1048167521
-236943952
1000009027
1712183368
1229463829
421205271
-1263694823
160662395
-150593227
-397439224
-316527543
-59567995
-1715688877
-40947553
-566618112
1556037164
707292750
-845715398
1034452588
1265593405
539433224
458097430
966998675
899070928
-589486757
270537018
-398937248
1303801808
-953184948
940614547
1503340798
515330489
-852768383
561170528
390267753
1217273507
1739314160
-635672113
-1647380926
-1538572160
-668261927
-1600785688
1453460962
-225028191
-1365456651
-1448812886
1571617200
1218074750
-1251851281
-3304077
684795831
611271094
-544896493
357252260
-165575310
660254292
1750101573
1472355460
-701629974
705742931
-695830221
-908230556
-1530663678
-1179426972
1478865614
-1739508476
1314877457
333785069
-253358347
-1346959051
808311729
-1188862379
888566131
1300591807
490469078
1995999870
-302940885
1248119172
-629736670
-205619310
-1326210415
-1115712795
-2050422154
-472927229
1834951004
-1989212316
977356
7478732
-1687031431
977957001
-819063485
-71844100
1805436738
1399500042
309297531
642018932
449423087
551629093
-1330340318
1956702446
-4998324
1454647632
1398894031
1975479874
-1722195028
619160341
-1825585394
-1948881180
-1448301283
-176824266
-758312261
133828017
2033560284
920074263
258284435
1613068778
-1281531381
1960586077
-1236155641
-1829673600
-917554015
-2002612783
-1437552813
1816468369
-2100676703
-241636726
-1088600369
119798578
102383758
-216955317
1365150853
-493790609
965047837
-31939543
1472049667
-1230957169
1728069676
1146613873
-2114751887
-76853605
-1246334221
957035975
820480741
-1711398623
1495724408
-827801454
1491002357
1607487029
-885882040
-1658710889
-1721089907
-1545329480
-1890201245
-473442076
-7305725
-1174787620
-1806582153
-987357713
1254945128
-1205385753
2114227793
-925081091
237686304
505051446
-697724784
-507054136
1498251701
-946184828
836518555
335917915
-2100494105
1837299564
-1021895468
-1463418559
1396441607
-971989973
775257869
1400163294
-542211964
248311723
-763137990
392090395
1626105286
-1405141316
1750934888
1410095689
-622499014
1439807908
235635694
2081378366
1673038253
2071024345
-2086006047
1539921348
-873297442
-1098496500
-436858932
-568244684
-1479767475
1161792361
699243168
846603869
-1402171815
-1374962915
-1742656279
-2087215703
-1179161975
-1916918504
-1190604734
-513122942
308585001
-980999917
1087490059
140581617
1442449944
-86844716
-1934581160
-1453785464
73286880
-225304912
-368122836
871542402
906914823
665119313
-861223706
-881895640
-403408220
1364641209
1362275579
2091603317
-1281274572
-1621546874
277703653
1766221820
361122478
-1532465289
-1516545702
-224163319
-671610156
1988896302
457954753
-311894778
-863728181
-1599362761
916839905
499794976
1924978925
-1220778935
-1625709093
611292714
1564151006
-2065747766
-497258662
896633281
1084967133
-686385000
1198460680
1828110255
1580134236
-1969749754
428004675
-106131564
-2678831
-1135214044
1048038928
720206531
-1402177074
2101505603
2028637263
1629579625
-1937277617
1772801463
41350192
-117303820
-950133678
1778012894
1262008549
1076906673
-958377555
1171819105
-1494646376
-382937673
-771305189
-1270068295
-1048057441
143808259
248784023
402566645
-1938698258
-2086974236
616155885
103941305
1418701261
-1026424167
-1726469235
1035807113
836095178
427705656
-475434078
-2120510137
-1959009296
1832846032
-1122717598
1420234234
-6683592
1870411729
2145893031
1377299664
1457394751
-29372756
-1593063490
-1934278555
-687637703
-1177922122
1639035775
1030639429
1348619045
1646440273
1458591645
497761967
-1131783615
1647190093
1008763967
440066460
1697775552
-288333685
-1851298353
-442502145
755460026
376017379
-1281776624
601900621
-307318172
-234733241
-1750210954
186424638
-1943645568
735303208
295201201
-77575723
-1167171818
819860504
-44277110
-1719419490
-1578709916
2065732272
-1179981325
-991060170
1621344274
1780043699
-29127080
1924277008
1278637226
1972879219
-188996037
977841269
-245604282
772145011
39499775
-1660159284
1626182282
1530924877
1896188675
-1170643173
1384021460
-1440009258
-117787150
-379062835
1001955250
666757247
-2042511784
1438138549
-1548698476
1481310973
-1193337479
680164690
-1699175742
32042284
-419774883
-1684528300
1955965071
-621274832
-2119710417
-1406994593
1004820942
-1202056227
-385003576
1807973902
352651397
-1273177768
278179717
-1686299846
611595488
460607486
-121914272
1801347451
-215154584
-334099068
2004224318
-1202170386
-1696391052
-743847330
451535237
-882922440
-825949217
843261796
168478705
-1936245045
-1555161093
-1459639885
-1671655768
-210548888
-2084792124
2049839313
1128750219
-1648813084
1027389528
252865300
756429774
1261925166
1376774566
-1699967933
2034159050
793736847
-1189336474
790415997
-1339367407
-869850316
-743692216
-23255719
-1817698622
1373749225
989298031
-1748812978
-106590177
1052994343
1150140448
153203029
-1103493796
2012284240
-415868490
816181452
-1923560263
97385272
1552046297
1769562013
1029107922
-1894927129
1164751599
234583711
850696501
581348508
-1120360239
1021073980
549675061
-1489931755
478495426
1186322771
-621039107
-1373757939
-494397540
-2030373282
-1923053337
-2033255930
1792070475
-34316585
-395175154
1498374216
-1776668545
1006793943
-1138406111
642390056
600070557
1724108544
1583283834
-1437420915
585098486
-783723875
-1714453906
-238441808
208658490
-1485878265
-486810906
-1864675550
-402874578
201664842
671582254
-594168045
1727545756
669235975
-978648563
-1626191920
1980834955
-1884545125
1576021525
-982282611
480096944
82295936
1829726011
-1421839772
353388580
2145642995
1264380585
1739719325
-1122427562
405419223
-1444954670
-551983825
1812426050
1679842009
-1356308025
416786823
-111523102
1130980563
1821304776
1102676871
126147045
1565754229
107297566
-551210287
921755294
1932825122
1159967783
-1716970940
-1501177537
-1471060969
1466124466
22924230
2024415302
470433746
-438702707
477531204
-1995002314
1506356400
-1597833893
210211830
539858570
-892012840
-1704544086
-1044803865
1997428198
989203800
-502189245
1888887220
-73240177
-1073176948
1190806212
932279955
-661644771
-1335257402
681919084
1093736087
-1448622737
1927439659
190365749
1727042353
87880670
-1634620709
-390371544
1544078329
-1658219340
1217214548
396671724
776379566
-499204641
1373371671
805664927
845864827
-237196575
-1054028404
-1716211480
2036084603
43464458
-1969675486
-332665012
-1207351425
-781498647
-619627846
-351403327
628185358
-1067657985
-285133499
-1795605632
-2061183060
1620874678
1922375339
1356804639
821113951
818898577
1341914862
120155102
244206958
184614051
-211265137
-1332514752
-1907583380
1752073797
1603190576
1108878301
-231785356
-1964166142
-968272518
-1797686154
-1848784203
1065082070
-1307477696
130474570
-1156771024
986591640
-2073108764
-1070083417
1517772736
-1433193549
630052089
334862275
737685338
337634076
539266346
1401432524
-968883306
-968730753
350850905
-1136161476
341377646
1066449083
-530859254
1072972402
2050846788
-406140271
247364354
1353620094
-288537047
1092353943
1127419691
1431176508
1200646236
1618429810
570560698
-2137609053
226967824
-1708848061
-1716087661
-1092816546
-1104952463
607064929
887001067
1586207900
-459203863
853357897
1968857903
704305956
244353694
791748818
1147121444
1498633643
383140159
-75588188
-839788466
588905065
1958290688
1512112618
-573252458
-1498002455
1163189218
-47853754
488988454
1863207200
1156420663
1188014853
-1660219753
695222977
1201230181
-2125191789
-1968649906
1202991567
1571471593
862586161
-54516702
-788307085
1552276383
241502180
-1431029950
1817087503
809948991
-856207184
1358026070
-815291502
438840362
-1233128442
1048678627
-415894259
-887311513
-1924049030
1424634867
-976192634
1574904039
-1647224648
-590311948
1135827468
1342725648
-872386632
1361820640
922938635
1121093752
-1407958991
1723027102
-1340081439
172398833
1822772810
2141123495
586537393
820967109
347523735
-1289387027
832872054
-418809022
14330179
-22831881
-1397315238
1792518520
-1071417208
-365942704
-1607326905
1817452096
1186507367
1441232162
281821374
494959745
-1476835947
-1633957859
-1702011416
1777293742
677654964
1243907484
-7190550
-664670574
-415460670
-747415030
59262845
-2004250545
-1001134122
2133394562
-1538867012
-2122762845
-1765089016
-1059477579
-490570688
-1957458835
-1858789199
835372304
1053027689
1283875695
-1919198252
1509115422
-1265956354
-1867748267
1671073243
631781418
991987448
-113600010
-1013566587
1273437736
1304268442
-558981415
-153173730
-1126630188
531645381
-1605873671
1695336433
1815577883
2041882249
-793776180
-1645969669
300941498
2132717055
-1551391359
-1675844896
1391846693
1638640469
1258726537
-341909214
-688836439
1503545897
-375338919
-1266204016
731051476
-1641430501
-1297766291
1988839676
-1373849324
-43643491
1777232015
-2050444240
-1655864163
-1940899316
-966669991
1434919457
-1414408560
-2080955132
831143159
-25756059
176278873
572930799
-537787343
-1750371102
-1307888040
2128939743
1991612328
1127504839
1281057475
104579997
318562655
-1005041472
1672931017
1142550018
68160125
314459493
2125178619
540932228
1489297744
1641666290
2037110759
-1898878957
1095637909
132336957
1709626373
827769381
2001074422
-1554936604
1677650903
-675052529
1667369427
-513161019
2005505099
1148304279
-1697243580
-1815290190
1153013603
-600173370
-632774306
791759717
-1821824233
-272600831
-1449466699
-1858868815
1890849401
1225415514
-420732894
-1558646534
179318042
1914170915
812001734
1861871335
-434825044
1672281540
1607412302
-881559467
-1484142360
-1342071602
1758187896
1522101646
1415133618
-655471281
259116756
739913146
113090425
-174492825
1082299087
2116453781
-1694254620
-1913594597
-1012753427
-2108447390
-1161941846
731083625
2053231701
1698728479
-329579839
1836869787
422429586
2134590969
1575731130
-553486368
-108095337
1659755521
336765803
-1328346601
1268535300
1800446752
-267516978
347755502
128547495
-1989450680
-1140530904
277266731
-722114492
-179460116
-1723459475
1650934089
-284181864
1329194673
-346171422
-1626781370
1974707355
-444165787
855325188
817143483
-1837016570
-1535957968
1725573800
-873447380
1365275412
-1906394872
-981206429
1528626849
-1010939765
263245162
184239147
875011189
679971837
-1717817530
2140014909
-1690466963
-85155765
1693402426
-1286396095
1888252940
1559524970
1101276675
-1970893652
1321637924
-1193676183
-870960336
-1001795738
162140848
1500257458
485108503
-2054878804
811850465
1315545999
403760653
-151117514
345202806
710177008
1629237968
1585110172
-1925873840
-71149461
-492796344
-1725666572
-1038968763
-1862524541
-355110289
-1213644352
1505026868
1510765100
2085755020
218395911
1453936216
-1619763826
1709312678
94367169
1243512545
-892101879
-2092806089
-134667657
-1759852864
-147936903
-1453489632
407254571
-1145363518
945644218
-560385571
940810612
-1300587552
416334702
-1170862087
-810497555
-844985644
-897127683
-270039612
1808018384
402240751
-806316067
-304171454
1405483485
-2133773527
1409000466
114301541
-1867884672
1944816761
-1448458760
1446653055
1139970354
413896807
601299264
-2035886351
15660830
1153287903
-1857932233
-150431192
-93241848
1044941126
-1744581298
-1192256054
-523662742
366745810
574960854
1147281707
753306079
-1709357546
1156130570
-85524731
-535609659
1941601756
-69682606
285751400
-363634148
-1327214794
-952472122
-813778193
235503540
427802327
1697455088
1654117940
882913415
-774243426
1559811542
1652036741
1604458339
-1375057805
-549197258
-1729729833
977437644
-844615850
855285011
881193978
1930616607
-1555476043
-730049680
-183260402
-2101393414
-23369219
-326551717
-73344715
225378267
1881428594
1922537516
-736482679
923504391
-470080189
1256753934
1039572560
-914636116
1785383384
-534278210
-538392978
219015497
866091887
47791507
-786429414
1897853261
-75082522
1788427453
290381780
1136807422
-836874791
-1100476463
847655574
-2063022436
-941026065
-28479100
-1673173431
-1950182459
1932084081
27019958
-1591627910
-2005176549
-1502452196
913409202
-950095283
-1372227293
1828173623
685194164
-67265359
-1051584144
-230431258
-1769335382
1046949845
1113996544
-1428848960
-605889
-1406636838
1051301605
-692008545
199352596
-1484728119
-930691289
-332320584
-2121472176
1274842054
583830504
-1296988950
-1454463654
558071685
241066185
-1362906278
633246693
1357566205
1598369932
-1798979521
-1409411284
-676599460
-655950598
-1951720710
-929348738
-1204764102
1278648583
552509289
1010623997
216250640
1813713203
-1869424516
-1744841310
-1708874261
-966803918
-481601529
157929603
-903075492
-1334444593
-347916327
-1453954728
-1828624974
-915825140
849483790
-729364165
-327837846
1676215950
-281923935
-809154130
593248486
-832336841
1235172421
958016226
1735253341
-96019692
368015988
194964022
-2052174061
-1869702534
726980295
-2007892739
1762622665
-1889030293
478547848
1948578692
-107228555
1020969277
1018463621
1453017170
2130417974
-1819810691
-919808218
-856662095
820206209
2058850320
972921026
1881111405
-30883168
-1465696101
903921197
277915355
1562293853
790261284
1415154069
1155129116
-1263497222
2110699513
-1245572210
439614371
1488959331
1423731408
-786382742
-2127095053
1556482470
1406321967
-1940965682
1080727469
-1997356126
-942563827
2038541185
1953548745
1595859966
1015566777
-1227450745
592910371
1632712797
1782323451
-2038160018
437722681
844728783
347745912
-105251097
685632051
-443704182
-1636014502
2057513879
410687266
204076761
-1366483920
1012742191
564512652
545497939
-1457415406
-2022251335
-907557848
-1470668208
-1599052792
-2493131
1509638885
1263926937
834336427
-1289160860
1927748145
-1596671650
-1260847091
1708331490
-370580361
1250165100
-1022553131
-290639750
468899816
830335390
-28748882
-838786635
1880708733
975245972
-577984286
-1292338764
559217213
1229192099
929526849
-1974317505
-2092228165
-40374517
-381626297
-2001723363
1881096418
2043805039
597950845
-1967684187
242842100
715373697
376377631
319515285
-1821424944
-1376469764
1496550910
720959777
2080021107
845736919
112361384
-740196273
695243456
-1907404105
73177029
2116807553
204485251
1591208868
-362738237
-467820717
332329907
589724671
-329510731
-1935421529
-191340041
365144755
-1738542216
1226023677
-1148543637
-1857239637
1076000535
-92752121
-330185309
-699012477
147445616
1684986492
207655151
-948337023
2003533335
1979519020
-1687907360
-1865719354
-2063040647
968175444
1614347531
-1869305408
-487438780
515683635
-94189300
1268887266
-767291130
-375874596
1867363021
-960411241
1556358676
-824227250
271672328
-2069816717
-1790320212
-795807295
2113579530
1378949547
-403439010
-771232702
-1542671688
1600924103
827119527
729280641
1835701719
906666389
-181389602
504114921
1780067975
2122252640
1830902355
35761137
143755536
753682274
1878855348
-1826853967
-384407328
1455986550
1020711602
1563116216
-483939628
1037445649
-1365914395
574054428
-671381578
-381176205
667991021
2038031569
1687550726
1099222040
-592034599
-100459458
-90123779
290836341
-440319029
-1054594547
621225678
-2021224992
2144273115
56967490
-1799959506
25795791
-148407493
-826296177
-1760662250
-1449789372
1097204892
141856741
1655137479
475763848
808654544
-1521665202
345412366
587388694
1118175665
-643971335
-1473269559
284568282
1731182400
-1807964010
-905254743
1899242395
-631356400
-1508519452
1287960632
131851444
-1176899099
-196880249
-1494459106
1502396170
-990572393
-2047654114
773149343
-1236452807
658469180
117533589
1866769255
1883045136
2081333125
-443992393
-918875255
1654147391
-1911732888
-928644858
1168729797
583728718
-1578457857
450709710
460080905
1052530641
2037206191
1880997239
-1983803590
1482414810
716859788
-279761893
591461939
34285230
-1999283204
-1351343784
-1283549683
822582458
879850138
1357337702
-1143133280
1437733831
-1452675236
-2090061973
-411309494
-1933440404
1272101623
-1349318387
-1550725138
2069171396
-908694911
-2037980343
1563845951
-912113311
867990360
-994851966
1606891070
-1876602496
733800770
1223817181
1410191105
-1735188355
569672405
-1550852661
1480736949
-232913271
-132145127
605617638
1078096613
-558464359
-889774229
-78475007
-199834373
-1739548767
1181076643
1574093433
224445447
1493518593
-2071292295
1679377361
-1160185665
-1570051521
1474180644
879035774
-808644154
519452151
1025060163
1777084670
2095050288
-18784241
1675705856
-1713864658
56708166
808818478
68403571
-910414371
1303060613
-899241618
-218857405
-94946405
-2125539092
-256393137
1709109651
-37734185
-1413672841
-157587473
1905394714
1720661800
-1414105370
-709864073
-334703213
-942950422
-1988300606
-652238632
1433730136
-531407091
-374852703
-1925683785
-1461369015
-512196823
183591592
2138046373
-359786510
1425330900
1920823121
-1716693613
-746669332
1530787639
-1268366739
121170052
-1627299197
101612511
-1816202900
-1324181116
535406489
2093980624
1984922588
-972465448
1875883209
-1094913056
285805871
805322870
-1389330481
710724161
2063277760
-1097882697
-368200410
947698526
-106965480
-1763160502
422459890
-343154709
-622589076
-1127620500
248145952
-2144813001
1403348074
1471997525
-2005047093
-1303729980
1689800500
1976848629
1241993441
13841432
1227106732
826361312
922870790
1758338517
1986271474
859798149
-1755045449
393392903
392123690
-191918426
1942945970
526087101
2092166530
-451405308
-513803115
-1214400038
-585414542
-660774567
-1049863739
1806989612
257942598
-250943862
-1571667055
-1227985731
-1999627303
1858684956
834349206
759252329
-946736222
-1202838553
-797116060
-924275280
-1812450572
-491065078
-84005535
1917925069
-549892735
-1724185313
685421037
368870151
-320020193
1864382638
-1312413753
-1408417466
1606208462
616619750
-24505682
-1770074648
1828920825
-669973367
-1983586485
-1208644395
652111100
1528572456
-822549683
275927248
2094680550
1260645776
2110307285
-2029755376
1356980351
108746372
-47141355
-1522858481
353305228
1014872747
1164111411
1406169761
-1488444591
-1250202421
1088876658
1561708103
499386198
-1218073801
-1929762669
1783124932
-1951257490
1789297030
-2009932935
40779505
1270033908
539529605
-78911733
2095149261
1992075608
-782370962
1158325341
-326289192
-38246695
-1806385831
765347858
1683238816
-1964586349
-1411739150
1642751227
240725659
1242091964
-308758933
-98274044
-264277705
-338288598
959207348
1665567823
-1155321041
1585963544
-355547415
-162030943
541941792
-2104916440
-2057026292
-1918116099
414853211
-1813212245
704599540
1967550862
-1229746436
-1756552928
-246296956
1118767049
591283515
396930810
1835274782
-266512686
-1775737086
847342246
-1031916710
688764959
2087644350
-591127092
481684466
292090971
-962075015
-2054730284
927965185
514021516
-43199448
-1742843989
324001900
1775597943
1302441793
-1251781690
1853759648
1695762754
657095057
-389566874
-1829727363
728523611
1063937355
1089069086
1816421265
-196431208
453306979
1902453394
-1574651255
647157152
-1861591780
-460948096
-1426699293
1614538120
-1170286113
-1815107580
883185384
-1437957440
985897551
1307589143
-270052391
1232423984
-396884071
-1268649384
992788584
-680057699
753475088
710743055
-1865760919
-495588782
-1317341704
1722163566
530677705
1831503099
1910605217
436631065
-252207426
-1377735213
1132130487
-1454012953
1098774848
305731073
-1720780584
-602881046
-1053122377
1005965119
1025270631
1675392428
-1109268747
-1499915587
848717983
-1775765829
2015343973
1474593348
-727613461
-1412157336
767730564
894328733
-1430250125
1935886795
-1948417903
-940493262
-1143655174
-182135799
202065024
-1243315466
1642829286
-163449128
843881523
2105026178
1963881632
868311363
615875820
-356921984
621851934
1104347818
-829117700
-734135476
31836861
573558797
-987398208
1335663319
-1995947693
1314527625
-1082574131
1252735439
1905738628
1414476833
1699887722
981291516
-778718636
1979939777
-193956034
-288013075
-632643074
2047734144
679804746
104263123
694964227
108591653
-1964135400
-1770590804
-1245976955
973209836
-474380236
1571820963
-246832940
-1939209591
-1198942245
-633695306
1862149449
1477788781
1323890930
-2083076711
-713086893
1582873671
1911721529
-1225271847
743615694
1891101645
-1513510464
-1019705532
713389467
-2076298053
-1848743271
-1446587768
-2058453908
1833625884
1137557966
104413722
-898465313
2044173255
-1107799403
369817689
-490206514
-88836820
-1234525758
-148214798
1315790564
1907265616
-322680708
-958962043
-1152951180
-1219451883
1475550771
-305839735
142161285
-1355907905
926059985
1733221740
-1141741007
-2119169613
-997291473
1573449469
-1825467346
1180238720
-1740843574
-538886386
858773421
1305898531
1645646262
1891614804
642911586
267090822
1420249041
-1601658990
-1082525213
720081482
-1025121220
-215174666
539174454
-385385275
167727623
40363459
1511796132
-1349516210
-488526037
-1012688593
1562809555
1706065079
-827176004
359463822
1389657619
-683146214
491251806
-2138186577
144494327
-172983592
1617291256
1624804997
-1231840472
2007922654
1091332264
1201519881
-1984042891
464895274
419198966
1473077343
-388685779
-664670067
1489950283
-130929353
314556848
-1095000910
1173290403
-2058803339
-330683837
-1528971682
-1833738367
-1876083948
537101860
-837787143
-1998123485
-1121386681
-187679010
1672549708
866665719
-385939487
-419136802
1753887115
465732685
-233084683
1643020869
-624541290
-1461570483
1357336769
1306664191
2008877179
761987882
-1432233017
777207315
1286335551
-1717996905
984581948
-2053140420
943966430
271272058
1904469414
906737593
1192390543
1381095135
-2074117696
-898474655
2020496971
-1653846226
139844512
1919964921
-823182448
37196960
-1548841957
515539145
1860616802
100942319
-1795876248
1878989932
318261906
173725261
1563656194
243124456
-350254782
1098988950
2098976467
-811702274
1902749095
232007624
-1986736754
-1434417982
1235017232
1914299314
627998300
-1711141011
-1975060185
-1994673941
-767849542
-212499855
107677559
-567427835
1403299744
-1993554739
1267415342
1981628419
1028319462
-570466910
5491747
-1820365817
-2052091165
826789126
1626887705
-372038577
-690080937
-184738280
2141515589
1670557538
704658058
525010516
897122573
-1485711227
-1009815116
1507599912
-610681582
-1411894156
1196356511
-1724956985
-1069121424
1550744910
-1870099573
-1800834756
700032836
1200699856
-863592879
-1465591103
-1404791698
-1746263099
-1667169846
802955856
-1161956969
479527357
1941268080
2122894202
71658357
-1756633091
441071430
-1735171464
1221619277
-278784843
-584772619
177329535
1931978425
-1324098696
919357751
474058584
-1556788565
-1910156312
1241312120
-672127185
1392537265
2117124016
-1483376710
639547818
1404169082
-308225097
672079544
-589742275
985896856
-513634159
94248526
268202940
843241862
-2044938695
1924386071
-264625359
1981535725
-1284251907
388185175
-212537361
468893218
432758201
-959212517
101311975
-681245965
710146887
1710853535
-391155911
165965731
290197301
-360468497
670465550
-1610976974
140242872
1190867664
213122980
-1780347424
-969610015
1926605791
1566960809
-817147660
1078479630
-984487429
1938328269
-1845285191
1724838050
616342240
1527100306
90645705
28424952
-1163929836
-330222490
-1187243379
-1720865132
-1473638395
-547185678
1240745475
286160539
-1152852877
401475764
-1494738750
-1458772091
650391307
390253771
1958902075
-444172016
1683915604
-548406511
866176064
-803345545
2044193998
1102852462
-1452567862
1176800227
116421720
-956353429
234135542
699321378
-1654102062
289484805
1404316497
120463766
-1564246014
-156454461
-439467180
-329949329
947781819
-199380982
1453220913
397148188
-1598998725
216609456
-912312624
-712502786
756480725
-2078379826
-1402946540
1181596510
-1020128305
5994457
1688168545
391023009
1281076365
-631459853
-1984760990
85065657
1372860654
1628426622
-1514938361
-1384900641
2113421301
1768431602
857931981
-153244546
-1700752469
1169882608
-154239935
-1163527054
-474086588
1296641687
392435142
1215020657
-2102328448
302667797
-1797734763
1898411977
-991016620
-1240097920
1841935109
-1535112629
91779785
207312357
-931420148
369470855
1456527907
789667489
-1939813115
428263225
813692740
1786009327
-1202281038
-520792318
-898108590
160816834
1700331653
1787488602
1603949207
370721493
1299680538
-700168764
1641273513
540637183
531617544
363678788
1003489994
-342722613
723888345
998815246
-1334315887
2079412807
-1957684394
-781800065
1166414537
-1651865316
189912327
-218599088
-1766618984
573016031
1159151097
1629386504
-2136931613
-1161081435
-381834303
-594427726
-136319503
2013240284
-1150105151
1759533520
799465806
-1949974952
1143718313
1468018575
-1492752911
876822700
-393746368
1463466043
1763801760
-1628166981
1814753892
560406004
-2025882989
-827232626
-2095647153
-1819287390
-1195161001
-462153370
995015963
477897510
1735257845
-1196832235
-1685247865
-563865647
-334433453
712102537
-706301701
-124043239
-1288224807
1886280361
385236937
947024777
-1601091497
-1522613661
210168245
1455350265
-1386499035
-1384804091
1036012983
-1265466113
667280523
-282229300
-1024222210
-1048202075
-1982857885
2038865338
-1601992392
1337512795
-613526531
-1785912660
1329705488
-1062189777
1748658242
127539115
-381668616
1234970171
181914651
-648178047
482244648
1623225437
-508191469
2126049935
-876312091
2143920173
1077638202
-1013467938
-26191610
-1021003477
-1761939380
-1135360653
741134259
-63854280
-1150468589
237131238
-2059228560
-1365691577
-296336631
1187799349
-1095803559
1064806740
-1520611776
-1412508459
1580108207
-1566012012
-83528826
1177270026
-668547182
-829517075
-1372719933
-352919944
888326159
-1535725400
1508203942
1581125368
-485747875
845954404
2111845760
1200983983
-668145820
-700496563
-1450284177
-1299214755
-254608770
-404910194
-1646731073
49669106
1675961984
-298711293
641906060
839061094
735723515
-1262126541
1203780523
-2142211127
132095422
-862525827
-598756406
-2063777127
-2107501409
2001781392
-729925419
921862995
-1757123718
-1000080352
-708477541
-1637994676
-1086682246
-890725163
1549090993
-1010278208
1869672598
-1532015993
-1566205290
-54333397
1763450462
-840034648
2002618903
1164251863
1812208887
883314945
-1662295308
516542134
769409636
-360164959
-203226428
-1226745999
-1904751610
-1628082671
1410330645
-1974294336
1391463525
-1005613620
-966277161
1865150972
-1210502864
1019810285
-1645503239
200648433
-1594956414
1373570090
1833774676
1134905848
1400001638
1272103168
-451471672
-2127936699
-2079895651
-1080585936
-2140841052
237001085
427204254
1576789609
1865284939
-1797742708
-1483228707
-501403834
720334355
2141383604
553940560
-1129286022
2140476272
1397697512
660432174
-270974647
-591383215
981412698
1359866873
-1930731207
1839595465
1607900497
-1930733377
-1307857655
-1785103630
664830272
-537233764
1013896418
-10314483
-480365548
878405250
-1808480820
-873342226
-601505075
-99368900
-1546497950
-1676551530
16405072
1600864175
-840825143
380578849
-1381846918
-686849438
1414563294
879242466
-1171299720
846698817
1650957742
1872066764
-995965867
2135454365
-1149301462
270372371
-1304228396
319250551
-649018085
443320082
373772415
1098399486
576317011
185798255
755876607
1675165525
1636888357
-81923716
-1357189714
1644468888
273468438
778695904
-83456918
1722003744
-2000699436
1800261494
578042284
-583968250
1176786534
-64065676
-1048365352
536798950
-823535708
1848634831
1124197845
768188389
1477504234
913822686
862373856
1981922292
650145288
2006685501
-2108025443
-367912619
-383415940
1696624627
1538802799
1735162462
-516834334
-643830569
1990659336
-1323939204
-1375974741
-545854929
282838851
569257850
-1699465715
1377488537
248196912
1386408707
-1486170566
-1450495442
73918320
-111652763
2144245716
538203107
-292139837
1417630359
2037418911
116982067
-1462669601
-1257083268
-1515799177
2128663546
1172718211
-138939031
1573422725
1062333092
1399283914
1952447460
1117867693
1665891974
919398340
-1458835281
-188124854
-1299645301
-1772531646
1925849092
1247557917
-582253549
-2011869967
1473226529
578627457
100790295
-876476759
1262459910
1334704868
-1895444848
-222148089
-2032767620
958015602
-450500071
804289080
-191053991
-1785479918
1075661266
-765436649
188040962
-313992811
-1969239160
-1234627462
-1769116623
-357024212
-1298940910
1631901897
1425060344
-203515621
161616381
-94811953
-2114245626
998083756
-2067976597
-216767788
-840465369
-1275551643
416827447
1215789802
209277969
-831286916
436725085
-785726841
1401739100
731952778
-219806055
-980863660
-899597870
-1083872641
983230797
1975385923
272827881
6664918
-1164606553
571060199
-1483704435
-1612212983
1477254914
-472461569
23705377
-1198403771
-1290292083
548054611
-1426374457
445704289
733409322
-1015524157
1198586847
1156107020
-2030568040
1923710620
-981154098
359161926
-1319074861
-1164890323
-175932672
1444404497
-895126854
305315738
-389042897
391231335
1464764146
881841903
1989783012
1950447214
-508319734
1347278711
-956789186
-1551707670
-1695578913
1806978382
-972542735
1917768946
1882526274
1091252789
141332369
-716441626
799789015
276372133
-1445262320
-1578015329
-1949239489
233742374
2035156613
-977477656
999946617
1554881760
-711964882
545126189
-227086715
-70251406
-1407636296
737184114
739892042
-1189370366
1543716541
-1341408122
-1496190535
-1632861292
-746920819
940173175
580398897
1574070943
530269232
-746512568
1960639781
-886994467
562793899
-534029599
-215045
2121318498
996994
1333289542
188432439
1384956400
-824186498
-1242366708
-1551566376
-1526158199
1565535920
-987360249
-2009735679
2081022788
136449973
-498746808
135103196
-680115612
661470266
-676638394
-1820246597
2043216038
1696887490
343096410
-1995717761
71553497
461517222
796776304
1613491005
-814276940
950072413
150775035
-1095076066
-42637853
-33324803
-1160779991
1012467590
-1145890206
-65664511
-880273320
255499383
-120220914
-1694947252
-1121847609
-1498920648
1003020153
1467216238
-20244592
1219165745
647861757
351972901
-1687669547
997035288
774696723
-930351835
1148562233
1450724178
1888666085
-1812058597
-714220910
773453459
1836201505
-1166819089
1449680348
1785184199
-588038385
-1253280438
1214271088
1836621876
2058630117
-246495657
-2118187404
-1071751969
1640765785
908865228
-1448339819
60873775
1940877432
-1959808725
-75865357
2015801808
781360822
857088068
613784413
-1128266534
-1644018875
2063854591
-170753346
-440978383
-1826943574
-41650600
674740694
-1575166674
-967841396
1320891561
1954283820
280701054
-1270443058
-89186001
-1093523902
1626767690
255847648
1176322246
-1653993462
467671704
805477458
902250743
982621849
1193338608
-1852581463
1006596660
-1428729318
-1263933886
-1418498442
1350804065
-1623462652
427879943
1540179363
-1479763050
-1298168433
-1311813723
124001296
1158695715
-211174813
-1429602025
-182573475
160486612
775159442
-1973343283
-1604993015
-55372171
-1892142904
-1021360688
-2070054980
1727750040
-1917521471
1585322281
-1865937696
381116821
-1852019206
-1686479485
586822261
470326225
670666410
-527120369
1704274725
1534249027
-524106253
-369511001
-1440312682
642124852
-2003768747
-1938369739
360376319
1064628549
2099500386
1048078422
-1951027715
1038248630
1946532279
1069426745
1445671847
-1959499036
2050581546
957459661
-739943713
-2080649965
-101786560
1967587355
-1703022613
-1278568594
-1560471583
-160311313
-2071042493
1239275851
-1818839474
465594302
513674924
-1315919438
-1415907758
-401150781
-529196411
2032273951
-1656529993
1033197674
1749811296
699380103
-721307653
820165874
347346387
1893991320
1869187652
1991270477
-1970310512
-1879721915
305851024
-2002740918
-348426061
-1065617535
-61574096
-2099520779
1299340891
2122444105
313844598
-1688169923
-694274949
74521064
504126125
96516567
329213682
-518397322
266895945
-741717918
-1264049704
1318462881
-1350174625
197516492
-117602278
-1170614097
-536558762
-2117513997
443926344
-293474109
593804255
-1454245233
782439597
942808158
-1702223326
1496650318
-636950624
601231656
-1982213575
-1942873792
163185945
-1998360080
251644897
1448504437
-1231867770
1074106609
-563478162
1227265763
-1808820769
1525453399
1764532735
812425613
-370065161
26063617
94655219
-1378303518
-1354156523
1130018695
-1585574757
-1533801886
856686531
2127742845
437489200
1706754439
24692197
1328494841
-1014588153
229655266
-1573502452
-887943086
-2030796029
-829059453
-99998452
-531875798
-1480687542
-264508770
1030537675
-1675512401
-159701958
-272516246
780407131
-1785045731
2028978590
1528821068
-461478837
-1680094586
1219523100
626380085
920016186
1719247573
1090018546
1089768263
-1857367892
-1131847408
-1624034079
918774718
-156285408
1238315996
-1010032280
927824397
778393185
-610488506
157648693
1051357767
-208497892
-1186834752
585130968
1542730944
-1019599950
981549928
-2083442503
-1914892
-259300529
561670800
510361932
2050057382
-1573663685
-647149446
-858992510
33433676
-1986804624
-663751837
1294086530
-326628950
-1701109909
-1939416382
128702360
365228988
-234133178
-2094876975
1314695533
562309848
-315928826
-1225823156
1191400312
-1334878188
1255651378
-330897288
-842166860
478090980
-409705052
-150521498
-573732717
-493010681
1040656802
767256184
724874546
-981781340
-1738142416
-1401238236
-965321523
-1907466065
-1357777249
-1227160073
-1145586828
1568236433
35431785
900503005
-2045079041
-446863352
1477580608
704311199
-439721154
-152441781
-1857377692
-280196692
-1316761483
675239793
495751476
1135086619
-875509498
1679491346
1595435784
-2135958800
-1599372944
319393582
-1146743235
-25853795
-723163784
-1480143283
-158068848
-1027949364
-322012764
1694525416
819786415
-294765733
644669424
-1776084217
-393482227
-1685178456
207319996
1966103339
-207467531
1601933325
207728899
-15435411
1995258594
2104233390
-1085908270
-724321306
-1855148275
441640049
1635882230
1818691409
98626374
-746410163
92955895
-1769537809
-820121849
-742626104
1137102405
959364778
-836694075
-1953284166
149224881
-275934339
-1009364087
843380822
-992528354
-1984866798
-2126487361
396601706
-1173127049
-1901507668
-1332799666
111988197
-783079197
1971040583
769533672
-1221672294
-518143177
843470076
-2011810142
-878340029
1026434220
-2021334614
-1224707642
-1820032569
125268177
-1107443502
876973544
-1045339457
-1099210813
-1837058365
-1626431945
1061962294
-234736742
1303420150
-1500559340
70559152
-1554509530
-1178345797
-1138348824
1968904301
1480241114
-1967285228
-1422287566
-988978450
987600136
2036045536
-1463555874
-2024786248
622480974
-703377861
1206116573
1950437975
1011179344
1782246436
1761304049
-928423515
-713566554
-1340020383
657383624
-107667893
-223822312
2040499103
-910778548
1732342920
1995495944
635937244
883069753
1310634033
-1761186769
1292903177
1958239727
-1905592840
1638264203
-256994582
355145097
-1272673040
225964952
-1768533695
-1856352467
1712897104
106149053
1679505194
-1715012955
-2082717322
767614985
789980872
255976238
2076615215
294829086
1018196257
-1556026992
64610101
-626933395
-421185978
1703234414
1729383160
-1270340701
-554294345
789482463
205686945
1855520354
520303876
-1510289092
138671955
412162356
-1647617353
1856949307
1142164915
1878750908
1737894769
1101823036
-1827706454
-374136018
749011794
-601791261
-1609328535
294581760
-1836304994
-1062598426
-1266361683
1557871329
2025534620
928103975
1798662468
-1072663062
-477834303
-55365883
-2032271922
1471526674
-1033435122
965680366
-2003852344
-531615513
1214499510
594819128
-1300032058
690554491
-164429309
-1788075727
-819320065
-322075493
-802188167
-498145676
262936846
-943900089
-211809733
-1969253251
1480429047
1425843293
-400727891
-1561744768
1481762407
-1334157162
-1545538470
-289372043
1488127039
-610264138
1089250584
-1392563593
-27162285
1346875135
-2012309398
217564494
-1493730706
-1260379930
-1594606044
1462245450
107187865
1494580489
-1634305195
671123538
1584639644
1342814047
1367547744
765024316
-620140347
-2091118928
1600522092
-1156410786
708533479
-1944083896
1215730686
454063972
1783817381
62467815
-694922013
-812677533
-1597670416
296167163
-1456992430
761819694
-2126664243
1807129104
-896761262
-561145880
-1027634853
-1353015417
-1173058215
-2070885670
1194386196
-1006421883
1056611637
-1097234042
525198931
-492053202
-153124049
1474359292
-292111595
1839802643
-1807934867
256506731
1481327619
675306216
2022924184
-1023282438
743848111
-1089823878
-111354178
1836976600
-1051123682
1272004575
-2008966280
954764945
-870387834
1622113006
-456272049
2086747043
-1663872681
-1306971663
-765175205
278494545
-1011296129
623765657
-830856659
2022621366
167289834
-2101741518
1537448686
-1666047972
2076849736
1991738903
1943652039
-1678901106
265979410
-1421611673
165672835
-1544588117
-1597666867
2081787896
-2061959565
304249020
1357235344
-272022901
1319433874
-567452663
-1292790076
-971126719
-1198584600
-1633096856
-619292885
-1599663794
1113910066
1318596886
-1195542493
-1377160981
-402151230
1593564617
958938410
409878161
1243637156
-250958075
-355285852
-1956800925
161543170
1146709678
1633118684
-669635349
861615049
902965214
-308821176
-1832982008
-1941961589
-100381448
1585496336
-219988185
-1937706586
877857533
806596561
2004184241
-572654426
-300255715
-1732893795
2125146820
-501536281
1380432785
1416040262
-382752476
-1473268865
475702439
1922534364
-396289421
1937442394
1519630110
441062515
-1610662240
-1637225051
192120499
-1996277208
1611899037
-474443664
-1545270277
541267046
-214729900
-1927010930
649466995
1122955621
180779483
1713996223
-190963755
-192476429
-436418843
-1147411439
1061502636
-2021899401
1272061820
-407788414
1187104298
1521889073
740482284
-1814386454
-1994592967
1620700614
1119037954
-1064385513
1809557199
1608947707
-396896394
-176135367
-645247610
147080640
-1921809499
-1937625728
-702614421
-760287119
-856553086
-1925940733
1173319957
1656141143
2065132238
-512114717
2033545977
-115131276
-686380665
150955184
-2098447363
572540799
481838237
-1088778998
-898052534
-352998099
329206763
135189387
-1924750490
-55753550
255278948
-1144059420
1703952513
-902986362
-1136382579
849766469
925645838
318234476
1790035242
641388290
-1079211883
824577711
-2099950020
-46203277
765925575
1630662830
2211370
-1942623973
-1596182318
-1865966437
260856637
940999691
-346031882
1872348287
-254565551
1521596808
-802020008
-433282432
-1899927095
-1296932373
-687356138
-1425279386
-1231265597
-1809226040
2092472987
589616987
-1450409588
-384404398
2097309491
-968598030
-419887018
-310387458
1919566817
-515347862
1813903144
-424504475
1831654768
1151339314
1451381781
-76718482
397138375
2072856496
1809290928
1229499307
-958884735
-680373443
-983697218
2094965763
-2063601475
1989176436
-160391635
-1806866798
-430543823
-2025919316
-392705979
954699212
-974184571
872762306
850298908
-746233112
-123045922
-1167385573
2005705807
1496015739
2002679224
1241334504
-495147538
-505348766
1933804792
188215467
-539934536
-1545820955
-2066857407
2063146490
-445871481
-2015844072
-1898987131
-2028498813
1698608653
2058775172
-1153750561
938912848
-1310112576
181131271
-309806432
1638896970
-1089543149
244405752
1167822247
-907254525
-1163433498
-1255902322
-2037339402
1578793135
-1238195138
-915008895
-332185216
-1134224525
488370232
1430316273
-918873785
825888994
-464794566
-1957730937
490181286
-416431165
84138348
-1352225318
-1403336981
-399696616
1978990694
-140652781
1518181928
-2126035109
-398021334
1698664659
116321866
-298196470
-1103014316
-1127302573
-1523779734
-74552986
498975632
-475838004
550097251
-1514154378
2090714955
1880702490
-441409884
-36979886
1487560620
2108675739
-485844922
-1476239459
-243371323
1392667997
459294560
-987913902
1105500677
-93171849
1904508826
-1478582844
1099018481
434845623
1419505408
1324246751
-1089660141
-2136846467
1064130328
-1547810637
838006066
-1790322202
223593269
803758899
2001446338
-97391316
-487763955
-1957061575
-52985698
-244261301
-1758046071
-1298518580
-865832460
-1078705432
74062812
-1105570651
-705764225
453356910
-1677774633
-574823697
-835823876
-1713600646
-945333638
-818824370
-1118743338
-1199001992
-1616932403
1313765411
-1514944989
-308824434
-166307600
-860634355
1737870035
328267704
-1522816143
1710366898
-1802988250
897763635
49225693
-548850498
1453979486
1050513183
-1086976359
709411371
-333539146
-1044414881
-1158884878
2018175939
-1178204782
-1096926525
1606644593
1446213859
1344474871
359248745
315054708
1817715328
1311124796
26599776
-1262432263
-1976423313
774822401
523193485
281308093
1220136672
1165235552
-168265006
918929029
1028666411
-1806464414
-120803988
1056558522
-366670129
705300149
682004636
-659737541
206638006
2001680795
-814759543
1830485102
-609311555
-730206684
-374845852
-233928808
1225725812
141636766
356750541
-907274642
1291944993
-922603700
436871796
341886700
943618315
-226920873
581336067
-2051794076
2133487092
-1092991231
1870458427
2009226969
1074131942
872215072
-70464163
1078491789
1602919730
-1501479479
748406474
-1851846440
1713365429
-719802806
97659117
2123100474
-1463581859
1064823390
-2030484136
-1263650380
-529189141
-444748133
343626029
1148893523
1236112633
823198766
911632319
1325623308
660903743
119516875
1613403000
-1172437041
44836369
-1522465314
-224067332
2016101077
-316179925
1225829638
-1580679026
1929435965
569398961
-1751654461
-122177102
110018518
-1710792848
1028867181
-928729836
-1996481986
125636457
1708030567
130130088
1352051243
1901400976
61724564
2089513489
1016070664
-1577185839
-1299052278
-1408808122
323582147
1330906195
2059963142
-459618957
902882533
1707344127
1450650654
358843932
-1252166430
76260675
-400552004
-107969912
-754108238
1467463186
-297868342
713135452
1123627167
-1355750353
781663658
9980549
712701280
-1537846101
-1864936855
65996123
194792807
395947436
447839795
-1445337853
-2040904841
-368530577
1522683656
2087127828
-1058368904
15499663
1656751791
-1270208388
734755470
-1066955642
-942946325
234452132
1381192551
-1820453004
-1198791956
-427789614
771125204
1337932319
1194980616
-974181937
-2033244517
-2104552646
-1320759382
-1567444535
-396553078
-1100750102
299981450
-1282524038
-2094142513
1398524293
1473045790
1496972168
2087937159
145305244
214342479
-669021905
11477652
934286395
-192867984
-1497254115
1473684659
1720638063
1849170795
1222109084
-186740532
1114715912
-179412163
-226274058
1505620364
-1162582625
-292982109
-444142828
-789628623
1490015194
-409459691
-1009816
-1484907100
-1503277586
-1998934285
-1054002420
1276027340
655617893
623035134
-26318037
-1589977056
-959226848
865429257
467422111
-513119618
-1942682209
742362863
1266831323
-1323347141
1338409088
-2088133433
-1753080309
-941476998
1672490565
-1698348714
1226068089
-524827967
-1335509158
-539725883
595718450
782226377
1364087125
1788827795
1606913001
960940692
786017663
-939876404
-180553190
-149954619
919366546
1576944250
-2085925518
-181418709
1877277892
-1327440036
-974357395
-101417058
1201136388
-2139990315
1472640321
1909492238
-1346267006
680261159
2020571898
579638744
1125182325
1098621408
1530982629
-1570472869
164942360
1137882004
1005451314
1342780875
973404916
-195526965
1630012372
2110449988
-1928553116
-731139779
980666028
-87332318
1750290006
1880949308
-233299995
-2109032817
49798478
-1996429967
-454760031
270814044
401440176
576533706
491097557
-206741227
1072414782
-466418254
-135428752
1418815054
916857054
636755331
-1398069822
-380941501
-1966592863
-357123784
1741643803
-508595552
1149207552
-693003161
-1503701069
-1696375908
724385127
-2081055891
2066674121
39672139
-2073269257
-369552150
-2091793395
-1671959756
1966329480
-874705297
2135033154
-993424607
-441128212
1268443254
-1980537825
-508885962
-1174726278
-3875438
-1442715530
392406853
-261012278
-579682073
1233863320
1976823904
1553818045
1134014427
-247255818
720138670
466412479
-1080775923
1228522507
-934799486
-346181297
933710469
-673908615
555620777
1493392575
-166526675
-1678999694
1448160771
-2061458120
987145088
1946805593
-995700652
1246331905
413607297
818194088
1049277276
58870272
1073988589
1028420371
611299108
-1860923008
935791795
1706163950
-31407974
1511721012
1356561059
-2136930613
1902767712
-613329541
1240569958
-1740347033
816457440
1539678437
864083630
-1237877818
1801218979
-597852939
1127989677
787872667
-1397236253
-1627899352
733127114
1416512493
-26509218
659875382
1885901714
-613439496
-1066155412
-1971160169
2069377772
652810320
1884629075
-75168440
-837421679
-1534429620
-1561811750
-1404912946
429961402
-1566754399
-1583646693
1733843066
-607631846
-1659941812
1741531037
1537488879
320711694
703938741
1947689890
-783553311
-639711982
175588881
-454103620
1375234591
679721591
-1234272505
1571673253
-549391662
2025508434
623812246
26057040
1392335878
-1929717577
-414060747
-1960767173
-373530006
-1096555481
-1977866181
-648996345
941824083
405314886
124433793
-1137151415
-1530482682
1362266576
-345025211
-173814878
-1318967754
-614581555
903622737
800614924
1818071243
1582034436
-1929981861
-1584077705
-692775452
-862694740
-2139514705
-1964713324
-1364603105
402154857
-1635670773
93959151
898047255
622761846
1749103305
-1517831101
1114320686
362722590
-1794312125
1237856521
1571406731
625033072
-86176142
-2001333167
340550502
-194106062
968904920
1986320597
295935874
689063701
1716213663
-1144177845
2047938811
1073845034
1140486146
735960314
644489793
1582334868
-1374669076
811758480
-1496325020
59038847
-101664290
-1802657230
-824675183
-166034096
-208453099
-1155608621
799716828
1659353373
-2120012309
601788104
-2022350017
1622100575
-1786086275
214002076
1287044578
1122430438
1109847949
-810931935
391797660
-56442612
1150609322
-1950226489
-2046371399
1442217773
-209101170
1911391792
592279549
-1506796970
224830406
1145918723
-922099736
-615077060
-1043480680
-366147585
-1604281284
-1097601938
1126735904
1637303891
1991181500
-52579122
902263996
1730243629
195535413
-1768413891
653122473
1220104593
-687714623
-12550763
1825752558
-91739541
-1395157430
-1564750628
593507704
2056967142
-2093802675
1742991541
-2035402362
976298750
1373701088
-2103404519
1980157254
-677705644
-1019825419
-763282105
385252544
983801152
-505982496
-1331148039
700969971
-1124635092
-1871122922
1881596119
-704193475
-1594583521
-575197385
-1578374352
1485351935
-1188528232
-347281075
274760167
-1019196288
-492282211
1709051734
972473003
-1005864430
1101969426
1963969023
613390954
1761149554
196708942
-1555777870
-1192283641
-126728844
-368448789
-852520238
1690235465
-124347425
-1944113699
-2083596475
-1239985385
1426065557
416606661
59246642
-1669666334
-2087397385
-1620284025
-1857962741
1271884641
-1979379321
490699545
-1899518771
-1384606588
-1401233458
-631022690
1253313158
1434726049
1427051135
-731864910
-1714512361
85304052
-922673445
1268066055
-796359365
-2093821626
-2033958313
-1021628880
658110663
-1728373270
-1796625539
1701419453
-481955277
292350704
-1475752689
-1500598393
2123148632
-26414955
1129135985
-1725438132
769524347
671492344
-430451640
38707069
-1834427255
1460683539
-228671395
601541462
-1808445532
1020645608
1230831559
551153199
-1786047522
-1657625350
1139234889
254408722
-956405693
1530270462
-1772904968
1343018892
-1183210980
1356597202
587013665
-779955000
-1371935630
-601150290
-1347791767
-528021031
874118097
-1506440807
-1917432268
1244302422
1408088653
-295937251
-1310564278
-1807737813
-199348279
487526205
-1881468232
252930990
-656070026
1212718503
-2000328972
-1245424400
511470490
-661803227
2044189763
596611157
-1517527918
-2107553703
978638431
114540647
1415745562
625798057
-982365613
943384294
2033750986
-504076681
-1357589078
308123427
-145238557
1534901653
134390728
-2051638899
846177099
-787419912
1368704406
856814732
490635734
-1312395606
-936124571
755961485
721447622
-623985403
2035765515
-855384739
-1440241259
-1526578147
193739858
-907471174
-889298191
-962300290
930876819
-837446105
304809991
1342699799
-163550563
-1949570048
-2047723005
1488263796
-976442406
-2044114483
-1716198953
1847855411
-434945100
-1121558566
-841908164
1346338224
-1961904076
1297088518
-2030306826
-906245374
121901804
400988635
-1483774885
2023328555
1640164119
997254111
-1684957675
-1981130102
-2134020610
-1463859671
1968734246
73488020
-1868625508
1780668982
1497207596
572543939
-76112508
1265898492
986428646
-171049267
-1366862334
-692950976
160991734
-1273996007
1970902401
-70810588
398596072
172646510
2110165035
-7476733
1008075634
1240629741
180321750
1340344193
-159912195
2059638849
-1531214306
-980281123
1919991140
-1402446572
-1745499442
1918528904
1915272442
-447392316
207041667
-286203397
-5570863
-2020863146
-453122669
-619732283
-881828295
-532808278
-1760659670
-424899357
