-314012034
-1375946830
-1484759721
1885455299
1331236074
923718399
-1111177266
1049342030
-2081304657
-1796348471
433864604
1925821827
457819682
-1490278165
-783689010
1762735440
155123473
-260986049
-386981728
-195014695
372229055
283273812
178669086
1662324035
1864097580
-1258241443
2033258765
-575876913
1828492696
607283563
-461863670
-794859221
1562775626
1774021086
-1590182157
426398212
-1737670259
-428486631
-202464633
1125513951
687441147
-139722892
765410888
-1194842327
-1084653571
-2072583562
61016488
1116978060
-1427700079
1551133251
-250388124
-1025012605
-671217586
-976350893
1376970282
922944048
-1404647004
-1158261404
-302276223
-1141856916
-1500254872
-1234215759
-1756359447
1760815648
1624838800
-2093335964
-1786013887
1633209042
1875315258
244418120
-2016369560
-1754723966
1491528178
1384725442
238682919
1916021175
-1243775436
-61271039
-1535253170
1293187028
-1642798801
-1145712780
-236952036
-1683181137
-1616758324
904995452
1248135907
884941923
957998829
1591687523
-100324884
-889695387
-1201366279
-1510209653
514546583
701791445
852241304
-1757817366
-1626187321
929599254
-1868621381
-1752841035
631763324
-1488165984
1060509150
-1935264677
-981800256
1886212884
1729561745
31607220
239405767
-2073201008
-1515894989
-1507786374
839947345
-1666897340
1787251969
2015463159
2097867347
-1541298875
-1528450994
827703808
-1525925675
-531318111
1411933203
1258508321
1819691037
1490491314
-2028292694
-1830920935
696966669
-1830841417
329721558
-1617621368
175919561
-1004051296
-722967546
2046392038
1568748956
-2078520024
89971418
-1746713673
-715244772
1723799593
-1679903514
1640078076
879211915
329119019
-1277543755
778623980
472800896
1782549053
-2007440624
556742372
-48152378
1162661640
1981256319
270946459
1906896259
-334166752
-1488793841
1785685145
1105092508
1340629405
1406921813
-1802855703
306327896
-1250214934
7762867
-514226931
1862207555
1531762140
2049789145
-308808143
-1198761132
1512706309
-559715698
-535975261
204797777
1167435082
836501424
-840011133
-581507726
-1402688333
-2047704967
403035062
-1184327612
1333237890
-1166347261
229005088
-349601072
-765140090
1322736141
-47975151
253918716
-2123622992
-1537791745
1243895039
2130485296
240970982
-1765660629
1334236278
-126129349
1955053335
1145055829
407996748
1783723128
2005494159
-1130140555
674214680
450161452
-350854773
-1540121414
601968611
-854875854
2014165520
1802751442
-1547515872
1708947929
1314271992
-465708440
-2121341479
1202610957
-527129268
-919470866
-1511224533
-191152972
-1209245479
1461821339
-1921197068
-119582118
-940617987
-1123505993
926273226
-23835889
-1494421823
-963066090
-366978770
-1286556785
975994412
1670284001
-1370445056
-1238137181
-510663466
859838108
-1755173578
-1686808633
-270388294
-195931037
757610440
-1743846387
1307430480
343939958
-1528843538
648023361
-475819813
-802872840
-113436787
-591592628
-1117943809
-1794828557
-1250589970
1198563293
-1596125802
735338655
-568798800
1967159365
-1085448509
-2003305757
1702753792
1840277922
-1802436794
-817481188
400686342
944644927
-1850638831
-529893860
-1469220958
-503286981
2108583708
-1389764236
995834455
-1393804952
778153589
858263798
1572251783
-268753804
1476149402
-1414662283
802619104
758029646
1174430730
-2040636978
-1340059370
1135314114
-1043159015
-756089044
-1763037486
-233724058
-1304093436
-418504314
1308042217
-646181959
-367201980
974119532
-320370735
-139100536
-1966862298
-2022193149
734351440
-503381613
-1990355557
2016314958
1148050293
-1887698832
-1869796532
141858990
1316611276
87191472
1169072881
312897451
-1097655860
-473220545
373055971
1290745588
220856724
-2094948080
653816303
1582528420
-931779626
-1485410055
-480949396
-1236460858
1440078611
-905563429
1842916495
-1916366821
-1237213688
-1458587131
-754707971
-254075622
-1009021849
1011528921
888382625
849254455
-1964434742
144974768
396210367
-2020666264
-1040074268
185653755
-1045824951
1282883812
-1691634439
1554279850
494502513
1320190253
-2059140209
1008548048
1315738239
471859537
1101333093
687624583
16654307
1429883499
1758152612
743087120
1713954189
1443699568
150406740
-1449501889
1828425340
1963428391
381400337
568779541
-1652068971
-80433031
-2007569410
401232302
2142027445
-904042006
-188568072
-862227875
-1812538103
331998567
-1375301362
1090793237
100293276
1369706305
2123266609
-490523638
-1413675727
-1014491271
1518657575
2022812055
-170335150
-1319069634
-1818637883
1716529250
-712473431
-1283448653
-25232547
-1297331267
-1847843699
-1329453068
1089800052
2107803215
557618655
-1717982118
1691104952
-717873933
156887319
1020527358
989297456
921922527
-2098121319
-1170564228
-251731275
527358472
-1179249843
-391726088
235027616
-13295931
1617009006
-1664714394
1649665732
-590889550
1857156768
-1140690939
146732446
260758742
138606152
-806879189
-1710543925
1983371528
551094040
-898362552
92566713
-1766179699
708679400
-2032751324
-76360031
1536359430
-1167796276
2097663339
-2083844172
-298312312
-1014873502
218785131
-1154526572
749022732
1546807659
-1321048549
-170207739
-1129109239
-1187646820
-1978717602
-628479004
1357407
1973602486
-802438775
-1038249129
-2109873545
-2027037996
1399512610
-1697531323
-1538476889
-1014956797
-931369750
985571848
-1401272358
-21643753
382146590
-334259359
1022511471
-213432644
1732262648
-1182626388
-77004190
240817611
2060519804
-1178862252
-1381609815
962440670
-494931856
553682312
-1312938272
-252475354
1904308651
-18630354
-652894169
-1574182789
-1983643502
1067949848
-975337910
-278712652
1522442975
995573109
-644221917
1192780088
2021808548
-197531511
182488636
365636821
1116378767
966805664
-18005064
-640743985
-691453585
2124892991
323467634
-634644932
-97578505
362574749
-1968061594
694732174
-1397145152
460471889
1631162448
-1213487759
-2011571564
443190347
-607097966
1582225367
-1918884631
-485996280
1383151962
788218448
1851456170
1572388865
-152039165
-1426906466
1741095485
-373795484
406755772
1905842312
-1812523583
-172124666
545721703
414709998
-1773839721
-936324457
-163969598
988020253
830459172
1181071894
-1958119476
-375314076
-362068780
128952199
-192052895
-12490265
-39570335
696293091
-201986777
-1062708046
-1030444460
1749939536
754290861
-1496925679
-89434677
-1527398254
1640163536
1674495006
1819775869
-1693341248
-606365599
2116586138
-1307916549
2035101498
686730500
1950750720
20939832
-726736422
1764478554
-437986345
1602964811
303319401
-1154237598
-364190137
-1576540046
-1859969964
-1362576868
-1931228945
-1985113510
1223278238
-937173649
2072654069
2072481949
-74171368
-591510197
-1324839330
-918493045
-80072240
-1381253870
1412193439
1073692204
-1323476282
2107006003
-177414029
241049477
-1443384347
1061227800
-1277202706
-692240358
7564081
1198595650
-616525359
-2059900748
970329660
2021474737
293248288
-657973404
1535880158
-1732075896
-813200910
1500924871
1909841188
-970532623
1628777095
310533002
1806559624
-1177013186
221252511
-83580112
86538850
787166032
-106260727
-1436993774
463245726
1049058108
1211845497
865458343
-860440657
-884278230
1621499294
-1127181307
-155413309
765994113
871519860
1346288039
1406429496
-1434770880
-219184426
914219120
1869027662
-432195922
2069973078
-555484176
48939037
2017222710
-61656240
1959006949
-103875128
342580875
-1332555203
57235971
35878130
-169126637
1331671620
-1100826889
1814309744
1789046657
205918486
886370217
1700708928
-1622463292
-653109254
-181794367
-1075922758
1033581599
-1793543130
1188601453
1375612677
-1580410728
-51552175
-93968800
593222603
-1811468650
1784640389
7569949
-1773262544
-1554720827
-1085191879
533938804
1177988351
-1256396483
2082920094
614298957
-1718063066
-1279160350
-449609415
-1490224476
-301549212
-1017506035
-283751759
-1104239149
-1557573824
716453227
965502442
-1029001449
745432380
2065876005
-936408750
-1267386036
902932554
559825985
437686905
-1057296389
44244607
-1088563641
1101287143
707461526
-1531982330
-1370126297
1178172969
261093889
-640065706
913382745
1463574829
-323141292
357117607
129021254
-1405523249
-2041625889
-79789919
-482413594
-1375345229
1176010862
-633418153
904827049
-1710841004
-649779
493509747
1107783579
-129365923
-680890226
1898353073
275359938
1212549687
-1698349047
812826768
885989834
1543500258
-1081351773
1968396359
-765813277
795670536
491113811
-854937354
-1221761046
792202831
872728162
-2003441891
-1247085882
-133535250
-482814863
240613969
446974996
-1824939133
-539211584
-1975475412
-1491428090
546799650
1728336812
694523013
1424225672
340572081
-811143559
1945639904
1434037668
-1536603022
-198238895
-932752088
-1143232218
2037008352
1854197132
-619027045
-1812387453
144568511
1337840690
187134468
1706711542
1548537454
469881021
1690780720
1171519979
891227519
730003490
291066778
1161873824
-140830327
789187602
1909663080
-808280822
1762885692
162792061
514930586
84359413
-702058059
-832298665
-416355456
1516985966
1801089554
-833252707
-1142021267
-1768380316
-1283649463
-480004966
1049528233
92348300
-789989835
-1672435098
-1287674197
1686481029
-348789263
-1882853201
-94870393
-1929203651
-735479703
-1002243397
1773235621
416332434
1238544685
-68543571
791126195
-1007896773
-1046004856
2069643270
-494492708
-212451095
-284203823
114834286
342563129
-1183831383
1874470912
-925192524
-1397807481
-1106116724
921558659
1573374483
1961575450
1379883144
-1879922094
-1728548937
364939026
-2023478112
1274080577
-988251522
1732303563
-1639743677
-361799276
744238338
1092410777
1824002289
440510424
-386986793
-309963595
960296484
-1133421072
727625233
758213489
-366069651
-658959506
-538430712
-87150157
-1827674660
-2067157213
2092401758
1140264352
1445737125
1107827192
-1500281535
-467135337
314544383
-2114305281
-1620916243
-820084896
1777591119
-445132604
1051231860
1916710309
-1520817019
119804905
-1345199167
-1953338208
-89890106
-1409544463
-920143655
-1613204203
1884768331
-1776507045
1891201636
-1556523901
1346793096
-879602702
-421936532
-1866123883
220907408
1581571171
-1475466653
-2027865122
-624531017
-400097776
-421617302
1946314438
-368154248
1492847139
-519906608
2139041726
1593699737
242929893
-817958696
-752855109
709091725
-1111331249
739866559
1244436448
405727768
-1966945311
397491452
1211246973
-1504608199
-243668046
-963037495
-879994568
-1265478077
1509707976
50685922
-1294820983
2063297356
1698437289
-1426343028
-1459500949
-2049150773
439327281
-538436136
-871916465
-335845764
314744230
-333229016
-1620874156
-1193766777
-350584311
502290930
1745799093
1035545568
1701241774
1701594563
-1961652093
-377584400
-1510107122
271121031
-866349677
-1887087499
1746539228
-1175770873
1655220153
-215775578
814057557
1787323826
1062749749
-1374105447
32399580
-714451297
-665878931
1856550889
1946866117
67648978
1587481308
1281028243
-468996240
569926589
-246334134
-355912416
-1348350822
726607370
-673750979
246414601
-1926661393
1830399639
-1503183953
-1930840746
1890910434
-400648511
-681594624
1532125063
1877481665
133102309
-1966693843
1930148536
2065943811
-671694300
-547252158
-260547841
-626833948
98770533
-1962025715
-507096296
1327455283
-257783649
-1055654893
-683125692
-1197996694
-1649296040
276684488
57043053
-935334657
1469939048
557185017
1759357582
-1518874887
-1730603262
942224012
-1080516271
-2037618747
-1450837260
1208784748
-1059053575
365104457
1841881645
1493360318
-46214783
1869497657
-2129836160
-59940776
661639685
-2021331798
425736614
-956885134
1918040673
-1714699036
-921187959
-794841698
-1301822953
-934643333
210540735
-1669873419
-402570
1707242400
1778338900
-1759585902
-1673990665
1584336564
-1961105460
1462157892
2066158313
1438384669
774460519
-1400424322
-1797261231
219681885
-1458333530
1065887634
-1401631221
2077715296
1315144718
1664607006
-1615371980
997854740
-1407266005
-421129018
1141967307
-203396289
-222818345
611537187
-416788843
-1052706420
-152718917
-2117040134
2028102466
-280017690
413942550
-905395280
1299965133
993393928
-866153027
-1998394371
205944872
1309333844
-1139075998
1255178208
1750019863
-1803786780
695360536
-726041902
1980487515
-1679356449
-736245226
327473470
40605715
-503318771
-1418651206
1564504111
243892575
-1877376340
-1313558831
1287785547
906359366
116295555
-95729643
-540603393
653654233
-652306120
-1843276298
-566826757
-1348071272
-631836450
1971288477
-226466591
576709395
348703442
-1020792787
911232312
-1338446124
-1354281530
-215814581
2002520742
-873842564
1366576926
-1952501792
-1125552290
-217093589
839157882
948977693
-211781418
1496188197
1519981203
655506879
1590360253
-1295283791
-2043332278
1955536787
183589164
-1042040508
1614085374
-2024456900
-821891045
-1501669665
1931072797
1795629108
1185650198
1479936437
1036552189
994631952
-228625361
-159889905
875310060
848270599
1338064182
-681549708
-1025530491
-834957388
1754678823
-695324924
901789509
1550744858
100610531
1887100196
-463407523
798660585
1306731555
-1445669537
-1635764023
534282239
753315753
-1214913141
-1424142175
921007409
522646455
1377108266
131999918
-1450968502
-259744572
-1249425901
156866111
605365331
567393389
-1820711086
819229757
14752276
770747561
-854924725
2118966141
283740123
-803114431
1128112677
-946860971
210307963
1050563198
-1810303644
-1815290511
-1546724201
-1853911005
1313896920
-1612856346
532034848
15303581
1016324789
-811415417
-112378341
1980203641
-2092581629
-847970697
584549543
-74888683
-1448110536
-1488826624
-1523303618
-1015029350
1895786786
578399906
-644822214
-992860375
-642484982
1641877357
-520848741
-514818989
-1713380586
-2083543918
12200455
1240614351
-570434065
-1710470345
2027515665
-1740688794
-1316880478
1578708107
-13594947
764509489
895760843
1032514843
-837477309
-1442996473
-1724277776
1199242595
-1400291309
947856176
-11887574
2126110630
1339026201
2077332317
1440663049
-2088798463
1090157122
-1034440996
674755513
686339005
565087805
-287153913
1202025824
-1347211035
-636806266
189541117
1654115018
765237016
1115682463
-2013989740
-2096901304
1490344096
534470816
-1149929331
2028902356
240097986
1778735090
-1214201847
1206457209
-1716363177
2132324695
526213436
1221959153
-77444709
17186092
1799845216
986111119
772635972
468614386
1151826411
-2141037217
507088598
186821898
240750851
825180299
-1792969163
444999359
-855386831
165385216
-1983714181
-1776984438
-894323627
436815184
-123452917
434635408
685082073
-337785383
-1176960538
1180171631
638636073
-945947353
-1906510275
-967876295
-298389150
1179747734
1598186054
-446988608
302325577
671100732
329876818
943959315
742781566
-19606267
1933884191
1774617929
583397616
-963604450
-745681558
1846056572
-303969389
-1585793642
856050377
-831793640
-389135536
1201703491
1629877942
-1925754795
-1706759875
-184430366
-1338530066
820698369
1480601102
-311060863
-778690052
-1030562686
-2061208374
-1008410335
432001808
489439515
-1067770687
472851606
-909023468
-2039912338
-885016900
1709613490
-1134254336
-1624471231
344906102
1079055266
634528621
-1005274748
-1953937077
-1476702313
11109736
-1329147758
804611887
1911863976
1478334601
-479483465
-1470883103
-894322186
1482580547
-579761422
1262333023
-1394441967
-508765572
-80301061
2133737628
1904075417
597236063
-2111874681
340847984
2081818408
1804930673
-2080796471
1901304015
-2021183889
303240418
-474616004
-1237510339
-2056331618
487127333
-1163664737
-1444790911
1356604937
1797604290
1926038849
-1490167400
2022691592
-1047667350
-2097483138
1245365996
422430238
-203661237
-140025975
1098813893
-2110864804
880650918
30309483
137780735
863264775
-538999139
228057418
70190333
-1957231240
1345354577
1464503278
1427939037
1210059331
1461918508
1229238657
-700126484
979396763
1348952954
-638031723
1468222300
1102487796
-1616772802
-1585811605
-807122892
-509824022
819105603
-213872014
1568787847
-2113841567
-409525903
914454285
-618096408
1174258668
298627425
1182781081
-270366179
1814811506
32587826
1613182382
-167195887
1849045519
379961757
469844900
1513882383
-1166612425
603661382
-17985960
-36697811
2031521057
-2112418987
560965167
1327221253
-2006922142
-663614139
1762807386
-1275767637
-802610729
247106555
1905227099
1252868826
1952772040
-377193958
-262098488
459010160
-372354231
-1566596715
2102675279
2038838812
-1095410973
-126664827
-369166343
1682348885
878412660
-2041116357
-526178894
881013645
-728785069
-691081575
1437206536
1552390822
-1308718153
957361565
1700002355
-1780628316
1242519640
2055965502
-1106172587
-1061710684
1130874198
-727595653
2000947970
1189506829
-559924390
-1822125392
-1337740287
-629327100
-1652776454
-1248345558
344688468
1762428709
-898516894
1565217278
878906741
-1892694673
1821692975
-996110826
-718789662
1746784895
1032727198
1222216844
101344475
1633565696
906233829
1341365050
-38877334
-1763181983
-1418225440
2013426321
-417416285
-284847671
519187184
-594853463
-1328134355
-1297756601
946603552
-629413990
1274603008
629116750
-574339704
-1202983415
1005400943
-857581985
1605587446
-358999803
-870604951
-1149989624
-1047010614
1601347603
713864187
-1497647604
-1265063647
-1466473337
921153304
-2141585949
-376239820
-119228139
1176138908
1001381476
1911653890
2005044903
-402645874
-1203254848
2081080109
1178278512
-437542491
358420658
1716797729
-330479296
-78613491
170817524
-339593349
1705153561
-48565142
81801460
-1386204761
1958021635
1290214173
2109221319
532959691
-1393843428
593743813
163244125
-1866899997
-117427982
-988433144
-1520540426
-1600521428
-1234993131
1855220882
-2123655211
-577127482
1086947046
1300862813
1484697138
-1008803180
1901100469
1382618675
908139124
-166067866
-262939637
-263303568
1350038431
762762586
-1456752829
-454920436
-2043389941
-409729666
1763733087
233583065
-1826961578
-471488582
-913640
-714541816
-1454266469
-641683475
-1245642698
1276446961
-738825757
-1551127211
-920224478
491724306
192676315
1014200883
-299845959
-628048040
-582179641
315146670
-1939886750
-259709795
-783023178
873824247
784144482
-262395534
-1598655241
-146284371
930803310
-1114674147
-598949685
-415096957
1384735617
-282339099
-960264869
-1829417184
835612655
470951308
280520172
2049387078
477508794
1875181852
1948154192
-580824267
-1829449436
1636039654
852929439
-1232427695
1658289541
-1780585529
-2113927385
1687256322
-1190396066
869912749
1800345760
-1718085157
472042157
1853586777
-1761942877
1048739582
1535206530
-633501595
1723929693
1121416637
-507520302
-940357239
1684699007
-1696819580
12936586
1008854809
257149304
166689783
-1696234265
-418007087
-871468058
849118295
1853894916
2001042645
309319753
-753547991
-2034438476
-1189038094
-660790535
162731289
1159847313
-1250516439
-1072899750
340676635
-901442732
-1502116242
1129748301
-1260570158
2028460135
1932166316
1413263337
1608294965
-72312392
-162660083
-1209883286
-1674137488
-1011768368
-1204206729
1725869161
-1299679225
-499647709
-944108711
654552653
-2125906879
2084496809
-598664282
279215873
915932611
-962987603
14484257
1072183782
-442864006
2024850916
1358079195
1339226635
-1499347010
1036281536
957826297
-1759157861
-856031565
-1016554234
-1828184645
1516807318
-40377613
1281309086
-1887977287
430181060
-1122847895
-224529751
-697710482
-694936347
-1414589057
523498968
-1831232006
688582957
-905979269
-465187845
903960355
1705265902
436418342
1504403928
-580783972
644841879
-169258578
2032486974
847145098
-1998822692
-518305331
685477209
-917537469
1062700086
669523753
-1423337146
357438552
-1428834418
-1196484098
-555735063
-1320251947
139826996
-2068473351
73346558
1455916999
56188181
-783257753
-680056978
-2101160451
-808814291
31924878
220353763
-2021674477
517708602
-86389413
-870596962
79259564
-1701502031
-1564972227
-1050472313
1442185470
235089909
-1262173361
-1961254011
443856786
1807463878
-341421892
2115389456
898379084
-1528405513
130665822
978494979
1959047593
-816370077
-1067695448
556680630
-621078712
-1125653727
-764689210
-340748724
-1717772885
-1605634314
230046722
1203012936
987149118
526222091
72409193
1316846438
-442854505
-1483129377
1473858478
-1361128792
-151845378
-1704283778
512443725
-1239672402
795689008
55124211
-2103137037
-1103513526
800862560
-994520838
825435932
-2082813613
22198654
978036730
-251826178
708984249
2127794362
536303921
2029287589
1054514394
-249978037
-2117693648
1706472030
1879635475
2021909867
-1655846518
-1317917607
1246025624
2069619622
-6037048
-417831031
-1548198264
1910412116
36268959
731972815
927511611
-354211996
-982948764
1145483606
-1390900002
1905519962
1326507455
-1183058624
630946626
1097430682
-710750305
-1039415167
-1771426320
567841254
359112045
-1967910389
-2106267264
-886580956
-982984061
-490310357
53662762
1374279524
-1672812065
675156274
-1153309027
48565026
1926173971
863967063
1037342223
369313991
-806152576
-690005284
646417301
-1334427275
-666725693
-2040184978
-1945437004
-589876732
977417582
-887313967
2058385719
-1209795002
1008952570
154654396
-1549319614
-505660270
-1368735236
-1020511231
-1480687962
-475728512
-618469993
878303217
707125367
1006771184
-455601359
-842165507
-837120036
278987089
-1288646295
-1516922976
586641189
1755269663
-4022712
1059636348
1509755938
-2031212883
1140929206
-1747936061
295097010
-1700146140
-736491218
387406552
2643098
-159798837
-243983435
-818804427
1573304983
1183659656
-575730425
1719190926
1978643125
-2096155994
862990612
2138935862
965767137
1529825752
-121165654
-1821091390
1136955069
-2022702723
-437975950
-391837461
-505547853
1492533028
1451500320
-1228217672
-20711860
996946771
-618512666
600994524
-1815515710
-1987452
-1530307031
-1365654948
-1963035949
892343919
1235917686
-512970123
-100930856
-1643599474
227080375
-315514437
-982241259
-768110882
-836652639
-1495744635
649423697
537852898
-2069708432
2095231368
436171433
-258372884
-2129162282
1895395265
1750614433
-446475361
-692127440
736131736
380067451
94209967
264054266
2125451074
1737605323
39360490
248440197
1436499558
51711307
-1966267012
-573866010
1826490627
125450987
174867310
320680753
1229776784
-534448852
-286012305
-165163033
-1146167452
1900433326
-1253322537
-837277524
-548959656
-120676601
-1262591768
-150058691
1260631210
-1906079019
-1318373546
-767580000
1773368611
1524411670
753731593
902679196
1529553788
-182824266
-1086425312
736167019
-829239042
590295401
1179188281
224286894
566372199
-183556422
-1066912273
-24469856
1140904468
-2038279068
1104179619
-1436784498
400676188
37563872
-1099994241
-1621009018
-646809543
-453817537
-1245017416
-1372390834
-1271159763
910431545
214834706
415362455
-1289822366
62758533
783637673
-1300331662
1762018579
19086954
-1838469395
1725420547
-1628364757
-1108688747
-381680658
217229683
1616710699
1807498797
-154061095
1209291051
1957019728
435024932
-1799173951
860671038
-1594627852
2142677712
-407604573
800002854
-2064272588
-1218018631
-907586653
-971153230
-81662254
-2120271180
-342245476
-1013270465
904981085
-176012496
-445451817
-1737352411
1552182671
-1420021041
1051764761
1385636212
-857049611
129658936
1130686946
27978208
-289629739
-28236501
120750068
-632580871
1352152395
1810157269
1792729106
1711521694
-1274427980
-1781792923
-958885623
-2003652429
1615337296
-640473890
-1754445069
698166801
717367586
-1684707026
1329289146
509750462
-682824933
-772079744
821426139
822988893
-554943881
-1581354290
-1490235540
1039691240
369410149
1709164985
787652447
-1446607461
-1216702739
-1375366244
1063243528
2033838131
-736438258
-1304874274
418744796
332626776
988576550
-1267926905
-1930529414
-395816617
1910973590
-938482411
1372996591
1841563667
-44774491
-1747180912
-1601067467
748528445
-653436252
1867156444
-1617665283
-222079550
-402018989
149345613
-1717856850
78966405
515740035
1113926272
1847482796
304864334
293514748
-1005365912
-469277219
109772033
1144550304
541901479
527326312
656387090
1779137744
-1036388578
154129087
-1581202376
-1535574259
-694596921
-676375073
-34633632
-1734266142
-422052671
2063527638
1281992676
-668609022
866120876
-1738806395
1683673596
11545516
-1720728266
698937255
-1655731084
455876438
1696056310
696881681
-655212129
281046409
-2142221704
-465302981
582400395
-1985612022
-1521847144
1154593278
-316181899
-1484873158
1147006995
2093965215
-137655169
-605131073
-1106529958
-1316299765
349387935
-1824546974
-558456406
1752889700
1982069466
-1543168454
-705652136
-2042360388
1832705970
-298025206
1917534577
490919455
-469834531
1889747943
1367448450
-1884027434
2095840567
1611221022
482895539
-1104214550
-1423230984
-1532725933
1331729178
-242308889
214917929
453519085
2070441037
-1077225759
2009129299
1134878641
1805469753
1911715259
42116730
-1025821267
-645345487
245698982
-1726640055
1861687382
62009673
-2074080792
-1833136754
1192678644
538762469
-370457122
580339943
-799834818
702777996
359511619
976243389
599168064
-1504202239
343025330
-1787378062
-1176296060
-738542444
1286153065
-1435793706
1729538673
-181958475
918353743
1330359774
1435001325
-1768418615
-161937864
1065040791
1400110666
1750882112
1289095014
-1793290153
-679031458
1804911079
185656402
-1570677194
1882504947
1502854778
-1022738516
-713769540
1257041250
-1758511491
-683087711
-207267365
1702595705
709118027
1960427099
-1485707489
945906341
-1124342930
-1720989747
948525603
180826189
327284273
430932912
536056134
439724411
-1697388428
151827656
-860985953
-1482627647
458629054
-885903765
1364612909
1256221274
-1388533608
506946883
1227966547
-2086980978
-255549160
960481362
761592962
-582919589
906049723
-1676925386
-1450553801
-1994174639
-1193780872
-806968658
-1939255256
-1739543619
-1158132207
1444544604
1975111097
-320397303
139524523
-1947385140
-813244747
572264034
405828769
-467080012
1619755577
-2116961125
1590436500
2059099773
1875473651
1077100625
-1375955514
2087065857
402306700
-1612674738
2038682536
-357177194
-829328798
-169464270
144363185
-131842997
-50249862
1246945104
-1124325008
559951217
-951587915
855024597
-1670408476
-1683883172
391857728
-1879685841
-969249781
81002347
-712729263
-1214280533
-686868808
361258308
-519445745
-158255264
-312513111
-2040335516
504344017
-854342581
-762343976
1326665686
1956546443
548307131
616511761
-999117502
1281966212
1943434991
1843145156
303447081
1083783500
-1018486020
684724252
-907658130
29415405
-1282469388
1778822223
1045342999
-1587307424
1864945476
1720367671
-1985574828
-2054780862
-902118306
1909293602
1136064961
-1431122489
-1480135017
1461068517
891014376
-2097153554
316510033
-1647122121
-607445495
-128315914
1078213212
1356351547
1420437276
-494191600
-1642797415
490620766
-2014217450
-1780991147
-55909152
-146376349
428028267
947480314
-1590828765
667013307
796509652
-349561663
74011091
-2079398631
945729618
-693432654
312539522
1128169030
1407449457
615218187
-923181367
494237745
1022119633
1230538100
85286507
880825417
-1235133471
-1156509578
-1577567302
1325272079
-1374655762
-357568978
-1806838983
-1479739162
-171863460
-1748682435
-2043620478
-2101484243
-1958874574
1144200962
-2120146839
-1153525105
-1606564389
-785283061
-145046430
183402905
-1551938006
671044551
-270527457
438642316
1892931486
566172545
1821370493
-459557004
117465319
-949440375
147526304
1172819832
-198990424
194496947
1169845852
-578346124
1546359166
-1886153723
-1200015658
-31398972
-1660919999
309467819
-1736605333
815458146
833349769
1073068590
357761743
1995306035
1697114483
-1812851995
-178617735
-41568099
2129018021
-2115424597
2105712702
833505884
1926386574
-1905734191
-1709912004
962215574
1690005234
1136332630
-319049479
-643190996
-536126555
352118869
1687560139
-682901166
-391792746
1021320894
-1854099591
2069463393
-1391983857
1199946568
1070949666
-236836885
-729611718
1278813862
741072733
-900850672
451556070
1671652856
-1300083807
-1371584753
496917131
-728683900
1655819751
-286618337
681865355
-337794907
-1384694131
1817149311
902457530
-692098557
-1141677443
-2106549300
-1343249888
-254570749
-1238105714
-1744851822
1906245117
1276588929
-1496482007
-183034076
-1400577268
1069935292
266524975
416441007
1059827980
789546641
-1821101798
-1759206259
-1945278341
-1727619604
-1817558174
-294748714
1085377188
-1286830469
-631803615
-481794499
24802780
404141475
2135769081
33619992
2134229512
1769258167
-441486283
1974178240
-1162387103
-1501735833
-1621350098
-1785970662
-788559493
1853631350
-720204817
1349836405
-2081970046
-1449038673
-528999396
58615703
1079175879
1364144153
-1665755377
-1413975022
-677178246
456149865
-2123697853
-1305919013
-1225083975
218576311
1950351861
-1811013348
-1746800951
-488967563
-703216376
938826312
1936945826
1360213916
1128290088
138928496
-1349827152
-1753988313
-914878414
-1368757547
-724991273
1409160132
-1681498157
469939389
-1462288200
-994445111
324096111
459741834
-629397198
-1732465308
-1113467837
-502545145
-654867157
1918006038
1679769805
-1457386491
1308082320
1638784866
255630442
-2032935642
-1648907623
-272019263
-1602575807
516832248
-344394159
129384152
1932238943
275459909
1309130581
-661333524
-1558932445
-1392726104
141235931
253865365
-472307492
-1363186845
-358425354
-630310223
-489259856
-1441434768
630417943
-1623933797
-924135489
1679173077
1346620631
126258589
-924417657
1283582268
-1818517517
-191373662
-1941634935
318606786
-1457931114
1700967984
2022871085
-916297970
-791851810
-2113508716
248383714
-1406307418
527368856
-127399074
1231287945
2145985917
-1894746546
-1242862065
-1085097709
1276288975
1605628548
-1016868336
970820456
45383217
1635725117
-959033370
1076794506
-1795262237
1281343940
295143332
799434490
-507348376
-383761240
2079408800
-1164340646
2016737880
1650031623
-384566167
-266130605
282571124
-124061169
-1578924296
951938488
-313328901
-1327822910
-1301463516
1522523371
-1485605061
-1896491528
-1077313957
-1577810305
-859389078
-201311574
-99528049
-1804842210
-2136253770
-1179484563
-1423143571
1054101933
525661338
1433665083
-1362378284
-2113075027
-225971086
1725474169
-853225852
-52078108
-1176256943
-1829927884
1749020950
635630652
1841104146
-272497234
1175360555
69914602
-368679508
-831550695
258231528
841699538
1473700811
-1380356446
-1602372703
-1831097559
1292049307
410759856
-1169669165
1769631324
-617136922
968810861
1868091224
2112838192
-1471339680
-659824508
-1414590251
865264169
-1183113151
285392172
105249142
660603696
-1079162604
-1788627866
776558045
599478127
1713659855
938081154
1993590359
893670527
-1299011550
1066142950
1922532944
198492101
-794804717
497909010
537376521
-685578984
1598407114
327850974
-1379982969
-1649177689
1308978345
1927702022
1765581774
-249486054
-1476926561
1424460520
1994177871
-1971531018
69425854
-577140085
-1267011938
384818757
988339722
-1504497693
-946020249
-2046130827
280810387
1972628306
800359842
-627620736
-1407382843
-2080517774
338013445
-1835533491
1762127101
-1138081263
-275860038
-1786472875
1146987360
1920170876
-1516545198
2134449545
382551528
1387109888
-1448882952
2088455539
-427989057
-932322387
-1043758103
-1847714149
163615951
187109469
2003209507
-2125734101
-786721639
-1773249036
834353756
-337263914
753698374
254568680
1175547445
1064439028
-799069701
305258755
1749809071
1451243761
-783553679
-1059061145
-78925603
-218315544
-1469808188
466688723
-520399653
-899382646
-940951414
-1435656413
-512868098
1130467908
509031974
-543255267
1317901644
882535585
-1222290594
1217811818
-1584240594
2115870188
192043051
1557457377
-666697372
-1336207335
1340781008
-1122137077
-321630152
-1220133148
1382086190
-1771632669
-206565130
-1404431814
151636053
2116617949
-109881958
678107864
1689842270
-2096855255
1619027403
931724594
-269105033
-404356296
599403016
275502741
1133127998
1688472958
1789826592
23578767
-275730605
772105338
1440270055
1227052686
-1959008216
205898483
-553990362
1823701446
-1495686118
-1964969853
1427779539
-1039495336
674411461
-1293953447
212473729
1977975984
-1969707373
-1302619079
-1239415527
288679470
-956801386
2091323847
-958866998
297120775
-1771991656
2127489029
84796990
1447567725
-270504081
1881505562
-1763074291
399548910
1116231060
-2036904875
-1580293002
-1118705383
56809462
-1496245136
953880908
-1011564442
-840909044
-921586152
-337820371
161273687
-106497239
-1055612756
160341498
1408758234
727923987
-367258811
-1673800574
-1293477647
-587660331
872173558
1179250816
1450684820
219231187
-2090143916
-1753086009
1235000789
1948486431
-621223880
-604160837
-1103770555
-1766684917
-347725885
355315715
150395286
1994886911
1416261025
202922364
-169629567
1011251340
1887338642
-1264649104
-1205595159
-200492864
333807398
1543023367
-1067573440
826398395
1940832455
-76903171
1037584682
1170469762
-1050404100
456777108
-560208801
-1762362605
-166117653
-1007987508
-1813407019
240538296
1893002016
1282633682
550534941
1236277408
783611276
1446923445
450514957
1012549803
2042261967
-483586721
-1094331746
-980788604
1983608761
1091696066
-1485674984
48835828
986467854
420723025
-1850853780
483676789
1665793417
-1963742287
113946848
126817030
-506687453
330942640
267460337
1671509821
1072136340
-2147170443
527141748
-990973790
1677925913
862694649
-1179363843
1157002041
436332664
859935157
1214322821
1179980896
806430785
719556253
-81542330
-1350630693
-1867233451
-977009332
-379120919
-307106771
-972116564
1860548479
1740227811
-1461968087
677914194
-1448320569
-108122596
-357098553
1327763633
-1542468230
-1744169007
1609388091
1612964374
1637453290
2080179898
1729160003
-2112767123
1885658329
-506376082
-2018929728
-90695857
-1327805909
-1397841146
821417352
-1638411202
2103456477
-1739922687
-580639878
-306307281
-876072138
693142375
-628695342
200278600
-2036791237
-2129675216
2123780029
874093545
-622750617
77742821
-642147537
969622000
138476443
-1342215801
1535689204
1257182521
246352467
1559807920
835124485
-1450849949
-2147001318
183882232
-1518990564
-2130598695
-1787038401
-1060699238
-1806154870
-1291649776
975913929
1280278102
-1879014840
1504293645
-10437721
1716405400
-1242807989
1860400170
1405518379
2038329817
521499419
810992408
4316345
-36170428
-970001754
1661406503
-224700741
1764856477
60267601
-120696892
179229399
-1340363426
-1707252657
9245251
-1309738140
584098338
-1167393226
1891219423
-238369255
-1397689786
470804943
-1090228738
-348455161
-1756445235
985397549
1465203384
-1683419447
-2035087484
-8084480
-1531056230
-792760327
1905631078
-2120500182
1213334694
-792229915
2146725697
-1832626286
1483906974
1195366018
-2096433767
843842360
-1489155199
1620095392
-848905525
-1124363382
1823482965
192216926
-1628246923
1406412277
-1593935065
638559201
-778581227
-475912258
1908225616
-151153088
-1917792785
-306612719
-1455525383
-213921598
1147576628
2076896090
2129143008
668438603
522740320
-420155949
30002523
211982098
1095876323
-2110401699
1349610141
1689020055
1237440771
327167636
-901757385
-1442536236
1073813248
-232892131
-880520734
1467621554
-1311621000
-837562559
-828170885
-459462210
216894989
-1744817985
-1242584754
526593820
-345338044
-722404643
-879454058
-1779377733
-230159696
1254903744
-1282373564
1236211145
1187986511
1641045757
660246015
-299712663
1669469747
-1421327505
664871788
2034624163
-31824028
-1638897078
787874222
-207823204
-1474687740
110221168
1818079536
-483357690
684364212
-1484989694
-1092496991
-1321556263
881647414
-570356678
-273588672
1307042626
-264247725
1279892856
-548769191
-1822476836
-1701879553
-471704166
668815886
1887217437
510268090
-1810171248
1137752922
1470196242
1005660984
-238855890
-11812013
1709320782
1177071427
-474671548
-819346514
-34093793
902499296
-1706326805
1258364040
1743118851
1931491249
1210891809
858639971
1569594970
1272645273
2111542680
459092078
748535900
-2063232091
145983434
-2044180728
1521427788
-164633303
1986852176
991854214
274161389
413282090
559497076
779800116
1047245877
361125883
74160644
-52852838
-1387136704
655532842
-1306745239
-706390529
1542058631
1022994076
595864567
-1957285326
-1580386479
1375858166
-1092255355
772099719
42354537
-236326850
-744457152
1300578080
204916752
702757826
-700319812
803070573
-1221583819
-1120273352
797723467
-1828729355
-1266627613
-1720959194
1442922642
679166805
-760451334
1799789187
-537108648
-1438453367
-253030623
131209630
235250337
1426261610
-307743494
1647940671
384953083
-1239853961
331945112
-1316301813
-219692521
147034327
-154890963
-2003162068
78922650
333770142
-1760628729
764766001
1799700277
1477743695
1778827965
-801296590
-455415821
-390413151
1236201637
327832631
-2083216175
186293126
-464117880
469144793
1461835411
2005059176
2048007064
1022807337
-6773035
733980341
955354786
-525422639
-1258146721
915253661
2016769663
717516153
-892555075
-630007782
1107758800
-1799557524
2051621647
928178992
-784981527
-1381006726
-798702563
897658998
-522783475
-1163252961
-1540905042
1464380116
1431716828
252568548
-1824872679
119102349
84737801
381455621
527630620
-586674305
1355072079
-1654105005
893543148
-1639150423
507065765
1760491611
-65810804
-1724965906
1588710831
-1364680248
-933227934
-1348572392
227712888
-684323067
551134726
1588792094
-444974242
-539107802
-575078307
1509297833
-1989295283
238338312
-1473266970
-1433105196
-1712082897
-1730558026
1234835027
1963068467
-418317661
12741902
-479480741
-1624761833
1596168940
-1607972444
-78800178
509710863
1792054315
417632485
1068553193
191125936
1995112144
-635192193
-1720041493
321164441
-1851996594
-1625421312
-324965401
317232305
1064373774
606580413
1290109404
-1015739726
1114337701
389408244
844670466
799881963
-1470720952
-1692123852
-994880154
914045505
2032644991
1406649085
-647587400
-1299155082
570175768
-2095842398
142419555
-993061715
-938391458
212844662
-456609058
-1674521299
140862090
1930849575
500835906
1745396581
-4866438
-723255452
588802075
-1547177169
1921146784
1613827270
-533534078
-566131624
1760393276
1779282668
-915783317
-2047391392
-571817267
-1627855384
-1426433222
681145981
1065778884
1981006041
1603743388
1102642405
1716716667
-89735976
-1616514668
-66062771
-2021186460
143192599
-1024840236
-1108949844
390514053
-1906849977
1644119630
-1807422908
-365791453
1047507770
-378781175
1846074850
1844570557
595391690
514388024
-135110813
54035260
-914004744
1565047175
-245428102
1342341735
1991952215
-1863273800
657544625
1773954460
1249328299
486786158
1398129581
-1813149508
-356795444
-2042037175
-606364491
-870699417
-1146964784
-1434625230
-1999035787
-1239390103
-558415256
251901175
2090647550
-1466526861
2084801930
-1745193703
37244944
2112444941
347031376
623402212
-1551629413
-2006814005
-432972513
-810643776
-1383420797
606113214
1369852683
327121607
556363939
630990125
-1165053830
662667415
-1849087723
81536389
-1471149305
1345149544
-1246236241
-1875337075
470530984
-1879202464
1057860815
79232989
-1392592366
-814343387
-781287589
956197520
1067358811
1388990644
-1398109949
-1719512520
667863265
210046577
-1905632055
-990094574
1993547882
1642501502
-1039401534
-717089926
-1202504052
659646031
-1110678499
-1356452192
-1189856689
-1364960130
-1282027932
-368822660
1145348368
2147103707
1384866562
151054591
1536220583
-600585529
-1863391740
1540797578
-118198836
691254721
-1400535261
512296867
966691254
1728510017
-563278846
2110810086
495395332
1688204996
1185077939
1555858488
700143584
-2021263832
-678254465
-433539517
-231287967
489471033
320524518
-1653430499
1032952881
-1412618869
80779492
1017776970
1595955311
-53427063
1630462581
-429151772
-174123562
1634721230
587076699
638133016
1130168606
1279415731
2146187806
-1128125996
1130475426
-310811864
-147283884
367731902
-882188478
1149311943
1908830498
1764256359
-282341238
-1641665242
-1910631166
-2136699712
1411751699
-615688340
-316843066
-325359668
-1191035863
386891046
-1852657188
1023076247
97644462
1558600795
-1778391598
-260720282
1445299005
1975731421
-729464292
-445424593
-2130871406
1454006241
-708968683
-1341373365
1059652648
839015633
-261926589
-1342699927
-1389006557
1869715297
-182741025
-1254179387
481917808
169806560
-735088749
-2116148838
-136996054
-876697904
641117573
1151729109
-2089475009
557177016
1902872211
-40434934
393349459
-2061607113
-76388640
-2125848149
-1720227613
-1304774052
1195982223
-426384265
-1231206227
-1924084427
1626947790
-1559593425
846865231
1611957413
1758621206
2134146703
1057827886
253073274
-1901573456
371286652
-374444647
943764415
-1090803590
1939895161
1549804845
-4870835
-1871351061
-43144609
-1028717958
-222723672
-1278031789
2082179405
-1274729498
497304839
-207428761
1550590172
-449958447
-686273356
674994429
538490007
-1106757638
164702870
-548311533
554349226
423709984
-198291957
-1846769131
-352324904
-1597683476
-2105123333
1598294366
1623158962
-999563251
76390442
1671263231
-224201467
1875115684
132841932
-270115648
1603101331
1238116579
1874629982
1838836835
-961766906
876462576
1535482291
1793613103
1658923297
-636789490
1426939468
-1188255060
-1080739528
-1273987842
1566021869
1275132330
-445681438
-235706973
1918107756
2106293384
719699180
35644388
-1033092917
-441854030
2088711312
13381589
99916937
826755691
30641382
-2123936487
32821044
-2048516148
-1572221031
-236810879
-2130442942
1734388747
-1367389986
708712952
-1622409951
-1150920192
-1537548126
-1629837917
-76241523
461212901
-480226558
-1886343356
-1468347104
-476358051
672791552
-2102397729
-511068369
1290690743
-1347999118
1477442975
-635917869
-360039053
317206077
1602543097
1057671492
1282762756
-895445565
-1650877935
1520489582
-1384942377
645615257
-341587363
1643222717
-318634861
-2023514755
-346397048
1754735419
-1046551646
1298211206
72604312
1267477725
-606986768
22304413
1634585170
-1474949095
2027883250
1725188907
1466115804
-1941085764
-1062496790
-649757420
-621053276
-174057735
-576895384
1548554723
-293040256
-1278895420
1797246227
1245896261
-770321641
-984718240
142678185
1853354171
-1979769474
1937630007
1040922436
1951306635
584760869
515298281
-1576761378
-226756105
1107096308
-256945498
1052966934
2056981681
-1114034768
925056704
-1702393293
733677965
2028456867
-2045721733
-1448951959
2047601272
-839048324
-2064377305
599032411
-1988769880
-1033302669
1681185137
-1309917727
1812441364
-612087376
-397908491
-1102590966
1392343846
96692461
338843670
522930532
-1058792785
-306373799
776268561
-1081321350
-1201820645
-871626305
-577713840
-829449827
-596135451
-854418201
-980104708
169827047
1353160268
1562990396
1974694869
-1158757252
-1499882425
254190767
-201500347
-707984109
1246325685
146359514
742171057
308298420
278572248
-1141066905
1042240530
1251496899
-182753532
-1170132302
-48023868
212173884
-939452781
-8954708
-71346019
1665133375
-653480421
-1035379197
-1904961727
-1445980977
1309734626
-1997914241
1143977653
64095190
1067058322
-1874468433
620551729
1020776556
1391177768
-255684924
2008387129
1898014296
-243773902
-210811204
139420654
-1441585194
-2108681159
-1165481534
-1409073759
1580038298
-316874373
1525458132
-1544973144
-1916570348
-414884131
1337541798
723656821
-1798350346
101558815
2012304069
-261482781
321347570
-1422196655
-1639800577
90545619
-683798584
-1339876475
-1766840574
1427522039
549802623
1013397445
-610904509
1883342573
-130301454
-1255804089
-45725663
1059579023
-1562378867
-697401890
1268984393
1293796745
1342048088
913492916
-1577087653
563960619
692514101
-6439114
-785483315
-1132373377
-1541193115
663584334
-1802080496
1837495966
-1040896688
-868129065
2069016816
321825855
1363611013
1640912461
-2007922880
1476702864
-164626946
-1595721532
975459253
-536140472
84391849
-1936518373
119579154
-259834883
337090595
-1149698959
1656723077
-219405646
-1618030394
1486731990
-132424111
516900787
2061238757
47052613
-1321171284
2107847333
-470890923
-125092654
1308843497
-1642317608
1946678064
2058434335
90686170
2044961504
1994887125
1401676820
-458488209
-282912925
1083427378
1119005902
753779618
2010865459
1273260869
717724120
-831925865
-1998924130
1689423839
880350872
-1396263938
-627499003
138717610
1293416459
-1796526661
1149430699
-376763282
234535604
-1596401207
1352263886
356617103
142289
991751771
519713787
1078914009
-1826426416
2011663939
135779998
285420928
-132470784
536628375
-291755048
-1369312671
967737739
-2018195823
-1208729963
263619726
-1774409820
1014527927
-1709280036
-1367129847
-1052195076
865807419
391584873
-1514771762
-1572896647
-1731873372
-1305957256
2133502486
-1858883287
-1507670611
-950152989
68795354
1729348980
1069814636
211849839
713823637
-737899631
-330158410
57880673
-1992785586
-411944645
1767613889
635731800
-1326254635
289380515
-1749130997
-1507139242
117059404
-578383704
250632571
-1720833249
-1570255895
1943829573
-358937403
834276038
-1459687175
1530922314
-1622191086
-124271740
1624357927
66942542
-145915681
-1805167925
-722074371
741455843
297264164
-1552067942
2013672107
-647795445
189014969
1384918290
-1749865977
-1926438165
702677493
221541705
-176646187
-1284978754
856980376
-1727956642
836049735
1761533195
1495556074
30695886
1836848326
1921849626
-1541290205
2081518084
521084146
217901988
1260129037
436747830
1749641192
-1495557687
1582179815
1346955886
-2090362686
860349766
-696804467
-2061121818
1161480547
-977898778
1719161045
-1681793639
1107151475
1408345145
-1127746246
-1207810794
1055907752
-1596925821
-1865948481
-1748939626
556301383
1768835319
1584961549
1543492945
525059050
1734472740
-267767586
-1681756916
1207948163
-1208267601
1246855326
252509686
1585387168
-774201534
-1516129457
340338612
295972080
-1293524028
1512347820
579900858
-594533371
396881354
-70648431
-652876068
-1428944549
-841076660
-527911015
-1938032092
554899608
-171145061
1781679880
-812337947
782436885
-474561390
1170485995
-1426221552
285492636
1549457420
1664123774
-945706299
-10224269
-548670059
1414069965
1351465005
1458992537
1343880803
-1911616611
1778167430
-384304305
2120973703
1600413323
-883967617
1309102297
752853599
1630983542
-519667259
854888837
1508961870
1627661594
1073837021
474730988
-1133999697
-449299204
-1650384844
634585207
-646089722
632522125
-1108146060
-844707291
-2068184200
-940286838
994930200
-1248163958
1551198076
-1607371871
-423561662
-1405389286
1213604563
-848759463
266352331
-336084569
-1389514571
-2008902606
-506822501
-940695001
-238237364
434169867
1684568891
1794314683
-965543579
2057354692
-1734449752
-1700471060
192119140
-947176157
-1373564823
-566747337
248819577
-366343941
-422058781
-80067125
1934502160
-1212498550
1602719212
2048942736
1885198222
1420914979
2099647901
492064107
846359609
-1773135092
317885548
-1210924608
514174839
1477641385
-1267233415
814820920
1047531322
-1810847527
-515820505
1443511491
1885479098
1986897311
1938052846
1304188640
1921517925
1928045572
-1333912721
1180019227
-320470253
-1834722756
-1775224888
-990023465
1035759486
493882375
663713065
-1763540147
-1858785551
1888038234
-75544665
-1942784812
1510157886
687147838
-1118924977
-1725644446
1536712692
-833380618
2081871486
-2131898542
1613075665
1345777511
178299247
2112735591
1608181621
-12278604
-1870355691
1840616720
857124697
711635496
543877931
1606707437
27012862
1234844249
1539727752
1184417681
214593897
554307977
595337911
1016062601
1969162957
-1405844913
600543687
-584472163
1842851978
-321243018
-641387682
-1343747499
1413536854
445543972
-18110956
1617175486
1349447353
-1326516418
628837374
1469870702
-511540034
-1343478005
-1567983225
1496004804
-965741337
548178967
-1543684729
-1404786828
-1672665247
-723480999
-865790323
2018544194
-1717027464
-66454633
-946460289
-1075086067
-614679476
-728961527
-1254044315
2002251022
-1669058875
-1818887876
-864583551
-987272607
2071622339
-381959879
1492556450
-2123821627
415049114
-201302042
-628862791
2033317535
485548989
1513700523
622124460
371270980
818827192
-819316136
2127029354
-1949289097
123999331
-552902843
-862888130
473349424
406476372
922639290
1756475496
-400665697
-1900590955
510366353
-1807374359
-434011025
-1108617066
-996898791
7377566
1368404815
-1091918492
-912008386
1764730512
1060647853
-482691557
-731829018
-49848182
549001412
672834457
-2026792547
1991288555
871793113
-1587533452
376678771
-1712011844
195847872
-552906195
-1714431452
-1069246460
744302757
241414821
-804968582
1837658715
-838243576
703162575
-213174801
2003542716
463337737
164286886
-774241387
708811167
889469669
-601150879
750863162
1673531463
-58327104
949326053
1429718470
-960315304
-1946312796
398137211
-1339189784
-1200455508
-1906853431
-548282429
-1485723151
-1587618970
-1501818090
81162471
963006463
531001670
1241995495
-1739604718
-900876195
890486334
-862467056
357141027
-1226161622
-1721167035
-737470430
-616549986
-171676104
-544089748
-1624515860
-1829508126
2099420213
154956334
-1020157884
-355919199
903673360
146884875
-1587653113
-1933687157
-1325781611
-227481001
1899002973
64472140
900198490
-1247005874
1968281153
-1335085895
-924043810
-255398036
-1378050496
-1715710907
-1499804690
837187323
34636672
1123274169
99403082
-267181331
-1707150589
22545443
-1714573687
63744491
-1459097299
876939279
-808669895
48151213
-1527314557
753413108
-1898058423
-785094772
1772030645
1051388913
-218431317
-46254251
-1650606882
20454585
-227076811
862449503
1371590665
489723338
-674880312
-1504154914
421137655
1547946724
1153729459
-1165552774
-496459234
666110137
-310480551
1750585115
-317071627
479545568
642617104
-1985513722
528736110
244371727
-1373871796
-473945043
1562438596
1474761097
402538236
105782466
-625307530
51148501
-783527117
-1335718132
-1344294254
1993679536
-782330613
253511038
1760633910
1424932931
-2147362363
-479621115
1204059475
447145880
-1371904715
248094369
1519729844
1894761546
-1678468004
-1489508041
100169022
-1988365444
-616841642
163954852
-16282759
921029900
2024327030
1326669077
-1287993522
-597324793
-1757814097
1981480341
1941224978
-774043042
-1243280075
-707400473
1716246723
1379337178
356438115
1181515669
-1079018864
-1753017267
1169700319
-1541447864
1675266974
-115940087
1233476091
304723802
81619977
-141541994
175128670
-809429335
-1071279320
1478159262
837930723
-1370416466
537485077
790148652
-484109632
-1017235507
516085867
-512176107
-121162774
-614714642
694971985
1190100405
1874377400
1652170827
1228861111
-1122639394
-1499788346
-433128565
662716127
-544922098
1332690459
1265577232
-108619745
-360746529
-154554482
992252044
-299086620
1877763523
528481125
-838348582
558651898
-795472657
1206728510
-208458485
-1801435127
-387024233
155359794
-1967916354
735846754
276137564
-1877413322
1466005940
611155963
542727170
1104776133
1939131554
873396152
-664546714
-1294241861
629615433
615604460
66174382
2004622212
366518723
-330250466
47231170
-1790371979
932376864
1818427407
1454563834
-893251719
-1490983631
48901883
78653207
-762228241
-1114655837
924170271
-1505346441
-1668097837
1341077582
553674875
230280068
31473947
-521985329
-809314855
970777709
731534435
-1857459885
1056783117
-1000939751
344918219
369071286
1164727421
-153823401
-1234887904
1897904588
-313458461
-1236715431
1910810425
-972868611
-2052412847
-1697379486
-1719246173
1310586134
1556134773
-296419906
468278656
1117683294
-378034914
910381555
-1419154005
-655632664
1706178558
511127605
1460578336
668734247
-1194830159
-2058155490
-374305637
-1240251961
-1977072643
1970472350
78497662
1755566522
1774719323
-1594645713
1715711479
-1190738544
-228527690
-2051009715
513726561
1142114315
1757836402
-2073301211
1148223211
2114090482
-1337463633
-1692186484
-2006287241
1258647845
103450830
259474738
-2135024700
1707151601
707714611
2071771415
-1193798962
1852031909
-1073943220
-2146077635
810963060
-1690339995
1769857490
-694929506
-1797619621
-937783235
2094732111
-629766816
-551130862
-653760135
776866271
-1745960890
857573494
1909108787
1986366266
1487687273
-1239838120
415412524
354415601
-453594328
632665436
1167229919
-2122620681
-955526051
487508515
888894675
-803181214
-788472111
1437913260
-695713488
450136179
-1519878671
-1637064713
-899221611
1907173331
-1208460607
1923410923
1203737128
516774431
9639440
-328006279
1393663469
168525222
-1078251028
1982593280
-369851557
1534402417
986095192
179465970
-1959050196
1719879299
930209084
-1034292552
-1321876876
1009889121
1693249948
-935230509
-1395202827
-1806713900
1802210828
-278686397
-1524093775
-1500898580
1575302755
-375644373
-202862657
-434606776
189352110
1942726325
1740483938
-1075156587
-1472847513
-1689755597
725331799
-1629207213
1870778087
-264450170
-814125971
-1133353505
-908720104
145066691
-1238654885
297311661
-494380434
244712211
1536904397
119634388
351453975
1015445466
-1451714624
-111778865
-1860163728
-1846839270
-104023281
200383361
-337420101
-1015441895
174250316
130502009
-324612337
1803432258
774425555
-1397536393
-307386481
-505382328
948321820
833428783
425685470
1726748049
800696913
-239298740
-70686510
-1841758255
-600831200
92599991
2047390311
1176148212
-188393775
-675460584
-1257528587
-365299392
1881741210
1934672796
-1991802971
-207752006
2072229170
877266169
-723291103
-140152631
-1557249117
-984045650
-122638454
-929107943
-719852700
-1963948657
-514663249
-1611499326
1519468198
787907968
2088462714
-1048495960
-1712910354
1424420992
-1253224019
-1875866588
347839971
1117623017
-1037672242
-489927965
2007378025
-1381487115
-1067049120
-725188850
-946978067
-728760956
-811999405
-31921493
2058975234
-1894820325
1207475132
1122959170
467079725
1274322735
1871749064
2097490883
-1916854788
-943444572
-1858852626
2014618790
341244252
675201680
1599174755
-697234860
1801389100
-1626688957
-1632237613
-714108475
-1005435379
-1927678069
-1459366579
-662334615
-407233157
-1454917837
396032638
-2004442036
-1260041183
-78907443
-181861599
4758900
135459944
-1462988367
20100790
1668691341
77028432
-113337531
-1526445711
-1379987256
-662075005
1992021373
801056885
35547903
199625383
1378081957
922473793
568311836
1359249907
-669441698
-1242987414
2073761467
-1740454652
-1092227611
-851676278
-640102130
-475945487
-749339749
634858104
-1448663039
1581037980
1079336129
-1372972103
157922462
-2142785717
-1829912958
705189941
-506614863
1339100534
776423222
1030179373
-1403801681
-231512094
568497380
-680875156
-695575341
-283417874
60137481
998058684
-450694263
2107250732
1462601367
491353243
951829776
-1960792013
993231680
292459310
634537562
-1933883982
359896307
-486155914
-1677136586
-1850841656
650615462
-1933587007
-318030928
217825683
-1668159658
-1228880030
320642487
-964172537
-2088857013
-1212337245
-1190855424
-706476288
181602208
1801500154
-220713174
1029457561
-1241015038
1762301819
792961571
354150846
1407135415
-1482868338
769649353
1765699839
49088738
-1127907359
1589254612
1136497831
-474373883
855270815
-1004340494
1905884941
-860167226
-389795358
1880138291
-1701193687
-597878027
-1059192987
-733942873
1104901737
-576344115
-994342019
236048708
1413990597
1556696441
354975817
-152126707
1984974352
111355866
-296374744
1317023089
1293528465
-2003604857
-1594103701
-1363314192
1575437522
-366537707
-1467778741
-371829244
-1169080649
390840727
563765533
-521896898
-975403055
-1661587864
1955779779
515095470
-1020447756
189426727
1585885029
2112952712
696330502
-473884926
-355218591
-1275598589
-1079368934
-810218953
-548374913
-1149371004
765158844
947476696
-2015988375
718166779
-1039094130
1708101326
1421232729
-2108422003
68762899
1855094303
-91507948
1479338355
-643103798
2045385843
2080870934
-23674847
1913607806
-1046399789
-19745010
1267122090
775662044
813560244
1995455116
-1847701662
-1220659131
1443529524
-146972424
-1632246588
-1391484955
1011574178
-317179706
-1050601578
-2087203324
-1212871612
1209362407
157111371
-2117743716
1451947091
-801055614
479121575
2088714026
-1360108470
-320056093
1480959657
-31082551
-2105320609
1187639987
-2101397084
-1866656389
-671713967
-515879575
-1216984658
-442522934
-1642674588
331921408
-1596565186
2137109391
-974982231
-1140871702
-1811068656
1246747921
-1592194173
-820339901
-100643252
-2096096431
499966565
1291154506
957851366
1251964835
-1786710048
1662898188
1357295687
141231232
58337244
577272417
-1326693331
131875482
-1027167195
-1862684388
-788430897
-1281473743
1693790761
-1669889923
1657493828
526523301
-1090451201
-1348406550
-370825436
-1103200693
784640939
-1694758946
1522826863
-919630717
412363680
1962386977
1756564141
-470206967
917847941
-503448263
673530967
2147465612
327350844
1539770912
-33281675
-1446045060
-1217958369
134361910
-990749561
-1069309912
-2051686260
610873209
151080361
-925715961
-1961659997
549301490
120410609
-57367211
902290510
22440562
846810395
-358264863
-264949119
1576515710
-1293364888
1601860645
1076787650
1006540167
488757698
-1288938858
-2028844053
-1885021858
1651343908
1402874941
-288726994
-2120735770
845242936
1211687559
1665933402
-1014725878
535916097
348446808
523685468
-1831926799
1564770874
622561381
-2131755513
1137419120
-1163658433
-1121229630
-865638633
-998420032
1468072748
224310202
-1464380557
-609878672
-1760529789
1545432542
-1872286287
-1697130084
111701139
1596004704
-748031009
-1751624865
-115795499
-1545470303
-78998912
-877106555
1240212632
-624258553
1754557397
789406085
-1945314335
-1504237804
1822855005
535820461
-2095767412
857030836
1225024925
-476600161
999915702
-388558123
-1256270813
-20279301
395388254
1571096892
1908219336
-374208419
1184659017
-784308330
635241270
-366012791
548902951
-1448651059
676718506
1577658853
-753653517
255587229
-603783687
-721101017
-2069373281
389362278
234144215
1637333582
817097711
773434435
107626839
147393493
-1151119452
1198631258
710343341
908031270
1708945885
-320930699
-1673375173
1115537485
-1778076742
-1566669870
-57023286
466157293
-1728391870
1398825782
2069903895
-899865482
2016892294
-22983865
-474637422
1072992152
1720725766
-1132436965
760288097
-1929758990
-1773165998
632463628
-1126443094
1149594894
979618036
921549773
-1568561646
-1481019503
-190358899
439477442
1781322624
-969787986
1352778301
-1359281525
185406501
1842033116
387928648
-640210207
276053952
-811337016
434662389
1298757285
-1794861538
-1508765813
-1981234759
-1346534602
1054885856
1450060575
1535514517
1480668418
1078085504
-1516315889
-1359469124
-637563041
-538663275
-1238807186
-1956019848
-1408191077
672727894
-173241847
-2050772915
1692428625
-960771492
-1657107745
-1786328738
-1792173570
-1686941525
1732634577
1966033167
-1564812845
-382203406
101845397
1857223403
1775291340
473128722
-771811344
2043157960
-1791959296
-640227108
-1494608092
-1757927895
-953685189
-421129442
1047324838
2092024546
-246054199
-498570272
-1185864941
-173799422
-1128919660
-199548181
-398199451
31908844
634061169
853310858
436767073
1083392711
-2103587914
2096382612
1464441171
-827358185
-284213233
-142056791
-1996346115
-2072303956
-1867603823
-323133254
-914312756
-1553019206
-1821338865
-948551985
1082581581
817105481
223319980
