148385841
-1083432256
329321688
1399240631
914762371
685414848
-1922976130
-1362709894
-2129252270
-1157680891
-521692500
-1024697103
831903003
1769495743
866683442
-291326335
457009677
-734902179
-492622001
1987403775
1060945168
-1998470336
575639125
-2133149306
1491485705
1425327281
897870989
578914699
1028339804
292731669
-552484521
65634606
964650674
859183711
1798215062
-1005637166
1357100795
579591621
-153422518
1466517487
1161998518
886894773
1245501309
-134340826
226131823
-1798262006
-1442242461
-667548779
-249283703
1620511866
-780656196
1333769324
274758461
1845216083
-732480131
455211968
451768290
265030246
-574648658
401502111
1361777518
-1288537533
-1508655979
1748414563
1358309948
1966926246
-2140840940
-1113147317
1602952463
-603793104
377783119
-1111748537
-718409898
-1826986407
1241674641
-1967456750
-2023434831
-2089485915
1369079152
260046726
-815320909
1788617749
-1945992402
60630827
1547366377
2010800096
-984171166
-870830576
-283729637
-1503483806
-647322154
-1927852322
2101260241
-180019884
-578605901
1863859753
-789014248
539895101
-576939045
1479398409
2073499525
-1445936344
-291451754
209074921
-649163910
1773409175
-166161553
-909854818
-1397677145
505881783
1261274720
1318543035
-676951596
-274883116
-629178068
-1256043742
1521162204
1072359950
10718220
1438591454
-1252075268
1694030413
72878221
-911659216
892132173
384954994
1137985720
1155188967
-1537763953
-458828338
1985475699
-2057068044
490693927
561612503
645980454
216189757
-1081841558
-1651479016
-114016352
-684057167
1727346971
1857969257
-900578244
894249372
-749712590
-307495840
-499536577
1559185212
1945498591
1386374919
-409810044
-179725165
268786893
-2028089394
-30412454
-767873922
440330154
2018147267
676031404
-289258746
-1129658905
-1711441920
1229547875
-677391627
-1565865796
752730979
-1968802553
1096456364
-1660244626
76144516
-1289657172
-1328474573
1259497940
-154075933
-1212554229
2028387473
-1580057321
987117153
1275788526
-70658466
538478776
-244871183
-31768111
269813654
-1510099497
-298210161
-550338874
-1427605841
-1292719439
-279679120
1776227481
-582749460
1895994474
2081160314
726884915
-1112757261
-1480521460
447007734
1172693059
-994160995
-244726321
-763837053
-1576742118
1290836749
1497861530
-1554082227
748205782
2027407363
-1479808055
-915163521
-740374078
-2135472270
-686170320
293392885
-1334355715
-442253233
-2040417952
-451442634
1979298648
-286633557
1401716264
-97273951
-1894127996
591426307
496643934
368691173
998943341
-1281292842
-1359154977
732342198
1401429728
1861250168
-899063597
1396535741
-1801568397
1288354342
776142901
-579212081
1191719333
-1199812519
-1086281838
-647079071
-1053568701
-464093857
-1839397872
401231419
-1849221363
-963186650
753098929
1886350956
-1908705895
1026692443
-1213644839
1314157181
1996269688
-767708749
-2071361267
1510322921
-2143784554
-390443641
-1690415363
492179915
-1435709210
-1102101082
-922586685
1909074393
629817918
-1015638682
624206189
938670224
-680989313
-1110266372
684295352
-1769179215
-929155848
-113643763
1592985630
-764945941
-1817033205
1353225348
-1489037037
-1401921831
-1064595439
-100455003
-858762870
1150612014
585123194
-73338526
1870092222
1716521518
752634681
-633961491
2057041454
824867167
-1590936994
103743886
-2024722456
-1943197824
-8103932
-1844813130
-354429686
973137338
1724163948
-717910701
-37266555
-1548037611
-699827606
1900128101
-2131951580
759627309
-1224072193
799375056
1538094028
-1219867356
1260237127
-443737484
772118789
-1569735462
425184405
-689387398
306910648
1990495835
288239324
1663974896
573947194
822739353
188302160
1649646488
-544795000
345675866
1789452620
-659198980
28148436
-957606797
372260981
974515910
-1550530496
324445494
1098550048
-1745533618
-1481767704
643627048
-1251233040
-479767437
-262844890
-1464327945
1938254787
126185389
-799309808
1076202666
-502107953
-1931009694
-1361116859
-2092665831
-1323272185
-1049713543
453410537
-256671328
-1895598141
-278207699
-1814240019
2138480143
-1565056353
-52818141
-1229056365
-1564993308
-684868190
615851709
-1078449359
1282908091
-384715613
1105066928
-1287834828
2095888645
601985255
181309139
-742536857
378123768
-243124721
1874974010
1619326069
199708614
448629040
670775939
-105767764
212886545
-2048793021
257127535
1605769731
-869759843
-1256650817
-930710604
-679174562
-27308474
1985168516
-1004028400
133922831
-1815233739
2098087931
1021238689
756394144
1564075086
-1190352774
1893765491
-1969771569
-1634671124
-1903820820
-1279493286
-431994151
-1506944048
-491951440
1272055554
-781752325
-369088426
-1528393534
692823620
-1080414667
-1804436759
-404775656
-1298071878
1802203472
-1558754888
810075982
1234558101
949717538
-2009681239
-1354214524
78970541
-81054959
-1583024243
659827846
-240971815
1914775765
973605269
419986478
764895616
-2096983167
1361434629
220521990
806173552
-998605885
725374503
-951039951
-778447634
-1683173270
-234918783
1826432650
1124092685
1282785320
1122519369
566699021
1079912515
429812633
-784022504
-557568395
383799608
1797010307
-1372796706
-1010155481
1780050657
-436197537
-261161450
-2062230450
907021773
940595224
1776622138
-1010587322
363616958
-664988910
-1716282249
-790770371
-275659653
851462509
-754983772
136048919
2129339108
777365386
-1998412176
1234505106
-1216584889
316547277
973919195
747136683
1437493745
-689310812
-1544119577
71391551
1769928966
1959815624
-1110867314
1354227444
-813191020
657250498
-1178586378
1901784153
585923558
1124902577
-1615424285
-2019553973
523436054
-1234020534
1616376940
717611931
-553000987
697165087
-587195663
-2064815123
773843150
273345315
-666921909
1971858658
-577209000
349790828
356684613
-1806191495
-441724756
-1562511301
-866309813
1025312690
550946662
-1169997767
-1342782111
-589502348
-1360555601
-797620477
-499503530
1753748911
-42904949
1801799912
-1064408008
1881467333
285370479
1397461233
1362121994
-1953891547
-870438122
49923105
1619767476
-1399872711
2142515860
854596861
577644602
546869122
1239186346
-1920181427
371029041
112181504
2084633948
1657891876
1325235821
-1434673706
420643777
1823673886
1695181567
1697904942
619701273
-1044318743
-1405764514
1454847322
587456036
398538501
-688584989
-662641605
806305457
-1702759217
2051270522
-66024986
1314527092
1227268027
-1623051882
-1652726397
417341469
-172670240
1941080165
-1695390600
481924261
1542235577
2116867909
156476359
-167566102
95700521
1880841589
-680516684
1184680317
-654086465
-1378860785
841519531
172003771
-1255346885
124575029
1058950239
1508884250
-1202639535
1932738442
-418642378
-1580875324
-376390740
644712676
-1894012445
-1255806359
-1514834635
1688085823
-811375276
926016849
1521018516
812060404
-1729233201
-171683152
-1368219658
-1782214359
1515247703
755765309
-119439088
488848779
-686537388
379193349
397361508
-1584133830
1977161330
-1585670021
-1138902845
-39533307
1014005705
119597524
-1023300590
-123968297
-238437059
56870033
1562845776
1967508080
1273698599
2059451740
1916241367
-226556073
-954058444
422038040
-334883359
2509326
267507085
200184883
1875602510
-540284281
2030124600
450108477
1844517795
1393838551
464802493
-1805483330
-1648711339
-1054115543
861458444
1516505667
-1387173816
-1135092748
1514150045
-924997958
-1330841711
1473788272
1273682649
-1236095489
796551555
806154565
299776440
-1137017418
1772115689
-88914043
1343249322
-1144378789
-757439857
-1779106852
743736251
-356414570
-192220921
-92430330
-670230287
-284411437
-242607959
32137600
-2031337480
-738438894
782568923
1728068226
-286135552
703466747
66162577
-1151353301
-949976090
-159346124
2068650007
-1238567938
-61893487
1635875063
-1483221490
1536489100
-183103074
913173726
-88624717
629295475
-1019466945
1833268737
