501897810
1832219498
400322800
1459971270
1770374920
1068820333
-825328619
1504102857
1698117039
474484699
-2024911587
-349104569
220399270
1300723191
-458447267
-749422887
-1036139968
-214100092
-1111345191
1649400009
-35832886
-1672091784
1616192487
-679265307
-83205941
-375511569
-1086346735
128044437
-1937098611
-891894942
932977727
64381232
-252127268
-1243528424
-690453995
-316925558
-356954867
1906495707
-589918566
-1111795759
-869676991
991329775
-1335702503
-1616493671
700154859
-435037888
-610786741
-1366474700
-545115761
1404983001
-2022499658
-1456151737
1992748747
301808285
-1809152177
-870563687
1718027931
135461424
-48664730
-1592025298
1451688663
-917353931
-44013886
428927892
1906758145
-45200706
337818379
2083552124
-626260675
2040432384
-425335960
300283531
-717002080
1387707462
1239465576
-1483048846
-867465300
-1426088920
-831477211
-630046661
-1391609829
813497852
-1078267226
979730662
-1910246181
-1927203957
57774725
-247650508
440764250
62158087
-267820591
859154625
169159939
-1238198212
1898565429
135737432
816803591
-1041201402
1996261209
1219738498
1432367712
1291725058
717598344
582024544
-1512913902
-1773095800
244551826
1284315834
-679483981
311204568
-2124485901
-617966761
-1185833426
151356306
-85773004
-2111771506
-1481846077
587074411
889752465
-439029475
-108204975
160971294
-902881317
-1825269192
-2057433897
-796728417
440816799
-1977616923
-66676424
1132423318
2056775304
-28729722
1213799229
-1365341685
1607583745
-873556041
-583811104
-875936675
-849374434
-210852774
-450693689
-1088559752
2060367292
1842047471
1605431310
-2048077242
-838419482
-1784285912
719589705
-1251233947
-1580114822
-910724164
-821394744
-1795759845
1506028555
-2143602821
806452252
1881970310
-1453843959
-1148365150
1586167514
-843066345
-1038541793
1084390768
-76739938
474820929
110799836
2100479224
-1732145837
1708211564
2072246932
783983416
1462670256
-269762513
-1211039864
1645365355
-1733132795
169494719
663995460
-1366491749
-462930633
247972001
-749497528
-728278919
837016584
532018599
803073258
1877235824
1962399899
-182366439
-1992857990
-710491913
-524807625
810426929
-1785145433
-1319811802
1788301130
-1187882548
1967618592
-2092083060
1489543089
1793418591
-1881350274
-443434689
1507729206
-1901354201
964551008
-652277965
-885859239
-1324238428
281931735
1528954063
2017847123
987731015
2069783044
-234873667
-1962357417
-537790615
1345301760
-1344476927
1820591130
-1820008577
-1999330053
-1873610931
-1973941867
-479715444
136719527
-356944238
-255181815
-1254427946
460846806
-1765541414
1182314051
-1453165092
656752225
265526356
1455455265
1513765510
-346646452
1764610736
513172308
977103774
1481655335
-474055251
1699325031
-1663421569
78290614
-498069009
-1146785793
310925835
-372466988
1551755541
946168931
2094484961
505046164
-1471016949
624287550
1505168591
1187549864
-272554340
-1010751580
-1316839546
2137426438
793519178
1524020306
-1198908276
1899558856
-2026301855
1489637945
-1371183498
1655145811
-1504629943
-839176387
1631066453
-1517344069
1696833308
424807737
1109547888
477938534
1622302072
-460054202
1386317107
-1729509138
-1402573675
-1877351619
-434187160
-1043376053
175601049
-1060155015
-15098204
-1870535375
-1865220566
-1059951391
-1581402365
1946828727
474294085
-424742619
1183709975
-413740999
1835926861
-513356474
1744190236
-152425090
-1876171417
-60088228
588706161
1968861468
533992452
-1767784813
-229606077
-1253642726
-837224258
-825261450
2117784715
-1314902569
286628712
-25170321
1796333881
-461875413
602138207
-150543730
1684929969
1464886219
1168390694
180447881
-1432140682
137938930
-500029902
-75044861
865707812
-882741188
-1490330879
-1366549231
1738211491
-1289274924
1688938864
-1978803463
1890817689
2136950993
2087592782
707877180
2081734176
38461661
-516509397
1961130198
-1481599047
330212375
-1400589962
1349023683
1312888447
-63284166
-683707194
1909840069
408667807
170963454
-65885321
-124746908
2102855431
-1362594114
1563695225
898588726
-102978979
1881564250
-330228380
-238357152
793850674
-1604815010
1472230350
1784334172
-839508105
78268259
1157998560
-1291746821
-1088358609
-331611723
-612816857
761540013
-1807216027
121367093
-1681850713
-1272384256
373377633
733775489
-1762425035
838745702
-1390540266
136304465
1543419654
-715973061
-1345097251
531776548
679725442
1721132293
-493583768
-896131813
-318740898
2019675644
514818800
-389359837
-1340369687
-78966323
1579095729
-2027329958
-1820454747
-93527654
-216877673
2128698027
-1023225064
-162132411
1203338297
-1567055174
-1769609500
170745838
131434246
34216199
610588693
381477305
1800228029
1008549709
2446778
-251681324
-1840010206
1915997227
1256970422
-1577499208
-2011782930
-871371002
196436951
1146004142
-881863674
1417702956
-924536537
-578049388
-586056976
1781400381
-186359678
-1652939552
-1419953534
-810051130
564460392
1638517733
481951964
956388398
1675026964
-427149739
-48690537
-747341099
1949136333
645616902
833193790
-500385415
603591803
-2109634312
29200636
-269398308
-1472022148
697734551
618294167
94311075
744576952
375452476
-149340516
-1634568831
2021015794
-844151303
94158556
-68231276
1103703649
120454293
406027030
-577564402
-925254017
-1565959211
-360333323
1382050072
-1550222304
-1014072835
430524220
729102066
928432837
411168405
31729215
-178751138
1182864433
-649381264
-1223970924
555200574
-1209748675
-1145033750
797129739
339584124
411342824
1766572912
-1582690598
596855337
1545015474
-27239356
-456734436
1745494248
-1415928535
-69395071
74588284
-381569395
448662979
1013643101
-1217802963
-1408225280
1831818478
-447369042
-607132899
-678429593
-1986824859
-1616262993
-1167455639
-961341820
1109985733
1671966979
-1816704238
-1853982630
3006815
-1037229063
-1008050191
1444324630
-129462705
1572313872
-1186872088
1760587053
-2001452851
1939024318
-1709837222
319246529
2130609090
897466476
277448668
-953342903
1477160606
-784131131
2018390060
-1029907601
1125130344
1851384880
179091553
187997756
1148819478
-166805094
2100136036
1029278834
1504001566
17753976
1797413534
-825633992
-688639156
-504636148
1495865586
1757935868
1620687062
391415270
-422898451
-44792940
547046829
-558387539
81465148
-556180314
455875861
-1862524385
-1436040610
-1443063734
1930639991
-1825142187
1564468377
1686536685
-614226314
621126219
23057714
480318328
2008844607
700545951
1131440343
1064647344
-1178104283
691199129
-922646176
529305823
-419337108
1817442923
1151507638
-257660748
1984014692
183243705
-140122349
839472743
1312024505
2079043418
-562340757
-664758752
-1639557111
1283949408
1113756969
-432606055
-407494985
-714323883
721082910
-838656511
1033618174
1782971592
-684491850
1522759459
-2040071352
-1434886905
512616556
-1002576697
-262509888
1654035245
885405311
1936336216
-91413466
821584734
-1978788635
687186118
-1509882399
-1116514223
1683052416
760861357
599409498
1881977870
-1044737393
-840125770
-961171577
-689362696
1025603942
786743101
408984773
1050648334
561247329
-843018700
-1257347606
-518223507
-456777194
2082211910
1762981018
-1740206056
-1513834551
251376191
-671426343
-1973579268
1913156900
205039786
-1967733278
815350573
2021695271
-1119997509
1906935862
1948052341
1947579997
-705427089
-537343753
680134928
-1627071408
1321126897
-1987956107
-1345070160
579312702
-885906880
-1341928951
479337414
-278721781
1923519757
412062497
1194418691
640971386
647965161
-1792159844
1396966172
285277079
-1828114785
2029154648
1830708173
1039207543
1612895966
-1811967736
-1323955935
-1804120796
1803259931
-768082358
1433069807
2108590033
390803381
402799864
978763431
498653269
-1819582631
-575831107
-650745778
-1986142506
1158736807
-1995468821
1484623814
852289988
-1030170347
-418684276
-26925997
-96253175
278356755
152976054
-867604390
-2136585090
13977968
1594974499
817141610
161707936
-1261826052
801413377
845113472
1323377795
-278391699
-1360115195
2067853446
-990608378
-17195386
1173075909
1146857757
1785829703
-805548427
1015863879
1502453660
1098700377
282758524
-1720931372
-1937371049
109924404
-96934700
-1189085166
-949816797
-1098269203
981950157
-40748975
379401753
-229001434
-68856263
-460822236
252886938
833086919
-211265525
1924711732
-999729004
153689837
-1229128902
-378707632
1979065858
1971820322
857920234
1015457223
1359569081
-229595697
1832050382
1461911801
1328961120
926338030
-1376641593
1668722475
-1171523905
484504067
-710400303
-2018006117
758280509
-929361588
-1039406049
-1146151212
-1163483485
1657519158
-103347069
-238887357
-501976282
844446227
905074451
274649353
1042093219
-432002550
-562797303
2127515153
-1066979028
981000526
1104506347
1754981
967459266
-1958217581
-1387677205
-2139466051
348087652
-1732133700
-1067034993
1811283801
566091848
-420514088
1649013140
1201846544
566872935
1009827663
-843186672
407738535
1235204159
-1669181352
-899512362
-1304385178
5262548
1497041837
-1925621475
1132678120
-716497929
-391698558
-116697501
1036070451
-1526186550
-218843470
1231893646
-2078265080
-1969984382
-1989935045
936832341
1291767419
-163862162
-1260299796
-1550608931
890885573
-1161122247
1230338652
-645563482
1513197655
1268756075
1045722654
303344552
338928691
-1303958219
866311218
1214007225
-1099937929
-353768595
1938531774
-2146611663
2075564346
-1751305770
-579277571
499365840
-1851968613
334953381
65838966
2046103518
-839300330
1750844736
1091936113
258861715
-422056167
-141294776
403769510
-171582023
1047674839
-845969959
1571720247
76013455
1389276507
-2076357616
92936160
1866936304
558797791
-695039027
784088173
-1279840332
982042973
1281618361
-108656789
-1017197994
1338437734
1149787530
-1804319710
-1058646569
-494623693
-368271739
-960407614
-276230943
-55782919
-167513020
1987849435
1881245486
-1757228159
735664057
1718477330
-1663380438
-1981145353
763220082
-1054920687
-1459217449
-1852268543
131095070
1190771391
674163184
-1930621421
-497017265
-594493007
881231697
1784927233
-932051327
920642527
-1419704939
893017301
138340954
-452597094
-721100544
175757794
686808627
-1796419651
1706581151
-1247816167
-1137547818
967799586
386268333
82586266
496406409
1923134296
-1008483528
633415822
-1803207861
-270606958
2130645764
855378995
-709029283
-2137413407
841571503
-1896280777
-483855613
1457533093
117438997
978821194
483054731
-265313727
-710157323
2093530606
-1750964338
5411341
-1254363692
1601847953
-1608059275
-257152112
1139233825
1984936924
-1855960514
-1341542162
1924327577
-1488308403
-937257088
298319263
1372035309
998630915
-1616005204
767688801
796756897
-733107752
-1037028715
-1604820881
502935350
2117197748
548592689
842121715
-797075573
1024523040
318376608
89546168
-1940009601
332777241
758491246
-1874796509
1484059867
-761765850
-2027313387
1252639587
-2102301585
1259092908
-2096327227
1248958695
1019563130
-285814655
-1577951130
744617488
1491396430
605009086
-327845155
2076440616
-598069196
-1385937704
-1196360562
-2008640623
430779532
-1452922895
-1228771295
-627170751
-1652567240
-1637005973
-1020109943
-1863719571
1648229947
-1964310594
-418462654
595816068
1302876828
-1542076277
-2005716007
-458808482
-364166512
1790009841
1072562353
-391884363
-60715561
-1559666402
938139395
-1942583853
-4987802
7915047
-683213274
445716621
-1325559995
2134031644
-1347209712
-272553873
-1955052614
1437457495
-271775460
496595512
145720487
-1957399532
-1474331123
77511816
-2015480272
-516832442
97064530
1721944791
18827168
746399144
-1114348405
1361513385
702846861
929140497
-2094725301
1769960959
-239765959
-210704372
-642577377
-415151600
1651010106
1477975975
1525350095
437299513
-64873635
-681441653
-852940573
563820849
-979531832
1638156109
-525679256
1623017088
182445918
-1902964734
62401779
-1028515279
1505550694
-1796390632
-1938342426
-1442351418
-894044050
985412963
474318065
269971563
1208635501
608139126
7203291
676009071
-361090265
-1068632012
-687479678
-1482976273
-309070123
997956262
-1862631904
1978590675
1385573124
686500109
1008050895
390599678
1397567421
228722491
-985102514
93497280
-200238363
1655977502
353380101
-1269569137
-1486417945
2029288605
-1047191994
889448439
1159556495
-2025993818
-730307371
-931431986
-334989767
2630535
1364372650
-419188821
2138461738
-1773356931
-838571787
-261724009
-1312314307
1818354826
1397801313
1059520005
989722817
967917707
857601436
1896168191
1585944225
1761021577
-1638271721
2052854434
225419973
-1193568434
-1624625398
1561381324
865760696
-819180229
284810938
-438401005
1847432075
-1140602791
527063038
-1625979912
4994552
627896237
1667045374
-1515962789
989844681
-536943665
-1970823618
1605665074
808865914
179601085
2122142170
1384977781
-493509859
1696300268
-1407453421
-888904612
-1359004803
-467360864
-1878296311
2011133900
1683711622
1956608124
1086983114
-348385778
-311989532
671178332
-825628021
-1629768511
265763561
-1849611422
-4835788
705765138
767942835
244157519
-414664671
-428856535
679348365
-868890349
-160264922
225725158
542526869
1182908070
1429601492
475546572
1525886111
867115544
1286603002
-275416515
-1040531111
-2011733785
-2118893202
-332383257
1046786479
-589122928
491161613
-983974530
1649601393
-2031997080
1533604095
4702123
-217704399
-2114715477
1919310655
-2119364797
-1337267343
-806224427
1093983578
-549628740
1290514174
1767656240
-1694219658
1197074140
-1367101034
-1762210386
-2067213419
-391342926
-523732016
-945190920
-2952933
1716558538
2067197757
1382102214
2122858637
309933979
-1236225079
1101967984
1448833691
344494916
-377972889
1270420421
678159711
-276763017
1514324973
-1912640997
-1861835033
-303739723
66580283
-156984153
2044107760
398331323
-2007438941
1976623374
858377972
-1983305157
-1281216892
-161896133
1250831207
1092945871
-1415226568
-1634067853
-1066915524
-532670422
-288837585
913531302
1464478893
935770000
35323996
-1760724730
-688153028
-873726329
128758479
1634087645
512425716
1795259086
1178909346
-1689936485
615939316
-1323498610
-342709991
1275860270
-1330983891
-188015409
1617772036
1698665878
-825211030
901750317
1707022952
-1560075592
979017104
-681733941
-960923298
670849393
349146919
17463430
-1006693574
1138261486
83722264
-1395622803
-503869714
-2065458374
-282926664
-1391058319
-1935792720
825853975
-460080892
728339032
52714715
-465443566
708494638
1875416055
1340865042
-22714415
-1893201320
-1330791264
870946219
452724655
121029790
-2084667432
28536649
-447160438
636553050
2088572749
1922459850
-1328424741
-1149793118
85751302
-1320858780
1903064070
1285060885
1690548956
-1202406646
1808417266
1084757975
-915286488
-386368492
-613621028
-2024090919
-1853270339
2124214046
-22897048
-955258019
-1256746472
2017584943
-1346508551
1022408377
1080662998
1462386205
-648320447
-1002413222
867483749
-305804496
1523013915
-1519089141
-1514178818
-1879990266
607928471
141496183
-992805166
-1861963851
-1918860714
599136748
-1056105597
-891468746
-555144680
2098143073
11314389
1032185344
882763411
44978106
1634393509
-414279181
-161268858
796647241
345949721
463575415
-433241844
1426388376
-1509499624
-1716983579
-435256267
314983525
2045314300
-716410843
1169939666
-1059419411
-33587322
-1822000745
555175055
1945602413
-1801112302
-1886995658
-744408249
1447569637
170048267
746212859
315663507
1952111390
-64959072
-1554958465
138939044
726103790
-899927881
352348643
-35241390
-39840581
1761750050
-884384269
1712286836
1542762301
802952976
-1266766967
1669050482
-1947628409
-1461475643
1028604975
1654557719
979153735
-2076117875
-2110245880
-460141397
-636030900
-2108789011
-237564689
-1515944640
-313970616
357444124
-799711264
-1051486644
-186699305
658457521
751298710
540973688
2042418111
1006194077
971132790
856640694
2039186297
-1348537254
906667435
-310461543
923897840
618157156
568721297
-552018464
-848993145
408466152
304730454
-1043571629
-102043551
-1220899397
2014573022
-1983077166
-349585957
1861760653
-173709337
-333866326
-697401763
-1753846435
1171940718
39942186
-65860014
620342831
534517072
-1859734154
913585524
-2009717251
1557077811
-111343462
1380755276
20284138
-995359322
-699542815
614533113
1573721021
-574831994
348491623
-2099185361
-921572724
-1372764765
647042797
429749122
1306523319
903002532
510315756
1299509220
-2040247784
1244115751
-1713042964
1289364844
-1528169096
-1648775636
-1713350891
-1201512615
1110206532
-383353421
-873378042
-2037076139
-764895361
479105442
1761818597
1208188925
663973882
256587500
482454198
-1257354336
1270368195
-1895418384
1730468848
-2143192250
1171833562
-649956578
1797347661
321303028
-51654870
960198112
204820705
-273151954
-1827234889
-1577322058
-711281298
-2100495427
-567752941
-135664221
981914614
-603973710
1695056150
1208518087
-195744112
-638019414
-883780659
1008157517
1392816255
1190367570
1346209714
-1413540218
1263243136
1159484205
-351381731
-1704132778
-1929941406
1828462485
1096836347
1099681742
1771345116
-1908054786
-915821892
-574294758
1471172762
213847170
-1350610543
-569742691
1203229592
207133593
-911332649
984234842
1035346867
-1061671385
-109200434
869152149
-62328963
975146171
-1171533682
2010166457
1515019344
1939202837
1545194042
-721836676
-884792923
2031606505
604249205
-1648023487
-210401882
-2140659998
1898950164
-318278212
-371257599
1345751529
1749029141
106424795
867565566
1609860774
-735787568
1365727460
232582867
-1961794746
-625279636
1921258202
1347686198
-591291010
1520734099
-103794395
75301172
-98538800
-760473751
601180785
-1580451519
-1481965299
1276734393
1802111189
446715279
956916506
400090737
-728883656
1437136034
-820988426
629878608
607199984
348905764
-869834245
716864989
-804197717
1779476213
183731299
-1026718054
-1640678510
-754457210
448820493
-1524660358
1531794347
-1801129113
143680641
958932879
345366654
-2116704483
1201362481
1477778951
322194683
-1886561991
-531825919
1256379481
-832665190
1723167653
-1377357815
-618629190
-445336892
147268161
-1459149415
509554134
1436825969
-336136019
-727223683
-132947780
-838700527
420782440
-1407608959
-827697639
-1417237073
-1932662247
-15354057
-1106934360
-1842724524
-1188708051
363300343
2125488872
1006051241
-1478166367
481015334
222072336
1211361503
617865760
486630587
-746872768
241603795
199825488
-1077458433
487393016
-1730864276
2106263912
-1993035117
489267917
1925037895
1187452677
-300251977
-738321063
1308024470
1178230590
639161801
25176691
876637765
1570079477
307876874
-910546785
-259030179
-2073690768
912984232
776721608
775851693
-1738219225
316290552
1905657132
-309121370
1798573535
801854978
1962057623
-122373241
2054173687
-1794015934
1001995987
-130223687
1989097729
363636141
-1276888226
1161715323
-731393645
-1037392399
1915816797
640840385
-977771425
-1735796479
500313552
1861967961
466651777
1965046224
913839367
-1874582192
1440858392
-1225656484
-1042693035
-1303680621
-676257769
-1760639763
1262294274
416027352
1991060061
-29529442
-1291200891
2072031934
527106
-1833870820
1165114866
1458385714
1940378611
-1325511763
-789686095
1038902549
-1564241472
876226420
1458534000
-1942661861
-149075788
159235826
-32784806
1323731702
-30003419
-17229104
607216520
-127691086
467384590
-2032639781
-2072761161
1387499618
-2042541862
-24996273
-33602756
-715821572
2093193602
-1282686377
-2082439884
-479636607
-156224039
1565013204
1728157439
-1017364127
-767782618
478606685
-2013851666
1010156828
-1434610445
-1764385146
76783162
1954385964
-689326044
1074800997
-794137033
-576120543
-318966966
-266113711
-111566646
-211834098
1043801657
336680941
1775877400
1373996835
-551370025
-55434908
795216256
-119210853
-2137337546
1671299317
-358809654
1909889752
-664493851
1532962225
1190613152
1639440843
581090179
-1413220477
-1746458052
-825092967
-538186604
-2111445903
-1239894430
-79097221
-450202985
1341734432
-1318583407
776231397
-132862633
1681845149
615501173
-1912432150
-28189311
-155651238
-489170785
1464497630
2071120246
-95477386
935384439
1085366076
336550754
-1625207232
790036080
-866407990
-1210610547
949553405
-839654018
795295226
846672368
-2002474263
768287940
1835306387
1225883147
-882764165
648341138
1448586896
1628589045
1444914925
526678158
1760936008
1918928820
100537339
-1945608656
-1083113778
-874625074
-303673878
783586931
1432889498
-623350752
-852322869
-533788471
934550120
-1378822675
2023380480
847334734
-988232352
-1641312967
-370901249
-604879808
-1349721226
1274570584
-1998820266
1690120367
723389971
-1734868287
490837486
-434943376
-810738955
1502882855
-433417837
-800064681
1880679250
837877962
-2082985805
672611236
975952195
247292425
-1384282523
-1449606723
688066400
-1325494724
1364115885
-307627747
1709938343
343667392
2054637566
1628697740
-65186143
1303219026
-1297224705
1787940752
8963015
710959776
338992273
47133475
1650399265
-842397667
-1318189039
-1166151259
1230172719
318574356
-1458327590
1620373011
-1643545075
1966992128
1169895437
1295630969
-434991919
-438780646
-50217069
-1745233499
1900035639
2014177074
1654729827
-116461539
1218257024
1588885442
237099008
-1061801902
-641078634
-376519873
-1424918459
-1671406060
-629525389
591314610
-1679908764
-218839736
-648425020
1502408583
-1426762197
-1899503655
-904219959
1099826341
-1397147767
1619125996
470118270
-312447810
-474090415
557892439
-2090540801
1526496743
-1486413763
-284946094
549940520
-936967574
-1205558988
338242415
-1818826629
138362587
-737067569
-1666682681
1647456838
43959657
1192038425
958675573
-155062523
80915061
583393430
-68340664
-541850364
1213918824
-1849971322
1848052915
-1822441656
-1726598975
-462429590
1047769096
1376697007
1833762924
-573439033
-1103461659
-154861226
-1951310502
-1142631639
-1710993426
1206188090
-203669683
532885354
-1145316164
997327649
-1675872781
1826370868
1311660564
1635713722
-1996130762
1588749251
388375387
1619267843
694479058
1457637871
875397449
-450289686
-247656921
1861058409
212755421
1070161463
831310672
1519709764
-1912649840
-271743320
-1106414477
343257271
-2109949491
-1103528611
1192667226
-1614346463
-1127075681
-1750343818
1772867906
-1689769396
-1769199188
-925603590
1939889907
860552693
-1573338015
1901090042
587009552
928573323
-243578002
774511605
1067569328
-1148728009
-1295359627
153891966
-1446695892
175210780
1557644541
1795996188
1084956730
-1826612001
740024236
242359921
402320186
-2107240087
204379317
254757021
-1598275632
1900080875
1933181582
504874724
1517928370
-565040862
-2123682842
1957885581
177196994
1734958044
1544534998
1461667341
1754011998
231723962
726620502
602207589
1207127287
1690132278
-43893262
596244679
-16254496
-916804633
-1307704388
1655628159
-1467576472
-1623870461
-1068704124
-342429424
-1057498326
-1219428314
1704113222
494647965
-126052190
993968465
-1922643741
-1154550133
621405700
-1387985100
1749020948
-1919718301
1748480584
1251514031
1425834139
1000347388
-2076215159
-1584388970
3041210
-1087445288
1188748431
-1014368076
-1291373591
-972372274
-208208726
-1386595054
-264837182
1606862569
-617968447
1639480697
449568319
-1121807984
1336544937
-1819862220
-648991448
190746342
-145310789
2050472217
-917751098
-819701133
108655520
-1657019446
1813084892
-1513197821
495469678
-1398703560
-1191999785
992226510
-1192992776
1089378920
-1588656828
726506969
743150177
55121529
-198634367
-1223385957
-1032155662
-181291547
1211968695
-910212894
-1825398739
-2065971449
-273502969
506050295
330605602
-995244836
-142505981
42198272
21513728
1912608013
152093535
-1585872219
-1883542546
-1258610132
-703545625
181503734
1479464987
1774605886
-532777293
-822341492
1279416339
-699549319
-1076087654
-1630262291
1879315796
2013018446
125789412
1699552309
-1490298079
-568009815
26903106
35195377
-513514091
-1598725514
1864715522
-1798226866
586288634
-2089737369
1177862526
-167362446
-1675138981
-728033292
108495317
18916137
1611507287
1860331939
1470277341
90251460
-1968188617
1507131017
1176906840
-1881575619
1456815427
1984940559
71265381
-1574631777
-488071088
-1650661895
-1141678536
-734295132
714007965
107722660
-790524915
959234207
256478432
315598222
981202009
-1322245988
-1951526245
305537307
524241474
-1922004795
1266476979
973932694
55200081
-1650551802
-1535652286
-1679907467
392826982
1658490100
696299435
809028320
480032747
-785311254
-125354001
-284632972
-227895476
-1091303563
895287870
678339907
126479782
-2115316495
1961657041
-257648865
994566590
-873666701
-691414538
112945688
913116468
1160873705
736087148
2093771842
990054135
-1195374208
1633557744
-382914117
-154951429
-1725116091
-599596265
-1487141653
189910313
-948568050
-48104610
-854812915
-51946089
-1784871525
1919607935
-667896594
-1155394567
415788023
-1298227707
-1504640011
1666036822
-980711900
619469858
675679075
-2026893570
-1431837450
1858413760
799149530
-1170786886
896972351
-1385977387
421558051
1748586565
1835430444
1145500923
1903682091
-1208433669
-740590866
1651750975
-1137181874
529965776
1233687196
-1992730568
2133639895
893949315
1547586391
-1519058085
-1537936441
2051454226
1853805998
-1323406706
823235285
1681459056
655741252
730787578
-2028934730
-1179413643
1221198768
-324183772
-1294503266
-1681178603
1664686500
657812799
1223522309
-256052524
206296656
-1443630917
-1780454226
-1522294407
1874023688
1011152161
1253261284
-1429124351
-708427485
145456162
-1219939834
866782166
1193224230
1983301868
856354118
1646248256
80431650
937095871
-1312954707
287305755
803966042
757566656
461523809
556589770
-1784712664
2065725197
-1016332758
-1728695701
791429152
-475386608
-59807438
726937420
-254759563
1195123992
144910348
1219288220
232245147
-1398729435
1868811767
-1358924955
-595334098
2125869315
-1409856414
-1924751175
445971730
-1785219687
1679932851
1403319083
-105172262
1488606594
888510531
1973037953
880423277
-413771044
809864621
-322870105
2115388134
-444427680
1857985096
-1651816731
358603964
-878029901
1981090033
-1166362028
-1462775006
1961573115
2014801677
2035666061
1151917744
211576756
-1155078963
1737670052
-939960253
1560958147
1858338228
592734292
-1784525024
781163978
735331670
1674082683
-2127078049
-1075558978
-801356703
-236115256
-1763910010
469914295
-190426655
1357608114
2004905076
-124267769
437171391
1720576939
-501102976
-152330355
-818816630
-131351403
1436583649
1234923338
1820434553
2044886133
-823834033
1760497716
-602732624
-1536114843
-1149030934
1055250762
-230312510
-458315057
-1554462885
-119494168
-1476712329
-842991913
-1970930888
-132380068
-1739879474
-940174567
41833900
-2125250120
1174568260
-1190894956
-1823094441
941520105
823017302
39568101
-2099085
-517266680
-1112530619
246141623
-1239913417
-1466985744
1994727192
-1813795975
-204710273
1684997648
-1486225945
1913061970
467990956
959300737
-2127665067
-1400904623
-449105207
819025498
-1237397666
-766279191
1322033646
-468025789
677712722
1695792540
549125353
917227848
440154400
-2050067979
-1678370790
1768474607
-2056015913
-1378442566
1577750941
-999865205
448981610
1045630306
1502448302
-980612398
819351987
-1337930556
-1472195767
-544598867
76206778
-1907358703
1619733521
1065889871
643665206
-1108622076
379552370
-203000951
-1958123949
69051735
1217547017
-320335781
983860149
-384780424
1182981698
1050894029
187429564
-654386564
-1167393982
1928802303
-544473079
-1903258284
1895159048
-1743143297
-1432878271
-799608515
2077773262
-1649029158
-1924357360
1822558077
-387513164
-457188491
954455408
719205963
-1379067488
511068829
-2047729621
1555640590
-921646241
-2103630373
-889660002
-2132844598
339825680
1698087820
-783185473
1779253719
-1694783551
2113948593
-2095948960
-305674285
623507802
286401796
1070378420
-907290407
-893638215
896638795
-1526071790
915699442
173376798
-446533905
-93027847
769275595
-850496823
1511771599
350525779
2078670504
-1204880671
-1972480687
-1487101699
50086040
-105822568
-417012294
-1584338553
-1748687894
-1180074357
-1581502785
1899091512
1969836511
925018990
-1078874788
168454228
2120374688
1473674472
-547081501
1365621408
2035867506
-853534021
546130263
2136092965
-665187545
1374184487
-352581382
-729718476
-1353651753
-737394288
-139513052
-2114980438
-1807239472
1889791070
-1007311275
812716917
-1279246390
-6532828
-2129035379
1575813718
1555159134
-561909757
1183546587
-321184280
1303285945
-1100030128
1036612916
880497376
-1231510644
1409537140
932444550
-1915507563
-76787898
-194095340
1991537419
1991947971
204574341
-704871823
-287943966
-1451247733
-1888721975
-404686576
51062490
-246544963
244952170
-103813475
1354409873
-1854341286
-357454132
1397255179
-163769411
213017683
-1467426864
1642803712
1232039113
1090853271
1702517645
-260907664
796289187
-1299539892
860859711
1794585223
1692282068
-1854829221
571671167
996127180
-2121128240
1548774706
-1096133196
-796402813
1879676303
-836304956
1492884425
-1646672558
1337628763
740174036
53616927
1716119078
1236195051
-1572507533
-1463270971
-1360446377
137500337
-1803415609
108523750
-521063927
692343152
31163917
-1754807422
-1283529771
-604102384
9304544
-1894682015
275361193
-1397779275
554363579
-1111881917
402334188
1869529869
563410619
1176709468
-619917595
-296964631
-1012156247
-1985987330
745698909
79448847
71893560
-885962088
-1075995774
-1105148339
809563786
502325470
131173133
-818589487
-752170760
239167049
-1542635097
-632155720
-649059310
-1694921278
407032968
-1296626716
947748068
-73997671
910835809
-1405154030
1617811067
91791291
-1854422404
-1335231958
-1506756185
-476821980
1083973664
-1597043495
-292461311
356034194
-1682472903
-1493379492
1718778159
277566074
-674383048
-1412031585
-41835162
1874307135
-522894024
-640164218
1004214320
-1417285983
1973950050
-408541047
-1771259793
914633587
-697289327
-402494842
-2073728351
1750196625
-1317025480
-1960344110
-1174608284
1547321871
-283192701
2025116304
1185210428
1884904629
2027353788
-1575831738
511478676
-431363157
-1368917264
-388979284
1290516738
-1424861584
1612043729
203788487
-1327819569
485615632
1974172638
-1313263561
1985169845
-770788202
-509883968
1231922380
1302662122
-1374166594
-1034145545
390484574
-1311223715
-1242085649
665520821
-2097020195
-146721729
-219637657
-2144488182
-406083930
-1409460028
-1191472713
1274076736
281429528
1728362282
-613821582
68657800
-1100089241
329593082
-897554399
-844341291
1980822447
921723021
2120754297
1062233095
1161890380
2132241873
521623247
1572198732
1884236136
170453836
-278234677
-1147038525
1776790740
1717632865
1997069916
99134305
1006607387
175922642
-946503445
-55054056
1420829908
1552078214
83590610
531744309
-1516313032
-913934709
-1045898993
-196028663
929489395
-1390373795
-310276812
-2084261429
-715184578
340142184
-461367902
1365726908
-1235647187
-928950069
-409475082
-617011572
96791877
-1875499170
-87977790
-1799171332
-1018939567
1962183926
-1117821057
9647556
2122546549
154830055
-2119889470
-7786058
1059278723
-1922249527
1268460974
-310902238
1043486861
804609151
-872666199
-1565090692
-1658631750
946002548
633192274
-938407876
-1229578659
676630568
-773412942
278712581
237571395
-577592598
865005233
1096808201
-512312500
-1335192346
148664266
1942749611
1907131196
-731622814
1957991938
-1677387675
-1178802477
-672903356
-1426619114
419907051
1709145370
-1248626473
-1784143373
1631209872
-590286337
950927310
128429674
-869885207
1448799012
2011577992
685960227
295855
-1464539661
1637433237
-751174958
-1039633431
1439458037
65448056
642475433
1356723274
-1282149788
-1407841106
-304212979
737467095
-463604226
-1227887377
-903016053
1046128076
-549376997
105965235
-971808499
-82566976
-2116921343
1629607927
205868872
-1584809977
-1654678665
1397226304
1302853752
-858055081
261051799
-1450426400
-1364265649
-1223350099
839752424
-492215689
1941136170
1938752625
-1810851157
1629784508
1404484485
1885481944
-466778763
713845629
959917745
272809097
-428029699
1108819427
551712196
1244927107
329626935
1566046458
-1051766833
1039128893
643227297
-968381327
884285014
1083428110
523358684
-1368920675
823940348
1603081934
-1467618179
1066377667
-1678135170
-302129218
-593531099
407087254
-825136926
-1119589468
808262862
529607422
-2103520529
-501674182
663747432
1064800795
-1836047137
-1087723320
-552728157
1766615688
325931603
-1032356081
-1273364978
-1654409245
1190933382
1041934953
1181705057
-1695843187
-651990075
-702256083
-471620074
1989245358
1789969182
-1785325480
1723983677
-92902533
2059331415
855668073
-711939952
1080182203
1057081377
-607275381
964535749
341914758
1543504525
-500272135
1201499939
36267343
-743239745
1731413405
-1779328680
1730534437
40839904
-149756933
822187657
-301803211
1787765337
-1825115316
-553677655
-1419996525
510625853
-1029186322
590593293
-436648391
1091040774
-2012062982
-318877376
-469505969
-1087875197
52927030
-1570201325
-498273876
-1454673647
-1547495890
339494393
1726681756
-2024860407
776967068
-1574465647
904777187
1601551480
76995856
-35902078
1500528642
-1340311787
-1161943604
1032725134
2121963192
852190831
-1611974928
1174820065
-1308295989
1190541413
-1691563306
-1814212694
-1521025529
1847940315
1107475135
2007501293
-1423267961
1503113898
-192355666
1797899926
-1213536206
-436697128
-837689452
188441040
-1193740920
-1279047415
1982663596
-599154793
-2091075426
899918900
400907560
-2091823221
2105575271
1757848216
-1581446387
-732341753
-682054092
-2131984911
-1161552806
-1630008718
-266629763
-1571048217
-1100593808
-1452135724
-38318111
30866119
1668200365
-564673364
-520192917
363896436
696698713
1500224256
-2037061354
-968858465
492735429
1184870836
1331351954
245387573
888987057
1254258207
-1028909496
1139282969
1436964846
1620925659
-1918507108
946212115
-912179644
-1862334244
1560633713
-724559097
1880518293
-212316221
123067121
710257257
-1834106815
-952848524
1531833997
-1054886160
-41519668
-632551195
-1767473597
1180873865
-1928158018
-1938508743
1822898206
921801614
-597248054
-1483062772
-1118281981
-1501539273
1945923378
-1890681328
-687744087
1941429584
-822410391
1993311960
-1080305175
-1390147028
-1442034183
-558428429
-2091551177
1847600089
1558256807
1916017469
-1801830545
1282750868
-318434604
-403582351
-1589145387
-2103374721
667204901
300102145
-598800297
1056146064
1475263334
575978537
454270228
1823949
895689899
153252673
-1901913567
1000205493
-168654408
-352209326
-1698299511
-180640511
322976162
733205228
-470017130
-1494949492
1852943541
2079285302
840709710
1249686158
581908888
1377548102
196204864
1626404624
555251887
987438259
-828640896
134558363
-837748288
1763012455
-1592018449
419990067
1592799192
-704745287
-2085395521
-1581638525
-496388241
1706031546
1948795701
-48354983
1269914314
-979258930
1559528625
1194966100
-894404448
-858973569
649113067
-1278095654
1490596096
-756677491
-625119362
-2136599216
-193332111
-637746615
1408928426
1315892101
977310042
895527714
1944047445
-731310994
937507748
384746624
1947825747
1202798872
-1438578019
-1302223920
1998150630
-849571111
-1227917025
1643437535
1898110600
-1285911351
1368945649
-369125525
1869571559
2080385136
1241899628
-145814793
-261761488
2044920256
-1382115999
-1488775202
-1094749296
2024197701
1015726138
238825131
-1508312585
-623996006
-578527137
-1710543193
2048322846
2143703326
-933480742
592050
-1506777909
2003898600
-710789059
1518680918
-1281107629
-53308425
-2121623870
-1130922983
-1991396256
-685044306
-1776891212
-145612270
1179691508
995009150
-1625539314
-2062015042
1761353133
-1385587228
-1472694175
-1733113325
-413329334
-2130865258
-614661126
-2098183466
715821421
687005688
1419464003
-195695575
-1165618782
123550677
2004566889
-704256153
1293283487
994662219
-1179809473
1721839924
-443632691
-1512787963
-929799839
585925839
1880445191
372250287
690796700
-2020630359
-1472439904
21010342
-1768754547
2125185083
452612523
345619183
-118137721
-92315884
1310177141
1086803819
2139122362
-753231567
-638091434
-477350585
1106191248
159956112
-410712151
-1692476487
-2077467302
2080956423
-1489057512
113468904
-568872404
1446548305
402999068
-1968264405
-582267388
-357499799
-1194720061
-1004763530
1424882481
-1966606822
1873969588
439822608
980357362
-1842609193
939492208
403989641
1270884444
-2144653625
-1236717862
-2031542293
-1770341503
1021452324
480556536
-1797100497
2107511502
-1097724731
1179688443
1746332658
-546036556
808535544
1624301948
-184909208
888294283
-1758231659
389313288
-1477870191
-908790350
818166607
131195870
-1191202903
-1090276358
1467914573
1566651126
-607966236
1237142084
-1890325000
-30078907
1618057818
1474405992
1057662230
-1212817345
-163948736
1453973848
-489874921
-1385829475
-1415655080
-1686327675
-220144209
-1176721568
-539632726
-795878016
-99336028
966095125
-593107340
-1628581404
569980904
1130142553
1056265054
-1753213580
-589173270
-992295265
479156465
1932421247
-268135128
2071364144
-1701893814
691270796
1752256520
-1094682253
13258762
-121469646
-2065808920
2048831854
246315920
1646652230
838540659
1001364108
-1399446166
-1709707716
-801192906
-1633289568
-52769272
1377267654
-566834318
-1947536599
824360882
-1197759039
713685555
1424205783
2111016123
1848020561
173806753
-838055602
-1636713226
1455948362
-53311339
-1846376407
-582394263
-858453551
945737583
87405632
-1371378368
-810723518
57448742
-1580004306
327108356
-2103243692
-312535904
1332281613
294821132
985083259
262793539
-142314877
66951731
-1474336883
1451734475
884418306
813576138
1890585512
1721313373
-1855519670
1136704976
210724178
1440023516
-1405498318
-1685616032
-2059022624
-69032324
737763752
1284357226
445655068
-847387244
1611192822
-2070753883
-292515038
-786672969
-314384826
1314301892
-28075126
1576615428
-308403864
1428021479
-2107757621
-1288762947
1803349457
1121504084
-1352993570
-1881562346
1549340646
-562082714
-414962655
1755788367
-238182277
-2099335483
433111934
-1879481340
-938183787
-1338645545
364543948
621458883
-1373294729
-540022667
1172607348
967892959
1241534428
-678215455
197170007
-1097979261
59808128
796442616
97129455
672214025
2117190117
-1421144669
-472970060
-1262258548
-1802285229
1261674643
1698556864
-329446725
-1600457441
1286676268
370676661
-1877236752
-1185288144
-1092723775
-810420770
1429877120
542975934
934305794
-916968812
-2091511468
-36170147
-951764046
-1534907422
-413868104
-1264140486
-1849390436
-1095133588
-2127105934
-199019613
-890378809
-1160047476
1164952854
1922002124
-410995736
-1836296259
706679960
530349519
728501527
689882172
1260009507
530866676
-1351834170
-1043025172
241111336
-38016206
682226926
2114809209
176602297
18257141
943917450
586303680
-1017141226
965623586
-1831943352
2079359342
-1287923064
-1279453865
-1613077890
1172422374
855214189
-415750537
850174810
1350525032
-1533459564
761098341
256039005
2128279663
1570135242
1024484366
601929738
911776345
-1804907852
-471063123
-1075654182
877518413
-2131416609
-1608315574
-686891406
1731379032
-1090082283
1001859971
1016880919
1736423385
917241074
36689550
367214689
1210499103
-1952015946
-911441027
-381324242
1430983504
-1497306533
2138402756
767801049
-1011491188
-318294550
-1422991624
436007852
2059681361
1542741001
-488902439
1499135122
-680710624
192296409
824857490
-349796079
1069829728
-1600737282
928011838
-1670926218
1967694979
1926492670
1616584622
-1709747375
127711591
-1945950513
-714928791
-2005325789
-80233986
339655338
1425571571
1438474070
1853193776
303702565
1820037458
-863759764
-1385850369
-396198272
1815449293
1573646971
135781612
2002039614
1597183734
75033048
-769203303
-458833673
843727595
-835279598
187146159
-2058651284
1789413848
-112838878
1219426817
1119150299
2012637631
-1543156512
-234032399
-1127559019
-119662469
1693492151
-1242634990
-820990259
-1632583423
1607120796
1091620366
-1949413455
-1367895831
1504369723
-1388330550
280843198
519313964
692598131
1332603847
1056806736
-1134375633
-1642642684
-1933917493
-1591179400
-2007200000
2131227527
660099776
-8097775
1044705246
-1407356259
526434523
-120187115
-1081686530
1274553963
1329425920
-1352648404
1991848076
-2097311675
2037603172
1250278278
165889775
-1269758807
-1799441037
-545478935
179632209
680226414
-308172556
-1009958899
-1947213986
172986684
-1071061397
1815728423
1973620299
-2000978114
1810528190
-1352599357
982062873
579810838
1835650075
-2043309610
-804793318
1575720721
357965336
-2105243373
-465193804
-1358156133
633772059
242365309
-1430220188
-275677451
1374280443
-732038595
-468823547
1595458084
1003801319
909406133
825218386
-1069983956
1081525894
-1692065324
1113784489
1104105086
-646468512
1144176043
-51848943
-1224881746
-366587268
-798402496
-2029977986
1338712680
635720777
972026018
95159891
-337376092
1038506689
-890798275
1088059943
271722520
1743667915
-715446673
-523862325
29734126
2048312800
833247322
1452435340
72966071
-1893824271
336528891
321305012
-474851170
1427813768
1768893307
-2047974313
-460445216
-1671986899
-288731707
-1850199989
-822935173
-407943414
-1031226024
351317111
-1076993499
-116975663
2096869981
-1411900848
-837193857
371844061
2059048444
-1685315935
-1082570358
-366369897
293276906
-2081080694
751119193
-134208997
-607742138
-115060534
-1488764664
-224440806
717871525
-357778624
-150443796
-2026162943
1554441067
-45370194
687232011
647367770
1114965596
-386524480
1251391950
-1279726221
-1330769038
124898381
-892759307
671754044
-1603137296
-2043664421
455577546
-799257995
487046582
-445419928
1851342233
-1029745656
1485927895
1596001895
246845279
848271795
1112755304
-2059461880
2106179008
-481010455
-2124386661
1933276092
1099674174
-960878598
-984407029
-1577099272
1642033576
-153921167
-2062286760
632988472
355809743
1317765564
-420865546
1904037190
840255103
-1889503470
643258946
-798504261
-1461882451
-130137199
685849302
2058156486
1895572204
-1851174490
1947698205
1847215915
1017528869
3439280
-1842355927
714479503
1340940679
234281959
1889950915
-750452494
-1930128708
412063098
46144451
1896519803
643341148
1501812727
-1580275550
-1557997445
634748070
1688593392
1273586765
-1428331861
-1220803987
-235282470
414511163
-1336663368
-907588273
-260593608
1880860097
1670059265
1820888109
861339128
-1046876508
-1073793633
1265653974
-1366968548
-2123066640
75946917
-406541307
-289548900
-186560505
-1228536664
-1584554867
816556170
339299580
1553814657
645029330
2129812343
1408106529
253939025
-1767689861
-2099275755
527325662
102728645
278629
226827805
-172799804
419287962
678989530
-923175566
1929898721
382195811
-227835902
1508843142
-938278827
-359780726
-1783980903
-2098993924
-1603505371
814432404
159944930
2048931983
-731707314
450340008
526226906
-1529302991
1329827357
-20427183
755546545
-1170072713
-961274947
1448581250
-1185367179
59426355
2110469649
1736862682
1199205904
-139341214
-1330385468
-1632434903
1039521396
-295711672
422398621
1018634291
-2002618092
-1854808871
-2109433833
-1904768333
1049528981
874200667
-1349556432
95118242
2086401989
1318508360
455301505
1245809336
877754571
949821304
-1160312434
-1926298573
-829611104
1768993663
708355167
-522627882
-1465306691
882260564
677120079
1023154740
1543171350
1148354866
1215003939
-1139186898
-409012154
844362178
1325619549
-210203463
-1627036149
739952249
-569235246
1823450852
-236760077
-586833601
2054957178
-319838695
-1634272169
-279025583
1801071495
-1962154846
-1352240248
-1038250649
-1885782600
-1917208465
1154516040
106439448
-1119774994
-1609752299
-693477508
917464189
318813183
1459868186
1782321950
1967035157
1912318153
138419567
-1741095816
-1393668376
145489802
338264637
-242177650
-1746744082
-254101137
-1933515804
-521675301
-399732816
-1208859542
1523756351
122728000
-2009496017
-1558611384
-49191891
-254547911
671003909
1561787650
-867733171
-137545647
-525283894
-870480814
1836523528
406766551
358897848
915861641
581704403
358099410
827610258
-653445473
-575543371
-1497882831
-149393216
699234699
-115922681
-676390330
-1660795458
1624433877
-199383430
2084356469
1953181623
1858870376
1773363806
-1259794136
-1171083411
1458001324
697384737
926248197
-129534629
1409183188
291502357
863047779
18053916
612209012
982284405
-1384148487
-1740255475
678709589
-998195287
1540845272
-956631503
1961492620
-226035255
971624603
1039075413
-777234488
1156607327
8651484
91417204
-2090935828
1852987248
1791904745
-1299166372
1610147293
-1790512451
1217600695
-245479792
-1588076132
-1010749626
-910898154
407032176
895027862
434494991
-1972940506
-1258596713
2119137082
-1853532891
-953765623
1292444548
-153084468
-1803759645
-910552103
1975815291
1922495609
1635192689
1360966876
-1356600659
-1910145366
720895885
473244150
762435734
-1335075940
-419994739
1035894366
-1140830042
-176772560
386584484
-824263532
-1013149149
-945334785
442462820
2134115218
224522317
1724228017
1338536579
1709355841
1137176514
1503101583
-416357151
150518830
1252677156
-896687787
2063376073
2005024381
30412792
871240780
-1544853386
1775543325
-1101000496
-249026920
-1204399143
-231429572
-50228820
1254932686
-758957159
1632570877
1649889694
910968521
1672916571
-1790783384
-665076564
861142717
-1169896893
578241954
1595809017
-1414376052
-1011495751
1114071901
1287600678
-783641512
1035819631
-1993407855
764283637
-854205607
-1364212829
1446905964
269180207
-474450449
-49231711
1113631366
-1012557880
219143162
-1649696117
1686848088
-898892992
-40962967
740054108
-892640274
2013987915
1065577745
1236174890
-1935201317
-648424269
1085815743
-1040810837
860813422
-1847933315
60202128
-406010119
429195810
1309642058
-483909249
-1734480743
-857634982
-861697536
-730749122
1401625017
1217494861
-881511255
516440906
-706119751
966330430
1924251802
1430159161
-75372564
-534641423
-1513857321
-1369868970
2127242910
-479027879
302826166
-1037917585
812948057
-1192323435
-328807231
1654948076
1714967396
-2067679715
986152928
757940515
-1957757044
2029036600
-724458313
-1399573781
-1052191194
1097925041
663142221
1400091759
2059059283
-2000640823
1398749933
840088131
-1973468795
-880856721
-1419841455
1674986684
-1388387262
-1173585746
-1922471428
-1530636677
-2056507608
811699046
1114344166
103235659
-115644880
763415614
908491614
452548141
664706102
943082712
-1396572116
1320051119
-1756178248
-978398649
-703946763
477193604
-585935395
-1292837699
228735715
256018001
60037817
-608604536
1924135044
1841966276
659912143
-1427517889
587640818
611562731
-1762255913
-103630792
193408564
1723023043
-675156288
930919228
-873070876
-226528242
-4738825
383024254
-439182575
1212241768
958408937
-1784824120
-1103617434
1124692124
209025223
763201782
-1330773365
-1711609293
1409396360
1066481576
-28233525
433222734
-578301901
287163954
539286006
225968309
-1715804066
-131155241
1726196872
-471356369
1937430257
280699447
-1130815222
-911251181
705096239
559566341
1323066552
-1710997730
-1110277129
1358514940
1241303651
1212888199
-1750577338
1084047891
671737240
203371601
-1047737857
-1001506578
1486861314
547259871
-2003228946
1208542616
-1040090868
-1856001587
722717706
1347258735
1200893898
890679292
-828641030
348981087
-1217153255
-990815506
-1550704166
-32200366
1055661060
-1186880427
-1656772034
-1741928217
1850910313
-848070938
-1915016074
186765153
1850772443
1875095921
1386801427
1253589217
-43291446
-369375434
1666808490
1327482584
716570593
1356239216
-525202985
-587240010
1012240303
-1528289738
-977977980
-1301247513
1546595977
-2094282621
1144286059
-1810434049
1020904621
435701139
2116340952
1619045427
186670250
843862896
-1601389645
1672103179
1865568767
845792459
261700541
-131230379
-1034598910
1456449039
-2052303847
-1569040036
-1127809277
-1760520269
892927246
1002998617
-373582415
-167511601
-1622563317
695667498
-146369349
1571142898
-1562732565
-1451193023
868478650
-1209930702
-1946044551
-925104930
339734093
600196227
-1586402251
-197329536
-1247050619
-211456692
-478367912
1107007384
-811820668
1599907383
-1382119659
-1942807424
1227899744
2057698888
-2098761183
1604410795
2040465228
695101488
316114805
1170232092
1685162233
-2125971485
257183314
1513532699
-414823367
-1383590552
-1714056571
-1269609178
-1426101019
-249376529
1037351148
1880283686
-1237749503
-1253997528
-985769928
-26352670
425367837
1647344850
-648144397
2107722168
1469862653
2090101905
-1011275836
-955656055
-765021572
-1272333820
-1362384654
1816613877
-1620044627
419385110
853677094
1206542024
1150374210
-111183724
2140100980
-2110523725
-396288463
1118743296
181217436
-542869698
-1833989740
-72269660
-605825140
-125609987
908373456
1009157353
-1911837400
627579393
-355204103
632856808
1301386318
-1067444079
583530613
-366592703
-429556972
198455578
-1147165218
58977580
-1936137645
185366115
-846013907
-356469043
716726633
-1151376636
-2033268204
-545633077
-1890377159
-67289320
1952454314
-1612526302
-424699530
-1809863375
1711606093
960698680
668794657
-412052852
-628282941
-1363010770
-515552433
905629317
890868386
-171275143
-1998865617
-1557498548
585345010
1793986992
-884989365
-2054585895
-1150938096
817741734
2079296526
-1170132195
1277046484
16604603
-1289817722
1664583801
467284726
-1994917521
1281689449
-937193101
300606893
-99508425
-1742444451
829064359
1238733976
-1684321132
1761058675
-633155077
-1903325727
-559190176
980735732
1438229526
1057650335
525239914
-2018037920
2064286993
-1685904516
1418245957
1383596723
-1736435089
887805847
-1051038371
-1486710806
-200266678
-1714877013
277304906
-1376711995
-1521194033
845295472
1860194152
-1580635187
1755622636
-55976127
1522931879
1300126872
-164722873
-723666946
883155102
587639882
-1523477903
-1406032077
-1333920282
-2123122593
575058267
1508197753
1034054053
-1046047320
-485744376
380358940
1145950056
826295699
-520667516
-1798918402
-1024375242
-1542882385
1269315604
-1832086086
-1158543647
-321734802
271261102
-1441413365
-260197473
-1751796181
-1185610581
-2040005777
-2019359528
598573422
-1255984454
553837575
-611848383
-1098211985
250446872
-1613207871
-1198287064
-509797416
1033666813
415889592
-1460427503
25597647
-2094606759
1383512794
-649474174
-1119725517
1050748351
918305994
-356012517
1108488484
1734762657
-1329198584
-842257943
954385865
-1920064834
799434063
225910522
-473804468
1162461143
-1321937346
786236212
-1305401815
-686294872
-1516933830
1724753506
-1581027672
-1454732522
-459939438
-1128374385
570421671
-950529628
1899752931
429472663
-824189027
-1809324501
-1481470275
-214433542
1494215643
1831664586
1417283462
-1972691725
240334355
1476387866
-476524130
-1495675447
460113950
-1032359002
-2117477949
-1828053404
1274850297
-1723680358
-2105102409
-659257566
2013912592
704528057
1519553567
-76527637
985833407
1189724052
-644525906
-1694314622
-24056299
1124259320
1151592066
7193630
-398909222
-1600371289
1770364621
-159612616
26539475
-1445928885
2103212472
-649388378
81628227
-861129561
-2091878525
1028543721
-409267019
466779407
1597790192
1057280706
1484339449
320110874
-1889768479
502257674
-1448378261
-51159403
-1528406720
-252040765
2055025786
-1914475078
-260370146
357675881
39618920
1801237665
-757987298
338258318
1315508046
45784565
-1106255596
-1793179227
2089398115
-439097621
389013992
324227869
-191972996
-1538328464
-620582208
1342600625
-2060925482
138813345
-1648199842
1470099710
-674926829
-1374529152
1096782533
-1554706091
-537974654
155887075
-1951538909
-895568430
1088271523
661722543
-1262050326
37890989
1656291305
1923483718
-1786782657
-1816401201
1625842625
-1622324163
1879895960
-1665071192
-1478191661
102242130
1743942303
-326799809
329435015
1537345949
-860799395
952253066
2081667530
-553734140
-366267500
945340927
-1281767151
1282947571
1426477163
1512317546
671430045
-1466476979
-1233585072
-984323583
970337281
211250077
741649945
1657515189
1534611937
803839888
80892012
-1113154870
-1960584453
1570529703
964036705
1235184809
1783392875
-1348178648
-1466547611
-644663308
1162232874
-664832427
237775201
-463535653
-1051815209
-210241824
-1320031206
1405821613
-1767127623
-36385379
280327386
-2054107470
-194557180
-675895943
-1265862832
2062473271
-1418581413
1875924906
270596276
-587202839
-1944435818
-1186546393
-992233938
-61448090
47068612
-598236326
119803256
-1635459567
-997576077
556718100
-1597813823
-1384608731
-1876410066
292257985
2129888980
1880194572
-999114937
1447506140
-1306499975
713786353
-478156843
-1032621148
-1260227557
87862675
1858752512
-2032550640
220462762
439920220
-1259814021
-1011550721
1609068738
465911474
-704750254
-348448845
-1138900211
1199421068
389167333
-478115200
-1250851612
1103600967
-2080688333
-1717158976
1268346172
202726073
1175213147
335453961
387552703
-341854842
1047679328
-1025175903
-1198472135
-1224676686
2084288044
1271283506
-1523227083
1689332343
-1424986153
-1232094535
-1733025049
-1274180007
2125369128
1588041412
-867489972
-1819288458
999680859
1559026140
-1827958640
980331554
-1853575900
324289599
-975398737
1598209971
369296884
-876843054
91384157
835168152
1549571962
-439387307
-282805974
-1063583056
1095389036
980923608
28284641
-834736167
-612910202
969930605
-894761167
802784454
993728978
-506482658
-1557374833
494165525
-611866326
998096417
2077118810
740072608
1083571707
1098162761
478911551
1601496082
-1506386101
1345696192
-1918298402
256913085
-58888196
-563068941
-1029445971
-1878685013
1975232593
-1002638387
-521045988
1050285042
