1673654062
-478174234
-2003133302
-998530625
1347890857
1881483000
249021613
-66597757
-447647720
909441065
1451875416
-1031605865
-780759013
-1347745795
773331998
-378841390
1519392582
-2076446859
-1313157564
-498510145
36740388
-939151160
-2016472224
808809069
-1757554819
-2017505453
9424189
1322069122
-680142372
1261793997
733467649
-651034218
-494253749
957450686
1479530897
2039419325
-120289184
885792561
-1490247884
1549225829
1850875773
813848488
2068341110
-2093529246
-3611310
-1150170801
-814965170
-1345137081
937864102
-1034083467
-2029020797
-1760010505
-1255639977
1682921783
-744799414
1484281467
-1819184481
-2091236483
615732
-1712768747
788159640
1632169514
-1642383034
1200438420
-666513151
-1559427953
-565129367
2102416361
-380709566
-1238232800
522642692
388651002
489861037
-250051479
-1352133913
1662675381
-186146298
1013299010
-1261931158
1672339816
-1088010171
1899322433
-506383659
2083938128
516136857
1600918639
-2037152766
-1778921105
1878391216
424811327
-722394303
953189026
-2082512843
1486372283
1438795131
1869252338
-430166886
-1269264128
1442808217
-265873110
1555879958
-1027105812
-191346138
233422248
-520206351
-345905131
-922428110
-1611514248
-326886913
-1699926532
1378668154
-346958690
327988585
644059266
1529450437
-998698318
1741628338
592616346
-906060912
-1860082510
-1053886983
1285487167
1104618989
-1817298669
1467136635
-1313269848
821262247
1448027929
1001244252
1818107834
946755498
384673384
1943426982
365171390
-341498207
-2105136167
990729105
-121184173
613650656
-1204437103
900539652
836222374
874379909
-1623039920
92897116
-1680921889
122948057
-654981114
1629620587
1440046046
-1754860549
-1803065941
-1406782270
-1852049370
665153471
-238313393
-1597455053
492791321
-1651936557
1814804336
876989585
567612773
-1325261533
-1949641589
-572121415
-460358466
-2132380034
1005724149
1660387798
314031821
-685514119
489093866
1675697887
1636313703
-737841517
-1007974170
49280612
-521008638
-299934055
1952145971
82795914
-1802733980
-147023028
-1009058365
-362952876
512827548
-865999040
-433450945
1716411939
193414966
1238695430
-409590177
-1173606017
-1702081879
978583949
-468971396
1385954327
1764529428
344709573
1872491362
1267058182
-642332375
698509956
-101903765
1897916247
991849577
1167311789
1750836936
136916683
-115179375
-328224882
1934383137
152580313
1841283156
947340170
1474701921
-278789387
1228763977
-1427089673
287110346
-2007308523
396299558
-293665719
-956058033
-428364944
-801895378
-466380689
1258248994
1558102664
-375207192
1316852861
-270022774
144988010
1768044817
-585456246
-1884406790
1358750260
1281470418
1025685211
704472671
308674776
1725781301
2126545472
-642206535
41785374
374391509
-1590148418
1602600173
-1355054865
1902175189
1272212845
-1226584616
1019364815
-776913390
-1318415197
-150798937
1698673835
-500688228
-1029121710
-1848817307
-157398828
-1134018207
998149806
531208661
374649163
-109167573
-1208421358
-1498824319
1957754686
120214731
-283694812
1565640722
-1831794478
605012630
-190398410
-1925703966
-1722635229
1554299664
409768687
-2052891953
-2048844152
-129607193
-1493975766
-1421594798
-1150884837
1687065634
-1583947235
494266063
403606392
-1271289190
100016062
877855789
1973774787
-909389912
-1555147679
715078057
10457840
-872483809
-598959451
-1806565145
-1070820802
1175187324
1212358545
464134218
1656792835
-2023655588
-1923959047
1147384196
1315867055
1485740590
1215222310
1546616176
-1079378678
-984764120
-1906852683
304333086
-1681150016
-1728578178
-872332353
-1983139793
2066952735
-1166449455
999959354
-755218333
1231815710
173998309
399185310
48908912
-326697056
-401443177
1728692683
1449552917
1881776890
1845446669
-12074199
-1243474067
-1192689742
-1770088914
-49145840
724585352
1369330057
1480131925
-1163312534
-1407487433
1119846844
-680150720
-1578121577
1965178663
1671830149
-1245143986
1770468496
-902108112
1263759079
1912694249
944906062
-1583520017
166263467
-2107632576
1024697964
-1551219823
-2114437467
573230393
-666143221
1124960497
1899863355
-1391699290
-17342219
203008485
-1618085081
1164031414
-606996220
-1136115755
-386455429
-1978640979
1815595460
1246976652
-644917787
1676031447
1280514391
-1372358318
-965731788
-1121990982
-1513598055
1710981434
-333591525
113196682
723223427
1263355063
1466184755
975437025
-894861612
399929461
-1229071546
-251136593
-996825107
-839978650
-1477740342
-705407122
-1447597572
1248798746
1807041962
580771994
2090914653
1332051283
-383240372
-475228064
1535767100
-239588392
-1640143153
24764053
1216534398
658068361
368715924
-2037709079
2131256289
1015065011
268146688
-1505889445
1496728417
-885040475
189307775
-1283431953
-980239651
-940052349
-93215541
-1883119201
1326918650
-498248871
-1447710355
1490789006
1977774919
-1967573390
-1252503677
-257387133
-1372552030
-592738582
-1093883196
-977564012
-1895503399
-1575374974
118875585
1632132897
816580499
-291650125
1677542253
909122308
1058098289
162722821
549643487
-9437946
52866671
-1164069472
972431189
1547017876
1937513104
-1973176541
1131327100
-321751374
-320095558
1377857716
1731217133
-655109074
1663710686
-616510121
1352027387
-1406941415
-463974821
1963029379
-2000833621
-588599949
346391204
70288114
335497219
338712357
-1779854305
552393656
-726864761
-1862863565
219486288
-1893055849
-379025152
1870219313
-222857162
-1822230895
-2053918081
2102968822
-2032467467
-95122499
2093174689
-434139505
-245501772
-634445986
1192410387
-551176074
-923169080
712718641
-941214120
2133318660
1251399185
-278139387
-1016822071
-1076814301
2057450148
1385699217
485246685
-580822457
554060714
661566849
-1572263510
-1380729954
412087943
-496514095
11673259
1534670213
838580286
1748259422
1105284035
666734398
68122899
-1824192070
-719117438
1376057056
1663651441
992561471
843717542
700141454
-36274418
-1748755866
-683096093
562933483
1066673484
1265055065
84696294
-908476980
1091376098
1204335302
-1051861097
300281903
1010753723
1270974197
1370522782
-2091857812
-584435171
1611667996
1961362473
928291242
1800464910
-1858366990
-385227285
-1654620780
1602628594
292135041
1859717479
1432252747
-1698940808
-406721472
285929069
420072861
1472474039
-1458084512
1752859109
641240695
-1180456557
1212226662
1261728458
-1288888936
-998906779
-1861128711
2022003577
-2060610425
-972822053
544446460
-1745745108
-738678329
-6661605
-1004205089
948394944
-1182810808
1918954798
-838790606
1635090366
-1211058145
1423600284
-1758817414
-256301928
-2037271687
695859026
-943121848
954418482
-1189373235
94690764
-439655802
-1876580188
-1251984048
340145263
-1317860844
1491208510
1704690350
562824758
1183987347
1129719755
-2104051978
1287381393
1050494079
1893682970
-180346411
1132917129
-415247485
-806089799
-1144496890
1982072103
1548076040
-1801774077
-879092215
-151508714
396229134
2014501981
1570268946
-1979926649
-1874462401
1271706556
-396733628
1100743252
1447734849
202654825
869986846
-961807512
-537134773
-1510841080
-1903761867
-1849655459
-399127046
-27777578
1408809763
1401235046
-663028635
-425826767
-179296577
443072366
-1597311122
-1070940579
1226811789
1541593473
-2082657189
-690830972
-2001780104
2034106219
-2046705756
1805835262
1896491454
425167262
814793486
138301907
456705835
1550854744
1758345464
-1033756291
1466390409
-2093574139
-256214796
1600966385
1842148694
-1058539039
1605093785
-714515744
-718407497
536345313
-1593359466
171698746
-1659903315
1265411795
1312576010
1047716339
1482966917
-1019710013
394748947
-1608025336
1473473685
832514465
1245029284
-1350233404
2526500
-648519136
-731069028
-1975600321
1021115049
569182944
-1156102381
-1045508057
670469176
1073416142
801549302
-120286270
1638994233
-1680030773
-2023583019
1478498354
-1801602214
-1863809653
-2003521029
-1656948485
-816925754
878030527
2135888319
-1592743742
-1272164458
856967542
1791694873
371808087
-1257990264
1405454272
2050308471
-1171868683
1239357166
2076842388
-81632559
2104889288
751445480
373652723
1227452666
1112515758
1844847317
-1471959988
952912185
-830798783
-1345958138
404803362
-1233033448
-1354960107
12993204
2116604139
-832048261
-332319682
-991024076
593429051
1195227379
284625172
-1886433688
-272881631
1020234068
-423663303
115700344
-449602095
1485957252
171456219
820068546
917924995
597233813
-1069550794
1502262542
209026457
-2130402538
679589724
228205062
1997687559
1281661862
1490122040
182024164
1954525679
-773695543
1931265231
583451244
558549898
-414070786
1514455497
-1509158371
1243476047
-1292100080
-59130576
1206928547
-103921331
406228140
-201734282
1931960463
1785107420
-1746080717
2107594428
-1398769591
-509084812
-1921951535
-138572463
-128300988
-1784402468
-1151394354
-2019826568
-819526540
983698822
1517322788
1891319662
1440418045
1924179513
1644972624
-1557484886
1709793836
123881456
-1186397332
500321126
2908074
-916198398
-462328963
-889240738
-741890322
-1237104510
-1477014774
1357090007
804550899
-856148504
-479112211
157881058
-2023743701
-605271312
-1893803668
-1796765215
1506784178
-913976639
-1721797237
-1505702838
339458246
15302994
1098018715
618643370
600388471
167283209
774699030
1045562861
-332579430
197590180
-1408987730
-1376452901
-1721548029
1444973660
1387405219
1370676709
1584225778
-1083169465
-2127265452
257218594
-765884723
-88017923
743310105
1388031635
-381842673
1003864958
16925775
-895477586
-611909760
-406989485
-950627661
59822874
-98852442
1830590450
-1024955661
-1610852682
1956240507
315350886
-602739070
-59737121
-271555489
-606698449
244671147
1629130226
545201743
-146568090
-1355150103
-1992912113
-1864186281
1594376997
-501350283
1589955616
430967109
-1107697115
1009758495
-1463242471
809108895
-956452441
1032019809
-188420735
-154441770
1379975832
-1535528528
-581164752
1761121722
-1238456593
-1398403307
-1607046823
790928689
1802554457
354914044
-1463290422
-1311122909
-2085200616
1375769164
-1131073934
976390072
1553910568
-265922121
72690979
127709381
824142243
-440193710
2082181017
-1207422077
1314830437
213576040
-541137477
-1790653311
864437747
908788874
-264159200
-331260709
1622559640
1335649002
-1219190060
-1875058772
240412624
-1221686551
-9609125
-670252352
362879722
-1335292179
-1653563147
1973655182
-2078938648
-1730592648
-181560797
1799244132
1321749417
-9469835
-1481360790
1968005604
1881916489
-1393508139
-226210474
-1751978834
458216136
1678117722
-1933812799
507842910
844928233
498934194
-467678124
-1936686408
-1931786916
-1729459513
1665140814
1339375138
-209324002
-1727094443
-863197052
95112786
-852739808
1633974204
-540348760
157582663
-252677850
467313943
548736717
1604018556
-1208208142
-1893511284
579210538
-223440293
1778901665
-66451483
-1388366819
487313391
1324626260
907233887
583034483
1562638814
-1032153326
659732674
-73608730
-1643269739
2011408620
1487036849
170509798
242934724
-385820319
-818501309
1977463452
284751117
-1751566076
1815062225
1576113195
1538950647
424615259
-478016495
-1734914504
245695016
-973155830
-1835079325
-1472480340
-78942509
-1644906447
-840768661
1517516472
-417125265
-1973716975
1263185375
1889377561
2077663145
1294543093
-629940319
-1858595684
1600451994
1222415183
-1429310448
-1231744028
2096985916
432664864
-1705734758
-2074479765
-2089279462
-859254627
-563917419
-852784442
-1640731578
940244239
1453905231
225222188
1010995600
-1526820358
-590822301
1798774840
-1756719116
60529793
1536804942
-1627304979
-1964505773
1520430856
-1410068159
-1320197
359141478
188877595
2083635255
1254546496
-1488744721
-468826739
-1879072182
-542183791
-963833040
1680836836
-1322398398
1744626617
-1038160735
412572148
-854265489
-1453453375
1960574940
-1383136567
505312440
-880031631
-686708260
1400244170
1665837811
1484577047
842539622
-82818278
426884982
-1688998266
-852356666
-418872767
1353786349
-721797279
1543720382
863101451
222337133
-1501170535
553775547
2069767344
1929846985
1971328563
-1375451574
1313558068
670661412
-719978418
1967205321
-176237808
399567815
-713120668
-1296040863
1117390098
-582847948
-1331946801
-1282401997
252570241
-1496597637
-1805236081
-1630562607
1708319620
682386891
1093901642
-653542161
1479197123
-1745393333
264318355
201149785
1903834702
1561442858
2032905582
642631208
-139413059
330332148
-299954413
405934896
1669616281
213532199
849005042
762995388
540597754
815032838
1560612343
595464573
-201277839
1067346348
1378313999
608559550
-629205721
-1070962589
945001705
-943328804
1758587206
-1100747722
-90727679
-216259083
2014110103
9058500
-304853799
-1411450657
645100651
-1309832362
-587605367
-1244403620
-1152667201
1450935348
-740155014
-2094796661
2064714650
949506356
-1720138386
-979907936
-2074033990
1757900179
-698526270
-506666281
-948974225
-612365561
-718535945
-286312027
-1670084923
-1833535468
-782391186
-1919704016
1466713064
-10152034
561524338
705765377
189249988
-1460355649
-1386968964
-1720766984
-233902869
-2045934118
298832817
116025472
1027071420
2035709424
1418811822
-361772798
1736004288
-700742863
-454591608
25317534
571827543
1127664598
-430323442
-1157232616
690861203
1771248173
-156317616
514231056
1466786403
-1553267467
537407845
1363055222
1198735092
-787922709
-928996761
-2079772101
1663616595
335804324
-790491198
1673313868
81318998
-642369635
-834898770
976915131
-39636292
760730000
1368950777
-1736574145
-1894226541
488978184
1404729609
-366438946
1822120409
1259220535
1688533281
531631336
1390205542
-780439801
-984804125
856585255
-90247416
354975086
-1728863723
-1406921389
-835941905
521164038
1434535335
687708107
-1462491317
-1304380964
1150178804
-232231038
-1149615309
-1705950585
-2121261752
-1486174409
1396885960
360214396
1899577506
1691572712
-308353638
-1039506527
984829626
1718153096
-1577136054
-271445473
-1590445243
554201327
993888623
-1955662468
-1949382026
746309393
1272354749
1240376296
646918344
-725419662
1716795492
377148630
1795255034
170672089
1634115765
-1335252018
-473034149
-126944445
50017803
-1635296127
116306247
1204341274
-1850417176
709721117
-1329800207
-547673178
-23799714
-1674734622
1205047649
-1862572349
-1682596177
-430323467
1253517504
-74602540
-1896878025
-691032716
1824018131
-182482441
1784408970
-1458139446
-1412769851
814055290
-14761511
-714877629
-1521391320
-2038313588
-1424516455
-1964160798
-529842115
934481719
100961637
-1218818190
1231132787
-1108118643
149083683
-2101184550
-140085715
-391042271
282830694
-4659531
-693184056
1264302265
-1740554477
-1899399134
1980669660
-1366746815
842408262
1170582231
786205633
-1489963263
1792187766
176990332
-943106732
-1836360686
876282326
266010422
-1497588998
-1945921522
-1285873410
-429662079
-1971904796
210193670
-1558049334
1446967618
1491713684
2055526328
1566781826
30619420
736423840
929793793
-2093998021
1293422337
-709049162
-1917626736
2110836604
-544466676
1186578143
546906332
-877259997
500766094
-1158746361
806845527
-1944288119
1191882598
1519528892
-1485588509
-1361823772
700354454
-176464074
-1237734779
-435952659
755602962
-113495657
-906474920
738484162
1211583449
1888588659
2109488835
-1176790260
1766187593
1191505041
1248125422
1772909668
894587823
-1129647373
-205298319
367202802
1431140637
-1203081709
1362824782
-667180969
227289472
-904566161
-795558879
-2059691060
1834071537
1254334791
237449109
798230411
1167415115
713365669
-375864294
1432696685
1899520253
355483549
1637257428
-305983532
99372320
1837042390
908600534
1499652042
1365571019
-329067192
1208373903
474626410
862228390
330238278
114212484
-1041732482
1744058813
148297151
391456063
-948271255
-1225443690
1165652928
-101806970
1815347783
476324484
205832252
-1650338864
-1046185902
-932660419
-245223921
-336832524
-613084281
350358698
-2098834368
-662659549
35557000
415766270
923114630
-61851112
-354225980
-2051456502
6084109
1251042189
778332372
-1164234290
198750329
-997986576
686090536
77320274
1147888427
-322921130
-1580176670
-1890017097
-690027326
135854000
-1242694911
-2101366904
1744262884
1472014652
-1766722110
-761351083
1493043773
2042662205
1944982594
-1240844158
-285163833
158131181
-373149593
353359708
-1749531572
-1419812174
1299899137
1187244908
-1065033944
-1721101424
1329160235
-1712571120
-1469868717
-488163361
1578251767
-1936816570
1904002974
1188274749
-1224289975
-1815945269
707566397
1491090373
-820515581
-2104005788
74053509
-1996871552
200101730
768855930
-176612363
1489780507
1332836775
-532654100
992154234
867420122
1871064569
-1459761120
125534702
-691161396
635498377
-256349605
-590175006
1331746112
-1821581065
340871250
-116823908
1362923127
8496372
-650151679
-564529054
-68463718
-703257305
1386381242
1611086073
1074973422
-838311084
2064496768
797571176
-1790230971
1477294267
800402837
1392170497
-413467465
531179454
52015697
199501473
-681991278
1420927941
1088116532
-426288842
487228046
-859540635
-2026468545
299212673
-302215355
-1484123969
773947007
-447488228
1978768353
-742511578
-985359895
262024894
905299222
-1914522364
-899538835
828335038
1487620946
-1113584387
913198404
1767207893
-237089997
1649592660
299533197
964931367
-1464399559
476685966
766206743
935335556
1578681532
1178374740
-1071982976
-1446424086
388384288
372240285
-1509659010
-1008268466
1573166150
1803909388
-1351901572
149860763
-1450721979
1366189462
-1169117592
-811407365
1912340057
-150424729
-1660783157
1141122388
-1292200165
19643654
2103981081
797788180
-874077198
1116110006
1050679882
1103045169
1318280137
1104421407
251943337
-1760935573
292252930
-1693327826
-814625813
2002155476
1702671785
1911228728
1455982722
459008145
-611661076
2000619365
1531968307
553229538
1853752266
-1275687093
-1003663387
-554572449
212597515
-2037106983
414468028
808782723
1607580783
1363569270
-817378458
-1972955282
-597225174
-369151383
318820020
987082214
-1082810482
1199073914
-1146660500
-1260434786
-577383926
1532055513
1072875869
-1256367429
1499380050
-455308993
1271112114
565640083
1387617759
134483283
-598049909
-1973788233
-432327526
-98923698
-1464538167
-977851341
-605902125
1774729697
-1787661783
-1221318637
-659817096
-776261547
-1087322732
-633386967
-386150526
1973530100
-1787817548
-515975922
-1709165646
-797510745
-1207633462
-518579867
1638931837
277976032
52917438
128454246
-1145279164
1533828281
-7678345
1608174746
-1534522425
-686735267
-438527380
1359922403
49793243
1671421863
-2066955397
1177748927
1429598555
-354444536
-1482955527
-1428680499
-992423844
-1066971731
1985489161
1716192399
1906610083
-1461512480
-1582045135
1720917616
-1241765029
1419957677
-940202454
590797065
-860852990
-551404855
942311414
1111370399
818880932
-723151697
968988472
2101061616
1551040332
1494530572
172451519
1350471471
-156766794
-420497827
1851714659
-265552053
-1048664503
1590631637
-1483889644
102621047
-1683628221
1025254787
-616673233
743062246
193885750
298514612
163506963
1247679702
545476018
1118030997
53714420
-1906116400
125096515
1749924125
-842936082
-940127443
-1195156835
-405248471
2027137117
1611767260
1364383509
-424675352
-964328597
-456290975
1592099923
532209016
-1688973335
1432414752
-43870906
470246865
238864227
-1229245989
-1551300521
-1434370334
-571938450
1899601272
-388097056
1442136825
730482499
66078471
397022687
-619169689
-1361775471
1985031172
-1412607258
-174364829
964178318
-573927464
-849162154
528230958
-1062264242
1317700261
-1278958132
1308220280
1112876888
-1389522878
-1378213414
915523330
-1920029834
1593498500
1188986361
-97058685
651197132
-1750062657
-833987138
670450895
1763505964
-1828412788
226069836
680806710
2079309224
-47102005
-2125876470
1152851242
1539674472
87714283
1216735380
1829863972
-1011376196
1839570024
-1665241354
-1307484729
1316909428
-1862537579
158003735
1291889220
1168252271
-550474597
1344868211
1100646656
-1008562063
1140796609
-1747971060
-619947148
-1791230406
484011245
-231856734
-1535834539
2023280595
-1690860438
-1328395487
1769128692
-2038193366
1584508394
1602881626
1500652262
-901697567
-1295192625
1919975669
-1904793113
-387766942
-1166436187
-522692954
272867835
-1318955466
353713651
-1791445345
1967918550
-488651625
-1424360653
265898565
-1642144387
1880187971
-1597932771
226492197
-1141389012
836281746
797058347
-534848983
175339130
-733078070
313606489
1286556166
-319435846
-496049998
725423149
-1035227912
-1399351900
307060580
471742198
577699249
-107584715
1332797543
-2058375080
-733095026
-846480429
-936647427
-1844342521
-1397005812
-127986765
1449332664
825366737
876577657
-1019731329
-1312595885
794142690
-584328466
-789741518
-1174415170
-1141505981
-690542212
80063558
-258220166
-1772774493
-654904668
1830740753
-1672940761
808196442
-1248728052
1240753516
-1858895014
-1130559318
-528665488
2105415317
-754711884
593138503
-1006533162
1636930646
605455919
-1377186791
2053428997
-583389850
-1698921029
-2011781569
-555212745
225401358
-696151543
-1593714601
1435514637
673684239
-710601819
1880305660
-754190910
-595598654
1938319178
-1396762225
-1267129949
596503681
-1796084879
1102471226
-1393769282
-1376377275
469422890
134441522
1002106585
818155664
612815407
84440379
-1111158362
1116616845
1350694454
-1551460495
-1395299277
517812341
840057223
1410172996
629225895
56568371
514841293
414217667
1836226347
1458051146
-235936208
719088158
1016485157
-271025930
-553952350
1559299429
-1162270805
-1937559663
1433169528
1275367318
-337450442
1993150520
-152937923
1699260117
259386005
-758709842
2135206083
773131773
-603754715
-659695233
2141996410
-369991849
-1826231233
868832872
-1535512060
1867949992
1757715696
-1823089418
-2021199864
-966644368
1596682991
-1355097492
1893069893
-1660229519
1889374667
1107948009
-537413910
101281133
112707940
-756983862
-675826395
-1279110604
1801175963
1317928780
299563002
-1970057763
355719501
-168788362
-217844651
513513811
-1368735108
-898511819
476829793
1552634899
640783823
2122529992
861067802
595456307
1751239484
-906534818
437148449
597684389
-785369597
2125965308
-1380649522
-1700763459
-1463735843
-1540033372
-1026177141
-135060496
-490913931
1697608883
-995521441
-2014292259
-1140233193
-1907068022
167862217
-1171574127
1136418982
1928789873
-1021298993
-1389832442
1066820563
571640247
-1058445483
1681222125
2128616331
655680797
1100992690
1940739501
-1813513807
-2116073869
1058437504
1357706410
194854925
-700175485
1458353843
-1653003062
-1086140541
-146650066
-1937952788
1293401908
1696806535
865794517
-1496820465
79056986
1708307152
442798330
1880627474
1617652793
2065898059
-1524637402
1520698904
1372392159
934862674
-874402036
307887806
-1584637651
963617821
-577784594
-245284685
-134297122
414191992
-1941781185
-1741521779
339260103
-1161829194
1523970953
-1669785893
-119670176
1345349861
113567632
949937782
-2062444158
975097666
385466040
-1843067876
-415959694
1144855279
-145940573
-738099394
-1833675235
-36596765
-276732898
1432554520
1647180965
-1673136863
-307495619
28901122
-1743413732
1170131500
93222339
1978607878
-909228402
751218617
-762136888
-575510095
-128915388
-1096782938
-1623952747
-1282667986
1041636167
-1215426518
2094782930
-1662044784
1616761122
445292110
-523501854
-1053482386
307757292
1607916444
403278734
356106676
-279081083
915492629
189050080
504628920
-1097271265
-1399023257
-1759815343
-243131253
-630032128
-1533633441
-893954778
-1689052015
17549445
383133084
-249718506
1100814932
223581801
-2020863867
-2034565328
791124116
1375296839
1820332924
1863604731
1902099362
2098088029
1873849427
-1807853090
-1498624787
78131602
-996089858
-450632510
2018567133
1588067257
1268105610
-1628978187
-1586837537
1880411415
1538323533
1259916369
1080778688
932310562
-1846239905
-1640110947
44188222
1116557451
1930459208
-894333390
-676709412
-903806337
2141127418
823841761
-1380459018
-1283321304
963966209
72074003
-44471532
880518521
-1542162952
1210831666
-195513214
-1625470421
-713504961
-53027000
23379231
883933698
-24750870
-1635805724
-1775094411
-1217147052
-424254981
-500268220
-1189141238
1759692235
-1672166444
-1654318672
-1822993163
-547298455
890855654
-1791075293
-2109976653
-1899121204
21915310
-283308239
1538067003
1935609779
-783324446
-1282304988
-369718705
972509888
-1589842969
840946279
385359380
-1125117569
-1669143419
-1406151897
-1818560284
878595494
1502111453
-184945865
-630830749
224777886
147419801
1172950835
1727405264
-1048212415
687569509
1627475432
-1582521443
85887461
-420459361
-545821453
-463819968
1209302425
1525830474
-1067142233
-887791285
1552265134
1099980615
-1677103053
-1187204166
2055044728
-92376378
1515725572
-1491672437
476861013
-1735115015
-1590641560
1436227220
-212054546
-1454814966
-161509261
1699615120
-1819656515
1268378191
-2059590362
1337019258
1585353166
-448815172
-1241891124
1240863006
2134528201
-1529193320
259378855
-659851284
-1278710993
1599067252
-634345524
-1606993138
-842805278
-1048514473
1976376907
1649857981
-1117316373
1153753918
2026304658
1323790032
415423351
-2019782205
1441938194
-620205675
520336931
1141391643
454428194
1318432740
1988224889
-183189179
-1042145756
-1842083472
1474816697
-1529575809
-1093857819
-2131028896
-1990833957
1447847420
-631622839
-311577827
-968436780
52619732
-1222789593
-1825897619
-1001270760
1583116348
-1680963214
-1831914815
-2044993952
459114998
2064964248
-1524841526
-1260683348
-1374663670
-1262120146
-1828972207
575782283
-1650423626
-2078158644
1785223752
-1056885606
302916514
1991997237
1782448923
1931702089
756282711
-32620357
1498462283
848594661
-1546325518
888074465
1702047294
-1326886703
-2018998508
803769665
1182087760
-1755014121
75130140
-1363558224
348741933
-1228651745
1371613080
866307231
2093250145
1999050173
458395896
1968614596
-75554512
-1395073168
680742276
-932687624
-91596126
534908392
501969295
-1757998750
-1725613854
-703808568
1833445100
-907296555
-38560824
-773250131
705052065
1028260215
1041927860
158842735
-1305963558
489668514
1923117981
-457205850
1702398240
1356265230
-633582743
1945864047
-765595446
-1316215249
706785150
-1770948496
1797207987
-1295117349
436490392
-1699554536
-2079215315
-1963865297
-193786147
389406507
-951238860
128971187
-1282408658
992686205
-1544173082
-1464935492
-530452033
191642621
1767914034
-1653669103
-1169601047
-1835384587
-1870664753
37077969
-422095042
776385167
996461168
2062320531
757870557
-914248294
-1436447179
-1045911857
1015163912
-139229554
-2081109148
989001851
-1193129229
-1116556339
1996933464
1512794105
1550248158
676829227
1371100345
-288341712
-735117723
652472752
-249167635
373179127
-1619689194
-424939364
-214266675
-420399174
-228214460
625687210
1252679323
1084421207
-562126566
-1466933607
1759988532
-366943927
-2065391374
-1880261657
-1031594879
411988487
757218535
2095391455
-763458765
374156974
-372406360
102150358
941727663
1479095261
898723471
1761455280
340045381
1609780447
863449841
-1649678423
-709860696
849349647
507356343
1979606610
1403948698
1737852280
-380571091
994661848
-2125680666
1430753211
734994713
-1166569076
1986814355
651996981
-2144172785
324959390
-993186730
-1517023392
-2097363196
617559084
-2114033080
-918081926
1297240608
-1879417477
-2099301928
736632675
-2027996713
189535363
-1791132670
-561543733
610004282
-616972624
528808384
-646205300
1402555273
-1898723866
947997889
-151751085
-1503597043
-1702264890
-1187080360
-1646413690
-1217414364
-1381120721
-330393674
-1532186527
-2070014307
-80806393
-1352154532
-1898812830
-341163195
2078123323
834080714
-833612825
-1622226494
214468867
-107712132
-1148190956
-162006882
1457933162
-1026219498
980451578
-167194202
-1967659251
-1024047907
-1566831115
1297152117
319306786
1426950249
1025259605
-732268981
-1582765636
1410646168
667645247
-720410846
273479500
167816134
2065943509
-2103122941
-223997333
-1805494470
1445384852
-918962539
-571382571
-1487546654
-922902786
141353462
292374200
1417167939
800426872
1975020749
-1828630225
-926271318
1164506996
983292063
-617208
553858727
1265722834
-395263390
1261828557
-2094156101
-231563901
1701521487
-1252062974
-1783968944
132427887
-318820100
1198107050
1513590761
935136409
1593036713
-1834381296
108910489
-1489699969
-1257580071
154297795
-27472199
-231853114
-1264819676
-1006113311
-575831084
-1080270570
-1995674549
1635101080
51547110
-513489341
-220246387
-241319702
983643590
160652716
-1096657864
-771279953
-1591344929
-1760093208
-1138526846
1324324576
917326630
-1154664290
-87279464
-760946159
-1542165945
1220387251
-2136928265
208671039
-1292458975
1315503275
2007484923
-2115920180
-728974732
1026218568
780985781
1792874950
-1169359399
-965148553
-1635196671
181492847
-1920656398
-403509652
520344534
878651129
1359355105
1178795787
-930681633
-1870126447
-1399962627
654626185
-646929589
731680926
69453763
278577235
1624879584
-1061279158
-1186032374
-2129207762
73805654
355660864
-1471245958
-654749281
-174106654
1194003127
-212922050
-1245102452
2612240
1548265903
-2140179464
-1582117341
-52049707
996799867
-259777291
1788843258
878337252
-148355202
1928477345
1122809718
890330944
1266221881
-1707339459
1110732913
261540626
488126340
200981710
467066391
-1862605636
-718958565
-1587700136
893925648
349834285
-1830790308
-904468404
1575541219
-1856053130
1492625486
-165675458
-1752321895
403343517
-810565403
-1707631654
-668593504
-965200463
-1318157181
1789327128
-866778382
-133287394
5531330
1996116398
648697974
-169864638
1101010544
1798090182
1367238310
-1171596737
-84471590
-695363087
-1325331343
168635666
-561142451
-1583134630
1900105058
-408233756
-1983042343
-239442626
-267855616
-2113121120
-1900053928
1844994203
-1647500168
1946157765
259180206
-170123481
174455417
-1857270403
1543085393
1466189443
868394335
1054797805
1809747211
-489580368
-188409965
-2137587507
1528537342
-26275134
586987056
2064421435
891413993
758170322
-378492438
714209996
-1099071576
-1567258312
-951854549
-539485212
-882437375
1011300602
955971198
-1621083833
1062963101
28822398
214905392
-1870973457
-1948293549
-2102289529
738104884
339692063
1797478316
851172190
-692777657
299534008
1788053155
1066646095
-331903404
1161411018
1773398956
537783639
2142046488
2086701165
-2025339913
-306475238
829880585
1481167314
-1578977035
1911065370
935707252
1424797588
-437879782
87623718
-1120715292
578791251
970447589
193889807
-202369590
487645571
1327664925
-80436575
-2051614118
1763277185
-787263652
-1176454703
-1635651662
-1206437145
-2109479984
1527698738
-802178495
1501913120
-97696960
1425645230
974302566
931800638
1297087565
1796360817
1596006487
-53917174
-358387974
1639492648
-1303179964
2134426204
-721380754
239266667
1224351419
-606712915
-1891269897
862423926
683847501
1978767594
1379562578
2081667615
13803378
1671970186
-1273846743
-1461511676
-1520097879
627942626
-822740772
-166888445
-1718551325
-649418057
916060292
-470664210
903386401
1092987157
-120839116
-625986433
1375349339
-685961378
1244676993
-994804087
-1351621212
151770789
-208051132
1410953072
107900042
1576036156
-1383296354
-2041410853
2066907842
1650705291
854101307
1748589479
995402245
2111310883
1369307611
-1789237218
216247348
1311944978
-988291570
1604367720
292953026
2076697720
1504469054
-1687056831
-395094446
-1711136166
661263602
1328644332
-1681062498
576315829
-1927914416
-951662490
1668979355
-990985514
-1368026140
272405727
-1131979046
-1655386392
1262362783
-1964120219
-1566197711
-1740792626
-895249119
433452258
-448757094
-657559757
-763922374
1712276552
-1389517734
-537813026
-189698130
2104097802
-726450075
-570233782
856216376
-728427827
-758961408
85686133
-630854703
-1076013217
-1301904216
289117432
-1752079567
633373672
177053490
148746583
2011998101
1740755038
-1223257805
-2057376870
-1536800829
-758073282
1679760289
-2074135524
646548299
-529930376
-421739078
-754711390
-1883714802
-408583510
494949156
-551156305
1301696004
-1058718063
1079507029
35861781
1016573497
856160955
1941303604
-493592113
1325140503
-1657810047
710368768
515772686
320701931
1065541428
-849245583
780279953
2090525089
1193151126
-674626788
35174969
-2007095598
-1997223796
1902124315
-668177188
1615966976
-875591408
-806038548
-1285652904
1222976031
-28955796
-1786240615
-1443509525
1687674199
-1984766044
-953076455
-2083797566
-1059630584
-1578292429
870918902
263220943
-136637170
1919157498
2058759215
-1279831585
1292465733
120142965
-1087432865
-1200823573
-1726789553
-353394641
1345198110
-15414355
-1197612908
2099287928
-2129997658
1543962230
-666987638
-1002101932
270203321
-380984770
-889507530
-196511051
667065538
-538235908
968312305
1960949229
810241082
24459576
-1842470033
231292253
-900989363
1271791581
395703805
335409010
-907973188
-1586403501
-972527095
1337143762
1955669252
-1672470835
277980647
-1782029871
-2068867136
-616020769
411999186
743528489
532934219
-2033683374
1343223856
1870066666
2011850665
1641433659
-2004406247
1709236399
-723487321
-1364281014
-11045862
423169042
1047787328
986168927
-751006923
1533836897
-1715391167
-1570747806
2081806892
-615216495
1128367408
-247171757
-222029058
-156333710
-1285114262
842616479
-2069067599
-218655708
-1734496886
-773529930
777814866
1176826313
-1168846319
1513893337
1727328314
1653156987
-2092355005
1909089336
-1565205870
1237385600
-131628721
63002427
1651447832
-1333616452
1086084018
1677006879
1345254946
467464038
-2017378852
1508464581
-619957533
1864090110
1980414226
-1993296954
-1385249044
1801535870
-1145769322
1221279946
-1375255819
-1504448561
590080262
-667752934
1959314910
792985470
1624079361
77160050
-159527184
555872943
-324382192
-725290469
-480153497
-1765034671
-1932216126
590757433
-742742476
768910995
200991512
772971873
-384838402
2101364117
-872666589
-403438226
1332000106
-1729202846
1023357931
628649621
-665505893
317951006
-1450629997
-562554955
1443097340
-1996119685
-1921761862
1886075891
-33843652
13357169
-1029271517
-956494458
-795989094
1769168942
156214167
1095961039
674084194
112855114
-864143095
594344620
1374574262
1088144446
-582120709
74660108
-1927701359
-121247210
956018721
1779303622
2008505097
-1478985626
-1355742141
658113958
-1318020397
161075066
1876605799
-4503095
292903692
324028880
-1720122578
-242133718
-413783242
-2068289590
-471640450
-1595664772
1582227840
1296401055
1854662497
302699833
-1097862839
1975925394
-1502264532
-842306310
887629286
-970648473
-1516530461
-16684535
1191757219
1032911377
2110073307
599907124
-1246076664
-538930513
-1715200863
-1207309085
1459147356
-1061247559
-328381926
1246994797
1011954030
1935474038
-1842940693
-1001571674
507821970
-1353810767
187939610
1084565692
-1608511510
-1744806997
1610924533
-2086301117
820375526
1599455315
-1876411342
1685571981
2044843021
610805172
1041739351
161039167
-630338308
-660453714
-528771748
-2121211360
246696111
1989312488
45110158
-1030968268
-50977793
-97723131
-1800239179
-1786954487
-1235103637
-788249323
-1537789319
348490063
-166686182
361069133
1763069441
-1192573010
243997216
28696827
-2030781476
135893716
75956480
-140295757
780447012
-854419252
279111025
382794446
96594144
-1067291754
1912550245
432166164
-234777430
552421107
753784646
-1668747336
881025937
1074847615
1406361986
-1606846588
1001148224
1059819269
-520593847
1050156372
-523157665
2038002190
246539669
-529432632
-134593736
2066565819
-600529046
-1356071884
1919762845
783563988
-388630434
1651022555
1482244873
-1603225824
-1447910820
1682573917
1743370757
-2127946250
-554992220
-1251254675
-1164218931
1563691796
35919381
334988742
-752686285
1529427630
-1611669330
-85087393
1892589506
-1639752246
1570686290
-693242147
1733100325
253409738
211943627
-1112711096
358707914
388816202
416195344
2129038081
1620616130
-1590425045
-682414646
-2037851149
-239612182
-1621797648
-2054547692
63323913
-877659313
834480456
-383044478
-1548529697
-544142642
-509148181
-1963306395
-734733893
2039377147
-414812759
36797260
-1036983618
-136209340
433374143
231322572
-2031569322
980732245
-1989691028
-1582485884
1287955190
1409439932
1064009411
889863259
-1557045495
-788785456
-1243445054
-1532068597
-21346013
542590415
204207780
-993651741
764082041
1820912198
994177139
819127496
-1137325421
1104148917
-1067001120
862723452
977565503
1621184370
-1387170730
1905692450
-1930249272
-639398963
1700081484
-745890815
130200680
1021788532
-1190830630
1724169608
-1986166022
116004121
-1834548593
1737090705
153763315
1606005585
380525185
-2099690007
-1490003310
1492500671
1774351524
-1185338096
-646314410
-1682036623
982674015
543498044
-1895947344
-1785893751
-1905455780
1547652259
1180753402
-1898652385
222633631
-439878150
492112039
-1897211546
1641636570
-1824410568
-2124956230
-684097779
106506238
114360479
-1276973188
94268391
-1437396971
1926453500
214622568
1775400397
-45796018
-199726036
1212529770
-977634109
520289113
-1195525406
710652488
-353322151
-443145739
1881438376
-93232032
1927821651
75885766
-2122974941
1720025491
285361291
1959294059
850079130
165007233
-1056435178
609187024
-162531656
1563366134
-956761690
1633889471
981683857
862882723
692045102
-300735811
1279364834
-101517552
-93831477
-2077367533
-1357490276
-567914799
-2053645598
2142112554
-282601053
1177073143
-1080357755
-1516489188
-1167750702
-29865527
1602935322
-1521836410
-2118090686
1308150196
-1138452418
717785507
351537100
1132022399
673705702
-1598500970
1858675147
-989501246
-1767011129
647501062
354943526
-105730408
44772600
-1405842960
603375501
-630054765
-2130717996
-1931329097
-202050558
-42392080
1152213028
-1173063553
-1279825510
458506251
-812455554
1723161020
-1595871356
1260995861
1364028647
-400876539
-2031123638
1507201539
-132460865
-267221458
-273221033
-118233143
-17481506
2053386644
-64637000
1318512583
1054570489
2025528762
578320934
-534486141
1234981706
-148346604
1305380419
286389145
-792536464
-1159118045
-765480668
-720729617
-1381386861
701590465
-576057585
-1827278036
109806539
470668221
50678405
271743850
702002114
1763193514
258336642
43493929
325698199
-185752076
-1157957886
1456753031
-1866791675
2032643379
821362375
1416178861
1879400132
-1883760701
-714270375
-2086311540
-2066772946
-939673708
-1957719474
1101003209
-389946842
66121022
-526548277
1282799349
875341877
-1887149737
-1702022582
-1330387455
1419210997
2034728712
-985055331
-2075933200
-1421667150
-1642232866
-1735731662
-626993714
-1610730931
-1548404515
-1555336297
-1532148256
1615223395
597338330
-108068544
2073380892
95307951
2088593418
-938523000
485372891
1797509036
-438615851
916322037
100118732
87448190
1424513520
-475864897
-1076880084
-1205262062
-1383388758
1164967827
499950387
-441800061
1624492677
-1451395180
-1388793391
1706858943
-1866758905
1782299809
-1714959206
1492041834
-1066229038
-632657443
1061152509
1741194242
-28320014
-1547268757
-426656068
576430403
-506067082
1280011385
-705173097
2109520332
309961793
-831716480
-267613622
2042927105
-870729951
-400308535
-665788230
-2109256397
-910431968
-1089116366
-1549719190
1109167614
-2024949478
-1205952719
-473792461
505868530
489783183
54414361
-1243629004
289272693
1568103354
407000988
-274371834
-239539993
-267428382
-1483000432
-1795389132
1956067335
574849775
-842860042
476472810
1529121429
-73575105
1659980599
1492380651
-725757129
138692282
1285928111
33380808
424037792
-1809901533
-953803409
291433294
-668345106
-875306575
-1163434178
-1806555584
767323219
912756958
-1498252831
138591813
731657719
620162941
1320697500
528040995
-1967713251
1259374610
-1326755848
1885672493
619790468
-2099774627
-2069995067
1894922234
1265509903
1905302328
1674749282
2096050007
-882759513
213278370
1016180283
-28191618
1885243232
-223771878
-698180973
258592647
1853275354
-983404751
1189250179
-1123922658
1521549801
-1360483750
-1971028159
6024309
455726712
2007039492
201172133
1778587772
-1939032918
-80473110
1780872937
-2045362097
-318614975
-1022351959
-111207760
869442288
-2057890749
1654493586
1327377737
1685430837
1864538330
979855553
474364724
334221571
-291275908
838224494
