-348508487
-665252969
844805305
-1333650040
884770734
-1329389917
577924718
1475252707
-895727019
194723045
-2023977765
466940722
1366908676
247271673
331101396
-1808541654
-939280600
1256123984
-2126825310
-1886824797
-1320755572
-2064530656
649417954
-1239365458
-2109285157
-1304840805
1876940717
1775193836
1070279523
154591330
2090997241
138781725
-1547910373
-822549956
850744126
-646769161
-1001879833
1525626114
-865534116
-287393992
-767062503
99844062
-976064837
-107405570
-1669131461
728389812
-1266847565
599411030
-1568535797
-1876285217
1998940206
-1652265710
1877649350
-509662944
-1990931828
914217694
157437097
1000253650
-1941755706
-983484011
2038085044
-607447966
287844053
-1612401712
534992817
831352575
-742652588
441313984
-1560134540
415249293
872718692
802275901
747102051
1047711966
1461194447
-1659086306
-1866084808
-504613597
-982765457
-11614005
-825748987
2072386720
618459856
-393909489
-391273352
1717704606
856231188
1490214194
-658737824
-996901978
-197170153
80277830
-1804483473
913355755
305507282
980039361
-610806975
409314567
912409348
-806099124
2054566812
915412970
1012614414
781798617
-1413335559
-585867249
54844958
1799812347
759774275
-273698577
1751707024
974472561
698807518
84203194
851665552
-210287101
1576387050
439305796
-169525501
-2052344943
1820840136
1013102653
-599104345
113487976
1906025948
-536034395
-329478024
1022600663
82256020
-1705956482
1780492373
1092102913
1996503977
-1710173246
137215715
-744356619
1817906597
-868839017
1734701489
-474377221
-586625628
-1157346624
200770973
-2070199760
-522461090
1422792791
841999733
1395902293
-1219415708
859332793
1948804832
1729910243
-639673175
1139350720
-983565953
-209451678
307260483
-705971145
410199119
-409661958
-36491661
-1089839734
-535530160
800696650
-725784606
827739325
1026148203
-888296328
-20421075
-834339425
-354581872
663170952
-265963869
-647629506
348207646
624023025
224527693
604591773
487673224
-1837265811
786982958
1551238820
-1207996620
-765800432
-1588028725
29989719
-1897646682
-437529956
-1039733267
-125072822
697703133
405999634
790949796
-291485100
388402685
-1348654708
-847376497
-1361027965
271317805
147659082
44286811
-1335726001
231337410
1693389833
-1776750712
-2100881647
1880535197
625453979
-557541261
-624444747
1318064336
-1694890316
-1611653232
-2010002514
-733534585
-2040970751
848662774
1402100266
562382885
-1178186114
17220896
-446329210
69897133
-2107842296
-1405199631
1575007492
19429987
-1043904719
1740099064
312791227
-1702765902
1639593299
-1296290571
437447118
-1872579504
-1474895385
-656067428
1910147808
-1888357729
868418071
-680471912
-353492537
1957710166
590052241
-165980974
-812632193
240009056
1063247773
-1596536590
-605572256
857572356
2130838385
-1340452827
2109250963
-1109396923
-601470525
669805345
-138275646
-1594300790
888566176
-1502117275
-2145817842
-131347838
-1179517316
-500683067
2045091398
-212010175
-1866166903
424216101
-1319264427
1291349422
-1134842805
-1710755708
-400614150
-84691679
-1586822036
1041058108
-551893569
278351944
-1616449332
143478919
1840133411
-1550491574
300601308
-46091963
-1705836519
-1498272211
-2147375316
-1170661637
1137546421
1638212220
1260186689
-1705816034
-516038364
-1356917981
1185842860
-363341678
-1893796387
-783479906
1830313815
-1947162515
-698214634
956101458
-1275784927
-944688385
-593170056
1845212730
1138921133
-691305962
1883891221
-1499802682
1827721591
636270973
1412735385
-221939713
1482941991
-1855992122
1817998015
-85228818
60418601
-146966199
-913763321
-1500831170
-1545941379
-748904852
-693773147
-544743136
1759572939
170311203
274894012
-1861725586
960951226
933766074
664283339
-796804845
-1711789183
1869340370
1532729447
1479234217
1837554621
1143982248
1343159338
-2121717661
-1557925499
-1669523043
-128061717
1331202604
-1541288773
2130072306
186656303
-1104766960
1135384485
-688684846
1893803486
343637467
-336067653
-1273882475
1954741049
-1123334913
-1748271166
-1242695870
-279104757
-251174726
72563481
-192068522
832077598
481974392
783125074
-1906230077
-828719376
390673525
940671235
576334395
1918787495
-2045996890
-605760290
1873611437
1657489217
-1095927335
-1176216065
1909304335
-1361658097
1062238490
1692649605
-301449122
1603473763
333148505
-773960861
626109922
1286524552
-787926199
-463767433
1486233526
-1183912718
-339219574
969439708
-331244921
1210988726
999149321
1586974844
557226395
-2078292421
723626407
2063263720
-1172113387
-1833345999
587936536
-1959783573
744729207
453380290
-575058419
-38746021
-1616114585
410015240
-978676331
1236281779
2007877301
-745090626
197582016
-1089259298
726307228
1169480761
-2049014651
-1878835243
94984007
-1789594984
1966001125
1349797995
454851223
1956702266
1360559695
-489999129
1180648995
-168311952
2099815494
-680243757
-1232287873
-508022413
828971584
-1863034605
1133681345
-475413096
-1159122479
1141607992
-100242879
-1503758399
-422788855
-48038890
-1335023969
2055804439
-701348839
-692964461
-613467383
-1092837899
2066150716
953437121
-1671085635
1574154279
-1863713069
1579193135
1381825741
1358861395
1647193042
374112891
-244410591
-798392393
555465307
1231143980
2067165634
1066668820
-590728025
-1616091714
365429077
-745651223
1225028653
-936212995
548569060
-1772215068
94843644
-1832381290
33060580
-971685483
-317927572
-1192855830
862414195
-2127330972
587146741
446244389
-607320352
1499514309
1104323934
273521295
995884400
1348843433
-1747189479
-2140792799
-1352014497
887060535
245638637
-1118556069
-1681058779
-2085541701
357848277
-134673068
801146873
1274117598
-351369176
-950609390
-1785148518
-197012969
2055505657
-75506661
2147275340
-1117820063
-798864704
-1956310452
1359089696
-40441810
675715897
-454071064
-407154055
248317851
-766573429
-1981025549
-608297782
-196132636
1810533293
-1811650367
-65368668
-1177428455
1408812293
730024905
-193064977
1361612305
175190353
-113559618
939089015
1268883871
-1725365046
1087834336
-1318678614
-1246009341
-468992890
1331253134
905205663
-881959261
628958749
-957945568
-1960346022
1472079867
501333391
-1503538701
-1091283890
-1225884208
-172718747
-1508473660
447069986
1859687083
1046461717
604994369
-1470107464
-1481599355
1098914218
-1211653155
-479655318
-128822594
781214884
120447203
222441622
-1624829612
511026460
1534649550
-650128804
-2094644400
557987628
208404439
-973592154
177576579
252212621
1235399374
-339003544
-1102804366
-151266944
1283595053
574079016
-884317042
1118418162
533498985
-958067520
839746472
-738137382
214231691
-780045470
-221431133
242371045
1452579327
588377309
-447776150
1139371349
1149245612
-1773192674
1844339492
-268941274
-274492348
1970363896
-1387187034
1955446386
-894299684
-661491929
-1931521495
1043460373
784792254
-1965160814
-1884074692
-934731884
956506750
1817365967
834612219
-2037889990
514562635
-1641025044
-332243327
1037356676
-1844320890
-377454996
1917130650
1987780542
1995596696
-976034673
462683325
-230838803
-1569783040
-1035259177
-1536007879
477688047
-1231449686
690143430
-800554835
1337359840
-454934905
-577744149
561409212
1019999424
-353099687
1245707039
-863264255
1380492370
1808979406
-617465588
-2060552127
1908344902
-1465281840
-716300562
1896735199
-1448770150
-219336933
1349156509
-739561836
-799274692
829950479
-766614838
1047577950
1704619251
-983574585
979982472
-1150940743
-714750336
-1632457879
-888648434
-1558192116
1223230720
-1773546817
-1647049797
386958694
1886355604
766924550
1924294745
1448128105
-729391037
-1036765434
-906739291
-81321594
489945630
2026810978
-1588787185
271794282
-1685941852
-1313792463
-22354755
-852347721
495851624
2084924108
14752981
-1499614217
1981469936
1048175337
1148677371
1541312205
280302560
-996801560
-1626007272
1958510444
-1195882664
229027693
505853021
2069359437
1453209753
134194734
-1312168569
2073136156
-1445122066
-891724787
1543154532
1720660978
-391760183
-1158710936
1102177685
-666099511
272816171
292920752
-1067637356
152474412
-1830550711
-469944520
437521400
79928366
-659950484
-1707047857
1450161656
1618826908
-1010350056
-1854664304
1361903405
-711000203
-2128634768
-184465033
1393204123
1465229722
2045011160
-677254856
-119517711
1358121153
767087580
-1359122741
419216912
-682758225
839909199
744936523
195802057
1197645222
151429815
1214917760
-2120304150
1393059611
439100392
1237251258
1980657019
285623724
-658194962
-1003671584
-620036795
-1281754288
927528496
2118164167
819371411
-290622257
2105851857
-293164601
629994556
1759207285
-1610944167
2009649036
-1123630881
1463477762
1784148116
-1333875415
-99007120
1458948324
1711847610
567276402
-163237132
-399817305
-4612401
-416293494
736173704
2127921580
1288861772
639696058
487047847
-946967528
456919039
1061776772
-1487761237
-1972614385
-199961297
-68367881
770528916
83716130
465162499
-2040369851
1226308871
-655519739
-1326879197
913562770
402104730
-296265339
269356703
-1124570866
1743294798
1114531768
-383325168
-239050939
664201052
1548688245
-996876804
-181184587
-1808018380
-1919719418
1736614526
-785744735
146395330
-1307328740
-369717978
-1278682844
-1590541838
2100709378
-921321443
10552712
374558838
-1432496619
-1644211315
429442264
1648687302
1865241204
-685240513
250636211
1242077032
359369971
897948292
-1780676510
-1450281615
-1063344044
1516389977
1149367341
49879370
1404409272
1151391173
1107744233
-88186953
-1886825646
-1228281722
1330476501
114467093
-1100553634
-2001540116
1369645735
386557667
-59889583
1781052931
-1174988831
-1801226877
476131154
-2046415113
836793704
-22139328
-1035830808
1489087668
-1454138282
488410514
-136815117
1627514061
227542286
1154238881
-703161632
-1368024930
-926096751
943052039
-254894312
-1187553357
1807492879
-1698543142
-1021693767
-54971285
593542593
-1134133016
570125703
315205336
-2010247691
1212275012
-1561831900
671013353
-466347158
1877177345
1286035583
-1460556085
-696461347
-574560195
-448426614
-1451900277
-1628145181
-1466584223
-951673297
1520509439
-645927687
-820844122
-1783004284
-1539254298
-847139111
1404758746
433886780
-1064978098
440315406
-868409501
1890492768
1334252597
-1516634678
1247936900
-898503617
1643062387
-1833471241
-1630013730
-452890717
1090482902
1182957195
-1942634950
455584325
1817805454
1377294624
177173893
304728194
903508171
-2082090045
-163087333
1655771981
1201564324
2034262539
-1349208760
-295183769
304815418
1080242541
1338765066
926830030
-552696803
-273849906
907178267
60750450
-248399378
1602728794
318502959
-618537426
2113253188
1511996819
435593594
-1664596235
1261038547
-735312980
747342452
968552779
-1404322357
-308545000
1185097952
-785966601
1736342397
896553309
141074185
1248753398
-1902920892
-1297868243
1381470287
-1784067150
-1937463902
-1848600906
-1498138143
-558297996
-366230103
-1380659912
-1855597621
-534952682
-1608451173
-318033960
539459123
-1214007556
361723348
728853940
1770274526
-215489980
922211304
-221003466
-178859271
1042640443
-900802552
537808813
1171151126
488908051
1644907177
-309563879
-1065019532
1631286994
79426662
584507205
1279713923
-1890142322
-454503899
-41984229
1710811046
-339571497
-611260551
266932019
2112675898
1981759091
-523742393
-497903444
-1425674026
458939984
-2146399573
-1015015617
984987860
638679990
1799282204
1706041745
809260560
1625347515
1701031117
-1284996409
989749487
85999868
-110695850
-1688438433
661660835
-96160631
-466298221
1685557054
-263874644
-767282655
44050380
-1204461820
-1031087967
-2067071586
-1915963626
-618669401
-415157457
289953714
-1068966152
919791423
1146679650
-1107316781
-936319920
796746270
899710243
-1415151245
2048057719
1573184291
-792357375
1759924341
990346147
1584582735
906862387
1251834075
1624640141
10917528
-1774827043
-1271872061
188814931
1253186557
-717217902
-1981086829
-1811787874
-2105360678
-1376210662
-1920532109
-506763769
-1580566915
2066902388
-439110149
-1877778250
-1253971720
502555934
86604589
1070488908
43354680
734821779
845321637
-290989822
790435926
-1173169900
1148746510
-1321867246
1402865965
-761956693
2097843160
320733013
340704556
1074744940
-1591069657
76166189
-1319531668
-851546627
1964222478
416814756
544996100
-325002919
104443644
-849835563
-1118847588
-1323813936
-629263754
445267594
-258982080
-181373615
1121485830
481211430
1619582838
-138006549
-28995981
-1271667771
721758097
-980604527
-823302607
-1989477983
1155371591
-1212133859
304934171
1940308151
701544577
-1655685737
1005157727
1482859689
1644296050
-847906122
-511717448
-977441306
913564650
753106342
-671182622
-761193465
-60416276
-500945141
-1888462261
-794590596
1038311293
509316933
16777734
-1639871641
1564853694
-1917809163
587036164
-1781447481
524602173
177755584
1131976325
1017453529
1551983751
1763414098
-74791989
-1466111302
1572481025
928868006
-1447095535
-1492665264
-1910862345
1197195651
-996909381
-1065129365
179674613
-1621848503
-1911314995
1622506022
-2039636651
-223081491
573075105
1888148115
865047321
824992833
-636477228
1013082518
830649594
-1126754952
454068865
1465934609
-94826047
-414912535
-587922255
-2140725695
-1425011500
-395727853
953477905
773045607
-953909485
1436310753
-912434459
199472042
1577554148
1924547118
1896049981
898778427
-1405181556
-1880244342
2082693221
-1660197446
1942605760
212040510
778331297
-1522296616
756152187
-701240947
1585446937
1595586876
-1000851182
574605372
1007107602
-412497494
346971525
1241665108
581901662
1958360162
-1977570281
-1468787674
-414125546
-1574495034
-298908385
191231888
-1876775291
1238345534
356275744
145719421
1769359206
-968139937
-25642217
-2143254095
-779180206
369099850
-1690574572
-358731322
-1945377421
524989266
1409973772
894392433
-2024295555
526633185
165343725
-868406263
-2020198689
704653211
-1629854479
-1135572150
1647231285
-80742973
1949628214
1356676949
1313020927
1243451614
125359502
653808123
816012184
1079351189
1263880084
-270072774
-801673888
-798282273
703859455
1118316807
431412539
-564535457
339513402
879880269
1243237951
-1506229238
-1372197837
-2061881803
901399208
-1863791860
-1229614221
251677352
1506299663
-593342484
-1261030802
-1368226543
-704559909
-1226547731
-778881252
-755849113
1750622199
-796244553
1956306887
-2123838614
-1825332283
703752503
-1171135706
1501813036
-203648174
241918402
-232716885
-1770283566
-1454917430
-1848974208
-296341479
1818254235
1720234029
-1553725177
-1335370920
996158497
1064282434
348706374
-926751348
170570207
1948816588
320682404
-1774705565
-2078286350
-108826373
897567848
975194286
1333710371
1779460389
-1133573286
161605427
798361381
-1749959499
592962731
554613440
-817459430
2029035875
283426833
1879733123
-985682853
2021758117
-1032690378
-1652643943
-311341960
-1019752348
-1518181294
-695944988
1586452349
-2006001933
895018262
1688716321
1600156535
-437499332
-848429109
-2089947848
-499712970
-1985248709
-1053227845
-1405510442
1302016851
-987261264
559830479
-1752661192
337243252
-1513107440
2075047545
-1130400694
-1298449970
-1600277572
284243412
-1307610896
-1059529493
-360505483
1331631880
-1687064158
2059698093
-673568754
1565219827
-1065630146
2016016786
-1452822686
-1964648955
-2006114535
-1713756872
1360848264
648274283
-1074359466
-1116796381
-1294784187
1540828783
948910203
-1031643458
687930305
144522525
1001463616
1379640991
169737086
1306029866
-735524438
-1398050545
743905925
-1685203951
-1063424424
1119714248
26444769
605098879
-1106666211
-538722816
-1596070831
-1827005967
1413552334
-1472684122
-1555232200
695626650
320469596
-956899093
214044888
-1664990839
966553892
-1442187773
-343831873
1655952651
-1560431483
1784797996
1073024
323321165
-195036493
568435951
-1609281370
-491683002
-610629430
-1888464731
1585666534
-1778593837
-2014695386
1814534460
-2140381037
-520366045
-1029976847
571790395
1263986262
-1785762732
1690802684
1505499906
534688541
395136094
-1588761134
-1077001130
-1542739373
-240998608
1420768522
-326733283
-63619246
1539106840
2020097501
-231983259
-364626667
-714639769
-97179401
-2071749974
1226626354
1548962644
-1431727215
667187288
-1742329338
455574048
648924863
1732708750
2021902385
-318224773
-1907345402
-1028943068
501793604
-1590442714
1576732465
404717807
-1087149639
1307247320
-1093098140
-1547538109
846971939
618052965
1564336497
-883821384
-1272032346
1802943261
429036906
1919616561
-1267743832
1781279858
1587974518
1528594202
-1331854648
710280157
1223286760
-2139747344
327841550
-1308596223
568112781
-1988926202
-984202908
1880531983
-1552111291
-1839476859
514901061
-1055311252
1975120340
95038131
-230497869
-1068499567
-312942343
68291960
487629934
109728563
491834560
-1585792994
-885503902
-201456221
989532180
-1156522408
1286919776
-1057536138
1870262168
1562152325
-587053295
-955069080
-823625802
374911797
1005347111
1558520445
-43931657
1985873899
-189741356
-1233085847
1274970005
-1786027484
-164632961
-1468168655
-506478770
1928443288
-495992139
-281112815
-3050374
1080705727
-1469135523
-479896672
404988255
845265558
1886655023
-586554575
1505007300
-263497054
871238759
596185980
1597952707
1885029685
231146421
1038462078
-599426845
2102893039
572734582
33584797
-1177045147
-1002171769
469419817
2107324174
-124473890
2040801227
-1892361445
90965627
-1829852923
390857445
-435050395
-2101547553
1262864334
-1804026145
-334834408
-915542604
-362848841
-1100169624
102898102
82694992
-1522489759
-128640553
-333926173
1965064332
-1295475103
-502699664
1719766619
-93353562
583931224
-158896154
-1907650266
-1397994136
-1220260544
-1591711455
444605706
-1455887479
1429846792
459669825
-205125823
-866140846
-190202781
1782659041
33497708
1847014532
743659229
1451078559
-1571572281
-437631880
1330926639
1488472540
-1972618339
1520155016
-563523629
977780416
-474037507
-1432542547
-207058471
10682752
-420761427
1624781161
-2036952325
2000185571
779164510
668185575
2094081519
-119688191
-927254751
-500462240
-1837252100
-1640443058
-418675687
-52080449
846125776
-1644315178
-132664206
480338311
1640739215
-421669175
1440513425
2084749044
1261710127
-37116102
758106252
547741024
-1424279550
770568227
1583412700
-73322008
665297044
-1763616596
804071505
-1357884337
1393839030
-1593295700
1647889221
1901386529
-444182054
-1668784273
-1801533420
-1647946213
1675653538
-1803647303
-1137107253
1597835978
-2122270286
-1161543157
1657656862
662263665
-1135707187
-793484764
1803974303
-169615313
-95691489
-348068662
-1832418003
-650057119
-549480489
1016420553
-639586134
1286834757
-1925135879
-944964036
-1784305936
-1491892513
87534961
720643850
596296964
-2040326113
839136618
-360670285
182457996
241165123
858459360
-1192949684
-361211778
-1157834374
-269426061
1532999112
1571877658
340319433
-1562153602
-1687874696
-1985274087
-1960816846
-2059552664
-1198861100
1138076198
1531310098
982924345
1927325563
1894387341
1382132682
488284528
-888158856
-25767374
-2111159902
713439763
996861894
-1942200125
149480425
2134739206
2007784726
-851389135
2094282336
147483296
-1195882290
-573413797
112348888
949596795
-1969926571
989293324
-1660445672
-325823861
-852611955
-599381721
85120773
-1170514063
-1332540000
-905059295
-1875615236
462390801
-2087088385
-1168253266
-312362366
1350682209
203867560
252593086
-1389633249
-717977724
861848231
2025466538
1038736262
573659414
967400414
1977166506
-1962494727
-1456933431
-1892401913
-2061880950
277127403
471358256
1100383482
-972516963
12395494
-1895363878
-1631947989
-1239450895
411068078
-885012317
-327816841
-100707388
1530140583
-1490654650
-1685928417
-1514429387
1068793459
-1394439115
672422420
594512190
-843012641
624967596
1784119156
-944643359
-454770689
1755645443
-1308683180
-413027935
-547084138
1728621891
-237576768
483809075
534161852
-1094262276
124983039
-1828278667
-582818118
-1575515563
-541904614
250949279
-642117320
-1320599964
-1355643233
-371290697
689392794
-440766016
-2044065886
-729049526
-87596122
-1807539629
1307714052
-1795283880
-1868319639
1720328308
1535404535
-1229161073
1748334171
1054753844
-1705982272
-1971488580
-1184579903
719135735
1303521215
-1221908354
266921810
-1950998458
831194540
-614924996
302398237
946985188
-1940769757
1587909208
-914420311
-1265410274
-2107848863
357538468
-1453547427
1424603495
-1548086705
-255287276
1721137698
-625112029
2143486144
-846755147
-1058728634
1139801027
-1009888777
-603446562
-428406877
979180561
-1852868757
-133954908
-284292864
790986956
-708961331
12888722
1669036982
480756599
1157666377
1731571097
734682006
-1926491539
-1812738548
1431906373
-86067446
-1714348743
-1815129594
774895410
808523385
1852502564
801941744
-2142609219
-1580304912
-1594253042
879041936
-1488116227
673953022
-1889093759
820611899
1023553268
-1796890402
-1986663933
1244393115
-1874115071
-747307813
-238649685
573226674
-1027565927
-781177616
-1492628234
-114666978
69985078
-647338322
106981082
1353241758
-257120626
-770012062
-194592997
-732065580
442536968
1097995894
-1545117474
1497141836
-1255199893
-1695633641
-207156101
-628890691
-1710337064
-1208523752
521424279
-2123895411
33632762
-88042731
1219190384
-1186416486
2138156411
-2042629157
-630952838
-525199049
-1583851079
-898865913
1843991083
1527055988
145601977
-375693588
-1933108717
801677730
1843066715
-595054407
497278766
1468379669
-1634740785
-995136549
1339350653
-1426613973
-1153038521
1114317216
-1342747182
-1131806067
890398190
2078463772
1063898092
-708127564
1190064151
-2052304048
-1154974269
-957602385
-1364715591
740862855
364719395
367671330
-1727326949
2004562435
-1191560065
-1851407215
1687826635
1370368729
-1202682882
193139422
-1729677100
1098083097
1358785498
1948428304
906204463
1647134257
458217450
1171295317
41463673
1976462738
756529276
-980193975
1714594278
-723147117
977097832
1922375800
-1997381259
-149652842
-356867999
-13481439
578541413
-1870772887
637679502
1872178237
-1257792026
-1313913363
-796604072
-1012145729
-1094233068
-1118726916
1371476101
-1250784740
-121193184
1275078280
1833412485
639510796
-1755111728
-1998178049
1492471308
1800486546
104174377
601609974
715879392
-1486922950
233062761
2107002629
1927552243
324875425
823767610
713934319
720073396
-998310342
1176548133
-1347991802
-1473079647
670894670
-2020180668
1925510861
2120518176
-1649215676
529273659
659835870
-1455341681
841870626
1485507176
-1911786994
-621795175
824356691
1719743321
-1651688498
-725822005
-645101910
299488638
699483604
-2075821210
-515749978
1614967327
-680775431
-1756598410
786364663
-1140571505
-1254615451
31126819
-2102403519
-1548032606
-1432118808
-831198906
-97391841
-607915941
1053048491
-1811798977
-104537494
-1471523350
-77143545
1108059397
635086266
764140244
470974644
389536126
-2075297492
-1826224269
-762336730
-1731028976
2012233573
-2112139871
1760118323
702717559
672657879
-1827121744
16879864
1712826840
-1408378558
-24336740
-568299267
-168199146
1666075262
-1985405565
-1550939241
259088996
-1485837449
629794901
111328141
-179498724
667665527
-671549497
1088278014
1391651022
-239165014
1519459468
1644865922
1684863130
1591773407
-455523385
689390478
661737922
-719894644
57837242
-1765996516
-580681606
-1355457260
1491796419
894801802
-1984676350
-2010725045
124954249
1872953026
-1061048330
46229305
483294578
52481434
-1968453404
-1922618339
783944280
65384318
-1464492513
1459880629
-592590725
1316186700
-1677343022
47338172
-805506632
290285439
522524759
-1242258252
866911483
453782414
-1447275575
-174358043
1300545521
1143365526
889624791
-765800284
-1459388414
-200388298
142062043
-306040616
503660158
-506655558
1718783274
-1501553478
1474075669
-1489865350
-1579321427
-846212645
-2132299892
222560388
1814490288
-1603385749
1915194286
-2029390472
287772409
-783110473
-1997164417
-1485481549
947330844
1529566963
-838673481
1846995376
-1818655987
-202910407
-611455890
-1627274070
1658991351
-1599744047
1417203219
1924836996
-910647477
1021711282
1573691042
1572801517
-1295424486
1950553929
2006811670
2050817215
1196383655
-2055469704
206693659
-465028952
1325462072
843152609
-849872633
-1620209141
-643324628
290664291
1703928587
239158056
1429555026
1684073956
-1956655963
-1348310663
1015765111
-250991535
566932312
1815106399
1096707648
-930922014
-398860897
-686521347
-1343704006
-2078807646
1865689886
437162340
-1698965201
708233006
1413329947
-203603728
-2127299141
-1742081092
-1949471701
-67992079
-787318754
475846494
351124528
-317307252
618692946
-1806708088
1643661186
-730461469
304553824
1415478223
204230763
-639763852
-309665554
-695896589
-1075679271
-1162228802
615464476
1688281631
1545049166
-1170044375
-944852335
-361844114
-583762918
-1876404697
53601488
-668114767
664149708
39158677
-1576964401
-2007642769
632207846
945470055
110304202
1035586348
-421628721
1038744964
1405923156
1539250670
-1432498163
2143337455
-314340946
-2071210244
-1501342797
-1581297626
-471745189
1763943657
810627351
-806448690
-246519309
702599120
248433608
1964662159
201355319
-1968901664
-2013438530
179451709
1824510821
433118234
1081486035
-586192328
-1244963890
-473184423
-910952590
659704852
1092439717
-757198446
1794160269
-1191279237
-140292328
1554254685
224109268
2006484306
1407892644
1335990708
2147170083
-301694438
-922475867
751284217
1959901755
-863392360
-143291092
1984489021
-1894624844
-1251836232
1060951828
1059762110
-1264594894
216872366
73418071
1372911026
586003158
1075707486
-1533213795
-1078322622
-873528841
839275774
-1113041387
625846232
1917192466
1213960440
628200584
1948266653
1201871358
153139732
1444954795
2103124541
1416613731
-147452970
527096244
-1723887123
1070039661
-1965896924
328734511
-1057536850
-1315641413
-602648020
1497752849
-550012974
968361885
320304772
-1725026547
1713974719
-1785264769
-1866486382
-1982645978
-972881166
1018129055
1201771309
-679326843
-604188857
602204166
196916868
-1632319604
218470262
-1314536523
67817790
2126838314
1864930016
1775002909
-1867985694
611139440
538331532
447263956
901790329
-1814213788
-351072661
1947419526
-1533140878
177908757
1826380259
1226271785
734937796
-148973329
2099955850
467723636
1793083737
-1065983152
1401864754
2104260241
-2131859286
1078598746
1824656677
-1237138672
1414754470
1324631050
-160902735
-964730337
1886938584
1355879817
-1914646042
819311864
444598471
-1491385150
-2090477155
157823130
421064608
1654276404
-239162692
761138875
-1792731630
-730770936
-1273632327
1450088956
-361756807
649846630
1003933276
1566083422
396035902
613711107
664640712
-1834017036
1022942076
-1125545474
784870075
-1244791334
-1450631705
-1638172180
-348981996
157281125
-572705047
-376562895
2020837781
317976475
-1666226419
1410821777
-39237398
719292645
714506912
-171187194
-2130066198
-1973164286
-1211677803
902893779
-622969060
-1695063745
847140265
299709144
83626875
-101475356
1824293063
161158440
605674365
-1292103439
917542316
-410048040
-1912588975
1484255242
1455489230
424930585
1253284712
-944404050
-891213958
1204872585
1939548215
-318981713
-1963134149
-160377403
-1165057478
-700906274
-871944318
-2087652542
-404534213
-667197947
484285827
1840002653
1648293331
-1239497191
1543496284
224597936
-1184034767
1264204720
-1790659716
1706118822
-1628845286
-1833062992
327869762
1990747473
-543982032
1581180233
35274724
-316721798
-2110594442
945199908
-1505608046
-1204575495
-1701912557
-1224922148
-1308418854
763176775
550040661
-1252417619
1181734478
-73137583
-318016519
455932266
-1505887133
1375347854
409152936
-349241164
820151963
-940562861
2033332421
-1825506456
1122566374
-1307451291
-1002324891
-315749799
-349914043
-1998882352
1465227934
-21488322
-869145168
-1183777034
-1484559356
2007740910
-390682822
-430975510
1354016624
-654060854
-852314254
397583358
1826771459
1548421241
2116942603
1171617946
84259690
1925001946
-1686299458
-1143910065
2074708579
2079948086
1130184558
497240875
-440695426
375579061
-929681779
6624590
-1980365784
-901713901
1206169790
1979807933
-1640602651
1671023507
2028265659
923339125
-996909604
-522611661
-942755719
318264515
1951611032
-1393905888
1171585673
1921130706
487445004
-576347540
1612301761
1166381445
1762313688
1253472253
-2026856677
142689927
246821834
-1602167864
491924956
1355925151
1695738534
-1519687361
-1645058568
-988099512
-1278411991
26074120
547159220
-1524611200
-1984694453
809834478
554828685
860694752
1409507781
1139489820
30854488
-277657108
-767290926
-1390332537
-1693613654
-1355741524
-1376153800
-604339028
-2019032455
572415099
-1896174967
-650958213
-583989245
799842846
495244710
-1683820398
-927951122
666971415
-435289980
295731374
-874564432
-691767237
1758527026
2050621278
1261272624
-412835966
1951184410
-1773134343
-312736595
1625507102
1856939398
2029770705
1119458527
-1649134642
1520792934
-797552984
-220443557
2092126835
681617488
-1740801438
-1643372229
1418575075
-2108775225
1772593148
-371474435
-295496196
1937416127
1824703420
819389355
1868654332
-1518326944
259820202
-1040479172
577708048
-643666422
-1478344898
-400181446
-669250006
-1225701991
1997532506
1508605604
2102090263
709286633
-798963335
-1579040235
1435886800
-1769182820
-1830660311
1411366437
1183159567
18694170
2100232886
-228968946
-104895963
-1643430951
-185851353
-1974135918
-2026149878
-2106047011
-1636658834
-587947748
1661382837
1953272706
99114458
354796069
-1795334482
2009706361
-997903153
1197919705
-1045498656
-1015640305
304253369
-2093944839
1266251699
-1461635147
-539777218
-1189334014
789873498
-558450500
726736818
160865935
679932776
-965051041
-1480175408
-894895877
-367595607
665991942
-2042171739
768226122
-1754435025
2062286793
-1306670641
-2090041271
2032376490
-13097678
1250247911
-1493331981
-1182702851
1040788295
1198337339
-976909291
-2019915507
1611120582
-1057428800
-72959179
-479215141
1502180786
748436294
-730206800
-1853388332
-750980850
1852566765
-1377691358
-674027929
596019944
-325366825
-298596855
367635672
1261744536
-311019746
-1615645780
-2132008364
-723285687
-1464659704
-164211143
352520516
-1780772680
1257700985
-1234824403
-1936265243
-1984999877
421145000
598499320
359322648
-2087171835
1063320598
-1433196833
-690458506
-371993944
851084218
-1154345436
-941898073
-1807457062
-563906688
1619508581
10255091
-1331390597
-632254732
-394486463
-1493641959
-135990570
1035608378
454364481
-377521569
-903994841
676216641
-398386188
-1652411158
-183154084
590200120
1493683547
79518799
82348319
69984064
-725787769
-759909527
1398136852
17800546
868900224
-1432367252
1752109151
1225831106
-1853622167
969759802
1001466472
1740237845
-1544323359
-1727671819
379508194
956131664
-2056379733
1726705621
510170632
-1713453407
650353808
-824274886
1092521513
-1092460382
198504067
2026547716
-1868854681
548415436
-573398010
-810446046
571560123
-481577175
-931908403
-1676683159
-1055228357
338338381
1752198560
630079142
414610591
-494063994
1402536837
-903757578
400038913
1259137874
1685697821
-1459838892
41450723
-2036867568
108895822
-355968910
-810912138
-851036934
-1163681246
-1345745459
-1455614695
-1042041517
167055086
1829521659
-565293793
-1293592356
-1736449866
-993520825
-1475863083
202821260
734545359
-1055864705
1256087746
282251903
1086015942
-203279861
2000931120
-1403743954
1768344192
-639516863
657512427
-1277195809
-1470555230
118681336
1782564680
-262232993
-1865614286
57687643
-1127435416
837971439
770491006
1243853054
1203339965
1257353595
-759045572
-432585162
577327821
1214177041
-1777061646
-1941508188
-813732554
1997010576
-1546744680
-2025661165
1529481457
-1783764577
-558577541
535441795
-276735014
149661921
-745470877
1888712069
1426571375
2086948966
1757204984
-1973855543
-1562381352
1229137764
1414319201
-216554251
-1743081434
1670342438
1852540461
1846365111
1976379103
-780075708
-958729866
-1598674403
1018568634
-1725776621
-1168005565
-71315677
1901051814
610382943
-2124698834
-1306377331
-897041391
-781150377
435987526
-543237897
-1036255643
1751218120
1900776502
158619178
-147850282
-1639498866
331242406
825824432
-957135526
2102625862
-337755424
-406789206
-688188423
1065159240
12802487
1711129568
1337775430
-511347500
968944035
958910745
-155321300
-571119222
-964053456
-1486230356
-976643603
1041776927
1839589273
-1877607082
33031016
-1721204915
344619952
926734414
-1657469286
-42388469
-549691136
-2051856490
213218406
-797459458
929538100
-1118969452
-292224360
35951662
1987393466
985015777
1424083495
-1311165187
1236307363
1943901023
1424680378
1864116308
-851993652
555314064
1392243821
1956892446
-931186110
679221030
889685204
1992002041
266808290
208265173
1046391871
-1928971990
1483723072
-253824144
1672760895
1339312082
1868408266
-1012267981
-1114711959
-772622753
-709563604
1145051741
-1204586919
-1002710972
-382064907
-184325374
1463943673
-813057812
-1605740935
-484423650
2028549123
1194679275
631766265
2025881069
1561254083
1900891254
1938321409
-1736003207
-1203761887
627126293
738133521
1179161715
1962526686
-966307690
-23458945
1763181126
-1474677986
723276101
-1176526437
1528322665
-1689282010
-510885031
-510202861
899591156
-1570640027
293178800
447492249
418416246
1921003192
-1119462466
-1455108926
803111940
629874665
490637251
2005018161
1303699605
-85246600
-1666337732
-507447052
-1043484019
1276625822
-1634826085
-1173051347
750098583
1490103182
-1746909895
1586787572
-1332940617
1450284797
1798120075
1191886716
-27464546
584708068
-491065452
1693759092
1438193472
-1230323580
8561562
113449135
813375396
-807139414
-475867364
2066935046
-1024459526
-1376285388
-1244899326
1839158397
-1096105998
1057848019
1600605462
1050401444
-2069715638
-202162927
1243782322
2000218175
-1618526807
19460245
-695825733
-951436248
-2104574293
268558246
624869837
-769552780
11522364
-15674387
-1352713289
-810696235
762933545
90259582
-718619351
-871282882
-1596935692
1418364953
-266807124
197695436
-1023050521
-1296374868
-1371231023
-391911196
-2077451157
-1146376932
441242029
-630882664
-239163239
-834071996
-163567228
1862811726
-1788827375
-1326222275
834308291
-1060605021
-1867218933
-1209993505
-1374721741
-1522351732
-2124647765
-1937111928
378543211
-274994754
1866359448
1920191003
-505532025
-505034672
1120439502
693628747
588382742
1713148317
2059592115
-153546983
1636342360
392259695
1582647912
1458025627
1806397608
650490457
-1717801118
-1175199746
-415784905
-28520861
-961817544
1061377997
397515514
1459622380
-1552589635
-1333441934
-49445147
-1907675188
-1141141679
507511805
140753497
295005624
-793433996
1396554788
1712065498
124668906
-1067592805
602521738
1794238724
703234817
-740745913
635404099
1771989183
1748532261
-410389934
536950167
-510341967
474064750
-1865269109
209995526
611395060
-828353402
1569950853
-1598193524
-1493167864
-309857908
264409260
1247267878
-327041781
-323496901
-38979176
-2092689260
1857663527
-881921717
-642542683
1566144863
-376435893
1809393175
925466050
-1870085347
-870312164
-741017473
1730164105
183969779
1046189102
-746917617
1278480528
-1517840294
-1725367186
-2000817312
-1452542210
-644682714
-2108255261
1259223230
721253216
302716868
757280405
475975946
27356093
-481955389
-692526644
1485295074
-1085089817
1299205269
855970941
-285377538
672270612
1718773909
-1793285375
-1888006436
-1612949844
-585432500
-1777202680
1319592607
-1582218141
-1191804689
1896795340
-20072396
1736144266
1284245804
1256229513
-956264522
1631912354
1259501605
-381847765
229999891
-528220622
1665895100
-1307890871
363680495
465916378
928232721
271449938
1646157768
1690903719
1494838856
-250190331
639138138
-1467645529
1964438671
128252454
1574855236
2058943936
-1525297826
-447401106
1301812714
2130737085
594773504
86636226
-1182079331
-989837911
684947539
1138128296
1597168121
90334048
-1969121333
1498484982
-966072434
-814713246
-460944708
279261899
344456642
-332809494
1647154136
-1095478333
-349900554
555888191
364974069
-689594523
-1214531354
1148815945
-1567978477
684125152
17473621
1091429990
-1636845667
-224855817
-276149528
1475809662
-1462389009
1709976120
1378071890
127203668
-704079336
-871223181
274961329
-1974684897
-1143145504
729568874
442151479
-1397425832
1931349260
476406981
1420901388
-1247005995
297439200
-1918807736
-1737683853
2145343255
264734692
828124487
-177639893
-2065021985
1301783019
2016741208
-310317801
464476166
-409823152
-1363626934
726670880
1192060814
224925570
2030809942
1149403482
888691955
-772938045
2043781524
-1022827931
-1721099321
-2018420436
257159344
-55911659
-639207299
675302132
1406194909
324754517
245782916
1773022961
-1091133944
-590192312
321607063
991817821
639561809
-747884368
-1438751917
509717725
1512083382
-1485778797
1584492041
911051455
734376721
-2064871397
-1587223595
1735077763
1314918980
-1049834562
1720684783
-678454628
-237821007
-461221986
1398299712
-1196595081
1174420720
1899569
-1288259272
676970940
-1610118468
418025764
-729292066
404388563
428610605
488424060
-954977240
2130192297
441990444
664337406
-1189006964
1530341299
-526156766
-1059686703
1218582486
1741090354
1393637106
-1948940959
81921084
2082933433
-326370519
-1897580155
1595935151
-1149913620
-1801484940
-1415919389
1195820915
1750328969
-1708700591
565203859
1651397873
327627436
-1588690423
1270280450
-193947957
453116238
876200413
1826760472
1506103601
41865230
1182915711
317796253
-61043854
241406260
-1842710589
-1868779560
-1971119914
-244423182
1748399510
-1573534087
2068208298
234698988
-1163438546
-1047686216
-2054582373
1221983481
-1730934397
-972382275
525354055
1030591531
-1797856259
-1941716158
-1226393327
-1761107188
144288366
-875661706
-2000006860
-1226189782
-1644041918
1684580900
2025938714
-1165930538
-147911948
327454484
2075320814
2097245223
-1394679357
582938545
264505455
-1292969659
-651913051
-1926299669
843746567
-1686450717
115949436
-821508258
-998228196
-1614415859
309094023
-285636173
-2116727388
995833379
1869511962
-717762234
-2105268481
-1615963100
2115364753
397869065
-874315264
510363952
1664811138
-1886877017
52192332
-1205350073
-86607567
1064518124
-407291417
1858879318
1729154376
-513061277
-1896066549
-1457491084
-618086969
1310442048
1220039996
258629992
710018872
2036131200
-817461096
-1804799122
1728890663
-293560242
-1479150989
-1570269894
1116292305
839952296
-72371165
-1386943683
-1800204005
-1171238846
1602661655
1254570534
1874440645
-175232086
-256525522
-1197129045
-1130607649
686805932
2058431557
-957180536
-1398734469
1998882807
1579496722
33203143
1425536675
-992902656
813990192
-505016510
-917163635
324346662
1265053818
-1892286618
-1353987571
-2111020778
676058523
1629060665
-236446646
655889520
-1538176539
-951246435
1252913844
16125354
1771661922
-2055895851
1308285749
974918708
1584534056
1978226248
-1944314970
-348048419
1315104241
-303563387
-647300732
1776548980
202622186
294002055
-1783019293
-1696426062
636023499
711554873
-1316784478
-1646012073
1601130279
1845620796
-2063826465
-1367429742
2021928452
-1769618970
1432066221
788498853
902407598
-1848437618
-1759884284
1015136968
95512008
582585094
-1018327304
-687018162
1064659875
944931432
-1842154194
-523979258
-1493751854
-1942549995
-256973685
-281301021
1056106749
-1479616518
1494199853
-136298529
998154229
585350421
-734739810
1048872219
648565001
-430350793
-1099401914
-110048438
-1585854825
-1516161781
514720546
-612229808
300701925
75439446
-2073243469
147643941
-1951342799
-315428224
-922938568
-279606273
861740550
694157650
-221685474
-2114973264
-1294907696
374559232
-780425801
2037926476
1472027827
1205210730
-1742466006
2124192526
2069336727
-1681291106
-567134806
-1902262405
-1982728569
-392256095
-1763074326
234185672
-1439760837
1502785647
-57845552
-284784264
-1191589645
1102567743
1476733032
521318985
727722629
-1032854262
1652220443
988208464
24761273
-412888754
-1684194272
-313302430
1063857108
-1452576754
-401025999
2109937590
1521987442
-1081851874
-1481679742
325889480
-1659311976
-517536356
-329243666
1138976127
-52669431
-2076186943
-1013682829
1215988881
923256792
-1694166823
2054507232
-280941530
-996593858
254028175
1186459340
814904763
1560784813
-528543634
-796350006
-1953498551
956926757
-634080092
1074530010
-1734662234
-484092987
-1187314936
-596591839
-213645270
-1662368604
-1600442275
587488476
-345349996
-787164191
-1867389992
-580381294
-1313322961
-1583230472
-857143841
-165559415
-1402233040
-568087977
913913619
496582266
-1328150686
-405628624
1864184720
911782791
1246839556
-1492522352
1686218355
-1587393428
1793072625
1987155632
-924831332
31233525
-1433254655
473223051
249343412
-1116055121
188985263
-1231334480
447211121
605675234
1689681915
543464025
-522496232
-1067268419
-1550812015
1335962811
1085647683
1273558995
-1028421333
-1330134881
865601508
1053707462
1543160115
1946740785
-618635127
205781569
1104943275
947743511
2050841825
501735467
1359521617
-847733563
811373182
1191787032
2116289021
-462863345
-1734600997
698573571
-1571994034
986245119
-1242255967
1217699898
666549381
-503147032
-656271579
-528341095
273888176
12022970
795034421
708433146
-515998710
2036906392
1032088596
561332971
1779999649
-487337561
-1623106110
149502626
-1425417927
-658057943
-1129419393
-1815630035
-188802704
-662661175
-616897134
1015658477
-832697822
974187064
-1966610106
-197509564
-363812850
-1281171208
1870337333
64049805
292268729
-991677322
-102473784
-306488244
649904786
584715870
-1568473603
128358822
1534858582
799332394
-1674751893
-949706221
477011125
-442900740
-694412157
-1336614831
-692237514
-1405951826
1201247767
-56084581
874453847
-322906586
978910496
-2044901350
192048375
500207342
1367593915
-942143844
-842771208
1678045699
-1244270476
-1108436093
1720369952
-283904020
-655232825
-1032798977
851485247
1322299918
1185664995
-1571948417
467752599
536736574
1050650033
30580580
-340574601
2018143640
-2000236013
-1078310153
1520900392
1301305742
-98690960
-2108544099
378304525
-209716669
-23892112
-1693149367
1488559621
-2055367911
-744847100
1170901809
-1949863660
1307615880
-952936792
1071060164
-806854079
-1312065999
706612716
1176229338
-605327423
-470848462
-710119120
589633581
644523348
1233352123
1448632494
1061102599
1891024622
2073538273
1749284796
-1342321092
-1576545894
-1127604302
1783085650
1608151387
1737825947
1749940873
1937217226
1343997472
-1280019244
-1007162462
-2041593881
578703148
222545001
-33075728
-263806183
-330609673
-1616525147
1384995117
-1131315459
-319330555
1019538461
147889459
-2118296022
-1371434153
-2078422250
1880907402
60193322
-1772237532
1174730787
1381017665
-1309390138
1161736648
124905234
-1568594175
161531270
-1614011652
1792221704
-63037090
452301175
235170120
-1005703957
-435936912
-768462034
-1092056651
1930410751
-1677450334
742028557
1173078725
-545842477
1765760713
-409169980
1420387495
1395784798
-1861289608
-508373222
-534546266
395048292
1675706514
-1834160403
-1912607773
1653041182
75182879
-1383543689
-1419693757
-141840359
1755740003
-87816238
928157354
684636509
1579224364
168968637
898599272
-727816750
-2077929109
1223532960
-1091492365
1561355487
-1070192890
-1516064819
1111682774
-1478139564
1396988140
-389476344
2112681705
1238804873
1207929193
-567353271
-1208005950
-632048185
-42581317
-900415553
570328427
1831284966
1733164260
1324663320
-1617396651
-1663998154
-1475007295
401527551
-27052405
-723501150
-1480675237
-2036773402
808952618
1969955602
-1988678532
740085253
484229904
1784378897
-1912983675
-1737590111
-372295214
1083214000
999697790
-1293134959
591165939
444080297
543926639
533938685
1862795347
61014470
1332027373
-889261719
-2061217051
-1989207933
-903182601
2027926769
653309605
-1806226702
1798076162
-1433207595
82301128
-871222306
-267366063
1708073016
-1376082124
1185598515
1871181706
-988053724
968274994
1918453404
-1825249146
349847761
-989003423
-1989058194
937416296
-1371983321
-1401192979
157201092
-917829136
2121500800
-1128725503
-1749470486
-1938348271
-14250831
538427769
489523454
-1466489152
1612149322
1373173724
730529236
-982935026
1407770397
-991410295
-1392297702
-2105898376
-1406998787
-1876690385
1824926908
1865583486
232292295
1790640258
-152644983
-322121359
593605030
-1769957589
756785174
-90742383
-380500079
1067501311
2042090722
662548311
-247004136
136328307
-529987910
588200718
-1667064224
1296364111
253136991
-516356697
-1878914196
-1934799966
-1493776795
1073868238
-1501472867
-1313556235
147330653
990333496
-304049029
18248899
760902710
645420350
715628213
-2084543704
1333246432
807681455
-911097754
-507494185
469753137
-1709707039
995799961
1851805009
-1695014900
881193481
-2145728241
103277651
1318756032
-1920740660
922236735
1372043919
-26877779
-238149355
269473181
-46091873
302141228
-1686315479
-254293985
-1542490314
751679152
-2019568905
-253567236
957768600
893072936
861623732
890482358
-559789237
221790376
-1718397785
1889182811
-1082247154
-793930425
-323241407
-687171066
13974794
1866289482
-1035829648
-1249661012
1155586631
1154318465
1467545908
-492016620
324379489
-209661967
-1205384591
707619367
1835474298
397756083
1716382471
-1193011607
-1554577294
-2051331813
-1907967201
256196807
1880328021
125069851
1136140743
-676297070
1605032981
405753577
-1961535
721541323
2123541112
-585815841
-101316712
-826367327
1563162195
-1431287389
-1549249293
303060023
600592632
1251644807
-667267795
1771460009
187165164
160978994
941762340
1379247696
1115649757
1685667711
-395401136
1756146757
-1951389998
458465445
-128848616
-619317212
2087916708
357329815
438297184
988610834
-151196500
90206380
214058086
1574182144
-1845118531
1086971010
7157454
160119088
206310740
-337179104
-1166226950
8066807
-1188694258
691415898
571802015
271651013
-169509031
-1857349767
-425512812
-1369199774
33397102
282832922
-470237715
-1411876998
288342142
-1520929706
-492525752
-2096625829
-1629899733
-12191197
129127526
-1025180420
519964729
636343801
977899517
1224176704
1276738437
138664120
-1860912693
692997500
-612218315
-850999352
1779402222
-891544522
606990128
1894904705
-1498292878
1810742832
-1064498992
742870989
-108022740
-1060839772
-487303978
-1789922548
-1430263867
-29300272
-1610287202
-1184161993
1927904281
2015704244
-84573549
2132949319
1526188225
506682649
-675254812
-818261289
359361518
-247650859
-430704265
-1256052216
1061623416
-507423923
455780637
1332069284
-285965002
282807355
-864890873
-406912123
275725199
-897219919
845078393
1642915639
1019728721
-1314199202
-325096259
-957266212
149681601
-343672562
-1717362087
-1846591408
-1848880654
-729806217
1028132995
2061676685
1136338010
633604145
-1620242219
1544249167
1165173665
-346833658
1451831612
-278085382
1709172412
1082868332
2052741686
476934843
465442874
1055019854
236692540
1622136046
-793048354
-1437890798
-741928836
753887167
-333413523
-1155680041
569219274
1564790291
-2070754361
2140544766
1860946648
-303261016
1244947260
48617196
-303013211
-1060418694
-1411129320
228976909
-408053709
1722488680
-662841729
-2017916645
1894061180
-2723305
-2125080448
1716688543
-7749210
612133398
-88677533
-2041667144
-751703435
2088387907
-479408571
-1015089126
-1840816896
33029996
308121063
894271065
973767847
-2130997447
1918001602
1750358375
391688004
-1980689080
1300119133
663792731
-260771425
-328967783
-2058352413
1725754995
-2011799769
-1140180181
1425307631
-542368420
-688551713
-1828784665
-1630229078
818892720
-1640073322
319316669
-727982312
-693933121
-1712614053
-755395060
1193254062
580716177
-1587463634
-817397689
-315912153
-1006325973
1709756410
-474712876
1592443799
1209412113
1696973250
-1309492425
481674688
-908500724
-1332893157
-193163665
212746147
1916013357
-1383041830
-2015220064
268816218
1126125841
867461133
1169484017
1616329764
1440543077
-373995474
490748343
475420609
1471916460
1744112533
95448275
-1433657088
-743250113
411029806
1968726103
-702940267
622462101
-1563685268
-524399249
1306005808
-1187014972
-1233442691
1815198590
1456484298
1055493959
2079190207
-500498041
-2124957375
1141847553
-960258959
970389966
1226864679
-2018885758
1150386093
2050476990
364998102
1871479688
1686909846
-1452412915
-1078596153
-453240889
716908493
994759453
-824010205
-1632644372
-840827096
947960229
815076762
534936543
433244069
651807632
1290567284
-2100090552
-2087240292
-1122342619
-1410988315
1433245013
-1995534796
819015271
-768983388
960326073
-310358761
-1550235458
-1972575810
-1199847433
796692841
-159776042
1794785446
2033619423
-311661067
1331210950
1563071889
159725145
78985385
-2078263691
522509056
1421280865
-293317308
-1416345032
-589301858
363026001
209745741
1794868672
-588623029
2114187110
1241026374
-2077803725
-177395336
-1035561604
720885537
1461515415
-1084085067
1019913500
1294578163
-804754569
-834187385
-1488187976
-1511042329
-882714944
721798782
1032662068
-927703180
-1314475285
-562129017
-43693656
128909522
-1481283488
-58701186
779207268
-754247511
-1819904999
-1341223161
-1291577036
-834171637
-1542588794
-1356993634
-1396213020
1418190756
1908591792
-210581013
-834898426
-1307868112
-116746336
-244026278
1590815474
102738476
324294145
-373696277
-565282803
1425501648
84964356
-1742789306
900589134
-954096581
-1338018429
-124743662
600463870
-602753296
-616653207
1067967366
-1151251522
-1850981759
1141652816
1895800127
1115721166
1259564169
1337162859
938981204
23585163
-524147490
-1775641435
785739431
-995106503
2043594247
1122418442
-2065130883
1011827202
237553899
-736124826
-1141479087
1931719231
574652363
-1541805269
-657287452
1496569845
159059058
1940751255
269315992
-1976290399
-718076502
-517901802
1865299198
-500110536
-853966862
-180465692
-631851091
534430056
-1697485459
1074289142
-1767490987
1461042468
551717148
156061210
-2139164141
-1555282593
-1548467889
-313493924
-1959610362
-1208896234
-1914940072
-1918794068
-1563377631
986426260
-1239541118
1607545021
-99129022
1598659825
-516252607
-780103121
53115523
-391747877
-225113174
293003503
719282640
1913122200
1080701477
-1841628706
561399738
-863173301
570415968
1919202736
1370492041
460991349
-1693685114
733227030
-1113685353
-1967532866
-18477392
1782263071
9271771
-2081598731
990661275
-1966610213
-1271369532
-560490667
-761936997
-1316676287
107609672
-256158454
1312263120
-1984988590
1482639675
-1562753038
1312447382
-879932291
1276846308
-992238681
-2012910015
-2134364859
-2105963828
624684733
-1087506934
1864276512
1754126809
692637256
1702189891
6133154
149070492
1884259744
-1659913518
-1158629669
-1227611930
-53662105
808409052
-631682308
1018356385
1377561803
-144116545
-1463587520
-1310340132
1258857480
-1722792122
-587581175
1377814567
1248915248
2011888663
-798328248
992918816
-222207442
-1483997840
-504004574
1362006606
942167816
-2054164206
-1303644720
977560109
1406258019
-1081138820
530769350
1219700873
-1866132916
-1809299876
1863535382
-1252228593
-716874188
-1060446142
-65612521
47534368
706897724
-752936042
144359745
459234280
-730418765
-1944817972
-62132389
1737897903
572864732
1031759829
105747415
-105966226
373326324
-859677480
-876729220
252724133
1017207666
-2071727070
-1652253883
-1057064597
596888720
-2010007718
-1021736055
1114324678
602208522
1832658424
1285522779
-1915681220
319094053
-891487497
-958508237
-809579606
1419511282
17799624
769433037
578702419
555887059
-982591862
-786636208
-1570952133
570279230
1613401464
623978163
1641192629
564420544
-814039646
-72675236
104880187
729177413
471669472
1923367177
-1566111875
1137573782
281365250
1786060275
-627874884
-784434142
-1070120372
552494384
638233175
-595056128
88503073
130823512
-1131268699
-1315763148
-1804876547
1046440811
-757641466
-384746448
-1420851544
-1630242062
1631161908
-58787682
-1228681304
-867359645
449534430
-984720292
-293665546
-2106282551
-377397897
2020147655
1588425973
-678657628
-1769797558
554833468
-848544097
-1721149427
-98866735
1708630492
2091841537
985091614
1995112263
-1746270322
-885733399
1516081040
-990886276
220004681
-263657764
557872804
1678125543
1866833043
2035661645
-47495609
-2844159
-1529021628
1024525580
-2137464208
-1038030896
-418915185
1232784380
-391828788
-114248511
1822372418
-11532791
1659296669
-1614050373
953566796
1647126616
780933343
-1735100560
1256141952
1605113791
219285420
-1070192139
-625558377
-460575626
-1181607456
510757268
-95637381
1823096079
-1071255552
1321711329
-640777534
-327555933
-1416825513
-478814198
-701646472
-1877968819
340597346
-905284237
710166817
-1746575396
1278890349
759206786
-1575674883
1299367363
-1310281347
-1656244810
-1710798451
-1927490988
-751344784
1802176254
1029620310
376759853
2071510371
-1318263992
-1430424604
-883849230
1242443859
-719298985
254028049
1217067324
293661702
-149691431
-86332794
196585168
-1116054229
1824343224
463135618
1464002579
-144315968
-1932999248
163778266
-1662271043
-146305101
-466484447
537866304
-1117741107
-2029303348
-1377386971
379215303
1837644476
74145481
-1172248859
-957571674
-1906893835
1321860810
128350248
-1880990661
-300649085
-583216401
754120748
25607763
1760051467
1808753471
1798812345
181031848
-1917330947
-1611958581
1314717810
-644616790
452298502
-249245166
352333677
21077634
-665147704
-275253337
-1760632570
-1735646125
2110485453
1910624016
-363204368
-1507900222
-1474391112
883971569
-679003764
-144843592
-244193859
1397407594
543869309
-152000410
1868121170
-1385060932
1212505724
623576969
1691037222
-1579273678
-1209058968
-750698002
1534757458
2008112958
-925655136
-671084488
126614478
-1030571807
454204821
1231908065
-192382939
-11518128
308534938
1186394494
-1705634452
2143768532
-206656002
2035434566
-400866448
-2030520335
-1074236069
-545760812
-796924882
-1616357686
25971760
1701613356
-503122041
-754257725
-1823249235
-896737285
1582485044
1745557864
1367318990
-885474014
-1342113802
1490573197
1260782251
-848279691
499802386
838985653
-1216770291
-1545211201
1899975420
-1232027465
-1271234236
-296168183
723405906
1974124190
-689411785
1051600411
1030743051
-1568466991
1553097915
1285862211
-106877968
-2063957901
1442973992
-26916012
-2101524918
-225206260
1957876265
-18913551
683549404
-2105098904
298920404
-1542352629
1425512211
-687225665
-124166662
1800491943
1344226683
-7336939
1243616959
-1197560604
195496053
-434669085
789783148
2085310524
289854503
315552247
-979719549
402536457
-672250957
532425880
-344971757
1168132939
2082817450
-1480238099
-540959410
-666428504
1852218306
-1545256034
-1026747816
754909107
997597639
1016506043
1267278689
-945418896
2086670287
1861103581
-1821558283
1797110040
216902577
1118320522
381475730
-2077156328
1664032183
316804317
1373564794
-940955553
-1065263982
-594762650
595791307
-1057993767
-1619893106
237031758
216280012
-936425418
1498754566
-1040487233
-560383608
-1548926225
1434064665
306843522
2119795873
526602633
-233327459
-1462287895
1914958941
1197213211
-1220854189
1217349102
1284862724
479182862
-1244198308
-1333469284
371988590
1462682916
1534643180
1657782189
1425664471
-175806789
-1785165508
-216763276
1763918581
1722201937
688684229
320865533
-172868532
1204720714
1648186794
-1912628623
-334912832
590612465
746163061
1436474303
1373066348
-485406788
-1719813882
712892281
-686877007
-1137257773
-1993133369
-759572485
-126600816
-187468589
-2080027612
1269947857
2093587516
-428658482
-1153368006
-2109506470
740615914
-103589738
972681678
1865475240
1532693996
-1337306054
-1993673088
-1577260374
1179218429
1835392465
-1032347329
1520906381
-870305314
-196430475
1498906623
74785886
1443332385
193794450
-909442903
-946162701
-71100348
-1746317472
423965011
-1218454773
680792576
-1632065619
1500827568
-57774156
1976224227
-327816224
-2008392758
46518509
1568641052
-1100837063
-1807736338
-922199157
402802325
2023522397
-2101055514
-860829344
117324615
-1745250543
-1208653459
-935600488
-1286548536
688233029
-572444705
2134182246
-1687757272
-674487724
-1921756880
-1000679456
-119694594
1726471050
2137764382
-1459984344
-1436429123
199552230
-12687446
-1831913781
-1818716085
-610498784
-1605946429
-1297682579
-578657580
1728831469
-977495740
-941677660
2005063898
-1198973568
-1820214495
768412708
1229216400
-1638074796
-137790756
779991069
-2125461144
854591784
-14120387
1950306016
-123202838
-1205391029
-716544959
122308552
2050708679
-2089133287
793272658
-1997816745
-353980882
117808325
1356946104
-1342162785
1965658717
562861912
247697743
1839246819
1878569082
946103288
-1258173574
2061069181
1131594914
582521197
1558699607
1801273857
-303503806
1373894113
1072830003
732247202
1894573990
-1629595417
-370265536
487546068
-1641178417
-1253295682
-1182537851
-963255246
-804122744
-1177668139
-3268843
1726036130
-1081991493
-956181615
-728931453
453435063
542889728
2071835982
-1609617004
-428308906
234528374
-1624278876
-1519574986
-1162000997
-1037165098
-266222101
-360574031
-758571523
273434820
1108694016
-1776095204
-597348433
-1125443736
566223944
-737444079
-1268957367
-293354179
942701300
130514084
-28479065
-1794463448
1560827782
1340800912
-650812911
329513676
53244308
1080864947
-56363364
-1857087204
-611615284
824673724
-375286065
-790157775
-657408201
1538323234
-1263228792
393284701
1570515137
1426835799
-1917421792
-1768144769
1096585977
-1282461379
1022159053
-1176709736
1987119636
450657240
-1522555320
467318174
-1291683785
-1640646331
799381679
1767576464
1297559541
-936228117
777118123
-75076918
141957909
1827529967
-2064272939
-21061734
1594331545
1017230061
-1730240171
-497150702
-1128391429
1331598308
-32543028
-101594081
1517398969
1117430128
-269793165
1728962522
716962068
498300479
854197124
-453184739
-1936904941
-559290435
-212998696
176186201
-1424230194
326313746
-382081583
1121997991
1862578920
965115213
-149846919
-1410864356
1335834716
873338593
2046404075
1398490465
-708078212
613716559
535038961
-247853951
653376311
1768965668
-1325050130
1039838468
-403651430
-1010273754
1580183806
-1038643907
1753125017
1814024138
-1064663205
1745409248
-2009025522
-1693239832
1539438082
-128280105
-1544288256
733103025
-1739667051
-768047531
310925352
415450848
1780628355
-691712982
342488497
-1113403089
789498981
1545959769
1519071807
-1182617332
1643765931
-1416986137
-2091120845
-808238708
309855095
-1258024203
-1442943700
232605087
1311765448
1101726481
-1142282288
994165381
-528556069
-1843760184
320539083
1014533504
-1348832563
1767962751
1796273431
-1698856757
588486789
2094847618
-845603970
392661962
543628240
-317476259
1842103132
-1197206910
1702331084
734477930
2082870441
2118406218
547212682
-1114784085
-95047113
1039249858
1085602543
-498174503
682107703
-1845929468
-547457062
-43036740
-974040831
1278101274
-1963205493
-981312323
2111872275
845466031
-423846846
-652807495
1157256026
-1828633592
-874214618
1815840535
1161788592
1497326644
-1436918168
-981821924
1730270630
24530306
-1780774232
854469501
2012867970
686908723
455419031
-710221771
-1106136693
1782363760
1798809564
75260313
1119217795
-247520899
-1932146629
1408947625
-790273420
1366018607
1673310452
1520545959
861724847
-17335909
1813403241
-1325019155
2066414097
-1584011505
-577978878
835841531
1760001928
-955376570
2121228372
671990735
-1705106219
892627158
583666048
-1918538887
87323026
-523527955
-1486955559
762042350
-116441481
-122264772
325802185
-198412773
1362903768
1308443186
2017104884
-653440195
1529378417
-390321043
-1861946211
-138140561
-63681690
-1018240915
583018825
70691716
-888994684
1464448906
-1601687135
-2142866154
-1636652084
-29871065
-1066098020
-1090036769
-885101262
-1309032664
-197424931
95403335
824531362
-1188542304
1127583065
393702205
-578038205
2054930383
-697483204
1469278025
2083404798
2044237387
-845304307
-389432606
-488674495
1105642108
1000514319
-570818308
-1816766465
1223816525
-1541455638
-1884523291
901370363
1051391775
424004235
2038602321
1598688582
1567449089
1643498055
-327036237
58437382
-2077483234
-65800634
1239512013
-862952840
-379943562
-1622051042
311112586
1442134583
-95500336
1070494910
-1424622325
-1074830915
-2131350545
-1067577971
1609597695
1923343146
-226339581
938482642
-1426971849
229606724
138044258
923233622
2145251193
-1320155714
-1626219657
258560327
298643347
-965725251
-1370322950
463315038
87158963
-1342394729
-1060779167
597992260
-629508619
-369144611
1100813462
-1564837071
-512385474
-698650725
-1776260375
626389206
-1629285561
602260958
304432455
-1593127556
-115780100
1865827445
1992237228
1473651309
265550854
-1925491204
-1413576234
-2284910
2066723494
981567254
-1934979526
-569544099
132324036
-1886178567
-332675013
-1080552983
1881199175
1057485870
-861963623
573457758
713047719
-317465191
1560047399
-411426918
672132287
-824000585
-1516598080
197301005
1234016743
-1576272345
1141463163
-1941623580
-823313854
640661867
-550447587
-439493015
-48656300
-862564113
-1866761265
-373851991
1903045078
-944275127
-981521136
-1929003434
-233581107
119448257
-1484361492
1693724655
728098776
-1082799084
280647534
-1134365155
1981275338
-1428562571
272679506
809340512
221787256
1060485076
-307624706
344792554
-1348037421
1065559137
927207347
849514186
-2090825160
-1649135533
731421183
-924656819
-1016497914
-168820507
-998309770
-930993248
-1337486223
-1661312096
-612251231
-1289705030
-531042667
1800249055
-2031942091
-335138952
903935437
14829200
-1685454713
-320326903
-840961210
454629687
-1781010625
1459066251
1640718030
-352900808
1627955019
-190171146
542579697
-702228907
362760471
965638713
-1947405242
623139700
-760281862
-776664926
-1452219642
1295840421
-19819789
874486658
-1127873059
-2132549276
731277716
-1586918128
326190852
1044170522
1683963965
1539926413
1576277135
-1260439575
792627341
1977146793
-682968829
447177129
-155219178
880977701
-861984469
-1355536084
-305718449
1951165368
-419800277
253048265
-298379570
-1255368137
583760597
651145496
-152165450
-1334134289
1992134459
721993466
425747053
-1668625323
1909024132
1385230811
563938962
1466606817
1224398083
150748986
-2006971602
-1740481738
-180506491
287717481
1024357928
1531394949
-1040713495
-1095070831
812572414
21158195
2071733494
2027294969
-673764174
-140105798
-776498584
240445575
-291258623
993705420
1563325516
-1163498618
-933529894
335718077
1939329677
-934807895
-2077797874
385443361
-478056755
-2137796529
1232834115
-1066462796
478978681
262254344
-2126805202
-236935814
-380466665
1925882967
1300284416
-960563673
-233893407
-1187352647
-1748965343
-1362631232
-652757097
1544846821
546667291
-1867792767
219944337
1330845782
2032384984
250796033
-428111085
2045479174
-1823345904
1907747475
1574737380
1529493115
920320252
1677571312
-2014858975
-521798650
-1389895089
-1178281966
-36647602
1985626698
400754790
232852834
-1049119315
-2106876933
1438048445
-741926124
-543623469
1309862631
-119646299
-1167119662
-938599817
1290228026
2069078579
433415831
-726315891
847213309
-1748649093
-437452835
-528106093
333892575
-62127874
-157678341
-757639639
82582840
-1621974432
-1364678457
607752167
1775908938
-5121955
1644093570
1000245098
1467787465
-510847234
-1481671691
22846384
1499857821
2042015495
-983295017
-1428541787
1501945317
-198733133
-117069199
-488875267
-126308289
1323446690
-639550844
2024452932
-1143199162
1284677650
-972984214
1757896242
597080667
-391283379
559077754
-1373887420
279530920
217206114
-2069113424
-9289081
1276021858
357382679
825685901
-1542187338
1251677773
-295735523
-1421279684
1893005447
671515525
-1145797243
614059510
-441658303
-411226758
404664946
-613807450
1088051858
1066861628
1142598928
815085775
945281438
42988536
1052213188
2083162285
1117524827
-966615359
-1802651483
-2061193318
-580803301
53374612
420785450
-2021952589
-641411990
-312589418
677102883
1515179451
967890201
-594197857
353960173
681428286
-929899366
-591689733
408760032
1206741753
299538062
-606289298
944866316
-1406233223
1077202588
-769197448
-513176539
-863943679
1910924164
-780662309
1152361659
744934320
645584755
1942783834
1434548141
905327331
693834136
-70571326
-1938478881
1450204888
689317110
1154739501
1802971946
-180947053
2104438908
2024434053
1539043476
-1611454972
1138797650
1279738183
-1876956736
-1008234391
1417066613
735349129
-2126280537
1178286321
-723042171
1804960829
-1286063480
-373218654
-1494742819
-122017353
1265536285
2056970363
909113572
-1776073108
-1973095665
1565684444
1938962082
-433835780
1100602282
837424934
444000150
396057713
1752895956
1915153822
-841045307
1116424905
-46688709
658872726
-1755635690
1525785521
-1653053235
1150697422
-566751011
674395027
-916982419
-999323881
-592048715
810145490
-2112415773
431914809
-705653358
-799632044
445246227
-864841194
370612757
1681158720
942004081
2020270862
-381586142
-49990648
-2076339020
-680476507
-660757585
-1762416471
-1399909687
-706147229
1530780126
1634478641
-1944945142
-391463685
-861191090
-1497733247
-1741106513
1343151791
-1999435090
1488221524
-1631865980
-1438337550
-131569774
-1407751297
336033756
334686286
-1456477815
1807356538
1969464516
608685959
727003502
2080269598
-745716356
-1088857343
-1423064578
506653360
1840895778
383198046
-1755269973
-551473891
1093712816
1058509931
815032239
1008127879
-1307285464
2041794876
-2092926621
847972608
-2049719795
1911568021
693347536
1750763412
-1840291819
91201419
1753371526
-240124020
-45768165
262787178
-99878740
-28316943
424924250
351972313
2131921240
-1100858033
-1207316008
870454844
1786816032
1866272698
-1099900385
-1604539559
-466597391
-681604843
1916636722
878684733
-775089634
637306513
217073855
-1949484192
369783740
-1838626700
-693746288
1340372231
393703980
-1564956901
1066486855
142787049
1925098232
1528140865
-63778230
650284565
700107491
-250352511
416466939
1323130386
-961232838
-338305767
-881228500
-587877305
2057453168
-749706768
-1271428910
-1949341539
-1148164375
-221012006
1627193336
1002657378
-288380139
-45605095
-1477556235
1973781616
640891841
413575718
-1874731039
656616334
1778882985
-2109156174
-1853391548
-1634713835
-947315887
1795976935
1660893200
1098013654
-824411116
690252018
329449937
1167147323
286836861
-2112492859
-822879198
-1506592597
-669828139
-1308056551
1572831842
414060339
-476912900
1383962802
-466978136
987465058
-1415899012
972025062
-1835679245
361388403
182005210
-2078837153
1689683877
854806449
1748162095
-809691873
-995513294
2009849111
1882727928
1334646980
238286612
184965174
940915753
-11258355
-872728574
1860818011
-1731401593
1524093084
-594294944
1814694640
-1538858185
-1891459843
-352249352
659158818
189884817
-936714522
889150442
538576836
-44084167
-305674304
341264097
-1932719246
-1513555344
-1354778267
920430471
2083339001
-1343785305
-766414549
-1513404870
254608886
-1060691883
-2060034271
1748838143
1873118652
1135038217
1757195672
-1733274442
-1697727877
994753218
-1954824987
-1841190001
-1340344675
-1770189442
-202500252
2057655996
-353821581
795310608
979902910
-381880984
1426821648
-1667797962
898829167
-46753049
1411649397
490186218
-1064844414
-1952506322
-1849906450
-1859297800
287176095
-1912247164
688965562
-825216048
465523527
-101461127
588434161
202181789
-800084643
878671383
-467813726
355544470
96379367
1769824599
1962879803
-509859949
668983830
-462425130
1424498477
-1016305694
-378317693
-1170830136
2040118479
203653723
-1693018181
-1821067732
688717443
-92501839
1533913341
1749368385
-1440562921
511705866
627618625
-1683950536
1255920749
-309961262
459885180
136838186
-1334906275
-376250164
560568098
1771564619
-1165180967
-1015118999
2037134828
-1138215584
-981451695
252392029
1017368539
11100270
-1193524391
544037486
355315323
-1730454605
-397605751
895667342
-399847316
-1640381222
1412339108
768298796
1387741726
498912873
-1376255236
1915252934
502775515
-1476368771
-1415806444
-1364234302
-1955471862
-1104505671
-1829066105
1223773054
-2090643279
470107004
-2054432473
-909487451
-149884101
-162600879
1661215080
1317782212
-380717189
-326582357
699756799
-1201189604
-2079479056
-1899982895
-2087794234
424514745
-355623606
222242583
-927287838
1995307459
1537485612
-2132539058
-1418831322
-1466481133
-211603149
2055864445
497863354
-392294647
-1719342281
1700234448
-673675785
-689512292
1176781776
781791184
1613183381
-1652587087
-743696356
1962127060
497694216
-1156316751
-1219464258
-878843721
266351654
-1899950251
1796278569
-332707126
1273712908
378484931
-1439405539
-1116114676
-1664064446
-1291920162
1109378161
265526680
852694045
264156633
-1922619629
-1198410914
1901349989
1093383437
1647219533
698329109
-925959370
-2133702643
2142527049
-961175184
1844000811
-703177994
1298245334
-1848102513
1431189944
346598410
4580204
-2042927432
2020064471
1975862400
917425261
1125818950
1062453990
1151347349
-1931598163
-624792864
1524484559
-1893555994
502477364
-2077708818
470868585
191661825
-650788542
306390089
-798340835
-1112363208
-632472685
-351089103
537552076
-900973127
-624029213
1817623171
1220300784
38692059
1898735027
1548193067
596267008
1865880250
1019930957
81819863
-1659379943
-1860410363
-1261880314
-1353605140
23079898
1675620373
-274381117
1585647805
-1409141873
541213250
150428861
1380897018
892459664
782505074
1892230280
747351142
-1829263637
-670556430
1501793616
-1670792500
1155465536
-138309240
376460390
-2026057421
130883564
-1570207288
-1047535878
2128630352
-1363607446
1450121894
608988202
1755517499
631182069
-1656309428
530572091
-345947803
-862880656
-491838674
-1378762203
727552713
-613412214
-540733094
-699994028
-1781919390
1507948061
167267604
1396013485
-939239204
215543767
-1737098847
1168799182
-1366284914
294318875
-1911740573
-1234133094
-1189711962
1600940841
-949943258
508190964
-765557339
636958331
-425902920
500848329
-1063658994
-1582271374
2081842110
-1983803052
-1296926631
747866418
2005496261
439030940
1171739950
-1295057975
-1924484457
1248877889
-360649265
1945014934
786805711
771419512
-1529091371
-731885080
884279471
1598236244
154057246
-1577565979
-1491994831
1695347014
-1800776699
1508972716
-685153701
1829174759
493199316
-433700418
1518634455
-2114349068
-1136252042
-1138375783
-2044111166
721312152
-258987408
25103013
-803234364
-385204751
-1442648046
798861396
1969561184
1420285901
-1291429655
-456298109
-399745140
-1218989901
-1547643017
33005350
-1276712572
787026986
271915045
-1417751259
-1688924966
-2055353547
838955128
697971584
-169703727
-2096133092
-2125820541
1206769080
-1908893972
762716785
-620882532
-1490983823
560159169
240751441
1009856850
1276878163
-713982702
-1955872278
1042952094
-1852574414
-1655529187
-923183042
1273215319
-669403026
657062706
-1717962714
-1546958869
-389919333
395316614
331610264
912511819
-576291229
-2137552825
2005414700
529591079
-1821316437
-1810454544
-805394981
333295451
-1765930508
-151542563
-449516278
-1739170904
1093689091
476579874
-1594107450
566385318
1126285764
82311575
2063706193
1652036601
1107616619
1404558135
461019869
-1411192381
-15175460
640927146
1869741207
-1654187687
-935364787
-1986938337
1928974566
-1663667400
-873926872
-42951329
202355444
811867705
1932169525
-1577889761
1232185709
640997892
-1328457224
-1878755179
184939141
361526466
1936482135
1326764365
-1574630336
-1200592874
830266496
1584337212
-146440979
-1650273971
339777545
-1504067307
-1669521422
-245876525
892995672
1072730587
1363409615
2050874600
-152315324
254019766
-2011111844
1066234772
-529285636
-236481526
-1431807915
-1488545832
-670392793
-410821178
398113048
-1200269787
-802249396
1015049977
594948524
-1074754543
1218295156
-329558
-199340539
91361096
-1651689970
1737479656
-1282781307
-426389568
1593203729
1020762911
-1245697082
1550608688
-1919135641
2075313837
1937388438
706795458
98818185
1087366836
1454483010
788022279
-672504474
1963837489
-1473727209
1055791658
985967753
32047949
-2087535835
-1700929432
-55890054
507869427
-1398690490
1951367359
1029526883
-1898343006
-835975586
-1408108059
963246838
-1014338173
-166808605
186362747
1855364238
409273789
-1465727329
912699778
1233944212
1322409736
1440148404
1962083085
1569028131
-2023156352
1014559201
1451182136
1177043951
-1483167301
1312546563
-1893426344
1281260386
-2053650659
-1530177059
-1169118861
-1494441977
1639979882
-972723173
-1621301774
1228330795
-468216932
-813703021
1790494101
472071105
-529526282
-1475427890
-1282919258
-793449850
-1199312552
1297464519
636927089
940125285
319220181
63335410
160631794
-753769700
1577593474
-1526083969
1343084496
-1543332834
-612647792
334720991
1324500362
-569250373
-980515939
1375798150
496850415
-328531331
-20353210
693205235
-618855725
550139605
624800256
1932184557
-453573633
-1006375689
960303400
-690612978
-2090700951
-127272191
616473175
1393401477
1887348900
-29075614
-1312716293
-441384682
1237668761
-1219369095
419729187
1580174693
-996393353
1711969404
-1870489447
-2024176268
-205031705
1647250075
-1080989899
-783488406
181075588
74630756
-293527184
-197467498
-1991322998
820974697
779125815
1695480754
982465228
1641277215
-1393373951
634506603
-686910485
-1145723128
1533128995
-2127249376
-1470297916
-920297196
75953762
-1555235862
1394470698
-567085244
-1309769527
224379868
-642139179
-1672530031
-974460483
1745011083
765903257
-2046952181
-1385958322
-906558256
-584962086
1445379908
1445425871
-1018315828
-355072961
-757845010
1357541800
936503084
-343940187
-317069630
1790032745
-1314746707
-1636299178
702606243
-1523185117
2040347106
1211556730
-406122749
1783200243
-1762610892
-991254580
527313029
411635934
1177307946
739672977
-1692437532
553545700
1923107307
-1068569658
1688278034
-1157430961
-148370176
112650904
-1216207708
653736011
-1648420003
874838809
958659948
-696928837
-70366815
-1995609040
-2124575641
-221026743
-466714468
-725909808
987752921
1312484799
2075322386
-1153322133
-821196106
297989013
1373927870
-1021510999
-802704060
-2000411446
-1045086055
-686965419
751574013
1756167927
1569835099
962916247
-755580231
1641986208
463176001
-1087200408
1431998988
-1291855155
842996753
514248257
-1775944468
-907649064
923148891
-1278462443
-2073469801
-1392219255
-1179431168
349223298
-676075853
1130360927
-1465029896
1384998722
100688310
2026821168
-1313557937
-1238099737
-1248756857
1706456564
924517744
154109127
-865474971
-702120228
-2038994267
60685108
1148952584
-384526167
-1236163619
-543276304
-1000208635
-1224779972
-456467280
1999194335
-86154634
-2070654104
-1105939296
-425027842
361545689
-1822524145
-153605726
-885733741
-1144173768
356448876
1220683484
-1488035418
2071233930
-1597757268
109296558
1210509231
-259195559
429363652
1425030902
-1513428592
1771269540
-1166742658
-792468848
1458139333
-919836922
-1968606253
-129926373
1798055385
-1154947305
1497120384
763265026
692513307
1865581073
-2133506093
-299857990
-1896163183
1172177590
1921147077
-809515960
-2070683091
-1351768975
-539604915
-1856617466
-366511810
-998618181
2010088946
-899941723
508428329
1649238208
2059000226
1537988213
1937239896
892022849
-115977022
894330339
-2053446031
-1536690501
-1111265146
2064306499
1157766347
-182453815
-1654671999
-932762416
1204872477
-1022536762
-243873665
-942840080
-243451784
-1719904842
1051848850
-2145757509
-646742922
-1693867162
-1757255062
1815129790
-1619789645
-1008505391
-145941270
1770117115
-800215172
167342020
897876727
-652543692
1470205382
-149057339
-677978478
-2098942360
647243362
-53390799
635701544
950547613
-1828492179
-1097176412
-850430680
911543776
-1841749748
-1736756324
-1640483626
1798201738
1550444633
1372704096
-34989474
1412930756
1994144152
-206889698
964183340
-1079240884
1217502893
985991507
1998762106
-1681538952
-1677723950
-615671697
-1150445782
80943227
521121924
1830999480
-1574256427
-807601690
-1670435138
624009325
-1490940893
1143011186
1301990761
-1446000337
1460128348
246239740
-151242478
651174300
-2059091905
1958202064
645598685
13984317
-956506094
-1558653399
-1006374471
5442209
1694437626
-1209470472
2049613268
-1040605239
-1239836788
-824826652
1449036625
-1908544314
921957283
1034152338
1399928632
847325601
-1521989773
480774693
2041065902
-27644806
526621662
-1019531256
2089053285
-320993037
-1619683834
-1573114902
-1827963819
919126478
-1045597662
-1154401782
-84491605
-447942444
1437292437
964871860
-1527271167
2019264760
-727033284
-1862306038
-545284912
-1398597956
389594375
563182087
426563106
-409460012
77154763
671704513
-1645873781
-1328637176
-62795179
-1486674707
1103598937
-234461858
1150824129
-1456621400
-1600656886
-389316233
1246776589
1862718068
-1372131842
-676570055
920856040
-291009920
-222751635
-1878050386
-1279284528
-1240484309
-632965222
-86386389
1079247195
1647420107
-1431194040
1403828148
-1809932333
1884829865
790754413
-89811810
819732232
-308426160
914928421
-1716315018
-1260399262
1886000135
126612457
113106465
670207797
-1303236710
-896378112
1502146116
1995700313
-451051424
882328885
1299111141
-2127525128
-1738613894
-96598839
1380311378
1999050665
1447129176
2108127659
-553623487
580270782
1780299137
-234063642
1246572600
-463777063
-228663918
-1185761446
-473087953
2066861253
495687815
-520541266
1772782707
-939861886
1877550393
1746148228
-1934209588
-568140895
550958887
-555726866
-1359778078
1916482770
-59935624
754445601
-1210919972
-1422646085
-71004096
78350696
-189829047
353103882
-1265416958
464232283
-578771133
-477786419
1542304629
2052056912
-74935855
1506442496
-402658933
-1768184816
2083899277
1577091175
-1375758930
-169472307
1942392198
1729460126
-59823540
1661537875
-474640537
-862943634
-1166985835
-2040025730
248940248
1566126945
462614915
-1405025045
-225741533
677005975
1482772506
-1948546062
937513755
-907044390
-141817871
-362806061
317545273
-395650576
764306672
1845131310
816992775
-236103375
-636624550
72020920
-2040041280
-1684456616
-1634022643
-107544532
-160377288
519463581
-494962424
-1882717570
-638344711
462706178
-2029071058
1280441430
2146311598
1236515053
-810860983
-975085636
777951429
-1806227466
214632016
-580523505
-1651910065
-1765503230
-238022420
-1661224389
-618902231
142429328
-421767624
-2121066966
15682145
474265170
-366654008
2102039418
-739367471
-802041089
-1142651411
1064736625
-1188241136
1329749351
-1390154954
797729325
603760779
-843946809
-796359624
1758861599
-1108836626
1237130846
-718887534
-113736518
-1018774840
-1214202816
446095915
-1263897242
-88982931
-754426519
-1288488003
1418265531
92828190
-425956588
-237480041
83042283
-1447577497
-1247086771
-1275151458
1443505278
-470059832
-1998655291
62674836
446455877
-1285942121
1997946853
-1619075428
-1667642488
1838344740
-69983963
-481053443
-1191027583
912808477
-154251107
-241535450
-1677676786
-1147864268
1357437659
-1957996815
-1579486303
1392544766
-740448521
181069867
764369274
-491527394
-1341518363
1809382740
1636853784
-799457886
-1196551414
1069595554
-1788281876
2064158636
1603146257
718017867
458676815
1005960021
-694094338
-547539708
-1771695946
-2087661107
-1232974462
271883716
1669763876
-1358511418
-335490927
512950989
-1044853281
-1743577582
597109553
911350764
-1106960794
2096745354
673587605
2046818814
-356685919
-1433805518
-1071357590
-138633290
-2050542246
-1401364582
585733231
-2058231138
-1969216788
-1283961722
-1677752245
-1023813541
-642418375
1113392081
-440565862
1355306036
-356304927
382398093
203358280
1861236949
-1434583633
341127279
-1240943838
-2056936881
537822295
-853177494
-884791126
1743400034
740074334
256104857
-375613654
413194495
1016270425
-1144995487
-1457527285
-1860478201
-1121697191
-1684731946
-1889494426
11192665
-1607706971
121185629
-641697573
-2099642869
-854416215
269418643
529330337
-1567087114
-66487505
-1745751187
-1272994850
-503430025
1782141132
-237011296
-1207000775
-872239244
1883777436
2028818243
-735173972
-384186467
-419093455
384268977
-1561401954
-369921804
638280136
876352692
566325296
-528937074
1974386109
-1652063265
98031575
-685241190
-340260800
-764987334
858053930
773924770
-1331840951
326019108
-1559203588
201660433
-1539225400
-1401637003
-548997459
-616873228
-989285087
321776866
-2054563907
851937540
-844183337
-764798555
-1732428639
-392138524
1553741446
378689373
1255669465
583479718
-28923370
1651408946
1477978178
-1871224429
1915898413
973571388
2133824424
232541483
-83534619
-823245019
1900118687
-1625933206
-186317889
864343308
683883666
993664076
-179485994
-1134414420
-1394668772
1637513875
2080753495
-842588483
823797654
55611847
-1862786768
-778289510
1676897776
1156116350
1438868487
-824640477
-734402364
-528019747
-1892392083
-1883516700
691505832
604485982
-376897965
1328259446
-1631737661
1357000659
1574448572
153860133
-1058665822
1896112042
-1101018444
750929362
-852188340
-186210191
1444167552
424381723
-990689389
-673712740
1960679446
1949440952
274855340
-800378746
682665423
-1868122585
1491829250
-1225044299
-1419105702
1333320075
-751321786
-783581086
-784515597
-1545930799
-1108252726
-845331657
317023445
1223414292
547849743
-877765286
1826621421
-846162622
1821829788
-877853526
-252164913
1992400127
815925521
-456083897
2091600109
1042677961
-1752537477
69894743
-325407739
1912098652
1960852200
105369607
1856339419
-437183401
-1622009794
1584324048
1217919784
-778419169
-1219515832
1290568187
-1007870510
557320706
210756625
-950079642
-1625523108
1101231263
2101096053
-1839103352
-845009761
256085126
461859828
-809903439
-929718854
856252699
1804658121
526828438
-981492410
-1473448001
-1059031494
-654986483
-680592434
-1868068560
-641039311
1301012244
-95517571
-1219907280
1423942668
777793559
-109691879
-619547548
443871664
1595118450
-476243152
-95010689
-1081116700
-1403424205
-1628457072
-1953281377
1095645403
471486501
862163195
-943525898
361999378
607049481
2124805403
-1530004307
1483261276
-732835290
1736486579
-926679804
312531258
2122046980
-310512617
-439092035
115798640
1021562995
-264746787
-2046338886
-1009619756
-1152443182
-2024126763
715491044
-1523979927
1112389773
-1138916811
-1070466993
22605739
1387348967
1448541464
593721755
-1685204948
1313307385
-585966039
-813255267
205167711
618410745
2091409051
-1313620419
-1307752525
-1308137537
88744796
-1873231967
-1038072349
495984005
-458852983
-367378038
-1469695348
-579527954
-831648221
-1272210690
1583910399
-365379767
-1580242685
-314016729
127531864
-870483690
408933131
-1448955269
-1392809009
-1496014648
2093655966
-1952085220
-1629310131
-1728463924
1345483089
-1348307072
-392691134
835742665
-1682513438
-342828972
-2022170443
2052820521
458085736
306516637
999736988
-347582504
1464653004
958485280
-608328339
2140158284
-1243362441
42247172
-10881292
6387396
346088524
-1134348107
-2018269849
1242357971
1327546840
-205712374
1676042423
128813343
1787659720
-1856607063
-1178192600
-1539977370
-792568933
-328764502
509507363
-1614134590
-250578280
-1557175942
-2074929078
1209193261
-889335039
-1045369599
442087885
-173074618
-668673401
2057081095
830541819
1619176020
-1327485951
-942717997
-279811301
-1805982069
-891031976
-451771115
-1539147395
1337950094
747779782
456451589
144938699
-1546403531
-1292445121
2036363211
-493011804
239498895
371876398
1225165857
64055402
-911557334
-1482483612
-2079370186
-1903031717
91506833
-2097783219
-948672043
-971648546
829807125
-1292123292
-196231482
-1539511521
-1586958128
1986432744
1624829556
795574749
-537791002
520204495
2020216271
1292443010
-167483122
-117092869
1858016627
512830067
1472123216
-1413719125
387795465
-116243287
-1156680176
-1121714636
-2077079827
-1363208320
-1025039286
1721081583
958959377
957146831
-1814330338
69725557
-252065760
889787704
1218888335
-628998135
1158087654
72367040
251696007
715196245
1503771630
-2002344287
-215953378
-138327719
-1531550868
802900830
182990107
479483808
2054402909
-1902408680
-1929902662
1631335604
1272452332
-596681696
878352047
-157000493
230739479
-696608307
721093994
-992877086
-1699949422
-1961250418
608870301
1140927137
-1205900565
1396497986
-1437155590
-2095680225
-928191506
1489410758
981081409
-1672848272
-813799350
-530114353
1208018041
844220830
-675349900
-1699229446
-1295581315
-540223524
-869272373
1358397473
-1706266951
2009531393
1867468284
-1225251344
-1691114187
-205103308
894300071
987093175
-1579535917
1234090211
-456537278
-1658420607
1090271444
-1416039432
-468068035
-1900029084
1532461472
-359793842
624453223
-1255000806
1665866950
2132281697
-1942334577
1374415824
935126592
-648792251
705178478
1927450686
-94476292
-916879655
-1862782268
2078023415
620683415
2045369404
557242048
-29107967
-1439665557
-1900766594
1373445540
270242216
1566752459
2044319642
2003500457
-1974237810
133525901
869817252
1129692703
148901639
132743368
-855646402
-2135374120
75877283
-1308613410
589577552
1513718214
-1932916981
-796734276
-1461351433
-1827327261
-1057063152
-639659424
413946045
-1957041584
926733569
49935259
330843147
62518465
-1466482628
1221055255
-1332520997
1652256279
-267823609
1607402908
1931605425
-1627661746
923597472
379056014
-559634485
-27662184
-328937582
-697436486
110010775
-531249974
1223603017
1141820497
693623652
295344887
-127523352
-1938435277
1604891996
1722429786
1378330458
687941233
-576170575
-489833352
360932007
503448589
-1156172265
-553823866
389986952
799186947
-194341775
-1478386937
-808875204
-819485812
-1832863026
-433474631
1822766492
-1506550623
218714774
61426609
1757988717
2065228221
-500025600
810646469
-793848587
-2002276889
-1261143353
-564597975
477026256
1772124399
1557173532
-1693570212
-301127933
68243447
759949789
1276735044
1363795025
-672714187
1157767431
-1381959017
904411853
502117878
118489449
-1223294339
2062379696
-306873883
-1434140006
1889910899
-907108756
1503258252
845285933
212139634
-764152576
212010011
-1786640350
1963617104
-537481842
1854433384
-1721866593
1064198757
-833191894
-488210121
187302111
1481443696
-1576325132
570932922
-212167319
179431612
1880402536
1874289242
-404822139
306340222
1325221876
531363256
1141965803
-2062637439
325517770
863219182
1111203005
-555279612
148222199
1001209625
1686417592
-1150403614
1744153268
435938331
1769927077
-1526892813
1337937404
-489840995
113679892
1056281778
-1546824098
1240920914
-1725578676
1350146079
-1589311468
-1684560253
-519629699
1260206310
-905148077
-403686202
717086775
-1241621567
352124132
1695040528
261928223
-346870502
377696754
142715118
1715195103
988594675
419101990
1861590031
1223384158
1372087050
1010732784
-2130981883
274547761
-1412962761
-1583064281
549779276
827642960
1665907225
708535765
37624458
2112001804
1626310641
968821067
-1555972328
-123906240
1448382413
1991805306
-307155519
1101583814
267592424
1624639621
715622856
1835917869
631169104
1726197905
-1600841681
-2098279768
1845467081
-1890769185
238106422
-555854008
-2131036431
-975528931
-2045392351
-1471232915
371811492
146673144
1388256574
1999728762
-650989919
1664781813
483886630
1261908167
-57315987
1584963969
-1369029566
908886491
505823863
515379014
1089299857
1458308826
365057148
624995775
855290791
1421151292
-930959828
-612825330
2003561720
-849673793
-1082891506
-358423027
-1108947370
-1499586658
-759980384
-1825890142
-1391873864
-347297021
-419036735
-411356330
65126204
-2100326983
1458762323
101745192
-713029266
1287402789
-551632612
1183208095
-1890126390
-718214026
-1567110676
847041310
496883839
1096820251
1427304965
387498875
1351660149
1090676853
-1324930890
-746810671
-297902959
-1196568114
-596783543
760546965
1861722935
-1517459576
719856926
-1549746457
-761915888
199337113
359149847
1115368490
-486961140
-363398346
947759415
103336406
1887943594
1943420366
-1991385211
-1590971764
6887286
-1287773383
-1337474250
100983146
636698323
666130993
-166502134
-1967672160
-2123859206
-2144346112
1833862645
1332380995
-1976508350
-121270661
-392271870
1272473697
-768509023
-950332114
-491226764
-436900524
120214642
-1091317288
864209454
-1469584037
1447839352
-871482343
1418632020
-561069978
-104597470
281008233
104204593
-554341584
537358608
1336469068
2010115930
1368693395
1300763861
-1866973757
654011156
105807895
457377278
-1119154171
-1640587278
251388875
1405498707
-1849983121
403350210
-262668456
-52387492
472662712
-61821271
1533441618
-1432843738
-225523864
-1095563123
248512465
1617599815
-406550646
181286066
577213760
1686199838
-661420384
2038260391
265501300
1573146207
-399431210
2116498275
-1754221824
1167235790
1621483387
1888370090
155171014
-1997189046
1216301484
-772082507
874547153
-682533620
1953357905
1372247313
323933026
-1100881360
1942371917
-271909945
1609463880
1221040501
-1314025999
-1736275012
604012660
1442992960
-1254373200
183731546
-764654644
-1938435866
-1202340327
-157354896
-701369793
1483439914
850138625
1711511638
-292015335
-367602428
1131135487
1939630677
-2005301865
414866084
-1677749732
1473685061
-352772418
1181195445
671736011
1540176246
-383647640
649367526
-709326314
-1861108781
-1753258593
-1218107227
-1257987558
682186564
-1780539347
-458216659
-141386059
1424376148
-144458893
-1749911613
-184620931
556575508
-283805575
756307771
867043059
305941310
-1300334778
806915009
66509816
-1887050084
-1613782670
1535453653
-1645174145
-1935246678
-1764677127
978484631
9806979
261615226
-1531267503
-1106476988
1451678779
-1899926057
3966141
-191389184
550237324
-1475358035
-842783773
-355341355
1303272639
-236928857
27037596
966114811
411394931
370235162
-818755829
-1221349799
-1305178923
-1590977247
-1748684816
348998475
1350342669
-239334392
-128623810
-1789737306
525527035
545971181
68746986
-1753101064
1652179746
403371684
-1893713659
-312210157
-908910876
168473819
-1447792628
1185952716
-276239889
349227390
-1588304770
-1604820992
1067780599
-426639524
1835485103
1455248087
736592037
500346122
-720770084
1101914188
-934253618
-1055849721
-1510579842
231629804
1808061672
-1908172767
1672975843
-1099153955
401376185
-712386538
526370553
301833249
-1827813296
-1205716867
-200155028
403575836
-779653063
-946579482
-1860495884
484233299
-1982309653
1329294144
2019249895
-1868999050
1227317637
-566256261
747648789
-1980225120
-1103788615
-1479326355
-1879045932
686345436
282041352
-579660295
-1774295975
2051729899
1265886511
-2127123346
748079177
-1777819581
523455200
925966636
-1320321137
-757579685
-1776471115
448233101
1671501935
-431491291
-905960863
2036154881
579057883
819604956
188257320
-539669638
1738859525
-450780673
1626002064
250076939
1423541557
171473308
949726297
244620491
-1669770276
-304228399
-236500567
-1518234881
388359400
-1791380081
-1554739317
1497812599
-1679753895
1157563041
-1573468518
-885519048
-1617102317
-1096789268
-1737066247
-1421576357
-926195466
1087085560
322288517
-1583447500
-551882965
1772471982
-1277995442
-430153291
-1059604288
-2121852573
2098430018
-698110956
-1821037193
1904590357
-9690582
-1527180372
-1796008230
975956211
-2065836838
1802984224
1967907731
1753965346
1570901668
-885069883
858510329
314080702
1451897869
992056897
857070574
-590171874
1735557059
-140200593
-720089625
2103536732
921105869
-1901245562
-1470061749
-13641453
122148356
-1312224903
-1756432895
1882888042
-1801567807
-1870098273
-444661948
-454117807
-534181673
-1937379690
-1742884935
1428777994
-1699425853
-587435163
689943746
1096569579
5378338
1317357024
470712084
-1439551903
1781433443
-153200048
-494494074
1615625272
1971266492
-1697140910
1092585260
1014126104
1807925089
-270732033
811733924
1594713938
410303475
-2125462963
-1175168849
542767836
-1647664586
642432180
360095235
494626202
1284404743
-727362028
-470380450
-1980346145
1574111372
-1803025195
-912588578
623290674
2136914348
580754000
1283179919
1885287764
-260285247
-798057619
582913861
-792913535
-341232500
-1329414260
1649068204
2006567670
-174966167
-2090796632
250860189
1378498483
-2109594429
-295407687
-1575341646
-192797054
159703241
-706804646
2109309212
-769715401
-493063327
1659393708
98713267
-24245448
279868765
63069305
-470039474
-940290497
-66019604
1034615451
-535035308
1803204446
202249810
277102495
-1148727405
-719834557
1210480091
1391666340
-1790451120
1094172861
-496845556
1563359369
-68434274
-478489474
-1922326244
2142886215
-682269197
-1566506718
1003483298
-1277370470
-1879247881
44714607
-1046413681
608755942
533091487
2077856478
1769359453
921103193
947801978
-2087653798
-246887544
-1544429492
648488010
995745095
1437187645
-2077962002
564221142
520598469
165650257
-1637875421
-38356994
-1258114763
-1531981452
1189131433
-1369757169
-2018604037
55195045
-448386436
1213689432
-456690299
-2127595288
1700817532
-1580722691
-1547904372
742525239
124504396
-1037860854
-1497275494
180151733
-249149828
-602454325
-809764405
1288355369
-1470486295
-415322534
-1564617769
2823593
55278947
1438181496
-144847025
-386245483
-1037280367
448741792
-1717986778
177026503
-1198123759
-523728039
98660466
765352712
1564717795
415782860
-84184460
17945797
-1825807098
2112739989
733468373
-142116607
1071827043
-617643299
708803890
-1725831795
-1576524054
-1087528280
-1151687462
-175740553
-1779362310
1489483627
564513750
963482048
-259320058
-932894751
-343475671
476269904
-1754718603
-1330935010
857079128
298900526
-354999096
-93729565
-1588701140
-2091254293
-1036835327
1679868724
2114579125
758780767
-1781779645
990316840
-2135976302
1189422999
1382972085
988754687
1383162736
-302246899
-1278383700
424980345
-425072688
1055011865
1114328329
1329916517
