-839017339
918496528
-433422556
-1204642271
1242622762
571660529
128334546
-2101267144
1731632427
735604688
-1594530151
-1420225855
-458288785
108025351
-7507258
652060149
-641865724
46325652
1725766570
-449527680
330761318
-628926711
-818348164
-1864548197
677572609
-14645305
509685373
-1199716262
971530484
133642091
-83027619
366417474
-402593513
-1968291193
1004372445
942330654
-769978049
1122717844
-1511370315
-404690670
795632832
503993127
572292023
1665316848
-249941710
594625635
283265843
-372983094
935853688
-1648568146
-472988259
-1848872249
2101805821
-1550182489
2056979053
-714495174
219289665
-1544810409
-418734778
-1437111568
1727394707
-686023514
-1885165990
-99998007
385722143
308701199
775206156
1557531017
-659050709
148614551
-1019871018
-1601084176
1919422365
1408000251
1408541804
-1127964665
1258309056
-371149016
-1774489823
-709216580
201200199
-421248529
-1709774710
433495729
-1562484847
-1534913800
141847136
-221698736
752994350
652319223
-981568342
-475784414
129270177
1977070110
774348827
-1090789279
-1302089881
-844459310
-477637960
-1173248309
-400137672
-425158752
717593277
1829239992
2048968588
1336218482
2139083713
-1989380754
-1163113120
-595483907
-1622541800
155386548
-1541947847
181777021
1091555448
-1233857628
1652463977
-2103694684
-245679138
642632901
747056016
987396303
1723955634
-338629288
-976540827
2041800314
-1368714199
-1218628110
128376502
-947162122
301742314
262267978
241634220
-720655783
-1269213708
276437076
1502493267
1328224436
-467787586
1161115278
1114507866
708210827
-1218745441
-162358375
-1663459050
1079014785
-23958161
-1542687478
1585607628
1616720979
858414959
-2139696254
-1964969425
1928672519
302486885
2058701307
-543238873
-81978268
-742820853
1377480293
1620121044
1934717092
-886642263
-1993617552
-1230253871
1413313896
-403223296
1454846891
-1422222916
-1670425877
-1787836822
-1681836594
-196345098
-1765081990
2136713022
-1054535085
552033703
866159139
1595429753
1421916746
395310596
1432484268
1766039962
-2062909587
671698900
-247493946
-1021979444
-1068700302
-830200017
1152461442
1801360714
-474585952
-1701561976
-966352380
-1062302978
-2094052955
600513262
-92308363
-1431470484
-289218906
13933454
981915710
-231267379
311695766
-2001370756
-1866557582
1893135487
337185738
-124413262
1862837131
115194523
1743564493
-410358952
-1284229032
768717543
-533714320
-1117258683
-1302304202
497314031
292677670
-302936635
-276538498
-735596179
614598542
-820235620
-1891576515
-2115148047
1426131023
196187979
262551338
1951648957
-1704018645
-2084472431
1876226772
876264433
1481432142
909415476
-200407526
1241251559
-393625369
-356777216
1076635872
-1677492512
-425905670
1568957200
-1735024129
1141516255
-1333116301
-960220341
-163448963
-1178556715
2039914109
-1548666575
-328339970
1860527613
-459744748
-1931416105
-1991537799
848522121
-1614506792
-741066960
-1247604435
-1907491202
854886180
1185870221
-1389027114
-1725483557
-1193292705
1243614566
-100826852
-1566714367
-995557743
-293124774
-1703332532
1773215822
1158346553
2058465396
1309269065
191854858
-430945955
1549186223
1169918660
1227818886
-1317025567
-1995235909
-95316822
2012066946
1928966940
574118913
-1378747938
977808079
-1570354008
-291360795
504261160
-615662027
42993785
-937081526
1378161772
-1536074602
919637040
38634330
-706562786
708177234
-296147535
-1370811258
1989318645
1010221805
-1458272782
1348037324
-195002146
-1139604753
929617174
2111554615
-1791250381
365766667
-83987527
354349996
157906476
-912391549
1008795021
2020110818
1105791381
1833753290
311779621
-638125390
1286706625
-1475044758
-216456944
639187600
-839994434
-96985304
-915664342
667111512
2129576649
249961573
319236910
-615241906
783930372
-164679994
-172476018
2127031648
-58778267
-338229737
679710598
1319446957
74590194
1492371820
1638530926
1204172618
193998122
131930505
465745999
-448446
559503302
773739907
-88221767
1049384159
-418325599
87426470
295552211
-2105664729
-1647175437
1395036313
1073916083
-362114391
653803205
226139840
-461072400
-759547783
1480138912
1587662817
462307700
356571000
-307547256
-592402679
-1422707050
-1028902696
-1158027736
-338112336
-526770073
-703190818
-1316304818
-1264769253
-465275317
772176874
-964086375
135731457
486705612
-1335083084
-1862961297
702109297
-419693654
416789719
-1473277387
156624882
1243737654
2109811859
-565890630
-1435757589
719423711
