1619019198
1899985308
1418494084
-731794474
-751786810
-244223534
646675834
838086897
1773719493
-1338878616
201218416
858566674
-2134063254
670479902
-238960140
-332399851
1683277931
-574126844
1779379410
175049688
-1351508092
306540588
-1962183239
1144095504
-1801209409
-1986533472
-152096227
458242138
-1893960458
-887947882
-989470881
377501584
-2001374058
-1637968414
1458523947
-104874146
-712900955
-107177813
-429853150
-2055465708
-1297439483
1639128161
1801126072
639648189
-360464647
1991949038
731861598
1613368431
1339258600
165709355
7787234
-656161308
1715761249
1527664533
-105665002
-1497974455
-2108798369
-1566361793
849701296
787699286
799900109
-1313753590
1235088752
-1356240738
-954697653
-1999137004
854923656
-1493438425
-763911374
1310168174
-144054473
-2113835203
2126718677
-60585199
429395894
150651266
-1274519030
-1358857711
-919517864
-2085105590
322842088
652525842
50924268
-492652507
-1497967151
1807241723
889427301
1700737980
1634405298
2095958506
-891378756
-1133158432
-79078263
1676715367
651522325
-1545851680
1902766375
-1898183717
1435444512
212406554
-1732352201
-838554046
1238984386
-1838165804
886222462
898651423
-2136541965
-1237946548
-760064413
1248737712
-1562088983
177118477
-162781262
-2037074333
2134084726
-1817757821
-1359714660
1454004872
-1681927250
1614654929
1647524098
578325831
-1637547828
645947106
186428658
-722408493
-108334251
661669054
-1807473807
1064163039
749214589
90276126
-1691016326
-513154223
-1701957942
-1407213759
1652021574
1232151093
-2084896009
204709632
180864462
-657820685
1109504794
-1139335904
830956174
277240516
75395848
-1560204057
-1578910326
1199833186
730445048
-2035370255
-70823531
1154769662
696616294
-1454280381
-1343512880
1945034103
-1763032775
-470956896
-682801295
1873379016
-1280964057
-1256115429
-1505839931
1494934721
95722840
1238373357
881952887
-1347252743
1510699081
1574090888
1024417298
858773250
1714436083
329731819
1123983555
1039079134
1435385387
1018107192
888699235
830967474
76107
-2066566525
1696667829
673980601
-1789781486
634570988
1210311147
2112619131
-1915862072
491197679
1651063151
-1123033539
1760322213
-576737798
-1508639777
-1952245829
-1838631821
1805728831
280027480
-587192300
-225093774
940455883
-446541578
-1942862587
-1575537797
-2051242793
-2080937829
-1032992935
-1037708953
544735582
-1358611216
-83622752
182895793
-1240999953
1862636969
-615608290
-1880913063
-2118800445
-2031179252
1817777926
19073035
-1189940718
1139515827
-53457944
744356480
1739197601
-32121456
791647591
928520740
470677919
-812954319
-1852935122
1625143033
-57365326
1245598788
-586558429
-1820326726
-365599413
2141193309
1641331933
-1440189373
902141505
-1207062793
-1514203820
-2059550929
-597413219
1056379832
1018719959
1838909891
478966707
-1404915975
12585794
1531428618
-1421448079
-674632571
403870319
-2032202944
-1585644037
-249609569
1886989036
-664528781
-102366858
409762121
883223022
-759991961
-782058717
-581459517
800902790
848834234
-1953764688
-1967029678
1928576018
-1449405880
343805130
2048424514
-195090443
-1720847152
489660918
1797726764
1285451402
325495255
-639332703
771107964
1835926357
1517338060
1206839413
-1345500627
-717164421
-623431060
-1306606355
-1697179690
-961652364
-1119642265
1195892011
1571313386
-1121454850
-1896788669
1700600584
1294661435
1179234900
-1158457216
1527735149
477213888
-1889403489
-307627267
48116192
-1828631145
215308204
-966400614
-1034036895
-144141236
1274492128
704537629
1080065655
1372643931
454907752
-167150247
-101966203
2093264627
240261300
-38571636
-1044826015
-100512260
73225765
19217161
-40179162
-99804325
-1490881276
2101343510
166369353
-946891148
517026230
-1385345769
-903974422
1740976624
-263705043
849568235
-397187476
1464523712
-1748536414
2075964821
1091067975
-1289649824
679828352
439031071
768727324
949884000
-1952476253
-1659462982
-559277303
2025247519
-736939583
-1167577558
1458815806
-1948919335
626919976
2068916064
1720277456
-279625756
1985101225
-1227360408
-1584524595
-313965258
-725601580
1795947397
-933163889
-1233038294
-131436956
-352264551
-1252679851
-437199997
-587596035
1859398858
82350607
2017281200
-1243516908
1376124258
-1605154696
-633435567
-645433299
1301796599
-958710166
-770428166
-26094004
-1124912693
1766679661
-129453002
1505497765
-1597293451
-1174785648
-979795507
1168971413
-1606170944
-478118276
-157659831
1593429973
-387877166
1728216517
80624055
1773294316
258321552
-1069455997
-1925576790
1555706085
687519553
-2133746143
-887194236
864285762
1396392305
342002292
1924829176
1423112496
82450199
473054479
-1746334006
-1446636293
1725803002
-1468617004
1332074969
-845102909
-554370993
1091259086
197321310
-470828176
203536807
1951064894
-1999274890
-1425975581
-51513849
-1595186189
1575535837
-881269651
396454744
-1758341666
9051899
1715991684
1317889281
69896165
1536233253
-1613800013
172747218
-134582025
-531368676
-1131069742
153707555
740040544
-1492161832
555511927
213788732
2024524125
1469991819
-1371727444
-282100489
2114671347
-117659936
-47883295
-421131612
1398824188
-1125112701
-1792783836
-1006513108
-939806335
2043976677
2026938254
-1666048392
-958750385
-550247360
725608704
521792019
-714594620
-423878439
1478104591
-288365811
-1297292823
1922567556
-1784634052
-1953305822
1467630021
409014125
-1249910936
481993244
604925680
1830489620
-340535674
-1552052107
-646722714
-1356441447
-785245294
-342042560
498604957
-686548167
1034182593
-1600155576
390376664
470690072
-544246535
600190329
375524541
206249536
-804953726
-1367302530
294069797
-99344919
-2051507458
1823997355
-1027811533
-1435389702
506510486
602340637
-1487121241
-1343649585
37997686
-1375047392
-1056969101
1913596477
939746426
-1406821168
1407388047
-1639594798
-144895447
-508812030
-1519951095
791788129
987857377
1390267748
-364711841
-1287873859
1792592212
-1841404958
-1204096752
1467389891
-114531022
1461091915
-796523152
390903197
-670638553
378531380
1865965244
1799043909
1586776328
-1530196196
1186618477
-854055096
508433992
-109554992
1299917520
1342811340
-1024465744
-699158511
-1122617642
-1996948268
-1361425585
-476719245
1580960552
-896409663
679726766
-1454812537
421030526
-1176247525
-1696107192
-894439108
-268518607
-155050095
1440984888
-456709759
249501710
-1186276546
192120116
549473583
-1894606228
483429421
-690535751
-919881178
1630450048
1542586143
979439495
988047541
2137955055
-1975015797
854404176
1136360511
-270315356
-1444391451
1012188844
783923738
525598691
644345123
329619535
1254558394
-104440418
1477884028
-908606084
-219780850
-1387828217
1366329458
-1486967108
-113843159
-603814554
-1172912622
-1115117109
-1513056475
-448937941
1050740602
1231869395
983481156
-424673209
1195632796
744849116
2076588119
-904509002
1627794496
1527301249
456808291
-1825363872
2050517327
-730302489
-65569920
-1178844895
-1285306291
1140679915
427164932
-2040045530
-970418905
493976218
-488258847
-1685481350
-1681020626
-985692443
686069323
1305495776
-1714556573
234256789
866725021
-1849353758
-339634956
584671868
1891955581
-1270134486
-338395130
1739890413
-961631427
408278543
97801909
768862829
846805892
-537173134
-1728310184
-1820571991
-502223315
-469376309
-2109482231
-502796629
-1366199186
677993598
-262162588
636602696
1022122556
653158771
-1006609267
520163037
1363921902
-1189989915
647306359
-1935862214
567628320
401016185
-805396380
-27493155
-374577190
-1579294575
211166631
-496886174
1137315568
-1139641630
1625637553
1833799482
814663339
-331842749
1403418698
28053147
1059768488
-85816120
-1587080418
-97377353
1867689984
-1463316209
-609803910
-1445635537
-1368068439
-164783143
802980184
979423690
-1475955429
-1359617061
92949144
-191457951
818229302
2033120470
233707920
-946148066
993149282
-187732251
-942080570
1736843237
-1100868361
311224085
-413003525
-1748215791
-1449051425
-85476038
1333590636
-1527603357
768681338
381549312
-1419845037
1560487478
-1160564031
-985362368
1262524851
513952247
-633822291
1499955348
-877331883
-1362555179
49292761
1065801261
-1665744115
876675252
-233843866
-443585053
-1778289599
-112677018
2103758110
-1211371379
226291883
-695780836
325047003
1572572562
45868637
-1847026150
-1282900439
1359039168
-737590267
526630058
-2129198294
-162005669
109133426
-599372718
-1326539846
-358334343
662088278
1320298824
1798373586
771685517
-366105011
498776357
-649750991
19420224
-570355426
1112036825
2041916472
-2139354489
1855432767
2027090911
-1914340331
2004727281
371436190
-815499344
147702308
1386501440
-1996624994
-1922666884
1936726673
259135803
915096159
1522933271
1249477697
1046378434
1434100034
1697980465
304393714
-1813652446
625910187
-1409549110
-795217504
-1217165142
1963821065
-1472759836
2110333482
1561296254
1931412499
1068533369
-664793291
-1157400406
1829712211
-1895162193
-1404378288
-465083526
1533189095
1275025225
240762969
-592002808
-971027066
-1390441887
611925534
-1844055531
-429185343
1092448084
1755426630
-1912118756
-1730148213
2007064572
-1199878030
-830606940
792367611
-807518940
586401182
-314887722
-284133809
1630250552
300124621
-1598208690
-897077453
1725921340
-559401755
-1024886219
-539488445
2110507007
-276644905
-654446193
-1862993714
-1503278193
1725370114
-1775900719
-1772798755
-437426449
391953113
-743345482
-1700043149
-2110500857
-1624871230
-391460782
-2118060523
2048851419
694193729
1670407014
248205708
-1477912833
-1308282795
-1113810698
-960926743
1020810058
-1312411358
1417179929
-2056951352
1202128074
-1454097969
-2034178801
-1450850855
850181111
338944689
1185066136
518896028
-1944306902
985682856
1967289475
291827307
-1668076209
722273993
1458310276
542816957
-433695783
-1219587779
-195245494
1966698408
1798184950
-1064528280
640313297
-681411929
-811128060
-1143125683
-980880652
2049204125
-46316990
1502421040
1455923781
-964178151
-800130614
1989910140
-821714143
1289837787
-1767703874
606099687
-2061683458
-1662412137
1583841473
330930131
785688070
1190501112
-2136491351
1045969911
340395241
1241915623
-1393950094
701679934
-1920492562
-1056702708
1868898421
-203179026
-428046004
-1847301228
-1754657320
-858420211
-42596169
198724661
-1685919160
56689407
1022050876
-497697169
-1549854491
1147717491
-331959727
1778081811
-89147266
1988576128
-1997177048
-834593784
2140596990
1091717386
-847884477
-1948090548
612343845
445257834
-316246708
-2144675271
2061162362
-778064562
797279526
-2129939959
-1130721921
811103708
-1978358209
-1452652900
940689446
1217648669
-617072857
1217998968
-1369147772
2123966872
2019006054
-272671984
1005131715
-1214579395
2045781129
742252360
562650461
-1987646587
2114835326
-1623555528
223231111
-1522059050
-34810079
-661857232
-770235670
1460534827
598559510
1923640315
1380139672
664254452
-1304763944
-1241638296
1645160765
-808624326
-921177838
-1728843259
-1277684076
-1676906234
1759276845
1580863277
1301923357
2145224707
-1053903318
-1171256251
1527947276
-867668894
-1224400976
696151618
1715832196
880721405
1197264488
-1556359827
-2016433147
1820630207
-1870448504
-1204947350
486292513
-1240403134
1473595310
1798479734
434546549
-2024454215
-592436754
215829999
1838672343
-1476970737
276623406
1511659545
-468047412
-1736180144
-796772944
1131343646
-230593476
1783150152
1169853680
-1803518634
1201622888
-822074007
-224797265
839918793
-2147286757
-1284420623
1671913551
-1812143631
-431627233
740822603
-1352400287
1227429571
-1321690894
2049155510
-1990590340
-1060929040
814439866
-51601628
1286326608
-678304153
-305661579
-1304502172
155549178
348137246
874686068
2006027138
-583687272
1889458962
-733302775
1367994477
518445600
-1930912372
1455077247
520887514
-1908560787
-1848271195
1653855306
191253097
-1220883046
1371093003
-1743912065
-347960571
1240684435
-832730620
-549741947
886855567
-1632248088
-334666574
-1920683763
464381118
860647396
-1233321575
1360705087
1285775936
1152960734
-1882828450
-1997298379
136349733
-255236658
1773527505
1155501228
-1257826691
-1984220893
-2114871251
1128422904
968043327
352644562
1112734621
-1138280648
1204589164
-1163481422
-463328254
-217998133
-1810205581
891875078
1366860019
1690588674
-1904671017
-249814949
-1125327611
-298000106
1575428878
1721942420
1930051915
-1575112100
-1818499156
-1919069373
-491025120
-703548746
-2072852544
-290407111
-1728637405
-2050051763
1946070142
1708456287
-1738015613
-774914948
-1904538339
-408741945
-1916805252
-1879861745
282861826
-1904807939
-36645344
-1899972948
1319997470
-2132143197
-699944870
-221539183
-2038348397
1567807036
819643439
-1866522241
-1918482275
1212907079
-1958622393
547009525
1425653679
1584591760
-393243476
-548876383
-1860009508
-1680245055
-87126320
-1644855021
2057951864
2028039743
-1840419372
1103249587
-1670749441
-41634765
-1558613497
1843433717
452466484
1944965606
2096632492
217828298
1144194957
-2107399087
-1626730241
-261237927
-1385673266
1514989044
1784559482
-79586834
-1233442829
17398246
-296072876
-1212041934
466246994
-55782355
-213588407
-1484754788
-450604543
-209317041
446916256
-1431694553
-1470206860
-149446872
-2033519766
189353029
-666193557
988373246
-1691066617
-953091053
-284116470
717088978
1914077678
-826422579
1268607049
325325816
29564844
-86686845
-684786290
-1830549271
1233033260
1353672204
540637079
-1856005032
1783294265
-783096773
-717662307
-1192529022
1084408897
209419857
449394614
-249071670
-525747108
774189745
1857081978
-793612412
2065879179
1785607386
-605396759
-604123120
1859049028
-533930096
-1945800052
-1278993109
602441774
381032028
-14900263
-2034931327
1317813544
-1574712777
-955918629
-2028811131
624266127
-1305307775
-759508462
925557125
1247632576
97035064
-1905104489
-734616584
-1343802149
262624613
700487299
1329020186
-1330335030
-622043431
-1449779055
1147836090
1554156673
924730393
1583267330
1962264402
1570933638
-557090922
1627835840
-121525416
-1780855372
411206945
-1163915322
-780714029
1189531195
-480444259
1408171966
-1337028048
635501290
767437813
580957675
-1472439979
-1497376336
696354896
-880577975
-1976071178
947454559
1273284227
169489906
-1156478936
1510502579
1547422407
814091970
921739315
-610995565
-1976256597
1967520062
119939243
1182185110
1985819723
553155761
-652860479
255442632
1962500546
56124823
1769522646
-1509016659
-548391972
-2040511937
-1415475375
-1061874811
-1181212400
-954825301
-1577900111
-451470895
921329069
-146901830
-1066228251
-1583760619
408032850
4735368
-36761126
1479287008
-1687134814
-1600325355
-815338666
-1489759735
-1350254280
-1626790108
-1424045564
1882329914
-1338656295
-288140187
460942031
594054066
-1552717080
-667303211
1486012018
977924678
1317168414
786762853
-391852720
-735164760
-1125949319
-124549159
1305904256
-368026901
-1784143499
1813747699
-629030868
-82333370
-669713031
304171216
-1709234405
-457444841
41005716
-541204591
-656692341
-1969537493
-454850968
371081276
1338295619
1139597628
1364582502
1661423076
-994723607
-1156699974
-938093765
1803397384
83984528
255812302
840452489
1975545913
1568287125
-444380773
-1523988006
412935934
-80757845
2079547078
1052902865
-1776605445
860749107
1459616568
-148592478
618807119
1596041424
1513821986
991697091
-659265986
1757603898
-356970943
1714561251
-313908976
241969235
2013455458
1561703451
-371358152
1398905463
-1639330264
1998340450
-987431497
784267031
692322829
1103120966
-477158462
-1077521016
-15264346
149303513
1653060002
-1381749480
1446275882
1036742888
-1381527333
-1152789662
1146123060
336836723
1144028304
1883311075
1743111879
-341142696
-262744795
1248885964
625040787
1181195856
1961003557
-1812849383
740648054
885945631
-86360474
1620701154
-1804220
-450703353
-830862741
-1579376400
1370441931
-1768127363
1659470089
-1028991342
-1343559663
-686924513
624613964
13585585
1845905887
252574948
-1955108710
1001065762
-1968588926
-690339436
-1843676135
1108105531
-1769784368
-266282629
-1280829362
-1349379928
1352616809
-1785003943
1762664454
517398911
1986866494
-729507940
-1457595527
633073040
-1987909801
74452432
1184005291
501059842
1949086672
321702230
-1157265899
-641726949
-1408220636
329058899
99694469
-522411426
-403945299
1521711083
359621953
-1096496934
-1493095829
-190853969
1612717426
202452416
-1640516348
-1867164077
1056554944
-1515634889
-588825845
1410153636
1762683705
-1839741076
-512979324
-1399733320
214689398
1730092012
1758961575
255786342
533816832
-233804235
219005924
137928184
56153327
17764745
-1910839001
-1592006625
-872709164
-1742616059
1045182813
-1930435545
-997957160
-1667139342
-1991052747
-528132501
-249027547
800438875
223769898
893069578
-569507964
-796571681
-1782000703
-1305264934
930601030
512308424
1531010063
-1739663972
90377320
1137661787
-573249154
-16181903
-966181903
-823561359
681311695
-1766245492
-1875201121
168557126
965928546
-1758619095
897736130
-1313311856
419459509
-886343746
-1013097114
-1367546925
324270378
-1452322961
1687074743
336774131
-1070349556
361505990
1698279329
-373465590
-2055143213
499113634
1131657142
-42949765
363261351
1908268400
-718725547
1783025735
-908144350
1892696217
-807544825
1281126303
1936386650
1321439035
-662303700
-309357127
1583777566
-1508394982
1430800342
823681767
1441385342
-970154792
662010612
616440804
-668734064
-2066768796
1243685810
-154295439
-1443436175
1727189168
-1014608864
-2060812000
952889738
-1683098714
-83083759
-987848338
-687333612
-1036771492
361238853
841485079
-1073928483
1986583941
-1819904054
-1523137114
-609610165
-1955448278
-734303074
-1563325109
-1654891359
122473882
-110384999
-1632538640
-1031691135
-381554273
-1082261111
-2083412083
-1660993103
-2039507470
1596004254
837961147
1852585761
-2037094416
1305736456
-1704885113
-472442580
-280346228
1717994462
-825700215
1016156190
268702599
-2072969663
452452404
369983222
-725369121
739228865
662269038
1131876972
198152580
1411581695
-77439390
-846906316
2062965329
-1691825518
1770358421
107732612
1718372409
-4170706
1162031415
452013012
87689409
-196696317
1993157563
1289158372
-1596270163
1123774050
1395462057
-399298813
238911998
-1945729626
853796530
1833067661
1227318811
717103697
802651140
1995780532
792210253
1644014708
-642584864
-1003523197
1220517488
-764497580
69556841
-491897056
-763440665
1469832266
499295933
1057546065
-1618434352
-2084562453
-1644701879
-2121947583
755316088
2093107559
2110089816
-607938686
1440663825
149954614
-1626890771
1002843733
1637245602
504439792
-633492013
-1107246039
-890702018
1536482940
-801218830
1976785761
-1613898376
-13782931
-715559965
46322266
132783637
1012655528
1800054469
-187514196
-2011456509
1904406601
-262347695
-871919442
1819953034
-1436750393
-379059157
981167935
1029492928
-968959403
-1422480773
366566339
-623801022
-1562241397
194346684
817714796
1406371104
-259120315
605488083
-961979718
-2037458151
214415307
1572101475
-1573725116
1015481351
190354993
-702245281
352635832
-1415282276
886424065
1799961824
-393320417
-480832434
-603980522
531130168
-856203163
-1101752176
-894128438
970552902
1853229336
-179567806
1508088147
692791563
934062704
409416041
-530579094
1646187901
511650447
-1410498782
-1196807123
-1589781861
1747097608
-1023125037
137910085
1317773249
-1656989531
162152868
1905561419
2120725820
2013200484
-1076105683
1343686759
-1160189407
948901059
714771056
1314577722
-1460442278
-807780291
528825353
-2113579011
-1919336447
-894453229
-1406703196
-2041173526
-153766160
-292493745
1178629294
-981912358
-1979082344
1805480453
895539790
-1795634385
1680291858
1131311068
-75239530
1983482355
630891123
-1343735604
-653480715
-1898499775
-798252189
-1757211352
1140800752
-934535453
32264176
1611067871
1639465489
1623412540
-752861025
817276414
-1862399969
-1701902232
691390404
128683128
-1755900786
-1833135199
1798027539
1483372073
-2091595207
-1411405596
810784374
2026321944
892867662
-558468909
1711879712
565991932
1531006088
1089552604
-822725151
1647356161
-1772367708
695694747
1556664251
1698476747
837352205
724897661
1403708342
1713269946
360018649
840103333
239028976
-1440117904
1147078392
192283410
-1766275081
-1327018353
-1121941334
-1698741759
-1359009701
1417725127
-346269391
-1660290673
-1274254467
-323302385
739614408
-1005948510
-2131426643
-847556047
1444107475
-793079542
-508854668
-1824286324
-2140689577
1370470882
-1514062547
-2071755243
-1043764821
-2134407108
761982682
174470814
-1273739153
378492668
-1473707468
-1762103717
-1289718083
-1851478268
-907981053
-1383230815
342933150
-1819605871
-1439133264
-1521467153
-1455817537
1700095716
-674264040
-516439758
1698553700
726205988
2129715106
-596912060
-568450915
-1584942206
1182397587
-1833648459
-814960714
-1423982690
932872864
-2110963762
-351240717
1792072488
2058063556
306791634
-220339588
-810820150
-703073709
1688424583
-1833121386
1638766405
-379732145
170372852
1369842452
-103608614
-422504966
1666997611
-2040183796
-534260502
-1203880020
1894837961
-761188404
1597328096
-1106107674
-357437444
-1233322994
826541390
-1014143834
-1162899259
1214104683
-1622234026
-168310020
-1591765826
-1571299059
-1114112437
504280285
931057822
-1062447959
-859055977
-1824343242
-1225345092
635086251
1923967710
1023790916
-2091926063
-530934094
-1462568861
-391353822
1090621697
2002022974
-49165398
-2022071901
645820444
-1243226713
71516255
-375966111
-957931232
1659660112
-952760458
-315101418
187255810
1026442268
-114488941
506713385
-1235075667
1414328353
293571499
2136155788
930895690
1165272731
-184256022
-730459964
-1130517054
1786176803
-500368169
-1055618744
1365417344
-1976734176
1515240629
2054346511
524768891
-1528398211
-34572500
-1919114908
-867195789
-1770902884
-690369752
1208063996
254572410
880023178
-1805558015
-72611767
1175646389
2048654707
1771488476
2126181392
-1770981533
496680023
-844644016
-1639023303
-2081973729
1859179517
2044647500
-1867597083
884195425
-1525770712
-251444169
-563983418
-1255018422
1250783752
1335802712
1869298090
1941056672
1926042611
1846519671
-298450345
496840470
74861652
-1298877500
506452382
-1086553391
-216993309
-1394027272
95844522
210453287
-1611058410
1960128442
1667567256
-1819442519
1070861014
730890563
719791692
336109155
-1987457930
857337412
515085698
-1521024671
-926352672
423058438
-945895133
-977920907
-813506799
-1549944877
1515520729
-15362505
49713606
1380700308
-1295885339
-665127091
-1460245385
1652991675
-1485332177
796743404
-1537272444
1517311586
544758942
2098252702
1802935214
1226899380
-1227907158
-1928223675
1398625480
-1279569525
571368238
-683954849
1747022765
57449051
1739559042
1127876235
1017219444
-1126005939
-74774583
-20951989
662267362
-977348178
-1186842746
1432754698
-1242035425
305400458
-1708779147
-1339414431
584362157
-1166330732
582985880
85101461
-280768107
1199502408
-467590001
-759966108
1768776162
-31175085
-659048916
264316160
-1235826861
-1286775758
1874479430
1214469211
-1772314293
-968384744
1858842573
171305381
2106715148
-300802796
1815306783
279735826
470428452
-1643795341
376533145
-1232387360
678905638
-1708387998
757561967
-1572130408
819663517
2033766872
1956232640
-1829815149
-1667782082
65070002
-710372124
-2058849345
-1742134180
-1115907810
-1454115576
119263651
-1199160416
716271421
366985725
-1571134304
432873720
1184342788
-1379333300
-2032383879
498860239
-810962846
-886471027
1897083924
-1178220673
-636870745
-1641555208
-1204707455
764723459
915293476
-1746365892
714065467
-1463439375
1942148878
-564346225
736627118
-1261414490
1644789159
898156038
1788377081
1974597058
1413267871
1236177702
2142206708
71392982
-1254490954
1483508410
895873908
1062974044
-1098436442
-962933018
-787921715
-1600923161
256174144
2059302780
746329240
-2063710309
-486897963
-1450494067
1084015285
1180018654
-1479693865
-933148605
-649273965
-1152615857
-1986297666
1245621486
-440068434
-1163213322
762658608
-1283972005
1486191449
-82420547
-1385231013
285170540
-93719107
-1000906209
-373089627
1849767141
1571248673
-170784482
1614853767
167787139
930448491
-1274430086
-132541514
-1539536046
2031045093
-611242977
-56780413
-1099179200
1383678788
370007774
-275257469
1373198316
-900943130
86859616
-502927502
-1402042685
1297353563
-2099964585
-1173632684
-2027720626
-930424281
78992373
-1248385572
923118788
-789898555
117131937
-1269529838
925574630
-1701956115
895798504
1739622191
1394516492
474493209
1186211249
-1629903413
-215913350
-1975004603
61958580
223638329
-2073121033
699317239
1405746477
1459046961
-1788718944
2093008254
-315211572
-230152272
-114397703
-1954933891
681089519
-863903461
1843904068
-78662485
-1484240366
657725610
-1285391851
718718675
-575813243
683906051
1994299174
1196058658
-197289632
893835557
-1206162073
-2102855519
-84295500
-1500170873
1968707929
631599103
1739680003
-1893952640
776417180
691129236
-1195815439
762626537
-1353607738
-1942759262
-816909254
-856878592
804099189
2068176605
-1618748442
1539010447
227309223
511242028
-210951749
-1069394099
-772650424
69655217
-1171831821
1314213763
351311372
1950225927
671415855
-239483150
-1883891585
-850260790
2000384171
513572339
544400473
2019469659
2127365810
697425376
-651071978
433460452
1805111379
-1053171022
-1447403834
-897846375
1954759508
973503211
-77447135
822190401
1645516646
-1423081034
1006458334
-225758732
-1569705574
1623045963
-64538556
-998425818
-2008952045
1684036504
-506395648
1634707683
1416396541
986140445
1273115449
773989212
318655421
-111026665
2078634977
-1374500703
-487353495
1961925088
1618743118
975191727
1763194746
271770773
1944565512
984375725
1477241792
409932537
1722010340
1917129330
-1117668203
1044400280
-1408996271
1915545931
890651733
-1843170769
929231601
-411709190
82002957
535757386
1623496299
435932672
649630578
1492603951
-1453235841
1185838622
1628806163
-1671702278
-264322470
-931406823
328324050
1712812809
645024811
-1625820226
1766714000
-1305435239
517373429
1829220901
962436903
-2012451151
658809510
-1626902983
969240477
615586110
2130976361
-94878345
-72968043
-134994561
-665797320
905480437
-773384184
1650536867
383702708
-1333299547
-1639274699
2120064175
-1268950216
2043986650
382525398
149362085
996351531
941667851
1700528275
-477529886
1379266965
1712972503
-1038678853
2081071047
-558930188
-1141786551
2066285361
1561396891
-60012208
-1951304612
-1601763164
536112304
1001464973
1938635457
-1938497278
691393219
-348164609
277566431
-955743187
-384926808
-553901501
-1666066406
1110120943
-1906584794
570551372
1850559319
-804140757
505962271
-1983501892
-1241060160
-1625831850
57679604
43606132
933871300
-964274908
1539374375
1363212654
-371094687
-814829179
1547581249
-1561242423
-869308251
512037842
563601397
-1446212827
-66879119
657146947
1928716165
-780439503
1252271744
-3378779
1978144356
-1027888511
-1182372953
-476889272
-295467492
2132210852
1111283038
815676989
1945019505
-1264264331
-563815810
-1016707647
1922907334
-168194639
-1690026421
592273139
-308378688
-1988521782
-1605138763
-1333512243
-1071234775
-562860294
-268234022
64966993
-1566297066
316519066
-1831037489
-2062263038
63640906
-1817656653
385546656
644578709
-249898020
-663128875
1693380244
1836539624
-541579240
-1281726425
-272192843
-501065421
1318385827
624917951
206806414
-2020732036
-2071130655
655884851
-1674503114
-1205446320
1247453082
1608604784
1337674125
656349103
-2022815525
393565641
794148549
-1600080569
1409240602
1743540050
1146468388
-1771750939
5743005
1763506287
-2065970681
2075916584
61950491
-1505207641
1076191785
1091613815
-500101213
1532645053
1654561061
-277977036
736400060
-585912575
-159311815
-146458575
1818767821
-554378525
1062541132
1849569123
-1908711233
-2011930680
-260720847
1566492372
202397408
242670368
151665709
-1100388386
-1479657718
-868587080
1459219638
-1400414827
13309443
-197576628
242784381
471591301
-1422556377
-1981019808
287706030
-1620611172
-1610909884
1938736207
-1097141642
-56824471
1761004996
588669347
-1931349819
-981782393
520465425
-1146566489
1241772629
-1952546733
-1724417228
-348360133
616232682
2127998692
1671255999
604955879
1372511962
924370236
-1277748243
83779121
-103547953
-1855799622
2003068935
-1278984910
-1204065845
22742995
1179864328
-1512897946
1159820396
-1612925951
-497255036
-579602236
1464241264
-600006918
-2129188667
1441651726
-1755082372
-903680731
1575806006
742330473
-640519144
60268361
-2011674876
-947175632
999322622
1704471943
142547969
-1241158396
875527828
678911370
-320647732
1310514471
-207588939
195545084
2146693423
692344330
1092110007
1101316411
-1703276089
-753886428
-1813091927
867473740
259204330
904146948
-663568164
24798991
1705330372
1663809705
-1784797020
754766516
1800906179
-510686447
1298687839
1143640941
1721483317
347358735
-1799692874
-1807969179
1278892078
292389217
-1582860510
1155593455
992035246
333638401
-754999630
1343838210
-1738707197
878273979
-471909366
191510245
1384046444
408354047
1148976302
-1231017178
-1325771777
-2114862600
533294464
1330340816
1861676748
1669785052
1602660487
-1117734436
-416014271
-1273453179
-28140815
7542759
-1701411121
-1385768383
-441440421
-51435227
313566413
2042577893
-1263294386
-1058110571
-410611555
297787432
531076877
-539573898
-1038482676
588702509
697195149
-565428743
1983801342
636560737
-1841069372
-1941477065
-2079664822
813767303
1197405222
-996743324
1715080162
-602561008
119588716
-150474939
1428612919
2128175279
1272242582
2014419935
-2011832613
-1110957267
-544634829
360129904
1449295463
-990778759
-2082179616
1579169186
-500041826
1442801922
211170061
1403374334
-1933954350
-144844471
1285797638
-2130354274
1530855814
1455220145
-1279617743
1255360294
-1847765164
-253576807
1631861396
-2057275404
676769041
612863916
2066808730
869741462
-879955410
1865109879
1992036886
-1147846020
-293490591
-152232901
-1242203256
-1203652882
-172931709
211140356
-437270626
310864703
-506636357
-1434221062
725815036
-1807962301
-1989679140
1630988022
-1385207233
877910269
-1907186165
-1239096489
29692223
-227038051
-779326299
-563268842
1679338132
-1057894488
1641088351
1918864664
1794019163
-1968653448
1266523309
1235001539
-835713222
1843782375
2126415720
122983635
120176800
1382809415
1226915498
-202498194
-1497167535
-848250732
-605047300
-495023243
-1613657311
-7594772
-1486327885
-299090148
-681209601
-1562141889
909702038
-1961191492
-1071179723
-1308789438
-757691452
-2129187097
-929287699
-184230744
-475305004
154000573
-357205770
-619303020
1103930942
600443773
-1383751736
-2102523832
709858296
-664719266
-1529521467
-556985310
43749988
51084703
-1382733119
-653400631
1451178856
-1926422051
1447218116
-83282269
-107054114
-308041564
-1754248178
238570378
1866542127
-401584057
116854618
-1202949954
-236974278
588343539
1480671847
233685276
289954681
264900866
1505264307
-2042450800
-1324600730
322495116
-888095095
2042950087
-1418155493
282289732
-1106079426
771751721
-709866184
-1763352704
-1812422730
1495265030
303248648
-1919924839
-1196967635
1928827662
1695293926
-1976009100
-1555972045
949437190
535573981
-1074581919
1292869624
-1829412167
-1812646514
-77549277
-1396780599
-473640148
-414420138
-1970466737
145962714
1420083988
-2071017297
1362168537
1475758661
-1751608692
-966770218
1547928043
-363270318
-76694014
1759010734
-428581128
770531321
1721828466
-1923738652
388450065
1716715428
-961332009
-1202398381
-1743409289
1369839160
-1947103523
-963732824
2434928
327268182
-1715731750
-313777847
-1384649890
-526231075
-1802461953
461403762
-91548404
563864499
147879882
-1939254111
1402404171
1895706053
-1701342786
-1020168396
-140795203
-1787870133
1331118678
263691855
-1664341520
-2098010288
1215203894
-513315581
-1884697938
1812664177
-1577405788
-1405123156
-1739604334
-472548636
-36835275
-1074624358
796329182
839288508
-417268533
-809051918
-1647177844
-253634454
997186750
-709669930
567127458
1347787654
524370776
-1569380925
1522910922
1617254351
1838893703
-1589769669
43105313
1281205104
-1377865267
-832650845
-2009759153
-1206241915
1223891066
2000550253
-708720425
2101091548
1127802653
1295540857
1899938479
-540664065
808639544
-2030448200
304243730
1148289906
1575743538
45434642
-1685313131
1332596536
-2067561327
-2120483191
1821228152
-1402850148
992219752
2018635678
-194443202
816823085
1464978445
-2095030541
371299712
1801413641
-1827330545
630023729
-565690883
1796722270
-1462731930
369727019
1824886260
-1372970962
-1362149140
1305679683
1540908725
-75614383
1334869004
1832905740
-758925707
-1188927808
1001746616
-1550370255
1593792866
650331151
-1621575008
968605076
2137880567
1670662459
-1071561312
-1905800774
-212404592
276450981
648534393
-740459163
-1610167744
-1395318434
-1141035837
670305410
-1794816286
-27936347
780776226
-896187323
225557102
790812077
1331665591
-1035162222
-2046170739
426114210
766160090
1287385502
810828142
7810542
-1200552443
266233046
1566233306
-830619465
177395986
1262476287
1790077573
-1514063956
421966249
-739692642
1550473895
122490113
-600643085
-1526263399
-2093561397
423017143
-1130608749
1484134685
1357945575
1443201824
-752028715
665397442
463684267
-2001748574
-2095693016
-988966163
-367911395
-711349317
428015561
-1302159242
824450661
1564351044
855059393
-676307574
1899879909
-253144327
-1047171567
1390661841
41906828
1366499896
741449514
1876230354
-933457556
2070738184
1352345762
-975344746
2103105417
-670739619
1661021221
-781462389
1747667955
-2043528551
201172393
1600949419
-2129563882
-657974186
-1779172123
-2077517603
-623154353
607880546
-196953597
29907611
-623625533
-702041846
1787777427
967352020
-665725332
-510358373
1131297731
1926444818
-603012492
-509939931
2065222349
855146719
-1163949115
145623426
1476752560
326205285
-783676704
1639797398
1733198882
887384916
2056093678
-237866025
824075460
-1245192952
1829231636
-1862075889
-1458045289
938210538
-984232949
-2134520224
52745390
298001941
1867536367
-935806072
1165613861
-1483045059
98839638
-1528659098
-130074543
562810316
1877729444
474106045
1901487416
854677325
1832373916
675631414
-495099581
-2117671667
-1232908486
-1832361045
-389747407
-437785089
515928257
1524254370
-2126839473
-876172576
2032171535
902374167
118092517
-2109390694
-1496264905
777834366
-27263757
-1039356691
-1362556079
-1707325689
-1535500259
-732735156
-897555573
681365795
1936231907
297760772
-517101692
37592390
1590825748
237997987
-1852411175
698013422
-1721813628
1576392855
229073919
527398372
936179964
179917077
609774674
1666010818
1110605681
1140435771
-1292006034
-1635309644
1694759033
-1218348680
-1202350147
153146754
-586116102
165952811
-1632780719
288728269
-1017091036
-899925110
1351226356
763728792
313694880
-1288291131
-374323844
2145263370
-1616188151
1492621674
-2039274142
-65296015
2042752155
1229797898
-638395243
-389235574
1828793641
-669487843
-353446772
-11490305
2126583636
1071167266
184790682
920607792
-1858297351
-1893727990
-822027131
1753231670
-568152341
-5191466
1436986968
-976066012
-1500250399
-1950599042
1842801016
1642687631
2054680754
-860862699
1800355060
1587790928
1895923647
-1285273559
-2103040223
1242291079
-337562193
1836354927
-4710298
-1296191773
1295516513
-1518076257
1312563028
1480393249
-517327586
908381085
-1475098119
-1059333934
238089742
-1080582951
-245569419
-1836501152
1312560877
1503847927
1284435149
987525202
362613758
-1162199375
-901209089
758219214
1859081791
-1362631172
639591509
-135313569
-222180387
141087593
889343230
1683522552
-678988822
1770912462
-942052646
-1160443847
-91362996
1249617445
-1489906028
-1599047440
719485176
-1572206157
-1606082571
404781538
451833696
9991788
-1581540745
1077690570
-1968813782
-413741419
-1267835111
346805409
-1565607135
-878763861
1533482865
-1401586401
-1984576144
2144570499
329836039
682894977
-697481715
1976751794
1496252383
2137636237
897039986
2019053102
-1472017577
-1337145390
-227589998
1153558581
1645516851
1503706164
-918964470
214021741
-1767947018
1981603751
-1470301033
-131196084
1569744243
-1294095814
-1053264184
-2072616775
1366539938
-241633193
1060186100
1064801523
-1258673225
1611500617
1312320621
549966257
-417251216
103457789
988075765
1565282699
-1048429394
-1057708276
-1646796688
1330706328
-781966009
-1929891592
-660447525
664677719
-1449781734
-2006123595
117766012
-327927086
-1110171293
-1220645269
-1148649381
-1876853504
-775270321
-632826758
-314473232
73080427
1525586130
1668186302
-582262243
1742091794
-1364992840
170156307
413052253
723087504
849692154
-746469861
892525374
509454204
1440388178
-1630706882
1402624268
919997203
11218961
-818558222
-1890480690
-736181740
-1494280656
1576004412
1531475574
-518315029
-1074138716
555896437
-1125297837
880472337
1143862773
205333585
-1854796598
-1766838862
-532066543
-1982114019
-1636995772
865436303
-562415011
1044984135
1804869226
-2019604443
-1317855988
-1198434525
-2041240689
-110125041
-2022102092
247011564
1290296174
-616021848
402487070
-1797168888
471141140
-94710028
-688295331
-829308273
1424073759
-962387265
189089313
700935181
884816424
2063872262
-1313897140
-860224889
-1362732163
622090390
855840453
-840652612
249184531
-2070291213
1755408524
570537644
441616826
510942074
925122575
-1182014115
-33098606
-1681037623
-1176781893
121631452
-1198797123
1462563934
-97363499
390464129
-637728683
1672773758
-196470647
-1688584841
-1557060448
562957399
63112003
-1077905540
1949202818
-1278584216
567066941
658955236
2020635187
700189984
-710280872
1045948130
-298727119
-1902933051
-1545232592
-564383990
-808718986
534368663
-1008239254
1873855249
176883437
-727282891
546738511
-780197929
-2141630942
-162519490
747441054
135266983
2023467833
-2045069510
-162854243
1275239357
-1144729567
1683282363
-1710071439
-1822038776
-1413266935
-492835137
-1360592721
424288560
1153566226
2131975512
1876218930
222086873
83551557
-1094665842
324348462
1115773993
1926527942
1712911748
1035663237
50202248
-176847030
-216989480
-1842442919
-1409625434
1218062534
837188176
-1120496671
1329526977
1208946024
-531933262
-1521131904
-1710776025
-1660833078
-1916164110
-954274541
-519574278
-292275611
-1583426670
-1013109110
-1923463373
991330371
-1470103739
1193105593
-1371061784
-2027067144
-1397787434
886729072
390497233
-414410030
1885681224
1319511240
-454915576
1299584591
1292574525
-806148929
1047544336
1819697615
1705982107
-289944057
-1441284073
1376468106
-1626004884
1137393178
-860121729
768478403
-1602635771
1826260625
1008765850
-1566933699
1823101546
220580278
1737475765
1052573166
325274864
-1122366377
373921111
-2084824078
-1811959772
-1529491235
-1547735094
-1404377918
1992173291
-403452004
-873468966
-48117595
1870504426
-1026006933
1588046044
2002694245
-1105834713
678652279
-1424590862
-1075561914
194624496
-869144748
-2041035636
-1170517453
1930391291
469197396
-612007631
-570844870
-705619762
-1565989604
584522878
-1763553222
-755219359
1381517427
-1683602833
-518080037
-685424127
381151325
-489656867
-683268163
382828150
-362015128
1888259655
-1900206349
2000529511
760274245
-1505344044
-1686732878
-547993603
-1407194727
-1696562280
228064325
1116712135
1145809941
-2112815594
221260612
1504990685
1050806468
-426094075
826904836
594491463
-509991005
2135083350
-746914735
1388939167
-1370080650
-138277258
1725690458
187294964
-1566880807
-373272624
-331389460
433919985
1938713492
-1968859243
486944227
319731262
1378339892
1503681471
-1526862116
-979739355
-1874745898
-1170830766
-1982305233
-1266392712
-1523453371
-1021012508
-1491962852
678631858
674977351
1132611168
1591794499
-714070436
2131938355
-1050848762
1865235289
-2083824462
746382279
-378142027
1410558232
208615302
-404837576
-3511444
317445495
-745475485
1338742153
-1872694770
1895714331
-1364937996
274395680
529215845
-356790004
1579181222
2141505941
1692825448
-1558878292
-283235700
-663800883
-1259379776
-1854849820
244943747
-1978500281
1716677256
2132697759
-1777288042
1311482293
41631572
-1371866501
33926563
1847204302
-125735820
50836926
-1670333378
-2067871134
-424633734
685695110
-1712246571
297774766
-1244705800
-860591036
1185278483
-202070031
170856845
-1150833302
1499126409
-1109961666
-1782744541
-2121875357
794705035
1243152020
-1141030031
1336854979
-887447464
-853607381
-1589408057
296977855
297875581
995560208
302849546
980146911
-1289615238
1901757940
-637805316
430466033
142989733
1659928895
-733136192
817112385
-700966322
1315710315
-1382148195
-485564154
1705839395
-1142564208
1893288705
-938229986
-1240277290
-257746630
1266288073
1849048062
1021489148
-1880492926
-1206152001
1823118051
-1175424712
-793071268
1977894755
2079201101
952581016
-54853844
1743879918
-67685971
1578213182
-1388075617
-171497069
-954469540
1503910466
1497021368
-1658507769
-1640401457
783817175
2121382953
-1429632188
2090170633
-901043796
-723514652
449720456
194442576
-2054539884
780648432
1321062819
-2029415389
237535592
-1520710784
-143967374
627786858
981351211
-1906587840
1732963494
1946312175
1774177135
-141883150
-1480132918
-1351743476
-1146140680
-1297233351
-1929286781
-1907763290
-1927287650
-1575978571
-1879451112
-6760359
1237171831
71993679
592355636
1228633332
906607925
1227836885
991631595
-1359547609
1755137739
-768293944
-654321414
1070364283
-1244819114
1019301236
443719506
-1329021311
-286105797
575585857
-850945321
-648735666
86069644
-631093431
893263460
-1197139162
-2141094737
-767682262
24576018
493123702
1450255169
-1490366692
-2107955014
-2088597753
-1452164297
-679217339
-740485193
1596557681
-445865658
-1517007797
-1117233424
1792151501
1172643460
-1828490197
-1669440747
809141421
416457807
-1520412599
1764731943
-1542056624
1420321389
-1183814969
680931902
2042980626
-373449868
1822256409
1500222086
-1298211807
-558081172
1197509593
-1105950582
-1301073547
-369986382
-1574771753
-1908832332
-598282239
549119775
1425589364
-2071367404
-427303130
821302632
1394492207
1674273120
-439789976
-1193710393
1651569792
-1389307077
-1358343069
-304258341
-963912220
422171066
-187985665
898297292
-471337671
2014336803
1140260578
1514396338
313835851
2031743991
1014329382
52667959
1749151662
1079568946
-1931718069
1352973178
-1844710451
7858384
5289327
1629502774
-1274346685
243200915
1917326012
-685851357
-435879063
899187459
-1880455647
-1175288421
-1902625745
-893771594
-1175294141
-2055579263
-1346509777
75760593
389066166
1920323166
-857679361
249524686
1721494631
-876436276
-2020204858
-602151041
-2092650403
141345559
1523181073
-1027125679
-336650592
-990857696
101535463
-125976107
1185852792
564845700
-1596057062
582068604
-2047920934
1869324286
-511512097
-1087034718
2065306143
-3448567
-1448339807
-1957022003
-1430433033
-614532919
1035044113
1376696885
-1174004836
-1499990741
-683349631
1806610055
-591479734
489288522
1258222706
-2053237275
152316397
-444548076
-829102997
140059185
443403804
-1737947347
1023170827
952700043
1641931334
1590167571
2073084769
1368416535
-933246422
-2040780414
1890518907
-1561738493
-1333976692
-1723622631
-1234099396
-404722488
961114405
1890293052
1417473650
-1906708305
-1624260902
601192252
527845416
-1864565354
-418616015
-1211292747
1154893111
-1653003277
683744768
-738312393
1005466659
-923789543
118983782
579613992
435587619
-1467988294
-1230794241
858466024
-1133048447
-743002964
1671678802
-495572682
-1806249692
-88884497
-2099015794
1084322769
431478123
-1466083857
1251487606
1865246562
782983739
-1245239547
291418008
-936800871
1644785243
1571754819
-232885820
417658773
495364094
-360457616
-689405508
-1344561528
667546273
1053303377
-365790936
948349594
1845194263
100954666
-1874383156
-911227890
-44803359
-1818303868
297182460
1917178531
1171812291
186090799
1580329806
-407646404
-791251821
861194634
215410577
-1784640574
1096234579
-1348771583
1991981566
738760009
-947967870
1753311190
1774497965
1142002801
-883406930
-572205532
533790282
-804728818
-323022514
1424588065
2014685192
-1376471541
377922766
1250104483
-1313055020
-398750069
664101354
-128705307
1448032206
1667218768
251435070
-957179766
-1815382028
-51104416
1831017502
976216801
-529996000
1827799781
893637795
-1173281175
-2138120652
-1446899884
352229125
-637913192
-112229229
-1629715502
-724901072
-1352345640
-497749806
-669946414
-1996401264
-157637423
548610223
1587841538
1898570288
1049114605
-1009976255
-1818207897
1200237826
-249284072
1705629809
-496835386
-1764715648
-1538428985
-1543754584
-374812090
1416477555
-877723332
-1913557047
1182904658
1962392337
1198162695
2012106849
-1109221180
-1039192499
-918846769
-1193690083
-1254444225
-940585621
180395090
1204578940
46052827
-245671726
-2991447
-601760060
1096301832
-1540952539
-1081054768
541267257
1283333035
-2069882221
-1034822554
944918412
66758797
-1551876498
1110280624
-2073906030
1225160181
-965077510
1134282723
1230878517
-2090573934
-808027257
-872216926
660830383
1083576991
1934800578
-1726673467
-946693644
1729000513
1724116295
-839195557
2029465711
1706658354
1764264057
1319740402
69718513
59230628
1007264918
916110357
2048060390
1696919647
-1097081595
314993173
1273878985
1457572908
288360946
1600612620
1666871001
1481806966
662291228
-1661264354
32433932
-1532642771
-1304773651
-43924222
-510168252
-133606931
1514097866
-701079360
-754461504
-22447009
143244716
1487828155
266779604
-1372819233
1599022575
1976420850
-1161568804
-1373434273
-1639844503
-1078279038
-494602642
-260630902
1339259582
-1161556625
-1861933106
-1629522133
1037499123
-1569680221
1751477926
537216464
260451904
-1526780107
2135170294
-1534438998
1922053673
38491631
620531785
63729591
-103194417
375441418
191862568
-1337006814
-1339863677
-329247173
-957859373
-697986071
1345996443
-1879942670
1572330030
-749482560
-792861559
-2102747936
-1419780359
-909446859
1952992808
-745032518
97410628
953365780
1780001369
-1305372867
-241796319
-706001396
-1625647410
-1896256911
-882611558
416389778
862828581
332649776
1551389669
-1590386428
-798116040
1486443497
83001302
45427730
1466711987
-1647274591
-462517356
1417199961
752079846
-1270667974
-2028825969
-985682352
377719259
-1134763272
-1508736079
902629223
-696187477
-2008346048
2113344979
-1481837204
-1893776115
534249378
-839184526
-129501903
-1735520209
1766621976
1774769570
-1644696212
-626056248
259056271
1024292418
-927056163
1716217966
1717229735
99983728
-1601686858
-275526876
1464779703
-470006209
1105292086
-964785353
-1948892909
448382631
1439316630
-515174071
-108087152
1071511228
-1671298007
-1081891923
659987528
393108259
-898364482
695569398
-1582800742
-184198463
-1577625784
-1098022454
-211914636
-614049868
192448192
-1651544325
2047582675
1082516358
611239498
1098768599
-1245188469
1113883295
317406870
-1770603841
1812559171
-603081988
-64706679
-1072693770
-2011298109
-520869346
-1621696229
-1743209798
39437170
-83919292
-611797374
1850703512
-179073767
-600920357
994586512
2028000252
516968685
989216821
-1752165287
-141187321
1418358219
-273162631
-250640616
-1581079643
1947384517
-1122190374
-550053806
1049026781
1289548252
-2080694773
-453314245
-2131137173
1013023503
553832178
-1099747239
-2083876469
979047316
770925723
1451947111
-1294542313
-154784411
-992308113
-1287908997
309805268
1085137661
285738405
1466137706
-1254423032
205024099
-2109253897
-1920632725
-1234366641
873658983
1657293721
-587468038
865066926
512514347
438850406
-850118146
-837255960
631374564
-1081089444
-1336971219
442619408
1799080418
-1526117558
-1270127697
-1101562017
1276004557
375263687
621783809
-1427122361
475833392
-1457330330
-900387812
-327489337
911630395
-1318467545
1880912341
-1202938112
-1705619772
-367728081
659125126
664673801
-1307321969
1211921595
-348015890
283858174
-249025330
-1580977582
1840501845
-1748034209
-1822620182
392016442
-1837230860
-659457130
609430147
-1794732756
85672850
-557787943
-1737831499
-1327906486
-1923866766
1088958002
-591898211
1644583248
-865255060
318884059
-143357157
-1741892854
-1528302759
-1666797617
872324568
2038954245
795777460
-1544484195
-1049357686
-1017306231
501977981
1234192766
-2125371018
1870337222
1146336352
32210602
683909942
-900864948
-1952727786
1174370534
-209024580
-1300124224
1491236363
460026721
-423098986
-459999540
-682667967
-1762103616
1964573555
1163329623
549433459
1561626487
1880665573
-715294986
-430225283
-780346022
-835256472
-935315807
-2000018693
-404365197
1658319010
-1943988823
-28490449
874190613
977323756
-68097303
228920103
504148273
-1624422640
-1874705605
1170121246
-1093501721
-1388392364
-359826899
1439974690
2081493088
-971791433
1154558453
-2042486793
-1599652646
-688596102
246752929
-1173619653
-245948668
1861080801
-1325041518
-1574036278
595550347
-1995956678
599657002
1486220131
-1876001036
1083376414
-1053360956
121986187
-131912788
-2045869834
-980625180
1257123249
2062162269
1053106624
-480309841
-981442158
1702546050
-409408749
-1447922787
-1762025762
1757033789
155424608
2037171820
-679914213
1734561895
965386106
112806487
2138557386
-96281111
2112608343
-621408120
-1740865593
984942153
558868760
-1311994166
-376278283
1529387399
731520326
-2029027710
1484739097
760547626
-406562978
-1776077089
-1481861882
1527607189
1203513231
-1235945904
-2088764166
-898877282
-2065708351
1826148150
-1680665272
1035485024
1690834393
-1267913766
-904947146
-1541573296
-596405957
119414177
-831460824
-10459506
-66500465
1200745342
1485366525
223686525
-1282256184
267096999
-936845896
-1353205867
-109750686
-202951541
850756195
260851063
-2039509526
-442527486
-1208558033
-796082111
-595914557
397091782
1860426208
-912772573
-825596890
254965281
821747303
1688166450
-1392666518
-1266111000
800030160
769821563
2067101317
-605387097
-1785772450
1669443419
-135429678
966208029
-365026317
-945696498
1338888724
-273048598
-1752370251
-421579644
1127352762
-925848442
-1124913681
-940733829
-1456280476
-642865291
-1881224652
1036282825
-321627739
1107898552
1490797001
482850297
-1563316214
1428489606
-775498684
1916837146
899603547
-726625221
1180004976
-1116371246
-237725408
-2120507504
-2005470349
-2013527367
1268949606
-118922995
464615474
-1463716892
-565517886
811458235
534716660
-537116737
-2058037610
2008967196
-1831438011
1258329631
-1537687918
1651011167
-1278001636
-1156503914
-1573502338
-1719587889
1227022912
586503945
797092661
875810445
-2098563866
-912011392
-768154892
-1466230146
1527893663
-2048299203
-1838823724
-1068583290
-323344272
350355215
2034732180
-1235511051
-77299390
1419326695
-714129252
-185448639
357463420
1384111275
550215742
-158540554
-1680708370
1271544394
-1218128834
-201716247
-503168272
-511051504
-857944172
366581683
998362314
1554463802
-1026533776
1474942557
-1508318634
1140958412
-141364867
-1504874408
-171258652
574316706
-1415556759
-1544860241
2142978141
-432171323
-926816603
477777535
-100187478
447137024
1083158889
938308774
406496598
1783161522
-1126199814
-552831815
-1418660495
-1008313116
1546027311
1565516348
884671928
2059026333
-771503824
-1713935604
-967805198
491331701
694531713
1673778719
1185342108
1572707943
2117374270
1554364784
234785736
1475119851
-1066398040
1364007732
-175195583
508170308
644881119
223703633
897197043
-1311086314
-1748894991
1535949328
1851132041
649985339
-1977152749
1544260880
1788142423
-1868433450
-2033541843
1002404733
500160378
-1789154649
-1692877925
-1215819646
704133694
-242855264
519558193
1914321660
1596776383
1751126457
-2050781312
-1226502801
-930804270
781988352
-259565481
-1200748227
-1864550107
-592574989
1121671052
222980372
1825566884
-378471919
-391190532
926817960
-188245218
-12080210
-428357937
1667266466
163310376
-1525343994
1458406400
-1951293993
-1158140607
2131771029
99415836
1636525756
1232458806
983807397
1335344201
1342907929
-1742149688
1099966504
-109052535
-851871747
1045576075
-593383993
301009984
-1550830095
1405453328
448095802
1936297715
-624030864
491771974
-825367334
-798734510
571104662
-884146915
1288323444
-505891721
-1124894186
1010869611
1362944607
-1179839120
-699645583
53649427
589059024
1441239034
157139044
198927971
2128199788
1778679695
-161190751
-6247234
252567326
901001379
-1035470654
-868755078
145123882
-73233367
-1553468550
1237222923
747336578
-737183909
-1288264179
1215786592
-933942696
-970527813
2046748161
945582733
-132127244
611584852
1456000533
-56848727
504728006
2092610885
2082247282
1294396665
1310758590
641162879
-1432230880
-1496156595
-290554405
-1023593779
-1081239621
969114794
2141980674
1311162900
766935909
1806146600
-532682992
-2129805860
1480968190
1786334749
1735705650
704809742
-997852782
1660725883
625303411
927247359
681040659
1179050870
-309160810
-1249294676
1711972679
-1716910231
-1095476955
1382894407
-1665076989
-1366821638
1456736201
1560608498
1131089049
1377693051
-1622176548
160624329
-630070130
-1433638509
290080828
1972145958
-1816789104
-1804266467
-2088126366
-1632433377
-1740608090
-1782378673
1829323442
124454995
1278425769
-321918945
-1567511276
-203005210
-1540746254
-1722164255
-715776830
593438153
-720169644
-1931062220
-1771983261
1188250430
462614860
-1267352289
-1413612711
-1616588389
965142647
-467920522
-101965738
-1938108339
2053784643
409205122
-607184587
100317471
1770801385
664254432
1170179591
1471373756
-228666726
677847209
-1687278229
-1340739214
-487255560
840820435
1690030114
1826746168
-296936505
-16675882
-1862131231
-1942639630
2121678820
-1716281966
1404238697
633638130
1095850869
-186683793
-974120491
-943129918
751278689
-683103291
-535888078
-1872758752
1143430146
1203926654
1629603924
-1437031095
656289561
-487792134
1121389543
-1000197254
247601410
-1441727182
579868356
1059523763
1972083752
-1252931041
-424797819
1116484541
256192954
904578908
-32760998
137896046
-1257493858
-1248137206
547669534
1374985260
2060069797
-119187981
12607397
-642555217
-1236420351
952023537
83395671
926255882
2006680819
265406096
-500926719
684850411
-445024824
-570830606
-904259094
-774408671
1808766725
338576371
1046275365
-1916083106
1787455969
-1038673524
1570074149
-1534388418
-1905440525
1864697468
2101433494
-194048377
-1728392405
965622820
-407590806
-1929090894
-1266380282
3859634
-696050383
-77089366
-1798156547
-4539006
-67592531
2022224339
1457835070
1745843136
-1196549467
1313385805
173986973
-1884444847
499160057
847356793
-128264499
835762163
368956150
1525204667
1965195210
-1453604702
297486059
44532865
1738606745
138700093
-1086264068
-1632483964
-1178588365
-601205143
771444789
815033933
-747965762
495497141
38074082
-321035269
-974071042
1310495743
2076758301
-1429038782
1245115146
-286348267
914652327
2059855799
-2134116542
-584881250
126513659
-4736694
181376640
-1735376837
-1072599392
869582354
-1796450675
642911976
744468670
-1902155184
-39400491
-24927320
1442174964
-761603923
-2059659170
-185010335
38174568
1482075334
-898308618
734949380
109372703
-2127453718
208752556
434732784
1457926797
499806753
1086680704
1769619864
-1990837649
1324425584
-24806051
-1318844318
-1034305575
-1941227172
895207495
-1167267886
-337274230
-1644054357
-1028531504
1819457511
2056473735
251116401
-1986420272
-1696193083
-1961829146
-948625590
62551124
-2001552493
-2127361046
2099292131
-850315306
482673318
-1729219504
-1730582593
1670517678
-1077009442
-1460965912
1169649976
-827496504
-1141462448
599049574
-92793918
-694093161
-1641526235
-1194549895
-400938633
1998164553
-1867457087
-1347318499
28522703
-902271684
1585369895
-1525592275
-2100400466
-2024583760
-681970789
-75327685
-281889629
1627196604
-1635703928
1850138531
16607086
537913478
541092004
1930593501
483619267
-548273746
-23032751
-1192574445
-138227891
-2015380470
-612106170
722363123
-1416971275
-653330792
94038382
-1730724155
-1801383069
1245269680
1607628047
-70266689
-709909308
-787815815
1854004271
1561952664
380403405
-1630124387
-52840142
2012575322
643594240
-1035623616
1581290439
1644886140
742356782
63712301
613533445
136563503
2061123644
2042259538
-605936176
281543160
927582505
403373166
952107393
1789406334
-1622647985
-1088099064
1293579974
1012788133
-359856920
254512034
341189829
855131098
-1947066669
172196654
-1496075641
-28688208
-363337064
-1967671359
-91306348
-1438138964
-989557591
-379589242
2009224409
220555356
462612202
1079405300
803825362
-1615966290
580261747
1294535235
-247348764
1234343038
338665364
-1752863205
594022410
1268256624
1395816217
-1524150898
-1728352588
-422641665
-1337094194
1422592840
-1196390421
1736054998
-1084453563
391515141
1545247160
628784478
665171158
2072608834
-168620090
361623
280517095
615224631
1393464134
275993899
521095788
-891404029
314094866
1431482048
-2083586127
-1147527639
-1558342123
215970957
439326550
-1657337285
-1493487127
1371458864
1470027931
282295252
-1857409087
1471998909
1638320606
2105983946
-2077729400
-1116350951
577346144
-1780896348
139278666
-1131168631
-364125105
2017735497
-1812779821
1508030085
-1888318720
203831290
-1985585259
-366806830
172603771
161250946
-216775986
2105530575
228508988
49434284
-1073398806
-886886130
-785450696
-1920762380
1616646437
-1648231642
1126796573
82431872
-1349714828
846738118
-1471984418
1099685712
45648037
1914131981
-1361136530
1515392180
-827024188
-76802279
2025030603
1001461758
2064669120
3478238
-1148383427
-1955240071
684043855
2009964856
-177811489
880617369
823510286
-282258878
-1365051298
-1102529933
154906859
-1492390680
-829484544
-1506530705
-864879674
-200932678
1193731560
-1581804485
-1786381482
984182019
-2058996073
-1913668606
-705556407
131057434
-1770123850
-671202851
686699439
-576701961
1305125394
248785289
-1904052584
1550724360
-1733092889
-1192187558
1017468923
-1919831995
-282284704
1388934256
608048345
-1298926718
1445915998
-734989273
607737505
366698243
-679529864
1197614291
-1882201130
-928505515
-451577790
-761198163
-319473938
-437565861
-1411569454
1088023559
-1898045571
395291558
1958255743
899209671
1022218642
-1922210294
1943425516
542512914
1650067297
-141202323
-1445780924
-106203321
616372513
573348834
538244550
1439813934
836185911
-1796577035
-159531900
1376060016
1965945492
-1262431672
-1806782618
-111135158
927752026
-797415330
1158684021
-2002033795
1348115909
-1033601354
-1932375722
1118713225
551552328
1191238171
1096817427
-1892952807
1543482870
1133211706
-1337677279
-655473728
1755460643
1036127349
-938417250
-226541850
822448715
-1877676554
-564211495
-795353604
-1135200974
555528965
-2015084009
-1271963658
1652731467
-751622754
1421795732
-1348150278
-240277411
-1762411202
-1388318009
33999189
-1128791453
845277693
-1826733590
2083951278
1838625971
-473924383
-2074540103
-455759747
717907043
470204784
8308089
-1395865923
1468188904
-2037048186
1521966395
-971677217
138037247
1804878953
857795169
-864522494
1807576015
2106025498
-1929175455
460651361
-2124671153
843762669
1700079049
-927709428
-1035559707
-1723999909
-1706141310
-1634183461
206773071
-51351529
293224536
701313438
1774273734
-1550249378
1246536889
915684505
-229575584
1612338835
-407190852
-368809169
1214395829
-491552758
1881854565
535901660
1461428933
1843482915
1348170279
987073640
1325284377
-1364104549
-1745308247
-281069735
723263271
2031864862
1974262988
1258970280
-1399210246
1713064479
-120129811
-1048306760
-92830958
863440108
1626469991
193361027
1528557704
163343612
1515911259
1292824086
-1712012939
-989216629
231589042
66367551
268930708
775941736
937085539
-1938160509
1219555110
-180758003
2013928433
-2084539819
1448817429
-1090126608
1351823415
1827007109
-68936868
-569392872
-1882625177
-553339402
1492858021
1122726130
-2509744
1068964756
809023539
-330248092
-1334470178
-228920956
-1354295550
-251808990
751619303
-1352626788
-898133204
536552512
-1359089116
-608974572
1337756557
-397085943
1563693180
-1643836546
1200250282
-1711490802
-734650488
-1314680589
-1496710706
1267641729
2072148563
-1543938162
-1172912779
-2059413053
543701601
97296414
-1305294866
-710769862
741129970
-613331434
-634118853
1382473320
90956935
709980872
-341394629
-1156882631
583381157
1172398034
-1174563574
248593051
1557427672
-2055693096
-1083209560
1333718356
-1013795846
1591704691
-2013068584
1489230863
-1073203019
-1175679896
1180007754
-173186889
-2104867771
1603032348
651836155
332323079
-1873627518
222370887
-65149220
1405323873
-588347363
1288675048
1196619953
-1983222049
-314305495
1101592184
910492732
-1532411993
2130048477
703667554
554653338
369447043
-1880129896
184862385
819299820
1127616689
590612516
-1873249013
-612182216
-780253962
31106878
1656110301
-1585471854
970346233
-38534570
2088631767
932838774
-129821235
-290434926
1088479130
-481189000
-1235590193
284673304
1465249200
277640478
-380711503
1611131532
-1392333124
-139182836
-1091930409
-1622363433
583070450
-660878494
-1283373343
-1965801686
-1425107512
-880007327
1784177800
120104002
919283437
1287698260
462031277
1984638701
1165143674
1772323501
726271151
-1115624244
751042663
948499053
-404718852
743996761
-676048065
96252873
1928708330
-984781013
1819872791
1235722506
153311943
1408085368
-930348612
368104628
225147694
-139869732
1327333675
-1594209558
-428240228
230747736
363531589
37467408
514049090
-1404673124
-223836221
84173746
-1362209764
-1404233848
1855267175
1280797347
-1798348223
-702808080
-1481345165
1478714217
285378429
1747236255
523736158
1950970328
966862620
1955775390
1529399237
989687548
644712968
-2115361098
-1238857313
1212374588
1233917718
1301266738
2084101301
-1846767429
-1404617572
1535035112
632808528
-1061610751
-1657807034
1092248954
-1501454029
-93814566
-506109399
-231002919
440142283
63880062
-26371048
730594314
-951062108
464584177
-2106175946
-868059604
1665430559
-1384129620
937357260
930825145
-1940269470
607827325
1541595996
-616389620
-1734601585
69374123
-894867210
-1261038814
-1451979209
-1281311652
-230563383
255068068
-1757051375
1395124539
-68667140
115019044
-367957786
-417556651
2095482302
1407827623
232460239
1077673539
405158556
-18520733
311128482
1019663246
1205106193
2089107401
318535593
-1859677362
1621248099
104641733
1284499861
-2011025644
795017900
807335747
-1414224718
-2095757559
324526902
-849682955
959156827
1085493591
2090447628
1127609171
989925807
-2044963897
1678125261
-749075997
-901330812
161944490
-501209917
163094714
249892763
-365764611
162470451
-58948543
-1264947691
1875466695
-1160037898
364418876
-1565337562
-857088314
961098312
-1694425080
-1570265848
-2125563318
-191784993
-2028243421
-1183551439
1637122143
-2086843329
-1045099535
1316772295
288438065
1110537548
-1998925635
647912019
2143105708
294312480
1945513725
1447992757
774325858
1251064094
-660264231
-160032425
1040855474
657222471
1259824366
-516370011
-1821480411
-1983354676
1039271246
-1428782404
1106487323
-1416199453
1968755403
840999009
-1611392602
-2073008419
-1512375691
1815863604
1458397109
-1339376008
-2031727776
-669857500
-1365657228
-1116176015
827058858
1648486181
-773455373
-1749463971
1905116091
2040379936
-2137562107
-1739206471
-480495410
-503484117
1077799018
-1964330433
471848881
636812026
-918601168
-223124101
-974973240
-1008985964
-476611243
1554768796
2125225559
-1373149367
-794594383
-906410097
1251533311
-34368030
-2044515310
-560551863
-586346871
-940426982
-1864333400
-1304116124
1733791714
-1830096051
1162404259
-359640339
-1250938010
-1560616081
-1475443430
1034685819
1816930912
15175486
181476654
337168260
1020621009
679066811
-149257361
-1276696853
-617915280
-1624772906
-1896902530
151245276
-810641422
1419737447
-871705870
-1548212772
-1766125941
-1003069339
-405712769
647416859
-1860793421
-130058671
74429781
-391332084
-1706880211
568159731
-577727035
-1388014281
-1890568892
-1198992568
-1425889750
-1189927603
146203479
2135433146
1940917510
1250023292
679446680
1373134225
834024299
826030084
-878023920
-587723095
1535096731
1701551882
382638310
-101889435
-1883740686
-1704656468
711189983
427509475
1292721156
-1204141995
2138094888
1024115056
959035906
1558283857
-1180906669
1628174910
-1769830815
1169854115
-1674197857
-657442988
478848956
644014614
-993801348
226755269
-1944971015
-1488493935
463420237
-422406108
-1876837461
1316140975
-640558225
525219126
-455643977
83718287
531218041
541082089
1608269625
-327291160
1896108485
591364997
2068382120
-953979041
-675520209
588893985
-93621961
1678295836
-1039264996
746712919
1512095614
889228954
242229437
1758048571
312495705
1692803518
-1198403947
-2063905656
2027669008
-1030013653
-1474205384
220502812
-397940297
2123126996
-1577629100
-640035930
221498840
-1004912687
-75650571
-1675838563
-771074738
1860244854
-1628585980
-181369741
-516679565
-1698555998
561969680
-609105910
-1878123907
1175892564
455952720
-1999808410
-1345588955
885569667
-695743256
-286796124
1700938377
1383388718
-1907794837
699614507
604028242
-428240976
1250997921
1036978464
-193925351
-2010750375
-1868146551
1591873311
-1188979450
946068027
1251623072
1172703015
1627161274
-1033457343
-538697117
-1856640043
1688116078
1133333380
-2116760045
-715044652
1214863708
-861395743
1179635896
-1100417901
-1536856227
-1713175610
758157415
992031033
-1219096365
-1685191348
2033084614
151021781
1189465032
-2040342901
-2142794800
-1537148710
1640259927
2127802152
-369972523
-1456488247
69156938
-1514741454
651406276
946366511
156534276
1585123886
917499564
1161531346
-916805215
1966961008
-1037899904
-2117443033
727004507
1188855724
1583091738
1915107078
1802580527
2075605963
-29657470
1543126688
-961926721
-1603155710
498232175
-181377104
1304617594
471196193
-559803123
-347998992
1204500985
1903603240
-506861056
1660384718
1849606572
-131806688
787765416
476255839
1868431797
-256336857
-1917837658
-467961197
824083987
101073867
-1748429665
-932407126
1445730819
-2110800997
-392465857
982992614
959960482
549388283
-1266102656
-527470462
-2022186538
-281325768
-360292308
-1640749598
-1811605905
-381036836
-1422900576
-184812533
-1997416824
1302028866
1162199762
-1446809772
-2100834509
1122885228
858716308
17972574
231767124
-1853765869
2020356121
1577577024
879138765
-1831808769
-1395398728
-1502681849
-2134059301
945055129
1988912624
846790493
-706176577
805290941
-419812437
-408998777
-2029686368
-755312171
1655490247
1196014484
2041618607
510143778
1961347281
42303699
-1677068148
2010210909
889054739
257794693
2010757864
1148926846
43024592
1102642387
-309239702
1302011610
640033997
873812225
341273046
-931824781
-374425837
2070524900
731684716
1913495179
-1733009933
136114065
1773888141
663015034
1717855562
2073283670
403174820
2010103489
-661937402
-1717144338
-775758269
-431574690
777396200
-963941905
1053607308
-1727669919
1884948619
1471789191
1192065746
1868092094
-646829404
-131372953
1719008383
-2067446939
90997386
1233409278
-2053133513
-772408944
2144705785
-2093947414
-158790851
1594432347
-1569599214
164846251
34781206
-1747371111
746690213
-1148346983
-941265301
604137444
436108467
337695255
697585715
-689863691
1221755950
-440724983
-1856190703
551388726
-1310465278
1943998083
-1088968454
-131110507
-253004968
2086176706
1761968922
-1655248741
-1733537000
-1846816673
-1806029064
1807177148
898070448
-56766527
-1593174569
582558960
-1093780972
-1353369645
1335739999
-1534985598
-1411178747
1366090230
-1661550468
102650663
-1922539628
-1747286215
1765448582
1192565073
1353709033
1678526407
449309346
-49366075
-1667681728
970110368
241861479
1757321579
-1354490828
1892963979
-784659772
-1932077468
-71097280
476238155
552594464
465301089
1920461185
2102999568
858005186
372152370
-699394112
539898416
494558578
1232588445
14918064
-1260663018
-1647725472
403444337
1069931379
-1846903686
1290438981
156776921
-1972422302
2131447250
914981320
96166133
-1170360563
1501655816
1188555810
936824742
-110744960
-597572500
1111985668
-1248466775
-1701771320
-72705557
1979317687
249394663
-1920902987
-224042623
-815142523
-17635830
-976425760
925280492
22475095
-442413229
-2087123473
-1151824223
560133791
-1758770262
1673462807
1107742211
928646775
192283126
284219106
1965218514
1795965450
-1630867282
179123762
246005729
1513318707
-430748240
625993605
-797133557
190049123
-1723265199
-1735748743
-1957126041
1998824134
453440180
-615059566
-819464518
-1375822424
-1159589025
1715159099
-2102546643
-996894187
-1974671349
986085130
-180404673
1753225152
-1855145797
-1044811448
-1641100292
-584965083
1531437583
-190375249
-1176102545
690767089
239368665
-1540523915
264620372
267658401
554969328
226877577
484704273
-1790778008
-526168508
1766514972
-1845457177
-385073579
1718533938
-29975454
-441180572
-1063795019
-519784167
-444293991
-1035793380
107549621
-1884628947
-1345428406
1473507224
-2519988
124528523
-1729478962
1398078093
1226905431
275750540
-607644397
391817296
1958283269
128491357
-457160033
972386441
1943465076
1744325327
-981145899
-1876725466
-646765924
938458475
438668919
-1067564141
1378441067
869304777
-157609620
1897165095
2139051058
-680917983
-262696766
1625373409
-1761558977
-297323742
-1549500171
-1270044589
1801759946
596277762
1902644337
1661538781
-1176749804
-1693364267
-1551918507
1010997790
-168334131
-330590174
-1267368583
2045266600
1031811765
-1177063245
1865682866
1159579634
1635855750
-2136242003
-860308140
226480274
-190277359
1403475167
1961739511
-925566037
1603639719
-570313378
754560894
1818716835
195075514
-578559919
616547412
2077975065
-1701464637
101164552
1597832697
-568197610
-673053083
-141729197
-2111749444
929461634
-198985519
1085222673
1488774601
1908908248
-1323430548
-981718009
-1319717786
2107029533
1342796975
-668995598
-494988423
1877965837
1632752207
-1167624482
-331812531
1124941463
1901285021
-1904860744
-2028367979
-1979482484
197679662
923966242
-2046006864
1354238610
-1516124226
-1508067962
913881902
1013440350
-986963887
1195021933
710568594
1608463649
-1191996006
-690175215
1488477273
1545629763
2030712481
530440752
1325298235
-1984108210
-227915105
-218347742
1499577008
1943912492
594081324
-1145529810
-438725451
-1020645739
-1463054693
1359360536
-861877297
1738280386
-682344540
527364862
-1226969008
-466975898
1405151044
1209386595
809660376
-784463394
-2055123999
1310720140
1868837406
710952870
-585625424
767510282
-225591824
-1412601329
-127136678
-35992424
1610426999
1018427182
1535501789
1307571750
-649436992
776686359
93330352
1789902133
372339063
1975006283
1320016170
1180656485
461767412
708469614
-2053161436
1935166283
2078350203
-1584094659
-361759524
141298312
-2132096065
-582154818
1071084060
1437534486
-365593176
1803653048
-37774437
-2055388699
-1581716650
-387910811
-1764061022
-156108634
-1437138332
1847488869
-2021367566
-1287358235
-223004816
221445878
1873378788
-1626787235
-1302786597
959261794
440930770
645383815
-1600202803
1500806840
2107959733
2051791732
151908987
-1501810498
-978135793
-69220388
1593705132
-1121153243
-659185653
-193106826
531953016
-2029427714
1528302561
684904073
912116050
1250895213
-2063701633
1182615490
-1665899703
145218459
-2003453339
-1787338936
239269002
78901744
1572436944
526557197
-2033077207
867329922
1955102746
-1805123481
661778720
-942206264
-1490847136
1576971998
2090451095
-2020283246
961945701
1687312455
-78263195
-1257400771
1704330933
989805329
-1477769770
204902177
-539976947
1802214366
-40222546
-1911042738
2050220282
426471253
1775499886
630107512
1018418367
-1093382858
-1924476459
-1724158417
1875417211
1886716078
1329033897
367962706
1677709195
1732594155
-83297866
-129005883
-725758932
-422075149
-1159129833
1657440097
993096549
2082482609
-366254925
-647741652
-112723165
-985605807
-701243638
1057640393
295429797
-583209780
2060992049
-1968149454
-349379302
1517942982
-990070501
-1255255389
207910535
-703661417
-1687384807
1185870297
-1832551698
-917593434
-822928477
-1966068356
-1578954836
1744531454
-1748852648
-2137655848
-417505502
-43421414
729924419
-1102403885
1449739928
1387970051
2099874655
-1802378725
1230108253
832634780
1651602780
244471966
1790046258
853514300
840938147
40777535
965937127
-2022751875
-1083190120
881404614
846940742
937243475
824338462
-996790505
-1033441744
-1400035232
720127327
1414962598
1477293062
69653381
-1373333556
-392745174
689198922
1894554300
-688070045
-1265703792
1739650693
1128442660
-1904311249
1234111282
-1403808406
2089466461
-1824685803
-130887608
-1672340165
1659504917
57184972
808458142
1554612075
164920035
1188742701
-271414905
215735940
-1517234349
-950851412
-1488647151
1678631242
-1500018623
70994470
-1789060231
134452256
1978558826
-156395812
-2032224799
1690270891
-2101772993
1710804415
-312029633
-1567833163
2086771452
1022236397
-1818920296
-244868781
-1053857287
1763409531
1475367278
977614664
2018131520
-1762863244
-1836537225
-2098256468
-1796232609
-993440990
1375254159
-163863096
1219615358
1004804235
-570055954
-1163434172
-1328018253
-740603842
-932955235
452127619
-522339692
1453807695
-637484763
833108814
-1228781555
-2129976161
-469637750
1603523247
514083700
417566560
-1563810697
-1870272737
-549403942
1252699607
-1514542406
1331653603
-1717581148
1517976932
1940406513
750811314
146647385
1595368639
-1053889147
686028443
-1952955204
1732969859
-1908260393
-208750811
-1175038947
123478512
-480508231
-1699325513
-474029077
-705127700
-553370592
-68771014
1762459278
296929867
-101081065
867314684
1872006771
1115929935
904343797
-1276803113
-2052403865
-1311239310
531832530
1526877329
-980036311
-1882880670
-1371086794
1073322630
1508648249
1499682892
-2005443053
712248196
1191588342
-484425379
-877696267
1282354165
-753839897
1586789765
678295927
-1814633917
527734360
-436788867
-456342024
1145268343
-1473415127
-464919029
-681875569
-798311389
-1579988511
-121703292
-1327104965
-1705072510
575530505
1511028626
1635640414
933154525
-1002628937
-340134857
797852012
-1801957073
-19685528
394243857
1311583199
1084424972
-993930733
-2119130657
-1384786834
-769243970
-2114369158
173262147
600245373
-1601311568
852760258
2033824457
1552200150
-1722162417
-725655482
720888615
-1749902951
756634541
-1305315417
425921734
-794225039
-758343127
918076711
1869768321
1753523720
1782008909
-848960457
1187893932
-1241263684
2052982454
1634823501
1088763479
-1752273262
1862393786
388983035
-158367534
1079797866
950379653
-1201022915
202647412
1449233524
482821253
-1417724398
1818892696
654771938
-910553336
-2048903603
1638101224
1142065119
2033493794
-640735828
304964061
2074493887
-797978156
-1847437527
1056977029
-2059124105
1524728425
1677335184
-564974201
1299362382
-1217279709
-698238895
-2061172892
-649711148
2109573143
1173048983
807975935
-705542893
1272255061
-263984232
1454151263
231696900
-2094851765
1807644974
-1072225102
-548831164
-821392278
849956262
316965524
438335495
1469075209
355169752
-1025715311
797998156
1481631882
-287044489
-405673496
-1181348782
-163016006
-430493014
-1496705647
131446858
-2147333507
-1730576933
-2124783743
-1795787443
-1990146390
-815534386
-497896148
817413264
2037676339
-322451980
805488715
-385619499
1928855177
89835776
596027103
-1580823260
-232087746
547999162
-34189451
538813370
-492910613
1078500884
-800864854
-1946031038
1201511251
2025032058
-1924699407
66701890
942605000
1403533166
791846803
1933667543
-421011251
1268813651
1184690167
63057061
-1684649476
-9188984
-1042263517
223171848
-201463766
-1597047368
1404909442
-1977758578
-548082744
-1988640145
1351055079
-790146903
-1470877812
392212977
497636049
-2047788896
-105680305
1203824711
-396746768
2049307591
857000760
-1294152039
-1975889944
400537327
519093274
-968898621
-1788943276
1288572191
1195804186
2131464737
24284685
-841531517
-857037675
-1694797139
-248316757
-2003580764
-293105088
-1173979828
1458905675
-181319975
-419218288
1299025508
-1203540078
1450025469
-1455568549
1488374193
274025458
1395808353
1464111806
-287198631
2001686059
1902323460
1600027969
1195126845
623900949
49447169
-2012935111
586290833
189071515
-259945912
657447021
-1141506130
1111579402
1324910992
1871596796
1618711078
499950219
-488634996
1906691709
1361609497
-857175314
470942044
-712462232
614656454
17919912
-505541562
-1103323981
1584969828
1623932446
-500033371
-265465408
-1429901774
1302085668
1493519905
-1837966731
951604940
1166772927
1063340831
1971365036
2104421056
1834030386
104434043
323295694
-1816386207
1723972664
-402138508
-1021862470
-575740966
-824068723
538979815
1229789162
1060544901
-1397999693
387782848
-852923688
-1889065603
-716744206
-1544958291
-899252834
-590285455
809988255
-1476033773
468696028
309174715
-1223333471
-2031655611
1039871965
-84132176
-1447039696
-1289114637
1016568572
-1315201223
1773618912
-342531104
-212258748
892675234
-1536140578
-577767977
-1320889002
438581170
1693133688
84318175
-1951134321
-1749827845
2011017954
-1962730067
-1712721047
1590437490
-2096360138
114875481
-1951144927
-1983787967
-1050448196
-913337004
100057498
1675421403
-2097364373
1528667290
-2102137215
-281986991
511823024
476163619
488597681
-1309859100
-1195000211
1524639390
1477617111
111997658
872424515
1129223009
331224665
-1764200044
1245216276
-248263270
959804019
-941746720
-1571468605
-1148054326
764491171
1300260236
-316044227
-470557580
-1792938937
698309691
1678247869
-41205487
-405260413
-1640961157
2098447947
-123774906
-1932612760
-977737707
922327429
1786892376
-1039078574
180484263
-432625503
-822439201
1099802769
-992061072
499927473
1958633145
47671114
584092011
-729699543
375426369
1966222751
-622250850
-1160244834
-880838975
1152024845
229175219
1289661904
-1242682844
30692886
1619630279
1113542378
999648239
-1936271841
-1329827455
-676498169
-1695469454
-917233766
1156007526
99977208
-2068904646
722101351
448542572
729953860
608509385
-553776521
-1494420020
659177583
-1700726904
-1387089230
78875420
1467561087
-1937258244
-671921637
1664613788
-724968005
-1456328648
-1266185936
1270572495
1152478389
1213191314
1631028630
-924432051
-1899586677
-1204359271
-1662764555
1059147479
113267305
147779910
1954949153
-188964948
1478201425
-50023568
2127657337
-2145678822
-617571298
-158732155
-950976108
123681111
1635500485
-1115098762
958514969
-110848367
-396484642
-1022318861
1502344941
-2003392702
-1293989534
680305112
-498965100
643300553
-1002389578
1675599590
1545765584
-824506058
-1832875800
-1376872010
878896014
2053795173
-1946655177
-1546282263
21087746
798987341
-283414824
819901860
1188377616
991375257
-584314121
1004988475
718301165
303589752
-664745221
-446442453
757618438
-2019762255
1385035534
-822574770
1438353184
-1149977607
852472540
-910778295
-490761792
-1692172920
1024893338
-133365688
-1829176884
-792246295
518452809
1933257709
1072183153
-1893348591
868826171
-1792188027
-647946681
404166835
1038132182
1445157500
-1817181773
87554770
-1139615849
-1665690094
2109881229
-145580137
-479617703
-972809393
-469894910
679849572
-1122580521
368895540
684683706
-1927341528
2047294575
-1394117582
-1011880644
1755399413
-1468395224
1096426464
885865105
79579343
-606271754
1571118055
616463911
679377349
1132454972
-1758220992
-149063176
-209423035
633631633
-175283039
-1968589845
1571967660
-1014420794
142556980
470621818
597215517
-1763131864
2024486538
-2018498668
-984457581
-2125913086
-691693618
-444247612
754578488
1666763877
858774077
2106768273
-452115466
-566161110
1824909525
-813549272
-1560206514
-62840265
-238431412
820438072
-2007589015
408220162
-601548221
-680442339
1776109164
884991571
1375079099
-600211392
-893373936
-1349824179
131259591
1708725948
-54483088
-695929170
-1030518397
377766213
165306405
-1303764651
235834436
-1544755643
180015247
-1380971260
-867958000
246916167
1245052789
-1130190745
943055440
-655520360
-713506096
-811666603
-530370620
1415281195
-1268681245
-1216447148
-1849198410
1165628349
711294095
-459421598
1017050994
-1551368135
-805623836
1824494578
1262689268
-718156196
-1545285637
-2002037708
1752853475
-256276324
204683010
-710583911
953281982
-381021627
497191319
1807969430
1900385108
1061204709
-162099110
-1593253465
266360697
1895396330
-332405059
-1235129962
1347683062
-1554959223
943541021
-817749508
-2112631615
2128254944
1969839126
1529653768
-696497811
787558750
431380242
1774731135
-146383389
-1935109278
1012837411
1795237891
254421330
1867195426
-917865710
1289677463
1936857699
-1460216626
1354190264
885398881
1284350897
-1910221068
569418635
-1310536782
683033464
-590951387
1456284283
-154879933
-172961140
561638361
-57835266
-1459159103
1356877451
823962511
183991657
728817548
-1099001003
830895416
1566078594
-107633478
757249980
-554281003
935360850
131467105
688128376
62004830
-159393730
-268077547
1977853021
1581609190
-1812029608
-1776675409
242663631
-953195525
-1968801294
2037807440
399332725
986651218
-485696140
-221751643
1976178732
1447451812
-1290498705
-1939359125
-695571906
-804041774
-23409423
-1747549899
752671699
-577728177
1857409306
1186469997
1356329639
1335734718
651118831
1284885400
1888102396
1621583321
-1472262546
1497637341
-321433134
-1084088939
314004705
1174540231
1864821589
-1039724157
-1827346313
1370685769
1724510359
-268007815
-1069853937
1059127298
-1741274753
707274609
1473116759
323254723
396410880
-985884240
-267089131
-714904755
2069798285
1745989418
174736836
1471279966
-1945531445
-1936925916
-1887633310
1094357486
1877591176
736480539
1301934472
1635030965
-1344004885
-1992993308
244553914
-1756132879
1566152685
-903152876
1470978048
553811557
-1521931257
1308482721
-944860491
455783332
-992235476
-1932275511
1191732638
-288036465
1502422010
-131868110
689327166
-806797797
-1700411605
1967610962
-718059673
-1538682281
233354321
-524307952
1206016276
1623112621
-1786449214
-1192490325
-2132645514
1303446887
1420899280
-465194789
-537728692
-1373059467
1512681277
804724789
948946295
-400814228
2001392365
-234582829
-1975484467
-908413742
1325054429
1686290739
1753186605
-1648739944
-734093741
801338975
536606930
-281584153
-193414313
-299070898
273276140
-1143253473
-2011279007
-1612597110
-700915604
311356956
1434239571
1287567634
759460383
770055354
-1625294679
-493229695
-1692657410
-174928997
-2116317714
-2103057298
1482998211
-1596598489
547054705
1565174550
-1563897409
1269926611
221751353
1177896248
-277474582
-1827594842
-2133628107
-857277632
-544879301
1565324025
990662839
-1090810201
-2101567174
2091623294
1756691491
183506073
1440020435
-990113150
-667207965
1789548247
-1990190228
-328920202
1316356509
-1768235298
-629715400
1447781291
-1046018904
-212725943
-1875414579
-302580644
222172091
1174597491
-845736972
-106102543
-1096501017
1995738464
802157759
1317260674
-2059207994
1569528284
-745383455
1300949401
-1521626636
-22011164
399098681
1547232059
1359151550
769364037
1629476015
682448425
-1241692135
-1442494845
1726187843
-1904893085
-947447594
1123390460
768082787
-1368974099
-1165928430
1626917963
1481608828
470395348
-690567182
562345457
1156359634
-2126895501
-1127473776
-1240158670
137106580
-446954254
-1123552976
-1991661764
2061009706
-991563249
405601718
-7773042
-1304885806
1083015712
1234461532
908761495
-2137948054
219294296
1063051679
-1796092259
1462039438
635963977
467614842
595406816
-1368979739
168249769
-790150954
-1921275137
638280888
-215151016
1192500288
1735261849
-495535420
-1054388575
2059008988
1349951543
1627288656
2090140607
-557177191
-693658520
2107736448
1662550179
-1125775707
-930360019
-1263157269
1787949300
857003555
-1030012265
-1632970644
1574192215
-757406949
270539182
616343093
-207156752
-303259982
1326251413
947682089
487325735
-374936678
-73228565
-1095117463
-639148882
-686202933
231042419
-2050467281
127275203
1359375730
-53854218
1084893659
871206322
-1089951958
-913631641
-1451040437
-1395339874
-2075421847
2013485640
-1087841169
-245455745
-197541060
-1413136052
15699483
-1052140178
-1083629514
-879741378
572457246
994699296
-1305893467
845835297
-918956396
2110134959
1403648263
-165806185
-9153160
-923284576
736662972
-1105442170
1070882685
820856865
383746044
13651448
-191144163
33155730
801354506
-627878334
1377338097
1459017030
386973353
252001640
554883651
1317934474
-458471473
-977539137
1172317921
1474720485
871653528
1012143828
-852068300
1202089633
-850990211
606539404
-2112625776
547960714
1589607877
1065912460
-1711739444
-1876388363
265057595
1135641050
-1016628715
667620355
135476512
530345668
-815705601
20309542
-47792541
-948125440
-1765893412
313939940
-1290594545
636627988
-2132423599
2072953051
-185387772
447761400
-403440603
481248772
-1142005783
-1622044167
1207800668
543353659
257244768
-1853711393
-788742012
-1795311362
526779004
-345417391
1183071054
-333383052
1757571439
-1299274888
-1700647585
1173804977
2014937735
-791205149
-70757272
-1374236616
-2026737317
-1132273750
223064435
1524160961
1973722945
167262165
945772928
536160059
324866050
512948222
-980206768
1722473491
-925381168
-2063310284
639168127
1887973302
200253559
1145892642
1033756632
-2104310443
-543849517
-533334672
-357863708
-315147289
-1411083902
-944512152
-1586310972
374553204
-769764903
1090514652
-453784512
-1776452465
2019993627
-691904697
1372234527
-1042046173
-1831481880
-1013656014
-438125384
1355664754
1307185650
1538669017
772859337
190070363
-926265865
1715480078
259078534
504599003
-815446038
1103628124
1536296949
-395295019
-1131842957
-2108406674
892751224
792895765
1305723034
36706738
1158647723
-137353326
1712029886
-1699804360
-1283968144
-135773453
426537675
2140868832
-80437177
1095614548
-104886869
-2045321036
-1294809886
1626291273
825632765
409992082
-207302408
-1576224222
1241675780
-1041080306
-1211287463
310963056
1893965537
-1031141482
1637831490
-1668748344
-242568444
136090070
788082674
1651340486
-1339982368
-179846564
141584764
559730260
-2104303395
416789631
1601509343
-733675732
-1044376173
554822013
1965763923
162660762
-439534284
136352995
-823405339
1112277126
-463277240
1975241521
40216133
1754128561
-1419126880
1139046077
-1419001122
-1266378177
27280260
-1017170217
-437178329
-1939069324
1337564718
-153383635
1085211448
-1526266430
196740220
1402338673
-842452576
-2032557565
1547188192
1644823352
-676390027
-264040190
-447018854
-1288502747
1051861675
1409350463
-586764503
1160352838
-1600265303
-129717517
-2113812226
-2032346435
-62725351
1213957969
-635376525
1954395298
1889387775
-1840414706
1493370874
-1356070872
1062363405
1056451875
1658323097
1221872126
768821300
777365201
-665959531
858689271
1694732158
520772069
1096499053
-1397427220
-1112935398
1212505149
1063122953
-1569482784
233417912
-1280113270
-1688589773
671147110
711359511
-1694904234
771600966
-503316417
1509873883
2100676424
-1677120988
1904560198
2120236707
-1117322585
1037038189
-1580273008
191298651
386660892
-1022158099
-1136508977
-2072243250
-899109189
817749589
180346614
-549912962
176681284
-1690196691
745039650
918711223
1947486373
-1715813367
-1894511688
1489521633
1778007235
1793485050
-1638994230
623557910
1805519225
1753574471
702395838
-1859605260
1552612832
-414255011
803488817
-2013903949
1461914576
1817263363
-1006452456
1508273273
-684110937
332243409
-883209688
36966124
-1494583224
-1266603038
-407570057
657247753
464693094
1008798408
1209475427
1380474931
2079310338
-1310818112
1703010994
-1026239345
972325169
1766103590
-1793621765
1334925710
2043147043
502622250
274471235
-1089054518
-1108751264
-957107516
-966287638
-1652360170
-835450541
-108964379
1077953224
-53121072
-428432372
795459054
-850286446
1842640504
-252550591
1712535397
1566019202
1590043014
1067712405
2049508837
425249591
-2070363273
-1633601508
-1168411050
1337574873
-270504152
1037924126
970088542
1580977280
1918670952
1506029083
-205403369
1378938070
1490987463
-2072831985
1280813314
1099051770
-1583111244
1295969527
-1825251526
1352692391
2109741254
-707704429
1248236
-1068106091
1717508953
-1009332372
106676230
-1393429986
-2121666467
1210106136
-1752358866
-1263800027
-1221092502
-2003984708
-107798283
-5668301
1002477590
1027638993
-1527000500
-17013022
-1715186549
1810325291
1382051382
730044030
1616068947
-917763529
230956735
-2146517272
-1811314059
-630379388
491040556
-440504387
938724806
-1491122556
-2054644621
1016681400
-1495768456
-385931630
1830369517
-1494148012
-871037450
-1769277642
-141633719
-1162345547
1844052468
2076667304
90190019
-762181432
-687267903
69917842
-1534756202
-411350616
63962335
887107354
-1405952337
-980475837
-1644522284
655364127
-1309324382
-1726880451
823399490
-1476476479
733466593
1721335060
398018869
1420912935
-2014907350
273617796
1059144892
-390737284
1581959489
-989419220
1754661306
668201273
-1601725217
-1299228816
-2133842691
-383737687
465603050
1298755233
-926537073
995977386
1557551077
-1824664997
1135645772
1191791280
-2123342423
491010094
1611263412
-1505567985
144989013
1249651840
1718270210
366750328
-638746750
158794161
2123274621
436552644
2003962811
78581120
1104236301
-335920656
1553615915
-45426515
-532195568
-2123480472
-1963796840
-1393482530
-343980434
-96684152
410993808
1916595398
1429614826
1098833759
-2092835615
-1834040701
437957051
1018913461
-1592795059
-487903161
1046440283
-893231025
806448510
-252969158
479659166
-467113872
2126983223
1170507935
-866049787
-42521437
-111194164
1274508597
1729143379
-279779400
-121220908
-832663841
-773239455
-12598773
1031265820
-1333032826
823901230
-1935493621
-2015449891
1855119422
1233387322
-2058503942
-1320030159
2107654055
-2103410669
1134504945
649203651
-758776171
1669069103
1111021863
1200461254
-2005947405
-711026948
382927218
-1110276056
-554057500
231183925
452214284
-1583374074
409920042
611447671
-962643302
504109666
76370891
1832648724
43223914
905183506
1866302193
-713887707
500114428
1447183099
583846417
-1400850971
-523095613
621866111
1322111824
1980481085
-1191223508
-1249162957
112344353
-629316966
-1282489633
788847573
910648626
-1600314362
170524484
1970495868
142245256
1329333110
799823432
1504269329
-597274648
-1177777312
1911141728
-611213315
-1209052295
863592081
-2113143347
-1618706141
-1000802138
1796563004
675679522
-1663517935
42553161
1415432533
1972390403
1850974321
-1470207227
-508051681
1461369134
1884134853
-1060427277
1645756164
794615487
-746046637
-609795712
-497126492
946597807
168675933
578336148
357943087
-423356515
-196988523
-1287971337
-1290385673
1127864017
718245071
59465200
2093952064
2056567932
-711945224
2078585390
-1234133414
1906639172
189136198
-838453012
-513342991
-1984313856
-1996271952
-2123999153
1407936931
1937111744
772985504
789292818
1150417875
-1050791409
-1999133721
830028644
1928880572
811197563
-1909455631
-1881766896
2047054793
1728505941
1850308153
1935216606
1597871906
1432756660
855326718
-176625863
1121517706
-1051414848
869491510
-488743919
1709789287
-910879700
1850549699
-1534954494
-1648591838
-429904380
-462967324
-1133948747
-583845711
-835852120
1816551662
-1477428602
-1262822799
-1562245609
-269747910
-316722841
-1872437704
1019835248
1203537761
621291523
1858432938
-1583811914
1552011942
-381924058
-1140621109
-739894061
-1989096269
939657051
-1340455210
-1231028257
-1285157752
-1602451754
-554356660
-1166221919
-746945360
-274722412
-1039357873
916901461
-680466251
651980224
-1497679056
1917406127
2106553813
-535228840
803729477
-1908545504
-360639755
1848960528
639364352
1026995799
303299541
-1342831498
-1545161412
-509008630
106654596
-1150066346
1456839898
-1817947403
-283313642
-205161889
-193446260
1508515618
-724983403
1483777798
-1607136272
-1454212757
-909271499
-1480178007
-1622258976
-403392707
33660362
1638411512
-1112992760
655028382
1975186046
-1729367920
1693263544
-1287673488
463453374
1968308200
-374495750
794184438
490684532
417243248
-1799875865
488845719
-1380066949
2007055351
-1566042058
2094027490
182928207
1792581708
-558630123
1052229586
1458644996
-1775692504
-1198602949
-387086510
1063463545
1904438346
763001917
187088130
456712141
850030564
-1820984799
-230447045
1386572816
1211519797
538393392
-861970607
1965536829
1674316150
-866372336
-374910185
-1978046616
-1674008838
952732433
-2040426841
-2083378893
1216295056
1120908230
1169207138
-1592010874
-857113301
-1159437352
-493823691
994810238
-2129457723
-750300650
1014573854
2082411941
334430079
2135337167
-1228834834
-1396951708
-1086817268
-1287079837
732186448
-500880459
953109584
-1138376937
-697212151
1381610268
-2072481469
1102436905
-2029685632
1668921047
-1651185893
-635145180
-555780479
-892544172
-723585366
-891566987
-25886915
-942302750
-1000294140
-168807363
-470636907
-1764891733
-639848092
1495055464
1269173399
-1185513502
-938761905
-1696689923
1780696136
989960504
799079162
743419319
-1592809821
-453759341
-1539729944
-1740302379
-443002398
-1621009663
-579958313
-617682642
54188283
1952295146
-1820306468
-1870301049
183166829
-1531452283
-944985652
1936732968
-301474501
-1738006131
1015259102
101186476
-1706973384
-1342379981
-1061747570
643834393
-2017699963
-696664746
-517400893
933120304
-239713704
1520007664
1001257523
823840005
1273799422
-291887661
1162186246
319323857
-1607004894
-1914746474
180980153
-1195652602
-2003685809
2064837577
-1939471291
-510224733
1716954035
255634799
-2131703425
1142914249
1071704101
-573982291
-527031870
404757902
-1900306840
-369656642
-996675638
1443869969
28162993
-1430366679
1313229026
-523486770
1277318758
846772790
539421506
1811258675
393747752
-2108262755
-474794319
-1973157517
-685589997
1450380929
-1570075790
1315633305
-295131580
962683292
-864996515
103358687
1512845723
-1938943302
1876048203
843362880
47628993
1073570155
-738405705
40554827
1449759596
-58692877
-1149485151
-1578058951
-1322816287
1942554245
1953711285
-44884159
276768954
-347950928
2102567853
-2008991445
941029865
-318096871
1490302450
-525958877
-1068187140
-2025509526
-1598386807
-16841521
-390072671
-508223350
74399789
1416609187
-1285694611
-124623602
-1785184073
-1260554125
-118418472
1820117998
593423046
-70114743
1293013388
-116887429
-475421541
-676753800
-1398529314
-514343280
-499958972
1014761969
-712628836
-1953290232
-1636213508
1892569044
-1817697783
1545747823
-1926375983
108245834
1381814821
1603345915
1584165511
193499793
1758484784
1632137916
-1582191172
1329096536
980987761
216885522
-1314092212
1298401356
-1204124109
-1146986400
1858618870
-1737363470
-1322653681
-1665646850
-839863489
-488923977
-763487887
1038852723
1541308822
-408396220
432307540
-1052221724
-1436109640
-1019796457
-1160347057
-1316945466
-283442091
163455311
1087560661
-1204859942
-1891696397
1476417990
-1365603400
122541659
-1225776365
-635016092
206995439
260724592
-1768085359
-2052510030
