-924582239
1345143800
525176454
-2105074517
1522651986
495903481
1062388642
1384539440
-626746486
216498906
2013933073
1108543960
665669326
-1613214698
-1409411137
-621354244
1798115278
635826376
-1992159073
1659346283
2086063780
1435753382
119874695
-486374277
-369996962
193911341
540478296
-1636673183
-673301319
1050392094
464369505
-1932866622
-959996113
156332584
304801284
-246782071
1314418740
-2031215130
666343066
1240271866
-1652532805
1376810251
566594451
-851034105
-845278721
1510981083
-630900254
1438382050
1417180031
-783377700
-1948202345
-1859149869
40014153
1937556429
-539815219
1319927883
1574325115
-913909289
215721413
-577777864
-125491194
1362283266
2088723795
1141899930
-1281920075
727349482
1909929080
323893333
1036906349
-996305231
-542855088
1450559305
1455066550
-1669402057
327095086
1713065375
1116275833
493919368
-2109168123
-1169305499
303576843
1486202262
-364944375
1910620253
-273564567
1362583335
520205461
-2052655087
29164997
1901550352
1175084878
800589611
-291509951
1369872547
-1934287223
857890563
-405367559
1992136037
-1777372183
2081174648
-362205625
989345028
214934348
762718978
-1467637439
991147143
386267112
486808839
661152902
584850630
1807398832
135894382
1579627834
974776349
-1326618372
1565249138
698158926
398970716
-1466937752
1123305912
1474749956
631501313
-949666565
-590588510
-959127374
1336855976
-1219546996
-1742007323
-55828539
1029552322
1107182176
772068696
-305050104
-1670523771
1460790808
-597434609
-55279066
1654630947
-1675128631
872410280
-1613024147
-76355778
-469094804
1796932580
1953320148
1283255706
1587087736
-98603655
376868159
2104240659
-2092758835
-236722395
-1554129920
-613062958
-27433004
-331848954
-752340319
-771257157
74140899
783214632
-1573571360
1333102633
-1075977755
-356947873
1669313530
2064467165
1546310457
-563175593
323789356
235795763
-426682149
-1277866263
-136889738
157227158
-1480315455
-1430885201
556884129
-1173555915
741415303
2146178266
-2021950077
-844728074
1090842701
1579963970
1057446786
-1729907286
882191583
2091658174
556648278
364604546
-2017031913
149436085
114751762
-1518248766
1973041279
128323317
858917220
1728989620
-1400788678
119159747
1108866843
999156702
-726470877
642525746
173736169
631128438
-172606154
227718328
-1593092246
-114363883
235344174
-1097265155
-2084148380
-1102661205
-1339427472
2030383350
-441033648
1354763955
-750650073
-2133458894
-247772391
-1167231065
943677103
505474675
1334875427
1193886644
1920127030
1211874944
2086419342
442210993
1357351584
-1042769863
-449381701
113055821
-1080027477
-177751828
-383789554
-221550968
1257261140
846419174
-776594443
1103661924
-302969736
1793031755
1950426665
-1854612005
1437658301
-1287576279
1799182899
-616638957
-7443022
1629258955
-1365627342
1537420496
-1336431820
235704907
-1588775461
-282395095
1973212948
1020936298
-1566934080
823976830
1499037174
648260771
-2135774508
533805224
-202197381
-274691715
1162595373
1558773874
1204199074
1578261025
870423820
-5628856
-1637102741
801395499
815186202
79350574
814059197
1818752196
1719686388
-1952341005
268187528
39367152
-390486807
-1760657755
1471590446
-1725810396
993397762
-331087545
-303751394
-1496698341
2065907522
-280968255
-188584510
1670874345
319719726
532823831
1135401371
1897823823
421771662
-970261538
1037300649
-1107663535
1040502133
-1040665622
113029647
85087750
1831179135
-1928438964
1170372599
-154110546
1283903578
-488553349
1522939827
-1315974135
-849303674
-2632752
1974145828
1308003814
570707040
-1088719305
1917984351
1630995705
456736604
-1828270301
-1849874292
-74694414
416979857
963924418
823832337
-1309487670
314390650
1623243122
-419733776
543206239
-2144361478
664278386
135514221
1255416386
166803616
1608211420
1978870004
-1329950256
2089669676
-547899438
-582848712
1957530495
-1545604526
2129135351
-1397957217
-342503559
-598528067
-181650911
868609756
1328086638
-945981098
-1266053812
-2007605027
1504711846
-1052415035
-941503791
850692584
-1185807787
1068541751
899616214
-982885376
-1593903822
417143649
1217705992
-1683113331
701376330
-1030451259
-921858425
458622523
-1301723376
-1122374604
1768567330
1011090210
1077791929
-918289005
-1607309628
1591704870
-119680826
-1074662687
-1062281683
-408924512
-830523423
-2063520136
843610596
-858870467
975259629
-743569518
960837739
-1878990554
1976433240
2043357199
1481261492
-1399141791
-890396750
-87739788
479053524
-1443506058
-1191663485
-1087128522
1310370038
-249669547
-1858295976
-1442240455
1563630481
-1652736906
-1842946017
-1383651950
1291761117
2073281346
282589364
1345705620
-847009918
-1419731023
803839675
-914889718
716309650
727484467
1736980144
-969539392
-683451207
1467371476
2056251451
348168520
-945811021
-212537958
-1350722616
-2085688326
1579098365
447223345
1744420183
-2039601860
504124623
-1011463223
-1211377520
-1817895934
-1322512312
-639530945
-245145063
1371757208
1932733163
902423930
1678983724
759963551
-753103031
1632102423
-1276971933
-823565484
-2102554368
-1930538936
1303466198
-2058130152
-334156317
-312634119
-510504345
1289600299
2074193530
-827232972
1913810523
-465416517
1800100268
-1645016123
782192941
-800033251
1317679034
1778446624
-755034978
1320476505
970449007
-1995999357
-759414000
-949718804
429813909
598965591
-285328364
344725192
1667711659
100323803
-1934963135
109296031
2032498388
-991148029
-517531065
1818420832
-994978287
-1280076899
-757394621
-155588095
540916914
1444631734
-922996652
-656775809
-1562003447
-1365641925
22618989
-1169777118
1709427553
-2019803934
-735467156
1972309509
-1972596690
1703591754
1652737899
811202773
1631692165
1194690657
-448722602
1909000408
1991713485
2133043973
1698665918
757938225
-946798153
1744475629
1540106987
-281441695
267957099
1259033290
817191223
-269919727
-48605949
-1336798295
-212758887
861355790
-1090767044
1293333146
179488640
-603074412
-1306874518
-1742534762
136575201
-1708406834
1920817068
-1972488035
-1286961261
-1068939619
-207987615
2137679903
-770219814
27543192
883901658
1662281116
-312965056
-2131332013
-813797040
733693070
1316302507
1958148836
450582552
-328204922
-387209556
-793836638
-1973484523
-378831468
-1547056620
-1242567120
-1404991891
-205797397
701342925
-1113160519
-320057474
-1016132155
-1016760090
-382291844
-1734040813
159244420
-777818129
1052734091
1575787474
-484187623
-307589754
81732814
2049733113
963155881
-362825935
-1752414386
1427962185
1334854253
-2021464722
-497590864
1770490433
1548149465
1795281417
1588502782
847170191
-237647360
1620490156
-1090221651
1584859331
1138122038
903542460
776369627
-1394860219
-86315018
589214562
-1105137705
-1305603447
1521539078
1020510439
-1973200666
-645079424
-2073223207
661352004
-2069038012
-1674631343
-1264092365
1298925561
1437191784
1187430728
-1906482670
1316758301
1489329292
764494862
-164530740
-1016134218
1084141676
-1056826086
1180275828
-666976182
1173367885
567727463
-338674046
-2037003083
-62217408
591232615
-544984398
1666401853
-1473039961
-675251657
613114924
1150422755
-1658349064
19534611
487370468
1701606907
671427009
-406481397
1692790339
-834980865
-2020971797
294315255
424303111
1957154719
-1586748094
421311399
1374637415
-606617573
1929016372
-28253089
-1055138695
-1418272555
-1462045480
-377636990
1179769816
1102907937
-1909895118
-1489124724
-242401663
1240720223
1621075381
1997005381
-578753027
-876658100
-1854105080
-216556493
604405957
2025565076
435490316
1593156431
1667789537
-1960064853
-1705262562
45577212
461685969
-1163467044
-855021159
252197684
20980913
1615319969
-38538594
-126059260
329254295
737978933
-880015849
450178617
845433151
-309500312
-597425160
-1913768613
-2007015446
653807793
831782855
1633650394
-967441790
-266299511
679641438
1620529287
-870454526
1186769398
-2131620369
849799237
2001022740
775366501
-156254903
912486911
1191321851
185497788
-2092998823
806777052
-423241038
-915642705
1793455602
2030679985
1774835541
-1871691437
121341648
1442671799
-1533854016
-935629584
1283033561
-816966531
334284661
-377919462
1313568678
2004604960
-1115532606
387555074
1362836546
170097336
1800906531
-1484611575
120295985
2039263765
856026340
384533910
2079230387
-1829185878
-364785398
167881000
-2094612407
-988274999
-1511624076
198046638
2122714232
666556688
-1243644612
489578262
1801757132
-1154000349
1896814690
1684897059
-321392353
-128675430
653429163
-909437053
-1675572965
1913944637
1804776390
-546947808
817658620
683202926
-881077583
2032816310
-203618406
-1542454810
-1958077862
157674661
-1664575322
1371442596
252648329
2043392007
-723465677
-2045361375
-1414655236
1812613381
-1357477768
-631662137
629901011
-1037414298
-812153388
760123812
-825305554
179685992
-1848734447
-369438118
-902127852
144072915
1822438380
1200506202
1217076886
2010425930
727822805
1142988625
-476582092
1748243171
1436540658
758746337
1718143358
-498320902
-1666670743
-1805486444
574827262
-193341118
740900574
-1099165683
1353779029
-133265124
-547848134
-1853806976
1071572899
-1379404245
910910894
285434467
330439724
1611422759
1400894711
-448401307
-1730288585
1123244530
-1466336285
-1364900449
-95899591
-620793112
1862146323
-163941623
2055266867
-321007238
-1111651071
144423982
-1525501865
-809033986
1847957316
-2021432029
-1534652943
2054522047
-68656109
-834606155
-1813135739
626076251
-654455289
-1570234399
743634739
1421198670
11565092
158650248
698561123
-783741495
-321649639
1683028322
629545373
-612160312
-332273466
1041677107
-1948014152
1879537507
2114891007
457600829
844428598
-42136733
209816207
1295822069
603203822
-1887690473
-1300972161
-1841618695
1679144683
1444816488
-1161493608
-2012057536
-290534508
336328491
140185637
-1918199149
-1563725556
1858520758
1937897469
831164475
1018758363
1134399157
2070534591
1079439099
682615757
-125167810
334906975
-1454695872
-32411622
-1873941470
1005333985
-282123626
2097010119
-170339451
-829729691
-1652543394
911683915
830970288
1507562338
313025981
-1082262412
-731691483
-659133642
-327259177
-1049827957
-143258125
-115758883
51650365
77100214
1758238540
215491584
1381961635
576267165
-1978703276
545904946
-1531132202
-135476400
-1760990405
-1158880139
-1711273236
-1333359512
1915640205
-100851710
-1747742788
-105736852
864276680
-1423938743
-871249008
432368501
-529091026
1696718390
662233881
1902418195
1381924828
-443126603
-1038294877
-642717838
587063580
334085752
-1838568823
511215032
-881760266
721043191
-1767281430
-111557967
535945228
51882424
1327196828
-970638162
853118631
698848976
-1494062752
609790889
-122119156
99077032
-1672401577
-1149654611
-415875564
1669223428
1036957621
-492167820
776042491
1208198977
108215475
1699097425
535659383
1756585437
-1967520566
-1862938544
1015232268
489962300
-1993102051
328895387
387055006
-2077192279
992443190
-2094810593
-1470090425
847525530
-1672890379
752519278
-2084308117
911586616
-410499644
-1755275546
-395647992
952384797
-917641713
-123016173
-1691882926
-483616930
-2001739277
1643393361
1715778686
1822637004
1610680884
356070837
-1219750690
-379447177
1434468980
76202798
328280621
-187904653
2106067874
-241184282
-1801998036
-275357474
-1140342352
-1244363283
-1296606355
-356536544
-496598904
2120803097
-811778194
-1781130380
-1535450048
-123970777
15447528
122569896
37886091
-1552836059
-295028631
-514932192
-810292365
-2085079788
1681659168
1476078880
1337513796
-256893240
-911340553
-1466959287
-299747381
-428538093
-1650972441
379840356
97787584
1839073314
-1689096314
-18087586
-11306112
123749926
1141910500
-1188329837
-1746761218
1632199990
1365179544
499722574
-1518289669
-1248790157
2076437013
-1827178864
2143459189
1800295788
88219457
-1829346032
1539909980
-1496163644
1882986312
-279949181
1508385675
1278947602
-1596369748
-1957370595
-385566987
1733429000
-1758988896
1551417174
497464095
1243693526
-875382378
-379010063
-61302835
-239878448
-1514583018
42759225
-947220992
877923150
893511889
2007155341
-1678279649
-525551917
1880665334
1018768159
-87381645
-1483136144
780282307
-294316808
-239622952
1837660266
-1616114594
1587789631
-165846351
1514838810
1438641892
-1232781639
208193052
-1187425772
1244243650
-2138353773
-1216738970
-433195381
-1077697468
1200422751
1611905473
802576371
-122603669
1778152284
1368472116
-1140738584
-1445474814
-994291974
713949650
816378958
-1687847181
923172508
1158023470
-1425838664
1038382806
-5346657
1695226637
-2027157491
994056650
539285146
649198685
-1393528984
1545203336
1531179239
-1768579226
-1415668928
-115759436
-514959774
-75639233
1967325641
-1362831242
536088176
-1365624702
873209241
236993865
-1730362558
2040082498
-1733416563
-2044360174
-1285113253
166617661
1491875564
255210612
-1690414769
-837098162
1704397
459585890
-848690484
-402850524
-222550090
-1443677963
-1532807202
-1655419848
-1063082874
-486573185
882141550
-519917316
-533481068
1866576863
102323723
-1285471664
1616618263
-2008771818
-987344916
1636048697
1459077063
80904474
-406329547
1103037908
98176708
79498986
-2063829895
-899160696
988555191
1138816482
2117945216
-1779179398
247927094
127547472
1336245833
-1738641339
981965165
1627469638
486590546
-326000150
268244217
-1971138127
904698390
-528376571
415934487
905109674
1692046550
1662839362
1341226493
39429387
74131100
-2091504370
1069322887
733084229
1753458300
312689808
1651307030
332882545
-2064420580
-1298593830
1888457653
272646052
-2035299977
201986395
-1428934276
353488518
-152665635
-914207336
684639033
1491121701
-459034307
1180713243
813924172
-297123578
-356058970
40384939
506955217
-289434755
-389473013
-1900224836
1593743876
496857918
630913350
1206637865
86019553
-1455393741
-789377953
812935712
32982027
-1167155569
1894721549
991525213
-1349489682
107799074
-2075917444
1538196122
191650855
1453845231
1150072400
-1960369595
1969598242
-2026034437
216555497
1202282867
2019788292
-2060833433
120880872
-423980780
-1070426676
1387628224
-1172914958
-1389714328
-151035212
-1643776362
1005662899
568409777
-2018619939
1745981003
-955750362
2096687146
-957064918
307753260
1372755218
-1490805193
-2049063573
-1250426427
-2015631913
-1521044771
-1415713090
1122144368
-198981526
-312397965
-329905359
-571416785
-1986820707
1356017305
-1388925012
1438584507
-1452365149
2002051433
1849310989
1452787932
-962459949
1207383020
-722163820
-121652229
1205748140
-721599280
-2066279806
-935019531
230116632
110699607
101476860
1465752625
1171404789
977342097
-285353676
1344607988
-54582064
-1528720180
-1814254903
-867478029
901081331
-2122028469
-1920915090
1325330473
2118391713
-347420617
1002727114
487659
-865501793
-602563374
-378205025
-199705544
-1951903498
-937100814
-1218077651
923264085
-1445357321
94074540
-485179432
-1778432871
317100671
-462849970
844534536
-1957104251
-1148840836
-1964009837
1114637392
950267415
1120745647
1155960593
-1937525295
-1362532769
2031832243
-1743881227
625082336
1435324242
753225533
-1139916301
2026109414
-1677855779
1801813412
-871929481
-1886147192
403969853
-1602767452
1878120224
895604743
1309025421
1714663262
-988407954
-1223959064
-991542368
1583502242
-550227527
-761604905
793536272
-1644449167
1917859428
-82917432
-246765673
1236229565
-1627587501
-1185441442
1912307869
1246833778
-1148141159
-569431920
-2082553327
86026681
-2093571210
1788779401
-315405445
-696142726
-1148509824
-1095568176
902358098
-2111761629
27336735
1048794793
1806091658
-1175978072
-1691345347
-2119329606
1889052785
1640886218
1736675902
1066669040
-1854050629
-238543462
416195118
-680408925
-229656613
-1391815616
-385438919
503857911
-1601046637
-1094269704
-392541089
1260183942
-1773346354
1422911581
-1467881369
-1674485189
1801994157
-1202868246
1736561428
-767698560
-15498785
539626428
-1824154218
-1007650917
-1200315339
-2140206948
-1937820093
660193365
-1574357388
697698877
1487654790
-1422780196
814653037
1662641601
-1614036457
-749744150
-461117621
-776888191
-814096788
-1951202267
-1264012757
-206448883
44163438
1811877065
-1958601743
426709105
-723713936
2022656131
-1608012711
1281065402
1031192668
953120416
-1045978548
-1438710344
260803631
173932134
242430324
-359641852
-1646936410
536922306
1519944978
1860340292
148181817
-254046174
-1281778674
1154162349
-397954488
2044775076
-1056157105
-2083058999
-1129624428
2003079792
958475085
492840826
99613168
692793441
1077129699
1921936190
418238263
-1346163478
1499496809
1188151219
550068096
588581687
-381006846
518335325
-477979504
621875858
620261937
104092583
1420610192
1615186440
1649344434
-1970758873
637893375
-1364194740
-146202233
-2139922394
-158612759
289393114
1444702544
-1774248098
-1927798696
966461279
-1610845729
-1484161275
1988674315
-902138281
328972555
893683210
547171429
613536247
822067908
-318930018
215440040
1269824078
655087976
455895797
1499984738
434192294
-1316552876
-1758025907
-1265753817
2074116144
1570170300
-922964945
-534046593
667548639
-1343030081
-143014412
1926527010
516752019
-1330646859
41021066
816838754
919068794
1303718091
-425612681
-1944707608
-481579853
200481490
547369502
-207559774
-482615757
-376797101
-555455679
338071547
1477954284
-1115555610
1801549511
544221517
775583019
-39320125
-1053305154
964574611
2139048769
-1508488551
-1622904670
-534384285
1870708069
548540318
-718868513
-956593638
-997208615
-347799321
166546580
-1189157032
1892810570
1503233785
-634750311
-1697538129
1038435708
61576351
857375939
-1023036266
-1589650394
532151805
299276390
1016009123
1383868442
1912712421
-591411942
-2121184519
-585169240
1908754024
40858818
1332104958
124333892
1766397360
1089003466
-1949171887
1571457894
1736462349
1370948015
1495393531
2006493361
-510261683
-665398845
1427600355
26716503
-2094704817
-2147105742
963547527
955733691
1512683482
-1593256129
1136218857
1176255063
-787782742
2080420051
-1201330746
-1129914145
-1562817588
-802975688
-1051928307
-165041242
-1794959829
-8513503
-964806514
169858113
-1946484119
384316653
387002354
-874609047
-565131277
1718330156
1666820331
-1889323995
1230225743
648927841
-1197696853
-26179544
-597952329
952590345
-1543245671
580754039
-1447106069
-334575908
370435650
-49198258
929959235
-251797934
-56408435
-1143084988
42631171
230413928
779733043
1703903149
35282418
-1606460509
-994668179
-540965313
-759062483
-1750601899
-506108690
-1682525449
287937848
-224526306
-397399533
775435581
-1344321963
1602062005
1917568088
1152362822
-1457365479
-1123603736
-604606962
180448953
44262459
-1685048095
-1167816118
1340294549
2043241135
-1352020310
873734688
-574270127
2013546482
1505516018
1578008849
622985796
-785212761
-40116720
-1272798015
15414599
-814329245
-1650104
-1557498900
101841304
-918689340
-774846387
1157099674
42964224
-586940984
-1005667577
-1381574254
-1356497352
-208073125
598934934
81948428
-1900292728
720385073
371410581
-1837740375
-895728719
-1314857002
527610786
-1887659353
-163486963
-1545800190
1242538270
334159952
-699328780
-155460303
-1604632015
-1369280077
-19237536
330322035
1823401232
-515889514
-1286199597
-1391981696
1656893314
-550324054
1634885751
447849487
312090527
-497144064
883022983
1433805927
2036389082
2122714299
502756590
1670986549
469919042
1881093895
-1471265747
-978578272
1114325764
-221919671
-1772588927
-1970524006
-586615244
1487025815
-2060647100
390646393
-1862914356
-452154518
881819283
675194309
-699960588
913586834
481422128
-178039725
-8524413
1903915625
970770602
-508147310
762978501
-258306229
1870003642
1985957668
1755349374
1001067589
932353776
845622960
1652440623
818395916
148187535
-1720670986
1398584983
2133258032
-1676345164
-475729373
1360422780
1011173520
342390972
1349032806
-1201123670
-2028422896
-1326502681
-912117310
1814498108
-480484983
-1235297480
-1213844954
-428917223
1938833921
1629495968
1803047610
1130163905
709310747
234258267
-1086074501
1934489673
-703527216
553724312
-1326344183
-797982044
-436910497
798538335
299649215
412666915
2052035458
1533524655
-1911584508
-1116551362
-970174751
-765820698
1988173024
302141588
-1555515957
-639303579
-376985647
-773488336
768622883
1659072371
1153181407
343073037
538738584
-1203443871
-1464829970
-126452261
-916725992
-1409457425
-1028226477
1021520387
-547939962
-1783709970
-526855000
-609605655
181680297
1263444262
1860094947
1716241776
311518568
-536254087
-1455188059
-338187326
-1849625036
-1224699576
1202237391
775677776
-2020380476
1216683284
-180252837
-1121063912
217281288
-1353382808
490719336
-1880548827
-1755138217
-1435716618
488883606
280135260
1395042282
-1788080640
-632828780
1707740020
-286902899
-274690823
-2088757770
-2022906042
1187112338
1186753643
2047086155
1376675910
-2146809079
-933430245
-746449810
-214995119
-1740087505
-889159318
327174428
-2038052440
495873315
1580092157
-515750969
1957734204
-1572895521
1486477984
-90914647
-1530416853
-1629050523
-2076948121
543005723
451314826
1754672696
-240301546
2027925286
2007930212
-321193971
1226272194
-91791014
-2083144189
1020695746
578391736
168690654
-1753743763
47079055
961643932
219105736
323432497
-1481826693
933924053
1477276078
572240483
-1009262064
313259560
2039870589
-1340780060
-7473071
-1716840797
1828834696
-1851002394
2115455468
605392059
57257956
-1660700498
-2088533845
-667466568
-1307067150
1657848988
435139120
389144400
-1471836100
-296571544
-395345439
1471241874
1536078980
-1380952659
1041362464
1799634181
-1066609126
1367396523
105462975
2147177233
-745257362
198598728
612416179
2069376668
2002560229
1491914584
-1172159738
-1026113289
-1899314961
636267549
2012791058
-2083944709
-1685190311
1095313169
553394667
-837972113
1989483743
207002082
1415997725
-1114766420
1493323781
856947389
112778391
-1008396669
-1098761178
234995663
1884519397
1340243294
1871948749
1451554568
-1011861851
1654511525
-1955497918
419272225
-2005494221
-1958893470
-616289176
-1398585632
-894185818
-1711159769
1279951046
-794020966
1640917760
-1700109009
-1308293918
-2072668167
-661911392
742596546
90343893
1839077887
435344891
-1695833890
800072220
-1887555766
221759627
-1649552109
417909419
728437401
142982662
-787757650
-2043801273
217386382
913898707
-454196711
1207192597
-2128995659
669894585
-1942373503
218248813
1064444868
980941017
65664697
-1056110861
-1595252700
-691742754
420837470
-659074328
1694078896
-527982734
-277065926
306860733
-997241412
-962304525
248389869
-1746510871
-1248061352
760503654
-226583350
-1100962821
-1691244588
406429355
682866942
-791568142
-2128788857
654832626
116923895
87595724
-959989556
-137669011
-786537470
1070482012
1615992141
489427783
1986529078
703160672
-1231647357
-2003055660
2093823376
603322322
-1825999236
2136327432
1886444383
556817022
1424900575
-1865401811
-132214302
-1126488364
277923629
-454842672
761680942
482353151
-294429367
583547900
-775676331
423184693
-2119792582
660141226
-1602233660
-654257839
1904688942
1947139447
550781421
-1680104546
1575816897
1478452119
-1280208859
-333729292
-1532912769
760233737
-27576882
1228164105
-1569765209
-373699572
-2056395336
-1771300864
984418098
-1040504879
751674820
90013766
705270034
-1682856847
651281866
-1112560994
-1128753986
-914560992
-1845567300
1736395897
-2125949714
-1748415581
-419607541
-846204790
412123299
-415421441
1518115145
-1395424870
747652970
-1237507214
1318784527
828321432
1141894624
-1983488602
-680380896
-1564345356
-1149442440
236813092
-1932004402
-64842196
-851594629
-1396459514
1786098332
349125030
-1330639024
-838120976
1028497444
490980288
1602630653
-725669567
484446010
1750548773
964420333
-656295548
480340306
830704994
1050956787
-1362557652
-762097122
-1789995080
-316786034
-921272192
2010767739
-1727520461
2014014574
427001812
1649416077
-1736112133
1333652535
-858059527
-525537496
-56593431
333732996
-540268554
1073525361
-786499491
-1617158354
1145601783
-146246203
-711524530
-554720051
440187269
-813703976
2017989025
-1909739394
706769655
-396915167
-592588610
2128516070
-58826713
-384763787
-2024770207
-721377417
384605289
-1807331598
2115889069
1660257009
-754429511
-1843405026
-306985850
1279900204
495398963
856040783
-1850481633
-888593901
363096263
1882604364
-306039343
113631731
-682221780
-1378566860
-1620835026
-1893149451
-1072462060
91529374
-739902378
845676521
-1245503326
-691570175
-370182264
-1970790588
-1796487144
1485618262
29294075
-149253780
364547285
471695099
1383396335
-1938218702
-1977973891
1146861018
1938741758
1368749215
-1589966983
1402619850
-385438281
2055873522
1639194530
1300604724
2075082604
-193479447
1111489080
-1066741511
-1482714805
-552061377
1559999512
-2034969197
1829540779
-1911056522
1234231086
-2074652550
1712444072
2011748566
181173287
-1101106744
1390340337
1840922548
1933532011
1128496671
-1899443233
2023537399
1842288970
-349247286
-1592048438
1730544600
568207733
-566268894
2105027480
487425768
438609327
-1904229326
-27838826
-4171433
-2135239741
-777326690
-1173195894
-672612750
1970378424
-1904665920
-451363320
1688863085
1017397059
-265447149
1939916548
-501635230
-143495300
-608137004
-540245592
1703624089
705168852
-360366874
-1210709657
802441225
612647750
282585333
-1881385646
-1274932193
2121310413
1382878174
-445166422
-665619523
-20248555
462234702
-2053107531
-203119484
984507252
-1927332951
-1057779755
-845420714
-706758373
-350342356
740472277
-1127642090
37045640
2016624469
1673842054
1507227057
-1339012801
267531649
-1326061686
-1987552670
-478577224
1507495895
-126592401
940786737
75195803
873089892
-577916929
-1230760516
-2074809302
331220103
-698575915
1183323961
487720958
1435235727
1289656115
483512250
-1128311563
1979562914
427941395
-1063539021
1237899626
-1224276512
1161300347
-1995617863
-379360601
-32140601
1142747925
-1487916404
-121412457
-1957093416
-1013641730
1340975447
651864255
1135095675
-793739042
2128523061
-377284497
2102446367
-220377800
2116828407
899284532
-747464795
-591128574
-795499996
-253486448
1433537022
1590716280
-1265676224
-36091924
1055545874
1033792044
-263416239
804383181
712941027
-1349149855
-1851060066
-1979737274
-1253554446
1637406874
1560203449
851300525
-1146899487
-1607877523
-1473609280
-715235183
-1862158247
1508266652
-1268839201
664872938
-848347347
790985061
1687323160
-62571118
-487429441
1239909400
-1720301242
1117087988
-1527851102
-1097469206
-240066722
834195458
716760448
1114002441
513778680
1804341356
110766654
-186539536
522812174
1582708750
436695901
1079161595
997410562
-1980739415
1894447523
-1242329539
-1982628123
1932358357
1995156218
-1613055599
-1754110731
448566326
-1530614121
2032588015
-908549785
1251771630
-280066210
-705161472
2055619943
1104007250
-267552636
-1783857421
919108188
1752528095
-164687754
-1412640879
77881712
845064046
421199352
-597317745
-435034289
167318951
-1856400495
-2006365406
-433483730
-1647027277
1003789606
-76811560
-460029938
-1116692171
1419602917
-1898597466
-1296153791
-750284422
1672297572
-1262332867
1346116397
678437614
-1513923831
2004394912
-1865034929
1567810001
802597547
-420993798
-489135485
-1156861397
-892964487
355804332
2015026305
938556669
1498451995
-1018656090
-1281198166
-846627656
840009494
1742339575
1767549700
670440690
-2068517260
1405103526
1898096771
224043351
-624737373
-155430206
180467594
1609140189
1675899293
-1649197129
426259376
761584187
-1053116599
-275279645
-612682810
1485955739
-839725024
1181602408
1120214297
-2065238131
-1167162605
789360451
-1039816972
-1246391489
502954924
-1714913891
1535119976
-1484641813
919638387
-379929503
281975374
526283664
-609164910
961238542
-483500148
137501924
-71278917
590003405
1021793688
875107208
1793456969
-2025245755
-2069368006
1748885885
13488549
-1953965650
1793371029
474598358
1095495403
380455076
600273767
711698607
1146004428
-1855660227
-1506027889
-802054051
-332759115
91555549
1718116815
-1576972826
-1727505871
-1070331064
263087315
-654511437
31461003
756045688
-61517710
475771267
619761079
-2003948624
-1885915854
739640483
-179164559
-2128469808
-300407279
-1289297061
-2025372762
-1696592661
-1591049342
-961197397
-1548766957
-899998442
-2032241995
-327082697
1653085740
-477284222
-1678047973
-651587969
1596358462
677970125
31708201
-846033582
1425861847
152765332
2035684699
-1525554812
728674661
1798566220
1337979
1264840926
1089176860
104787282
1934160418
-1393336490
-615680995
1625574207
-287744897
-184680833
598018772
451562881
56690775
1993654338
-1066310495
-1419069146
-180261812
1226547406
-1594359623
-659729669
-1216786335
-288769076
-1454735026
-1920689707
-1325950019
1761149143
-691619602
-2146741714
187087534
1771584299
-88102360
1685501683
146399472
-1056350053
46423412
1033528219
-191517649
1658936264
-840715948
821578619
-1639847221
-811743857
43681974
386421336
468355802
1433944515
470547356
-1492624835
-170789518
1757836060
-1124504066
-2124490097
-998811097
2010167918
770355438
-1180216226
1037545170
-1241959139
273977853
-1423886339
1196976020
-1179668785
-1265730339
2091847635
-1118360806
-1220117916
-95546553
2115830899
-1622538463
461858338
761913118
-2075980309
1410328892
992427828
1225949908
1040737881
-305569835
1529452629
1959005197
-1634528830
596502385
422430664
1311198337
1917292326
298993719
-54964085
-1271571162
-504756529
1821951922
-81581365
-1200771187
2054392297
1623995093
-368664678
756109708
-1908197545
-390921153
660319198
-245610724
-964929085
1383606977
1035869837
-1193271675
786420471
1805333532
-1907628522
397484728
746612843
2029117454
1393967394
1011470331
-1114192610
1694588815
-727136644
-132223285
1068713128
1846920280
-572229556
-1290471171
1188617104
-287152988
849106571
850636069
-588402470
2011051833
-1572592462
-300223428
-1297924892
1899719593
-942057804
302349692
1522598258
-2054569259
1580816686
-1772899186
-472240377
-2012779598
1939319005
2002122215
-332936330
-811833265
-1694929584
-1973738129
1422273975
-994525418
1455655646
-1522562205
-835853570
-720503727
1724080089
907156347
-1263709943
413190128
-437673725
-1599829426
-903239239
-1472752759
1802635584
373085429
-809303068
838313119
-676736883
1441079023
1868606825
2119302950
1899109936
876677700
937953924
-646581178
1270540849
-1365381652
674338402
1016551775
537264648
140873328
-1175136008
1790094157
1036592279
1248935121
-132291057
1314497004
-1107203750
-617250903
-1467467357
-709429282
-1229363492
-1684231536
1095370094
1738566283
-1150890900
1894320065
1788101566
880424552
907764496
-1101170692
1767383951
-132148356
420522426
-2081051475
-1994153515
-482871776
2094301369
-2140839859
-1767480296
-90630138
416323698
1445474567
-1391384506
919735675
961386319
-1277034081
140238276
2096884464
850275062
1776944271
-1700021307
1622195894
346912958
400086386
-1126962977
-1244536056
-47210146
1200899237
1048610779
-875369394
1206537191
-707151573
860175820
-1144080480
-1844024333
217205969
1271235938
1124097416
784054046
-750123374
381576063
-57537269
-63341131
1733678908
-1038200565
2085622506
1169676973
-624280493
-1982763516
1609470245
1718054614
-2099335884
-306884136
980724416
-1608180912
-260557187
-1685517066
-1656215607
377122621
1809311660
434319266
276878744
692763832
-99617019
662759944
-1462032552
-1157101308
1498202041
1004444052
-116008250
-196457464
1110244932
70997888
1191093560
894874363
1513549590
1345215662
1580084449
1959516763
1143878517
-334606665
-1011625389
-729599197
-387407711
47696451
-487190972
-1173944516
-1669440200
-29245798
-2062260332
-369110733
-90967844
2139319931
1029981582
-1393370325
-280810990
255404588
-1351474578
-1160292075
991034989
-200141102
-1316691422
-509185505
364169451
1069717250
1513705812
341699946
1196133022
1700538519
1286082728
-1019972097
-392162930
2095369157
-454528958
909748738
-488298019
-216709266
-756613238
-1064605400
-1932182228
-1698242892
-743516877
1458378342
1477510205
-1928442930
1840305016
-1473986326
1015361241
-1232399329
998534312
-1018337202
1789404660
1766820228
-1907250203
-1886597109
651119630
1815547117
768378407
2089719339
-1980932133
1069901358
598062983
2064482626
620881189
922961175
-1009405766
1137654174
916174833
1836662721
912939226
2030428605
-1286656543
61596202
1657317228
894321151
-450729512
-1500470524
1004493470
196639644
-789002781
-1784884791
-1864872496
1890875095
-30378154
-879963629
-223726507
-1952808845
708038965
-518834135
1019526266
-820262298
32622806
-880502052
1781358278
-1553087540
877109444
-443666796
-1459397245
1388215326
1017109989
978484645
-389695363
649037219
-1297552674
-450309657
1142823177
-814216411
-314045003
1727079300
-1046480312
1244007656
1913885624
246915347
-1743023700
1182922967
971593629
1266689254
-820495429
-1248390656
-454752790
-775738465
587362579
-1827251390
-833895530
-1515511799
852854701
-51316411
-1304880400
481955876
1523172453
1357004713
-1926016320
-479387775
823361721
-831464063
931894187
-1225504048
1464363217
1483857154
1305509851
1433030839
2026640830
-1970312585
1927291102
-1050553372
-1661630458
-922708360
965758927
1163528805
-290240928
163481434
-911017037
704548406
1267475643
1515638249
11399716
607855387
490141572
188862804
-1489760717
-2023389776
-2082228440
-1667266968
-970460790
21796797
-1074473000
665576961
-91313199
1662877135
814733707
-547367236
1442509907
-536575485
2102940745
684359153
876599776
1920520228
2098791589
-1275450400
-222032652
1350524664
-984441718
1477138217
2143103000
-1625122089
803232826
1667718017
-903046520
-484334212
-128010348
-1415319646
-1662117611
162742047
-889156715
974096003
-373180084
-1385845566
1849927712
-1174007863
-348513576
1642475467
-792874495
1072483197
1612268324
454025938
-1337548497
40576254
-299036860
155914172
-933863599
-832452296
275144725
-1270656248
1052723843
1753246741
-772512606
1988894824
-1471700903
2020471091
-1595955511
1446018195
-2042620637
-1199707176
1010220574
950272089
458627954
-450254302
-694629106
-1722255113
1019518939
-1473101950
67644487
-895698516
-1376895750
-1884011925
-1548621737
-979471732
999828409
281882949
1107096979
565321875
1370321874
-620907865
654196281
-1046385924
249962641
208872646
-2019758376
-2131656237
-853115426
-1961480153
-561732369
-535277111
-534339206
971198876
-205954092
-1498373817
-1640840055
-2131914899
1484485591
1261071044
349778255
-1480929836
1197969319
-646576037
-1922905794
-2001963346
-1063123981
318637207
-146839760
-803313552
362915156
-1288919919
-1319132688
638672983
-1038499735
-1846051011
50967294
-1663740957
-1513068477
-893602304
-380664429
-1921290875
1478543108
-295525756
-64474654
-1558273898
666850498
-2057040432
-443586400
1670187147
1380980912
-25148270
-902720826
-1513388185
1706907775
1785175231
-1370248811
1888507760
-2093000191
-1187889059
789711578
-211254235
938220304
1291342239
939642227
805797486
-894426195
-1430275022
-738960879
1702838293
-1711286677
-2124068907
-44741570
135443061
1856168717
-1704214481
-745087071
-1657058192
1794228078
469059036
-945721983
-6939739
-2131277151
-1428677432
-578896249
-1728336670
-1939407272
-385774656
-977128249
-45512745
1635406473
-999382715
1236996609
-442813939
1305360206
1730933156
-762421725
-182719211
-964441844
105554499
-114675182
2105123844
-847928617
-1916119492
1406954153
-325796834
411398933
1331482671
-1435301887
-561005360
1075557985
-1830724269
1802288370
1780286179
1462615217
-1362928178
-2145094950
1569519
-574858054
893943367
1263191452
-1235591411
822081938
-1349486920
-793986069
-1751772208
-2002993513
1221681800
1601650632
1376108660
1887712655
24708568
-48555192
-1941459368
567778064
1670157340
-1494385253
635960233
1685099810
-182072338
-136491959
-1891152544
-454283230
-1803191266
106284221
1038494829
1919829480
-1608464883
1491808775
-1913880012
303149868
-40914630
-1762215203
1397221432
-1772355803
1100538909
1494387682
456310549
-1521395342
50304563
-189275606
94453939
707793469
-1367994534
-766199299
-63897160
-693571427
-2056763298
1447503323
1695192638
-186905796
544702675
1871221184
-1158918714
-1514666183
1119411748
-894208343
1536178795
684974415
-1051301908
-1984806314
-2112948390
-1044798154
223540612
1343125328
-1761353087
-1390758071
-1339629348
-842839763
-1957773946
-1261661080
16028302
-1763231470
-811996678
-973657057
208747312
-1447790984
428586190
1473001735
1049578985
783288371
-1426299643
-189711508
-943878074
-1406402128
1324482986
977009200
23515982
-2023667586
113115908
-1342460434
-1685345837
1981918735
782787337
-670614943
286306314
-1393860162
676774159
1760238087
-2031011746
-1707933933
-1059746615
756539393
-1389399680
-515261370
739535984
714896445
-1537713726
-912687871
-1626975680
1963290070
285414309
1112067434
262731045
82653114
-48730192
-84604576
641638582
-1419859059
-1775714430
2018587652
-532639646
1558638284
1038304810
-883145862
725567976
-1353720267
1327749558
63562992
-414602484
801162086
-733967863
912587998
1422564999
-1012428604
-1416994574
518219663
744008766
1335361438
177311609
-434717215
787601591
-2105807727
1492032635
1373512264
1171359688
-1555917267
760703096
-939959784
-1581951344
1106420184
484448939
-937576701
1027678379
2094861042
-1581954214
1219597535
-1266572127
1441620025
-711065745
748384172
1066433438
754316143
443107656
-1814178347
1867733096
-1868767430
676635338
1418312374
-327433844
309921610
-977972036
2049240414
965458651
-499353920
-1526694063
1195030421
1542918676
-1984184114
1676843014
732490016
1304445666
-25671782
1364226222
1117508419
1533748744
1196264807
-1278665782
-917505914
-1190207526
2084566006
-1658764770
869823676
-135020050
-580022742
-2042249856
-342531776
-473885677
-83367958
-1133736718
-1141524095
638187650
1699211338
440956403
-1579908159
-800596141
1991979500
1136977681
1081688601
977550642
-2023971420
335867843
423620544
349862226
434105178
-1380359819
-1200812404
-233421151
1756505396
-2104529437
251037879
323083324
-1951387404
549082794
-565024026
-21315292
1421155230
-357563877
1827191399
429596466
-299259043
1717143890
802548666
1605423432
1441276838
997593991
-176177838
-434462519
2119542685
-2046848349
-1403618660
1568106058
1371856568
-431606506
-1372001472
2132410761
256622498
-563044121
-1819184474
-1603248995
-1502567071
291261451
-844684357
1878716015
1722880698
-356874757
2114309364
-1290440600
-1155086381
16516736
1301037202
1118354283
-675934694
409343440
148921640
971571205
1853513317
1623826910
-436430246
2093141475
1473561946
906351854
-142402074
1322032772
-808343023
201654631
582917352
2126108462
-1361978633
175896300
486116697
-1196984794
465372405
1352733869
2019060696
1651105562
1371666640
-1768837895
-1746134611
730233570
-2062851374
1852935703
-1166174454
1576738407
-283780950
1538901078
-337338990
1486908643
-289513072
1089005923
432987935
1058253130
-1343300436
-1005021990
1257630912
1491577607
1564469688
-1759460834
-618788352
1235479019
-1187104797
1898659693
-216502163
-401353374
-1887740168
-1155106258
1319618392
618130151
-2056214849
-945275763
-624045096
-112377927
-490970973
247869513
703964437
-2013826610
1168684948
-2005714228
148750530
1776563208
1584732719
1900938875
1264194539
138340774
-1748393189
-1480700593
-616715280
-104987396
-2024922187
1459861668
439909328
-1074061978
-2066434834
-592287151
829796779
1013051514
1663169140
407274232
730554497
-2039364996
-379894769
-1791411810
-418086337
-389033450
-372909747
60250237
-1906665988
392221512
537344866
314716952
1258577535
-913660515
-121464504
721512848
672367876
-669075041
75248174
1981615414
1221796927
-1853826676
-1033993713
-1164117408
-722108511
-542815928
722670752
1774418816
-918590759
96235926
-1701109138
-484013710
-1794890339
-2045670782
2016566343
-349422316
1738321833
1057290529
-150435623
149177883
-365831929
123884669
407165081
1828813604
-102722927
1105020361
1888490470
-195832055
-1330363724
-1266698276
932251501
760510326
-1855249802
-830010916
-1734815026
928673979
649389753
-992659143
-1082983041
606636770
-1965278784
368457437
2099738097
-688833532
-1932539662
436788129
-860168464
1609528280
-74978594
-203542526
-908341425
-1903686516
-988667521
781777684
-1993218109
-19860264
1264319680
1765985462
-1913789681
-1348966577
-1704255166
-143984890
-1870134175
886555383
306739035
1446456087
-779319300
-1256007396
-423573918
-1214993183
254540310
-128072608
1618821161
-592162183
1329567746
537959703
-1575305014
-1528118655
1473257361
-11428143
1896793766
1773250017
-667963210
380867383
26568362
-1021460298
-1029855896
-1322281446
1725153492
485041802
611681228
-1898019128
823048437
-1972372026
1196977810
-1832404318
462288824
720471652
315799454
2135934187
-557877278
-967944216
1777694955
2049664994
967844827
-526906736
-1518970964
-1301806319
-1003337876
-1755988023
-1083845197
-1973677337
-783099447
564411877
1538184470
1499960708
-1807031342
-1416654069
-2036846065
-1886033708
1495959189
-1737526418
-492071132
1823208927
978282007
-1896954175
-1879904377
-699613858
-1802470317
1325013226
2041584575
984062352
572889219
1834476021
-204944249
4180302
670109341
359192907
-799365131
1150163037
1446402848
-1094858717
-427156258
-1406355197
-1120878833
-317485257
-1746892680
-1393646884
