-536256949
-1795210975
-100853850
-1928785701
-1312869317
-1758285427
-471219166
-157945023
-92129981
-727269783
-1095032264
1937543895
-1008539578
202981978
-1562976109
2109838339
-694281970
1436883048
-258735202
-959798179
-1466018158
797308660
658921325
-977219382
144740731
323651049
-76244003
-1048991543
900046564
-246078414
1023594233
461292300
582132577
161419371
382482847
-1422887094
-1627477438
1740171482
-625008030
712630611
-2016678631
-1203849568
-1840887118
240746852
1611632504
-1633355733
-118842822
904072636
49468159
916938478
282696841
127158639
1030031253
200881236
-1130121996
1478489209
279297012
-933062159
1901014201
-1670436587
404943467
-747300614
1175158631
-741688753
-260088353
-2102053641
631409021
2082695128
-1202656494
-1665272394
1467710801
176749337
-2056775129
1623104642
-992099789
1783472522
1735715941
-50202475
2036343250
525604931
-1025086918
372379338
-1252857891
-656638766
825099651
1560414358
884594669
-1559439537
-429892598
202612281
-413852255
-475024978
-473883056
-745770960
2089196298
-344698796
56630923
908264429
-1160562358
-173973524
1992936433
-1548593207
1687560055
-572248966
2049809975
-622968263
1417016260
-604785233
1384199508
-314437569
-762672414
140522623
-934334070
-79292636
-651974237
-228792848
239929254
-1521472157
-335037215
-589615307
-1027385979
-1026670872
1091283869
1596681979
-1584891174
467234938
-1554831510
-1010233343
-1308263889
1260619380
-1248125173
205304046
-1380358615
717718203
-370788517
-2074577570
-131080433
179416555
-1208127891
650105917
2107860108
-1444773933
-1095414541
837646168
-506691660
2014518051
-1609938461
1962868785
-1863644860
-361148317
-2077408169
1740097042
36114477
-942384089
1573074868
-1096228508
272311379
-859122559
-936800754
478025792
70388113
758479286
-909986613
-648773562
1377703680
2021252659
-295381115
-1040651859
693159545
-1311565375
993977653
-1472632933
-1392691113
-527041545
-64601203
-1269397065
-946294911
-1956548112
-1937648476
-2091508997
788023719
50533182
439169752
935492046
-111446070
-773649890
821642991
125754705
2022112002
1112132332
1075682431
1661606905
1477208443
-1677373735
-2109728624
1175373661
-485064768
1343931866
-487655809
1605939536
215138875
-762514461
-205312220
-1472909774
1360343804
-569463467
1847569975
1497671811
-1185210439
2130454196
1860434415
-1625728584
-2128720875
-1318253668
-978374421
1311259729
-1145439195
-186871563
-1279622571
1733200683
-2110282961
-972818843
220234820
-1224777198
410073780
-128505082
1020857442
-1152232550
-212630096
-480605864
1980198606
-1593505746
-437599201
-268181895
-827111613
1309620841
210279107
1724395667
-421384071
1787405476
1828336420
1125841044
-1920266805
1268626383
212981720
205177636
-515781863
-918744188
1379373316
1081240787
788838127
-339908775
-1972861662
783642002
746773222
593872245
71639556
1307633509
-1631259062
1455474277
1401573911
1355967573
1889074941
-1906360784
1532117484
-1419726934
934956186
-1159400792
-88245772
-1127115175
447664604
-168172798
-831696757
-959685957
-2047604671
1968174249
-291178441
-1291995264
-1684246038
160831822
-478761424
-70300190
1596511685
-1624292797
-88683229
-328025316
1316395501
-1928022775
-2033792974
-1702620899
38723664
615552295
1575375423
797877881
465062289
-1795770563
-942066326
1039823263
-655916496
-925953704
932486871
1385653073
1003027944
105274502
277799604
-849382320
1725990232
506379181
-411501446
1348426326
1373731301
1814264728
1289310066
-29288376
-265489442
-1971306414
561212282
32693675
1989222112
-703777865
-1595876856
-778573480
1568110715
-551089849
-495241361
-1483185301
-1352280811
-79500483
1006115937
1350591105
-208646386
-283400993
672897972
-1431465951
-1082620892
1356242455
-1896982423
-1060233094
-2089237223
-817595325
1211135977
-383053490
853547923
424311881
-1399655280
-1528634322
-751941054
465492461
181736559
1792624615
88943431
-1244407706
-478410675
494101820
563548372
-1311621075
884405999
-1753234732
1246759951
-1432525288
-1335756647
-1356598154
-768459205
-880275545
71222996
-459699853
-871655399
-660420450
10626160
19328610
2137893771
1327594963
1078018508
2019046930
-1420397701
1761571145
1555734868
-448332356
-322750982
1910889340
-617988022
1862262904
-1433606997
-959787522
-86964279
-586732046
-1811964062
-2096944318
-640431609
1189468253
-225100537
-841234505
-376025126
1522716070
-749404480
-797243368
561724029
1989947373
-807874225
101552386
2082061715
821502256
337297592
492166086
210138475
1477711433
456360486
1541391488
-547562108
-48175846
-1671612402
227960168
705375060
1656816133
-1055140716
1217123175
1253740869
-556293982
530497070
1101500397
1481256447
637971371
528849542
-991312895
-1938609172
1997588539
-1922276443
-1740728167
2123420920
-1803823049
-1052693683
-1279377365
-873488744
-21712884
245903525
854295939
-2026737138
-137628774
1406741531
-1454640169
999142634
1055870575
-1666517627
1725033496
-561261101
1413577528
-1825511287
390216586
470245767
1491521139
530557759
-1203501162
-1472011233
440612969
1281702676
-312270114
-473490793
-1782451621
-1950718991
1564090258
271857806
-1018279173
-2018376293
-1334136063
-1799666103
-349682147
120376156
-2015347086
-1732191491
1597440942
1600010723
-494825163
1266333517
2074485220
-1124452504
-407619596
208536593
632983223
133198355
1476717902
-624150184
496925839
-1559410530
1693319078
-989269584
-676630978
338565432
-1070743497
-689754716
-558592465
607197868
388779883
1321257861
440583392
229057474
906058349
-874301587
-1932049779
1355810021
-576741892
166238080
-27234259
282089477
716522114
2071787637
-1990689887
-208016706
-869440156
1381187156
-1799097557
971908794
1513120667
-441066112
-1917180900
-1452008365
-700073597
-545546248
-947375919
1448219515
-1005351949
-1859323175
-1793388065
-430651681
-1117442419
-2064992217
-1335101811
2074914122
-723305642
-9504564
-798115710
-1561594553
1316818824
915264223
1253136063
-579463414
70042023
2049642538
1726131150
1228677264
1723589841
955175142
-1365388485
1991188485
767602010
1851463368
-953093565
1485066341
225462936
-1316979648
-68855861
-461575068
-715355654
1521523711
2040932243
589155218
771757919
1601236154
-1215691605
476130746
1432219300
-287763154
-1238864091
-80783221
573428351
565443683
-1459959541
2131815290
-1302799222
1500191283
2090088083
492309990
1244035746
322423821
830131601
657185660
1856728434
-359747082
-1860188116
-1431063844
1695652938
1920292817
-1340363052
961956476
1114165813
565358303
-1985041037
232435661
975026249
1036983176
-1009481758
1769444507
221618496
-186573989
205447582
952078009
1732442695
1785710418
612355259
-551604772
-1326484202
-1601915302
2044318744
1133251527
-667533504
-543489005
1523184851
559037096
-986064181
-1766752300
-2068628737
383759809
2101767171
-324909071
-698681964
-1203521461
1028296843
893539647
-1688226394
-166584682
1461588916
-1007699240
-1060860710
-1044826764
714019857
-1034052069
-1504887020
-262497320
-777818550
-1579603210
1929337717
-887219527
-1073381072
-818739097
1340567684
2046793532
-1250910446
-1439887041
-1568616534
-494435567
-1688027058
-1996204760
-216951837
-1326485732
-1398912214
866887146
842260402
-164977576
576718052
-1328859927
1457555029
442820344
1960476679
752747761
316576826
1208469454
1942592511
-368167882
-1849791823
-109500432
1577445871
-2114100587
-977378590
-238300520
86575810
-776554464
-916313088
-1195028148
-1580115328
-270774311
-479897410
858414654
-2027651870
-705033540
138727426
1131780341
1981128487
2080640770
-2145250088
-1959632597
334332712
413628324
209623465
-1804600327
2027923370
-562563043
1719440043
1801414449
-61267469
-1116899212
-952763493
879787786
980090015
-2049905287
-409877334
-1452713470
-1048891469
-437784242
1057643188
-633536768
914654706
-2103255000
1884815031
-1290479176
-371260561
1166638423
-1423662974
-497905325
-2079350429
-1822530429
706097324
-309975730
1790407488
-1481520329
-405299769
-575769439
-559445755
-1105176925
-1416105770
-1747414236
1319117524
-92075619
-654689029
160731438
1939278273
1646366441
669537908
-17000065
483009004
1900569529
-379222840
477464927
144738769
1857594998
-1768053700
-820091130
1152244446
427789760
-1707054452
1985370686
-1471127739
2048904115
150979287
-719910074
2073841939
-841522836
226522
1834716153
-53250431
-965695797
-1097626783
-1867894993
-1966493814
-894072199
509488633
559542883
-410236739
-544715220
-1831542294
-1903010410
-2052380844
1209353001
1332242019
-74515086
-1327488380
1623542538
220831735
-1617044559
-1044242922
1691427009
1170818888
-1042114113
1626782262
-1647202852
-1286123775
-1470230114
841919626
1604972554
-994167543
-279666423
1868961414
1575695069
1040560884
-215252260
-89953026
-1835228719
-601128515
-713565518
-50019076
-1789167988
-166189902
-1535093041
647272915
-447133849
1377890223
-451113920
945578099
219298348
-790119282
803959104
1924955135
1944919841
-428080163
1586272734
1651926940
882096197
-660058926
1914575579
5187980
-151932711
1217538171
-1812252968
654140282
-290649823
226634809
1658206640
-1703439338
315816555
-368271506
-620091870
-1611899420
94410576
858443893
665262515
-268966063
335457337
1432372434
1149668050
1783015431
398238756
-301582166
-1360870084
-1006159999
-972130904
1368072565
868173986
-1500385055
965598262
706422769
-534385272
-1564049407
71262625
-402535079
-115936145
-1660113977
1059060703
90451926
-565681354
384233917
1506296593
1425449526
-1514974020
47892192
-1711373376
1581746907
-860610870
-1218735689
-1998507671
90488309
1751937584
-1969049177
-35160773
-1237334285
140826925
-1523570811
395187486
159962422
-430098413
-2141932692
-1973268745
1342128135
-887999445
987724753
293487658
-843983413
733455573
-1391029804
195862880
1335388789
-1119456524
-1077745960
110309001
2123585851
62818952
-1517451435
28267300
712306059
308527771
-344641812
-304080195
964945728
-1056514207
-234845765
2146270647
-467300848
1742344858
-431835406
-46861749
206637129
-1050501573
890036390
-1516271152
1817503932
-955286196
1023474917
-1249501636
-745330695
1125594899
-1830351863
1634489322
-244908868
-675463054
-270047151
1556312989
967526310
1933676429
543292077
1886544068
579831343
-2034022993
1564698840
-571461633
1943306459
-141978770
238457004
210969057
728311979
599014156
1243735217
-1869740553
-571254826
-1752738528
-1706721802
-1976415735
-1437111880
1033649012
-1270352092
-1196607073
1091362314
343653937
-1915919153
970666438
37583699
1438910265
1779760911
-1456222957
1670358174
-1338060844
886001743
1048464360
794023533
-713896819
-1641546396
1378729205
2111340269
1585804126
1209760481
-1388795390
-1238981270
-1846509558
-840809560
-1388819222
1352471812
501275338
952132804
936874218
1527185059
-1874148053
1528918646
-363174885
-433699288
-2145816266
-1462355315
-678814403
259583716
-1466013999
717932538
2010905013
2055494477
-70821020
-1562342493
1769142232
-362261522
518479806
1929494135
-1142423
-1574499937
994740282
1312837826
-217310624
254707446
1167684381
-1524368702
1060685805
-1987885827
1065636162
1953514105
1351525307
515036964
-998025992
149195460
664203128
330359417
-688608470
671449004
1674624149
758109206
750674625
790655995
446872650
-1322644775
-1675827643
1135510546
1984662492
1046964314
413985738
-599354887
668205346
51805465
1749679881
1152020151
1698380613
-112213001
893979084
1802290404
575437766
-1026776857
-366444913
963811452
1527450565
-1685907739
944114020
-194220043
312521087
-260937434
-641471721
445676178
1300199960
872160144
-188325231
-1331673095
19913626
-18348436
366200961
-388373245
877687613
-739675815
1990738232
857567699
1440539624
-1905890941
-797431596
1502446889
-265971465
-1281243371
1252695456
176287992
305819966
1249613291
-741880645
-1375093707
640063054
1090704780
-538123018
1269982705
-75758602
-1420901289
-791555070
-1843935831
-393116660
-1413142021
1032532427
1445010652
1639850605
-1386851028
-1644888546
-2130367010
-519479999
-879837037
492377233
-612865044
-1837656701
233411333
1135508131
1057331327
-712080448
718171895
-620958687
-708681243
740668702
1045972273
-1186838069
1771493132
-850176865
-1733681470
-1930572233
-1603812191
2038809767
175247923
1021258998
-18788519
-824259397
-477505537
185991156
-643801203
-1293066357
-492326335
1159735076
21934604
758070577
1158257583
-1659109796
187605548
-2070678085
-718278202
604867965
164692258
-1647374362
-1755574713
-2003560746
1518374547
-2132846548
-2066054175
-1778407479
-1332484502
-569533439
-1553468881
-1113813073
-1450182677
906319192
-679828252
-1593515784
823286280
-2117203348
-1238732220
1856397463
-1558441741
1989436860
-1458336555
1538099100
-1815439116
-1566684586
858274902
1986820898
638995068
78997592
-1942965776
1818173034
-183866503
-1979181645
150432683
224109384
1700561387
943222578
-2095850717
1418804413
898481078
508429754
-1003732102
1978456037
-635797574
1740544979
-1465711984
-443154669
2129230880
-855197850
2083699057
-172733638
-663960074
-711783480
-213907441
-1898969202
-1963139586
-347602954
-52506576
-1490621590
790539970
-1593518814
-1762380887
-1887957389
-1964845076
122958190
1589494220
1851292414
-1130505516
-984345866
261720094
2018771630
-551682983
1945857812
-1217267123
-1590412959
1283256307
2139357662
-2031360672
-738084275
-1879531512
1780683251
-1432100305
-1041097883
1646241663
-1935397769
497810198
1052193537
-1705815917
2032475483
1800501477
13276093
-831902487
-1839028255
-1707209958
-1332059488
-1302619421
-1560689825
747028305
405465985
260951094
-1409720254
577666043
1074960293
317006265
1834809685
399045198
2095852205
-2092109696
-2050460349
-247055492
733309358
1298072617
1700928602
-1631677145
-900820831
1699770997
-1439717743
1830351123
-1917765123
-744516582
254256588
1692290076
-944005982
1818769110
-1569140643
-1657339797
-1260960775
570449095
-6492210
221152996
1687201368
-1697571591
1457879005
-1041409054
-1046004310
92567872
-359921209
-278922458
-1938553266
2128231752
-1456379959
-1128454388
-805402560
1996700394
-1017537309
382529279
-990458250
-1300006976
-1659085602
167061806
-1471352692
-376365061
-1423122288
-181972097
461705890
-504409485
-2100510113
1209470915
-1385103484
-1214178817
1265737475
-505434325
149340428
29501446
2132639375
-1397587717
2124274372
-1885854634
1743145393
-695281539
-1781331249
-1480022476
2116603704
1369439799
-1897089784
1573726899
-408412714
-672366497
978869355
-1451254711
346175015
-121268594
-964964685
925843358
1357863153
572296372
-1474632123
1029118375
349271469
-1076926132
456984140
889987827
-1217561274
2120041168
-307514076
-590685116
-1539269344
1082521709
-237635333
129046625
1769973339
526402042
662330037
246026026
1869555032
-978564314
20165392
1121979885
1017572731
14175729
1092822537
304634103
823926066
-1886396323
1706291325
206770796
905502262
235268452
538700818
479345242
586769936
-1632341716
-1962545833
-506979316
1870265055
1112326265
-285122519
2092874908
366608472
507872098
-1775974823
-1588650293
-2020323059
-1910774969
654769291
-2137493484
-542283791
1396165633
51210592
-606833922
-1675878886
-1984769957
1665891031
1784134322
-2049310519
-398171711
1007818224
-1088320564
-829127769
-426946761
1301650
474510965
180917073
-1977106548
183332269
-1848771151
-1817818090
528489166
103744419
1664409589
229824767
181311232
-436792093
-790964996
-1678065905
516971530
-385623337
-254815014
2080839883
-1386581264
1176232704
2079472720
-118716933
1892676679
738987614
683172450
1811076018
-802674205
1685824276
42300199
1002479756
550016981
448615500
-604986401
-672759497
-448651116
-120691624
-1857874870
-1302763213
-1925203847
1545815321
-270405321
1529109469
-1930929040
-739026268
882879578
-1869239895
1474117612
1370211361
-1219994269
1068252590
-1323801061
2085310198
1651155019
-909263001
343874139
-555223003
1956611312
639012023
-1270940693
1136697330
27878371
-1709125587
-2109501211
1849938889
384478337
1345337225
545100907
-1449209251
-181206976
1132727935
-392924128
-990499308
-1024315574
527024570
-936529702
1016836513
-2100958641
1321602595
-1451420011
2125163250
609238423
-1469357982
-208928854
-1682702259
-1382930090
-1258805084
970266431
-676547659
-756618429
1432364702
179654401
-1497515886
-1066283669
-1309675054
1997143056
-1031422064
1385795137
1892303377
643780411
1775361223
-783698438
-1529693120
-1047421843
611003419
1415802135
452085598
351741286
-789587995
-62085054
1339895237
1515150253
2044945874
-383402658
-1673294161
-1391473212
-1149473269
1931130329
-52894724
1081488285
326377622
1204220483
1059561521
-1186312627
-1719780101
1089925924
-2014172989
884051711
-1873387478
-1585620215
-600657770
1696708906
1455017115
-762479136
383760063
-1784744954
997396663
1079972229
196291985
-716898501
-99668106
-452734052
1317965271
-2132640037
1965698888
-711903071
2146851421
-2123853166
163263289
2102229052
767809461
56634396
1655079503
1840286425
1674837047
-122038026
2002657590
-302060424
1332141129
711193432
-1312824802
-78825279
-1185736993
-178360735
-1863708956
-1088883622
996476485
1992470932
1588466031
-929818755
-1669744356
111753090
903528028
-2138690108
-1721632863
-1975655479
252585437
1786715975
-23471819
-1527823300
1515785950
759494376
-1935299048
-424398493
-1006862231
19347948
-424853128
891716133
-1272185526
-898128690
1023063978
1038665411
1531270645
-1441701553
-2087547722
1572355848
1201222824
1523911121
-1804699879
535527358
-1779578932
177278437
1698509509
288455524
1821847200
338906146
-2044364692
-848567779
546802712
-1046874824
36349181
-558166806
-822942718
36113476
-961161874
-1837045733
1753294443
1637554277
1185839804
1803784450
-565506752
-437199986
-1162237393
1437571818
-568020937
1279074973
1273474530
1938108231
486732527
825426604
-2071225982
-163939026
-1531498154
1797134247
2087774037
1397828614
-1081160118
1848219679
-2040569474
-1409038976
-1811249022
1239700060
1562237822
-406107452
398178735
1163847352
1646821374
-628332308
-527178786
-2025663702
-396904757
-2080440139
1507143967
-1776933855
2097211169
-1344670349
-1281832597
-339157358
-353723861
-663193787
1674191554
-1008306348
1342292426
2001550474
2076487572
-1231623253
425076629
-355770733
1353944929
1900039969
1556105248
-1078735463
-995547741
-648879460
-1527570815
-1489924111
-849429781
1540819117
1876993039
1394491518
-236286903
-302666971
-260044691
694911078
1421667568
-181869074
-126818874
-2042277881
1360748058
-1437857001
-1545144999
-1790147796
-1252343511
-1633725392
-1627518920
-1803041669
-1819801586
1984222423
-951170997
983358514
-2092890130
637633170
-208337509
-1798623726
-411741694
-1822005793
-1111059507
-885284198
1675703998
1009993866
-31327253
315191160
-1768728779
-184191683
-265845142
-1649773764
1945069755
628776029
-1193320088
2140477518
1168576203
-2112409069
-1192368332
1366094626
1632366379
-809248344
13060371
2069794729
-1347656626
-88559083
-1439915455
-1377426934
895382008
-794552358
1413003061
1908674193
-51191769
616935438
-1763515095
1067285735
914661425
-1979002697
-868022823
557214339
-1527324631
874027611
-515290230
185987168
-1183420281
-639265066
424237389
1832693744
536436743
-1672613522
1877482372
-1482646704
901902801
1177197604
-269474651
1252035772
-1952951847
-1692076468
1401459262
936730948
1925229448
-1945778080
1065795128
-1412592960
-873888100
-740841200
-1739374497
10177792
749243980
-702406756
-1084292063
317528648
-1596315986
1157896038
-189958507
-756366597
597324893
-1555466046
-591064897
-695636843
-1647003050
-1140786416
145211922
397640670
550515234
-1814789107
-678887627
885071452
-269499846
-1447581595
-1458603767
277905160
541865638
-375053940
-414400533
139833925
1697046502
-430093107
1098209078
-885820147
2007809046
-2086336606
-1744306933
1377753965
895520332
-2103083706
-1329911212
1488087602
-2063300540
-2096973431
678694661
-793995292
-1539151297
1044911330
603623076
354478323
719011111
-1784230454
-1722679029
-1893590224
-1323955465
-1661705401
1540799340
790566014
548878681
379290822
1220322710
-1416394552
-1337955696
-603215059
2022399862
709397301
-372045673
-765415632
1761131231
-1804566886
-670179702
1019015396
-515207795
-894625488
367027269
1113973905
1584734054
-1547341946
-2133548982
794564811
465287427
-1296221511
1241170919
-2145056317
351082095
1314770401
380626328
-301050406
1890435630
5533390
1915452841
93792119
-1478583168
336659955
-2125100769
-31070183
189666022
1623939490
1713469145
-1912762193
1321651173
-37468039
348668657
-523818201
-663303415
1731966748
1040082023
255416644
1507217708
-1125440221
-202870528
-189729612
-874119944
1801461078
-1906599061
-785703839
806350761
1871770903
740650918
742540039
1500510743
-625373409
-991399521
500503302
-1409083917
-1556802195
-1211006434
-1005110408
-528568496
-1327178118
-381407775
-499549562
-392920475
1879306672
47860488
-1747486473
-2140139119
-1085677795
401967283
-584103159
-1954089058
1832312419
-2081958679
202353284
1285921353
-2020710157
664911035
-1498989045
-541720318
-828062854
2049190569
-986676812
525784047
-1351144806
182789955
-283433765
-1657485514
852334301
-433225709
-1928531661
1517876859
-2145367066
-1418757958
-735998179
297989287
-2014664983
1660217944
-646857924
-1102212117
1974984796
759526705
207601992
2018093572
-171068178
-1718900596
1605390371
493507776
-1608242760
-1018542882
-95159511
-1303215424
-375857230
-1457456088
37158091
508281982
2017438311
-2139990884
1790053983
1118480785
932797932
45257094
781216048
1791307312
-661321714
-616446358
-531872548
1554250996
-959510326
-432965528
1935959775
-1512077087
-70992383
-344428056
-725444758
396772262
1625994859
-451040142
-1353445511
1090090019
-1107386420
-1005751075
1114780708
1526886700
281896038
-1931858517
-1161088204
-784710516
-499569746
-1378069581
559895800
-499516852
-254660030
-1589925632
-668919975
-693493707
-955208423
1906682361
1041458732
-835962478
1768762364
504606913
-2036169529
-25089222
-898093260
1380281056
-156664618
-1814305844
-1477909372
-1933933278
-1906366865
-897596356
-1767489703
-767512129
-142402205
-1111585650
-2075336641
416902332
1003763670
794939618
-1243119721
-502455664
106910225
-523748689
615960454
905420041
-875658346
750721619
373360944
-1632380304
1204687220
1520766154
1806735654
-1786006805
-115494435
-1729447491
-1727226084
1521610786
809104629
-355275329
-1504889633
-1550599387
1995630316
1537447122
1710796933
1161331853
2130853710
-57845457
-32090651
-1107965215
-469454439
447212102
2081827657
-1506909382
928985871
-2084753405
-367729310
-517265368
1808943565
-344068526
-421650820
1335177943
-2012563171
-1554080539
964578546
-1829240211
-593486073
-167545036
274279651
-1758186058
-135833811
-267450171
1506840869
1781644035
1913108184
328645037
-455946375
-441804210
-81824179
95756117
694631424
-1328169566
-181085339
1592399233
-540907538
-1437901895
1232533852
1400169358
-19720324
1139992806
489298408
1490350586
-1529601245
1298444853
-339139699
1969345577
-1937852410
52922064
1252430127
-1095521690
2067508143
-1932192860
-68366616
799088679
-278276354
-675949245
-729346020
1864927893
-591745955
-1995455477
2138632905
586017610
-2029683400
-1720639864
448562211
-1034953893
1292182188
-1426917866
-1692173729
-1632525671
729480573
-570072630
2133964751
-1967587564
-647134899
1964080019
-1716229330
-1994235680
-152584437
224103323
893018429
-1934189029
-201153879
1163003378
-423142514
840524589
492296209
-333693330
-1855618913
-1713904815
-662074535
101054156
718616873
160664917
1049196596
731065114
617418426
-1499674467
1291648172
-807813031
725639041
-1626472851
868426509
1953823069
2017262440
548893542
1518130980
-2009016840
-295895448
53523793
-1689863511
-800473001
-1395950569
-2073255653
-1898492679
-1707135829
-391131003
-1585887968
1244355079
1266552587
-1598248375
-1343937621
1914037396
28461976
-1512234538
-338191939
1554513822
677151969
2026598930
-1149080051
515394325
58453129
1963075113
-1100034992
-736557100
24246823
-1758343011
780677306
1451685582
389033069
494051233
904660931
-1857390712
-937543541
453665447
1068303918
19372486
-1188475947
-2045455049
-819626682
13702793
-1571601501
-68861182
1902391146
-1126341576
371392376
-2032805577
183724236
-25404900
1220882789
-1230358252
1106403445
220141329
-1010872145
-789569601
2104829324
1277894522
-1391684945
1243756373
-677405482
-1108547979
60231161
-134322877
607408768
2005743183
1568500672
-222156331
-1986517988
1175465018
1622657912
722789644
450365161
832289597
1387576509
-1366223693
-431067561
1303308907
-776899725
442163124
1247418057
-372096425
-1860265427
323191463
1617967260
31268294
-342530350
-622956117
2062575463
-160247386
1324799357
1776698233
465609092
-1995055041
478752165
1469888949
1159484367
-1302418520
495334782
1420982919
1802065325
-1077519493
1456387998
66604906
-1164828337
-1068635701
-358727966
2095381827
1939131448
1599376214
258223249
286788021
1139442684
309323511
-1919578942
-407699021
140743497
-716451747
-174240517
1558713686
475018027
1824422401
-112805605
-1699341072
1418636427
1536774741
1398301305
-1363715232
144412152
-678559687
450090316
694784423
172554665
1442984626
-1750024116
-1700055109
1670270914
-551274531
-483364199
-1634537829
-516835114
-1807904991
676385756
-1836875869
1562465453
-1939871069
-139183445
-173015775
-328593082
-614706178
935707954
1063835687
1461087775
-1178900429
205002766
29622178
-467685453
73981662
158771068
1035951275
-1656731837
-952905557
-142610766
807288860
-702647591
292057351
-1105118836
-1187539610
1412585865
-1226887399
687006827
250867362
-784652295
-718769677
2113812058
882359781
1565192484
1799054340
1155807601
-521711657
128538458
763462097
-1745930882
-34120826
457785738
394256356
1391374561
-808043657
-1802624829
1526356996
-145220682
1835475966
1994492408
-243520091
405047609
-2104890673
-1990055933
-1275819614
612768614
289354708
1057049068
-607302359
-317324064
-232646848
670339434
-858987530
-574208749
1485673699
79005097
242474435
-1645182308
1565878464
908136013
832169726
965584871
559879388
-555410762
-1156245316
-1455938023
551629912
680196485
-109980691
743768625
-841192511
374416479
1232116689
2145259625
230853287
2045740016
-832396374
1057620450
678802028
-1769115597
265618355
1068836991
-1894607267
-455020305
-2138715824
1027085584
1821780230
618857092
1520260742
-1081642061
-1834988863
1576854247
-572930900
-1538602378
1050299792
-900814102
755056226
-1437729215
-1331600852
-1662011456
1405846722
-1484013070
990003805
-1844598592
1690440661
-716352567
-2146128756
-1160317591
-761685431
-1363268345
169510038
-1167433819
-780224416
-216496175
1588571618
-321599918
-2047133142
1333387097
-1835732299
-1178919939
1605910773
1136447038
879856836
-1444510224
968167428
-475533517
-87284982
96790382
-1362005888
-392715297
-466267940
-1689232068
-1408900949
163767812
-1515517383
1609854307
1217593947
278496994
735932774
-1892683980
-1558905691
-1917026083
1030943162
-2061570164
939443415
1207385949
-1343048778
1158157657
1439466156
1940586741
735690328
-2084746660
-327449670
-729040954
-808429136
1415031856
-1681296850
530582565
-1808103757
-1479341686
765706940
778855803
-1464360882
-1651675199
1665895888
-531948179
30570942
-537686895
1665222665
1383219516
1600425502
-1377114085
525274599
1950975341
-2126244543
-1156105425
-1673562430
-491171924
1627263425
1059612110
993665789
2084961005
-908415912
-1556952598
-1902216836
-950486573
-847548306
-2081681809
617105490
776584021
1883782642
-993882490
1102134463
1205171614
-1495726996
1113979159
673015385
148978485
-640181421
666625168
858798472
1678868062
-1313453157
-693937435
757777718
-1225365825
-867377518
-627662377
-1897197625
-1984324283
758597100
376095607
1624231751
-813534648
65941788
-1268737299
-2145193758
-1586249236
-1455217692
-1196201611
-144661608
-1636222261
779018799
520959914
-1160259024
-716182832
1266304286
1393133319
-2122549139
-1366280603
112643424
-1888282711
445816703
1614650832
-998406458
930203225
-1084371524
1573057754
314577173
-861288758
-1686780529
747106481
274784798
2107489822
2047766448
1622618127
-1308289780
-323386962
27208853
93987226
-563913988
1250131466
-1389803225
-1151177586
-1070014254
-120649154
975473337
-1483817064
625360458
-106288297
924059189
1603480069
222544461
2137361445
-533416296
88826651
-86134651
599633217
1490716319
1413456839
1354646579
-149384879
1479000514
-1272252809
1052019775
-1640273526
-1978261407
45883721
207910032
-1190132106
-1584929987
-1971810715
148738206
2018119927
-2004176343
154850982
104561476
-2043129973
1482502656
607965823
390848474
-1458668592
375621081
-1137224420
-1604091773
-21468086
1564880761
807400903
-1521693246
-1676700060
-1925577975
1387236237
1506796371
794307764
1126638088
476200737
838663736
142302595
1196437890
-1823713537
811581457
1556641163
-260423807
-97705516
-1143811152
-2007045374
-475460668
-1160010980
1913702124
-2130733865
-645224530
868148748
-526897739
891523643
-1796693631
1052646067
-934911383
-2095339934
-668717365
3334491
577599333
652414090
-31061472
2779189
-312529443
243075132
-327026680
1441283892
1269827056
342144465
-1676073157
2137523768
-1978483722
302702391
579198987
2060015983
-1931622628
2044057844
1548629793
-1604083720
760327475
1557375851
1837283179
938844360
2026913732
-1668346786
-817285292
-1673592367
782374503
-2122584908
-1943843530
613422432
1961417300
2054725243
1438848780
-843146810
-1875757254
640472879
-315078292
1907642170
-1945598641
870322748
-999638605
548833278
-1558478680
720705473
494327681
533993151
-731078198
-959403114
1020512616
249118529
1167059840
-1664243568
2104631519
-1946186437
-1043643922
54594563
1702713724
1049212287
267099878
1068807559
-564553886
-774249123
-834095239
2007490303
-1105569545
177415241
-1427839279
-1768910633
726011866
-1791185989
-568298946
-1245079924
-2004495084
1944607062
-699106674
-1278429328
1948232844
1691066188
-1558499680
-1211025489
-1576203328
1087149824
1565528891
-907876980
-2040096846
217782764
237794331
1577465584
-1275507169
1460143300
1368478285
1732393765
-1083666954
-515176229
-1898880068
-172923682
1434694407
-1324765242
1835202570
-2058981254
-357746437
934835518
2030753444
2047011465
345807236
-1474749622
1754163728
372316814
-828155436
279420061
1812778120
-938781178
-567215278
-1342611140
1644399052
-1974009943
-2133277813
734566755
-50517452
1327085295
-371749018
178250409
1026874116
-655131691
-1169742436
-1732732062
979093507
-552547616
537902182
1826654276
-144573874
-179047070
729785975
677490764
-705834903
377829883
-310617300
120689378
-2041945194
1028481378
1069501953
39525435
-465146262
-1699290267
-1731966649
-404161538
-956135268
1512953902
-717864941
130826794
709282848
-1279837753
2080557945
915760694
1625634675
1100757471
806078202
-1684792199
-500211400
525250509
-168705990
1515494860
1172001028
-2145918251
-722915851
-575191699
-1155755659
-311216982
-2110283213
-1219909339
-1502359671
-1156943820
118844347
1716948909
-1761043668
23183507
730028741
1368680781
-981066478
1688048738
1567333618
313536198
883742151
1655501119
1969218688
1315752562
341359107
-272172149
1085689529
-2064814167
-2082717630
-506284434
-286671444
-29129627
1703293844
1866219549
758749471
-1916862168
-600744015
-1272246689
-623891773
-720737508
-770020784
1849749324
1081477545
-720778116
-1356239432
-1824402857
-1135851276
2013679411
564275350
-25125489
-210870832
-1121559102
-1744382191
-1678929119
603451554
-758354330
589760795
1785137953
-520483456
-1435181959
-585823734
-1581939319
-894539805
-145918952
1783737702
-1213704063
518956443
-1891134459
-1893231356
-346521888
-471800574
1729104335
1361855571
703286002
2749044
-630846417
1970181365
1434911099
-1811357442
1174206389
-197173103
1103601916
214366805
-1398099548
-587566105
-1457366732
-1558038007
-513878759
469966628
1217033961
-1660434439
-2005070223
881391479
-1970092057
-698931703
-403224340
-1411473949
1433582409
-893516526
-2077584755
376807255
-939081226
-683150054
-1437869499
1009762811
-581454994
1547461828
1717562448
65491916
-189973818
848864265
-1131654947
-99266966
1240174577
-484778456
-96145164
-1651153872
792527168
-1028768037
1572119956
-990557563
-905178837
-2007517494
1459426587
-1749166735
-1436865455
-825879740
432833258
-956712846
-1999422531
-425763540
-863079096
2556048
229807978
1104196401
929453446
1929223087
-1118167800
-490400959
-1502515612
-1371111132
248409856
-1615149249
-1564480333
-408662135
-1856004170
-1447663374
-95762885
-555256876
-1324757747
-888295103
858172126
882191782
-1320849361
-629963107
1200776189
233440480
1948673421
1074921149
1501644313
-468351876
1947529509
1775650705
-1020749635
435572377
1499218690
635284336
-2128537445
2021318103
-293715959
-47045485
-937691147
-1623423003
250909425
2029532102
-1371733698
1110414679
-268220013
1343680091
220315648
1067221692
-1027505565
-1635879070
800576512
272875247
-574558658
-1195354088
-326970721
1070496429
335882853
-504337508
-1944823166
-1027318424
-1702349111
100422120
1115635061
2053583706
1570344072
-1156407810
733537420
-1286412068
809081015
-1064160415
610947723
718366455
426483553
1015908038
-1528534905
1035412795
-1164686640
1366603275
-117354291
2073461967
1855679242
-1221285016
-134794239
1868908745
669755806
-1387741212
1220451466
345030591
332608928
1897894153
2096180269
171078302
-1066095631
-318046758
-215250952
518024377
-1884831805
1258192645
-1119379872
-1817087707
152921947
-1428271532
1416801197
1438560579
-1995206375
1364529513
-143351659
535943325
-2095012683
290257834
1286917927
-997752331
1247761610
-2105238663
-1813904918
-476354149
-37256040
1250346664
149053766
-1013649153
-787921403
-2049942996
1695664929
1587529606
-1408551963
1684390159
-484736820
-1631204192
-981619590
-1429899605
656822048
503086874
-200757186
-851183596
-1361537820
298421680
2108844255
1269881046
1428933489
-1471718170
-92758902
1156312800
1264416152
1871418903
-1107848852
-1727215170
348494019
637473742
1084040565
2083383566
1698243674
-615006381
1133452894
-418355668
-1423905945
-1143327863
1196946925
-1528560337
-439085956
1938962679
1155376759
-775233255
-1471208492
1519284003
240794534
-479254711
-1370553417
-1357072602
-79287428
-277572044
-1201033437
-53857411
1923136407
-369708204
-516660568
2009264412
-83691850
1407183967
-736004205
-379941432
-475138437
83171260
750669134
-1119326298
-1785887374
-617347022
1553720582
-1799921138
-1556849327
-2015680542
1035146126
1441901476
-1016625791
224087671
-2000720509
711979433
-954034723
-673954149
-1055239761
44203150
441901497
1859106476
1817294258
-1674464822
-2109485275
1240817839
558667999
1441519340
627498609
1051651460
-880197277
1365471731
-874109452
-1453279397
2032117676
245553885
205538825
-180336794
-537611257
932106877
1530468698
-2128053552
238105227
802894481
-676682400
1364624109
769237301
17959699
257298217
888812721
26360916
-1050754865
-917989284
1714903910
-1955795673
-724303563
1227155578
-1965227367
-866844989
-1392730256
752952934
-420287659
-2054767302
-1896567114
1888396839
-2020826989
-1950391559
-1639354910
-1043845397
-548086032
1605630066
-139208641
-625992370
1715159968
388237818
598405029
1530389980
635008674
130504691
50861002
-1963017260
63194165
1470358829
-1865876783
-1632804817
357587338
2001471369
1084235559
-711893793
1285134522
1616535263
1270724239
-677760933
-2011744263
662427169
558401146
-1124127397
469114892
1404441280
1067395483
-1342369056
-1575600648
1855649358
-1678796101
42377335
-2111915013
956307044
675027145
1035184829
-1310173761
-673493307
163690549
1131312165
-1766048819
-2091658813
1277572477
1016548856
1423522367
-920036639
-971514617
718456221
-745007431
831088569
56859697
2109137434
346249626
344234783
1009946534
-1286588966
1933964909
483700359
442606323
-1941976912
-384333915
1690670499
-1845815975
-1338040805
1988366729
1109047376
-1174210588
1223154635
1662550125
-806132046
205846716
1517343844
-1034136030
-1874859107
-18673734
-991266175
-913032529
998957366
-1639325634
1755381755
1079010368
200322010
-752294849
-169171606
476383838
-1453768899
-749095774
1343028715
152721504
-408514090
-276626737
-196334813
-1002138848
-171154822
1727600514
-1511828092
1775003122
-2064894905
556198622
1440081102
-1304786222
182101187
1827154375
1048394969
39403996
841056324
334347376
-558955888
-734966784
216283281
-540302798
-1819005632
1406098677
-566058551
-387434849
856254482
261765229
-1859118717
-898485289
786794454
-741282165
-361530314
-754711015
1812666625
1716251537
2145815771
82855068
1391872505
34787038
-1219382576
-862166112
1925756303
-2063319786
-575983105
-1408502849
-538390068
200024482
-1974517441
974127752
-865925393
-1103621285
1530438393
246640717
2123805366
1094766721
-308829170
-155824324
312056796
1595606513
866100472
-898130004
1885379043
-45034089
-1153330897
-624034375
-1402702573
1611190304
-1811158835
893719570
-26852671
-1388947980
-1697693580
1111418896
2053554644
-1397058717
-2110760081
-2796789
1729657733
1293716510
-700496873
2101951721
323791973
-1544427032
-121829769
831679479
1431779748
209289868
305131827
1568407035
-597281137
-108803823
-1149206363
1004985993
1619902042
-925589972
-1562945464
1116524181
-1022286305
-655543307
924249689
-399257271
-780219610
-1243350819
-305017413
602608152
-1681653402
31178207
-1706520038
1357355027
-340597172
-653620234
-2029452717
354966139
869014458
-1689002802
964291859
-345077098
1203416913
-176084291
2100669374
-1399839034
-217009677
-1520497676
919564177
-436720938
1589068675
632573169
-1732395766
-2071400041
-2090002706
1147911736
1541847430
-1052075093
1138405999
-1516197567
636563244
-912748640
1400107022
-1664540492
206007049
471754560
-1395490199
1094229971
1105680764
1747312166
-223510090
-1746358985
971867348
448566676
-699513593
1897690302
-2021729737
-162414204
899877840
-1202746173
1334794437
-1294396676
-2045494362
1865374352
1749159676
-410946650
-934726071
341953040
377555549
1759733407
1750469604
1943227592
1932664144
-260824433
1436257682
-1418636280
-1202217148
-1186481927
1245152292
-606750115
1236962074
-1006772525
-1283780831
-1950691255
514695107
2103061081
1069117453
777453621
156198695
2042747421
-1843280402
-1422246490
497764168
417757538
-1753580277
-650726481
2121793959
25556395
113080054
-394172762
137643238
580778382
-1694486835
30326042
-1941424978
-17194803
-385655364
1677337603
-2032333870
-2032281178
2121917381
-150519237
-779469644
1258948457
1674508483
1161719597
-855002137
-645416373
-1892685397
-1458741045
-1155849963
555585658
1226696213
191907013
-1848088029
-1461283727
-1542413829
171358455
-516182894
-1345278836
-1308962881
-1162127582
-2068221656
685371358
269334130
1675347934
-1009257009
1577972802
858351698
-1804955441
1339470268
2059495856
-633643628
2033390103
-1207470125
-1768188207
2007332708
-1975818485
-1666393271
736266964
-874270935
-914940376
524794507
1433933954
1648817677
1222179911
-109570979
1094905488
-117438276
1642151696
-818705594
60842291
-266519701
-2002185556
-262784213
1295038713
-1010138597
2000891582
-424098502
1729698519
-179095266
1330957971
457225737
-1745658498
5861850
1850308759
739158526
-1907007503
1991165900
-273200886
-2109746192
1516156251
-914947632
280015860
1961806350
-1487619555
-771947618
-518262186
460963072
1715627559
-869870697
1828163233
-1999471285
-1542295416
536721601
-101268373
-687934727
1575983175
1267447056
1163372384
1664543608
1730160243
983556071
897598838
980836802
-917570184
-484481827
34551908
-1171675970
-192558668
-1700713789
-287352236
856358885
-331274423
426665702
-767192618
866109992
-868167372
-807231343
1741351192
1849491217
1061367198
701098197
101999700
-1034303960
620546930
-1341896053
-2083697783
1014533271
-795761361
128038553
-1283466387
961910032
920599806
1998188661
-594308703
-1164697106
-1589385722
-2106048793
1734838310
1125227930
662753023
-24451822
-1225616369
-1046977232
1192862213
-1650284620
-88466568
-1876813471
1903021486
-563158356
-343157066
-428631654
-1191916706
-1555631428
-1552551729
1054543206
-758647079
-973473904
-1992541396
-1518690288
825871129
910832127
4221068
873517708
-404514719
-1748401521
-759266500
-1344698474
2123368337
-1423913922
748556932
1529949723
-1745224004
-551272577
1009492836
861253080
-256066825
1001574786
-485119872
-1976108479
1665872755
58680248
943908184
-553422941
1284643278
1053187990
1372051643
339369612
1934166949
937085592
-123479427
1506896234
-684930707
1738675848
-1924800409
-341862287
111511171
-2084163073
-1083957649
-636794942
-1778801024
920231212
2091972136
-1826204727
1952349138
1814136532
61532539
-1892276250
1446894471
829830553
-1318288233
56333134
-1977574804
-1310047874
1983673125
-1712814029
-333756586
669868458
-605211456
405809443
2073802431
1437061739
-434166620
1602209965
1581986708
-761817219
1986971812
280346441
-241014452
-1907810676
549755745
567622521
1628003132
1301874168
-845494856
692351019
154074409
-1434121257
744520572
-447429279
-1746321122
-1972475585
-966135963
1586163475
1000844928
-468705852
-1504243129
-636023213
-1819290017
-1584402625
-1614114426
-162840398
989608206
70853073
-1561474872
-1360969246
1703637236
182201383
1976933101
-2134506596
-982075740
1505684478
648504891
1865179075
-238808532
666705641
2073855965
-1542043447
1448725930
-403627182
888545934
-812245934
-633471709
909723070
-1210442607
687864854
1638281111
-412213676
2066581732
375214347
-14115504
-1201487201
-1878003788
1861409986
2057398138
-1458581614
-773969389
533462289
309574904
-1747546164
-1797602073
-1555823119
1576532084
-1411792354
704978726
1487984042
-1419441224
-784481207
-779634881
-706738387
1502923836
1056581131
-21406757
-347445568
-1679297281
1073932380
1479816133
1274514656
-175640167
1496313077
255906085
-985283742
110216849
917330449
-486358028
1063819482
311864043
1730672246
-122200149
-1884109247
-644602107
-325795402
707700797
-1880732975
-330380125
-1297920846
1102158407
739238451
-535307192
1843304031
-33013114
-920569636
-1917359161
-1401392948
-1920640887
-875593036
-1866866152
-1493716381
1260671143
1198675960
1358486639
-742279314
-131983054
1106836576
488951946
1492907997
-297273620
852128899
-208273334
751482182
245576889
-1060696710
201364101
1086194988
-1529111914
2112371396
-1575951078
982432643
1946542025
-815403415
-743281595
2120284531
1978567770
370593633
521450291
903504988
78446017
-432868811
-2119740967
1471564058
-1491762464
-168364058
-746656768
-849203319
916243251
-903891186
1998753188
-1009671605
-1347558075
-602614971
635566207
308293320
-2020071323
1914365638
-1446332705
-897261195
-1538267751
-62119343
-245692480
1435157081
92941267
-73365678
-1553008618
-1498016307
1132030818
557654082
1423261033
-1602853501
1625613483
-170665140
-1312905817
-960391736
599510552
1498671924
1561604149
666143501
-2082446001
348443252
1408050246
978985891
-2097782873
2032434343
1025489008
-1975416379
1556311511
818088490
-109305988
-644275749
-580401424
1931293184
-504689027
-216819459
1688202892
1340104182
-1834610653
1966135221
-1029690809
-1026431737
-1353631408
970775816
1865243246
1510279169
1210258156
-1410153033
1436428790
-262040472
499174645
-263027774
2074790319
37179801
-314437927
-1776547283
-2069845319
2126027826
-1053755129
-510988026
-1846350794
1643697073
1687169987
1394202021
1282895937
1840348762
-80091335
-381355211
841731101
-1109702818
1015584981
-1430786189
1247578033
-682214599
996829649
824850357
-2135138252
-324082085
1057399567
1592478254
1990230564
365181450
976550440
-765569168
594669180
-454272122
-1955324988
2141890609
565411621
1299497325
202245931
-1846701231
-1208009044
104612705
418254620
243748891
877987636
770441191
1133876189
-286512949
-415261522
-818004846
718916243
-2080911025
1123333704
957391968
-1696193069
22603345
1541909283
-772700061
1470378872
1418123381
999142984
-408025437
-983366730
-1189820449
1317930459
-480167102
1051028847
1750602743
1418135953
-1880956959
480232389
-461266064
-332024737
-1250558654
-278736657
-1816844155
1784849779
142512942
-734320048
110749061
-1748734873
1141856921
1370042821
-2087406190
692411572
-1567685117
1103583294
1821597092
-368139164
-1060723680
-1824950897
1028483540
916560395
950077626
-1894168184
593435351
1600353783
-218275882
-1123976638
1155999687
244247206
-1049276650
-560356421
1704482857
-725462920
1410943325
387665061
-1178846677
1872255141
170653880
-2106534790
-625706707
1378122608
-1978670469
-267604268
1029478530
-16018020
-97998422
1755873274
-2004478345
579103007
1151570843
-1325338947
1155873683
1192424725
154219225
1201422213
-1469769184
-443754249
-336307126
-436794202
-1992457750
1327773452
1586023059
1733537784
-1450316730
437897758
21369786
102642085
-1494440875
-695328143
1711920397
497012804
-1970688119
-1678426640
-1927399102
1440380455
-1569113496
-1473318999
-2038416161
873836528
1538362768
-1300641157
2015057115
824965226
-226177286
-1784839410
180771717
2017488277
757011330
-1727726334
908584869
1785873154
-451574618
1733261162
1030124000
-1482390175
-493117810
-580678533
-1108677536
784728920
-1312830901
1988491392
750956723
-1032949867
1751177315
-1952359407
1620568052
241373222
1319247757
-1257542269
-1945775832
-1863938297
-1950596168
-504935006
-1199535639
1557970940
711256401
-1643383907
-1419887288
-788238431
1256708293
844162113
-1895179025
437686206
1102075461
-359487382
-1874474874
314266848
-945180216
-1411139915
1290209112
-96790236
-1563798698
-344603526
-858261451
-1025894315
680314754
-15552007
1102814105
-265594567
1447989303
431719890
-747054067
1167611944
-1664827977
897002426
-762873651
-752859427
-801991711
-977147285
709785258
1261106576
1729019826
-1616263972
1753103153
1433975107
-2138578675
-860669262
273593869
-1174805668
1277258942
1868897270
-869516119
-2014470541
-676451652
-485399545
-605815783
-1554955155
25023662
1868320721
1930110266
-1851358775
367499440
1382163262
-1721092329
-1196959175
1102283862
1299141100
669518734
451437172
-1971250192
-12189919
906398259
-1596669110
-76963313
388434171
1623008627
626579960
2063651656
746853099
-778336772
1573816765
-1463870921
-610057372
-2032072612
-1307602259
-955482170
-1227577138
-1461980952
-1395818044
1020517295
-513508928
1890417118
-1561326019
-2114320066
1953801327
1723736013
-336889820
1032660059
-2120523424
1308610612
-1174029270
658248391
-87311003
-1831739799
-1717915464
-1880695386
-2048373050
1395974844
1994154053
-1021534404
1269795261
1077602268
-208784148
895748347
-659265497
-2138928520
-686896840
1702348221
-754100103
391245609
-1813155262
-1183826867
1938728944
-36654450
-1400514818
2020111915
-1392190452
1378760632
753739985
1438920336
-1170821314
-1519126327
1361170789
555306415
1673372895
1251589591
-1406686783
-450931651
-599824284
-2106860011
-53997933
-1523877069
864119760
-969806028
542008784
-1813476398
1785952617
956729094
-401675906
-345656345
1793404078
1136063333
-1257321520
-561522096
140871303
-1962144686
-1291712397
-1835190338
-1408560962
717980768
-96176346
-712296517
97928366
1792236370
1018753936
-972364306
-1421399751
-442018045
1959964237
-806851682
-1227203586
1524803206
901380937
-360816268
-2035222069
-1703013491
683618641
-1410467452
-1796597168
704472590
1013149414
2082555278
-110374122
1889328675
1701337173
2142576000
-1908083282
1975642161
1070932740
-121869761
2091908397
192966476
-1645182451
572971174
1817370327
-1070042662
991184912
2125543630
-539053543
744864886
-2126982588
1172704655
-454204484
1324740374
392401103
-585559993
2811992
957821039
-704298920
-139416359
-1111842298
2092184471
-1442207527
767343096
262204761
-1124568084
-651954759
839512485
1677986189
-1602106572
1325398809
-1244271115
1251397633
-678246907
-55444371
-532697576
2125655778
803953255
-1757165489
-1228085354
298818345
-232528713
-254329457
454862810
1264381382
1270910669
-557609586
207882740
517693469
66159969
-812396597
-1579547494
176823217
2035720106
1663220414
-234646417
-276950754
593714503
511219172
-1843280249
1520372300
-462791070
-1580353253
219637546
-1809372191
539343378
442838319
708073688
605329911
671340289
1494761908
-424618099
-993774577
1758898766
1789209621
-259838906
-1528325052
1191018676
-2057305107
1390318787
2121792963
-1929398805
-368660331
-195927155
1013597818
789642830
409836541
-529753030
1946208271
1113466557
-1379647809
-80506897
-740199405
-611619132
-158475919
1342062117
1238837111
-222568196
-748949702
1466662320
597145918
-284471887
-98740825
1035219453
-296763277
2111491013
-408031809
-745205605
-1622129315
1709827027
1535138388
-1664042244
1565118962
154454422
-352565349
-1743572869
-2008836728
-718125172
-524216321
1628167328
-969633838
1838301398
245762609
790873507
2114975497
-2075660958
-1521603453
-1249272018
1517636969
280573003
1253552502
-727333529
-347612706
-1851864961
529758609
1839490093
24672255
-1078531166
-760551821
249843361
-712510661
1025964849
1197951787
-268612889
-822648495
1820732394
1106218439
637064749
-331403259
1699616619
1703267882
-1199266581
1597823504
-2011955175
303572515
1872126828
747796311
1035464515
563402426
-1301513586
745708640
266670470
-1916569908
-1924145979
335953153
1225848178
-647366951
389488485
-2025748903
1289588845
-56783332
-1414831072
651682820
-1449382441
697099483
877909708
474915978
-1360155538
907153408
-2003516567
-2110721769
-295784972
-735038999
1962641506
-681636751
665099535
562680955
-2013206253
1302203685
-1660244625
-518369155
1379894411
-2077456636
-471057867
-330443230
1708422290
578017229
-619960685
-432477465
1467767021
-1003156693
1265575087
-429297505
610226912
-351565343
-1034352948
-438793781
1034073331
-804321213
-1167360341
153481007
-1358992647
1325492199
552005423
347769505
1007181389
34373788
-2131479489
586771235
1220303454
2094990491
-1679260433
662922804
296957294
1463219196
1357042657
-2046625182
1190019478
81482603
1916031465
2084259620
-162510323
-353494501
1778120431
-546427418
-935223127
-2087023878
1668756761
-1847922588
-1773600860
-256676571
-2113390039
-1890066373
279593891
253220765
-1810603229
-987827268
2041070068
-689142725
-1662794190
1913541635
-216580329
-1289560607
-1613433141
924530760
-1178482305
212221426
-960075758
-1933139340
972684441
-837087997
1875448189
390648055
-1244827635
1537391314
-381273673
2032237016
1341282115
-908934794
-771978298
1208492812
-1964468952
-415488040
-1042883985
-1139201012
-2110666703
2143565665
1138832856
2043763873
1882165919
-1478076172
1455896431
1848839425
375890693
-1828565730
-628054006
1720531743
-1142865657
-1436994676
637527119
-1139924673
373842531
764351933
-1236819114
-875552312
1119783989
1890445559
-1358691444
-811000739
587334774
-637387905
-121830950
535920686
-149415995
-1829175037
-403259643
-1543917686
-617646230
-1515638181
-935970985
-1019639624
691794839
606811248
-1549315969
498018311
1578964463
1384856188
-2089066059
-1684064476
-1892327348
1866667891
-320497119
-2059772501
1064317885
603665088
-317920899
-1630492929
1175495629
1478071348
-509522184
661975390
-830227958
-1147061445
-1103318435
-880821713
1393880517
173225296
-1500140684
1937890206
-317991915
-1876547662
-989013080
2016218986
-945402846
-1472184233
-1568424471
1707166461
-791499873
-1041579487
1777733844
-1427420996
-1899909224
1521852495
1312636688
1894896288
-190827155
1970593077
1022847482
1658102277
390397981
2049482799
-1929250173
1608050882
748621256
1719416531
-208544679
1496110969
-2106244754
-2003339931
-1359886524
-619924177
1255171324
432089743
328284882
-982950882
-1166751863
1527290449
-174780361
1471754185
6355932
-283691978
1623508589
479846481
-660899023
548075720
-1329730397
897224455
-1326370756
1481458245
101273300
-1712641983
-1880936850
-320805743
-800864075
-1163458959
-1121838730
-1528965009
1548149459
-1690422669
-472252150
146793963
358325756
1872876837
1643754726
630260250
608440542
-2113032644
1355601172
-1748020218
-460407826
319923285
-1427103122
-428206878
40941451
-702823862
-1373908127
185581445
395452514
34878919
481816819
-520404203
235562515
-593353956
2146107398
1955933442
343957524
2026463827
-1357677859
1387855414
1329351894
-1275168379
564190943
222175114
-566747355
-2133890967
1682526875
-643356293
438091220
1226119469
786769932
626094877
-941549160
-1131771255
1292484381
278535247
1319779636
686032656
-720270225
1208813359
-203834410
2136079816
265767000
-1425705776
-1473633855
1174425597
1128696367
-1854981846
-863024341
-874764207
457462726
2043853394
1888142695
1190637336
1133924663
348466922
872586822
-477876254
-2103979805
1450823642
514540987
-674200488
603436983
-1178078913
1023108541
172152907
615183793
-1396361565
-1599417231
-970843383
2045984418
626153071
-550763385
74756595
621939509
1055662237
1436653539
1686061132
-130275793
435797169
1036515456
-1664640941
-270382600
-890481943
73735057
-819123822
-2119724455
1007916210
-967912728
837386360
-123287930
1800263774
1866092699
828418853
-516702369
1274133524
-1550991132
-455960699
626421234
-390429689
2123832905
393985696
319899204
-1201690646
-1088838660
-2117816017
1583157840
-1257028701
1599439492
805656945
-689934000
-492150978
-775701860
-1487272385
218728250
-202554844
1526350426
-1705667746
1469358221
-1933752948
-775235437
4014868
1777520204
-945759696
-1561253251
120593661
296730186
-1323453116
1674260374
-1654331874
1562792872
357849251
-1042227259
2093418042
-993541220
1942973003
-777082946
-1611927964
1513175667
363630347
-394772566
-2065705771
696798424
-227820422
1897908230
1793186303
307673430
1393374763
-715697974
-384505119
1503804955
2029365790
1363226318
-2035551075
260409086
697507960
-1443511447
-429048505
1398503362
137671286
2108398171
953284095
1256085148
2016558239
-1733754388
-289121727
-961504526
698384441
586449236
-1806700421
-1713544091
-173971459
-97791651
-1547911201
1715133969
-1004051443
1732197190
1875349370
1568215571
-2030169819
55149034
-1271496059
1246490955
72982289
-677725918
1076536827
919049058
156346974
93237094
-1434172565
-1863191794
1908637012
-517091910
1337527566
-1526879596
979561507
-534670905
-2032634084
1238725774
-92258213
-344717753
711709274
1490580718
-797120607
136568230
916782071
-383545790
357554591
1326256870
1646769817
-1178319048
1544939836
1514157250
-1763245903
-252312475
431584525
-1830764778
-28247018
-1856857535
1098918666
-1186650499
-1265026351
1022065526
-1794845820
261716539
60458294
298911577
-200386730
1475330141
1808166195
1608629432
-1307282086
1471639583
-2111159572
1964201174
-1621763297
1850191501
1526087302
-805041485
-1049979688
-2000801428
-2123566270
1086493327
-1770452842
86961241
1575903182
832538033
-1914507079
-130094030
-231526441
-708622748
883100068
1963394230
1744962274
-311451582
1911252655
-2050935705
-1997419428
1350871220
1428136545
781050551
-1553358609
1666491320
272981470
952917091
54494486
-397741851
750306206
1733571097
811405555
1990608043
714735967
-1198301856
-454427297
-339299873
423882076
1299140536
-1142297021
-443267209
1332431551
-1727705088
708578853
831211153
-276209325
2018036247
1807765253
-649644871
2874493
1866757318
-967875478
1396067947
1794057580
1722642909
1232063159
1622351318
2139597967
499502235
92499906
1381644771
-1517169081
-58852782
1825493158
340685172
-1356366114
-828686005
359899352
1451091696
-357217866
480455142
-1568256392
-182525953
1132015557
-1599447546
84342761
197348754
-927530688
-1373136213
821798563
-1244770267
457625238
584161247
-2005736633
-905495480
49048735
-1785132330
-1424820493
12182362
-1205434347
1446913616
-1370788393
344728728
-417924030
1846754626
1971564296
-97711531
-1408409349
393505716
2080030100
847378314
-1789393972
395733484
-1061587243
842705297
1334755444
2077027788
423223818
-1728245203
-53580653
-2104803720
1048274211
1978027469
999475873
-412623301
-882576677
-1624360431
-1438107614
2056679083
-942438900
1938780301
-796030185
1574515466
-2101051842
2112727500
162648759
-1793207057
2096148864
-221197161
-1937707169
-703639771
623265659
-336908938
1714238918
-769580334
-1510166077
1950728822
273912180
674642651
308237680
-1072345300
-939861388
-263708281
-1054819859
1776798970
2084983368
-2103874462
-1735306993
-469134448
-895583204
-280460701
-1221448600
-587856459
982697022
818290768
793588701
-2002794937
-1461081394
-1106952351
633450870
1117305216
1719428529
-428850653
1508722293
-18721158
131476939
-1677096033
176594345
1957891316
-1117869204
-1378097989
46165763
-804928682
2086286858
1212240863
-513759127
1083486450
1854004017
265112282
-102707254
-1355736948
1671454903
-1324265721
1936323186
-1048729828
767604275
155287467
63944094
-1473676591
1749911982
2083561121
718494803
-920250791
-1538722917
-378437832
-1926179221
2117256287
-88183292
1726349148
-1132122897
-323211435
-1174369530
1088548595
-1438720084
-2034814606
359079551
831162761
1572734976
1762271486
962187013
-1602132434
-2116856588
1804082381
-507624935
-2089549410
-1993722737
-189391608
-23046245
102188706
-1524908439
684313651
895363201
-156714826
-1943194755
-1009882006
990428355
2038768876
508962627
1255951597
1782951065
1157561616
-1302878722
1947440095
1393369320
-1935884021
841935954
-388800438
-933042439
1653217932
-364674023
1437763686
-2032104597
629968612
-392570250
407861274
-1848528789
729213745
743482153
-2006912061
-486337759
975490750
1933614372
-1614167245
-965217171
767162282
-1057256353
-1324513029
-297740078
-394840633
1893760232
2091207149
-555101262
19998659
-1043815619
-1600755492
698732987
-1483528563
-567185955
1788287653
297768609
-1826946319
-721576932
540513907
-1104125427
559970693
1043361335
-97024451
835153876
-1006272312
832783015
1017346963
-1555249300
-1529162361
619132089
-322016102
-692253029
-1181324926
1854509150
-721978027
543380336
103782479
-653578433
2074908965
1299251575
1338984063
2085098260
-419520366
-888965593
813715198
839766326
-375115957
-1081481057
665772735
1869914994
242499179
175478929
-1555317096
829960735
1030891261
508131454
-346924182
1837788018
-247936830
-1195522269
-1816167292
397147152
1277876529
-1627435982
-2114469816
607861988
-559243586
-1336333243
1886656271
-580670926
1258003551
51611663
411321418
-1339738132
-1131089589
-180331820
341167593
210507588
-137137916
2027113498
359661055
-1121533566
2019997592
-1359452000
196860582
-330212330
147111458
-1654065521
1228486687
-137704976
-1750879337
1488771311
-319796930
-713490929
-97378882
195704412
-289320444
-1668848808
784434816
1678530297
-341155699
1298361768
-2078787231
-291115613
1496657964
248031276
2044908878
153239657
2101189332
927913199
-150554984
1109124156
2137210041
-419302988
-1893565120
673644514
427765302
78984709
-2120600715
-968340944
-291440655
-734044532
643881050
-316590216
-492559044
1323293088
-410430709
799869503
295835838
49391906
1053102561
1609677619
1150945106
-1391850102
-2087265803
-960304037
568540462
2012106300
2120518371
686054288
1788612935
-340970720
-2047157553
2126284843
-1937102092
-203553935
-2067640659
-1717600257
-1073283631
47193555
1091891900
-2050685047
232628197
-2137817685
219715410
2038206822
-1884463609
1249100203
-25586209
1952758020
1219932796
-1090222165
-1449237973
731067548
992903653
1970745791
1185704930
-1930071457
697156183
1776248965
356193362
-2080287505
1913778379
-863179074
-1105609614
-279919856
-150669128
1173789215
-1789251803
154795679
1185509886
-65305239
-1172247616
1075967682
-1944954618
-419639369
-1445915447
1835338080
-50617050
-1994162922
2034370305
109438931
-634691255
1145785434
1426644133
-1021734180
-164025650
-1434151377
2042650863
-303914537
2081700529
380406126
-1696712733
1341999407
696147176
-717465423
-1035190713
757126163
-734758385
1566911785
1894344178
-418216599
820221766
-1015549266
277189193
-1884220413
-342658983
905269527
1059076358
1673475600
270405666
529753803
-915813573
454612
148769579
1733040280
1006906006
903256475
-2144124777
1163922114
939437798
-25964310
-1055374015
-1637378209
1674477534
-298858248
-1174348507
-1119070751
516704023
579579484
366749439
1603995636
-2041807269
1653805574
1872453169
776404874
-520626656
-1602384013
256399081
485839411
-346181551
1325933084
-490399614
-2072547919
-1877865644
-821436881
570440235
-1216224821
1514551624
1372520577
-855644730
-198872223
-68563058
-704607806
-1679842031
-295842624
-465094005
-1098000143
469458187
1365925687
2046214571
7403794
1145314192
-472167958
-1355855960
209557022
1533123398
-293250587
2049723147
-1460286149
1460511164
-299010188
550824690
-1835054035
54827983
-739437391
659026964
1506178059
62463056
1582723421
950876674
-599493835
-928112413
-1367816205
1089257647
-2055697787
-1539948247
-984500230
-1729070542
527692228
2081696801
1094353306
371039433
815468383
-245688373
-2068519310
-1124149983
1173747545
-139196658
-2115714136
115923156
-6986365
-1793652262
624998721
519511346
-1995397397
504748945
-942312782
1012315715
1601447569
-1664646238
52192438
-1699634676
-683699872
-281355145
-1625287583
1441596433
-343030436
2018518161
1555381108
814814491
443547671
1228406256
-500081165
-1537619141
-987168663
1691910071
-1233345291
1725660686
-57929889
-12632560
-1243213126
689376065
1301226611
1548840013
-755080190
-326287529
-144795395
-1873183409
-449891684
-82213207
-1774969111
-450632149
873016636
-858248530
1410985642
-313334007
-492996463
-522412164
-438411154
1739292240
920882583
1992336782
1040934035
1805380095
1735272745
-396540985
-453472423
22960989
1657217241
411753911
860203992
958447829
1089679619
-2049578468
1584859699
667208218
1847334944
1391070634
-313787123
1666812562
1584436055
1246600718
100350523
-811442704
-735113127
337891632
1393038011
-904596701
-1698092947
-1823728456
1595848165
921870702
-1839515447
2140768724
613741536
616524759
244624420
-1387986633
-1257229482
-493136187
-924661368
577360740
-660042133
-1758923804
-260498324
-1031012053
216812266
-621393844
-1997551103
1511786612
-1834606143
822833377
719415244
-1729873605
544999855
-1265325828
242689908
-1098393894
799242555
433297226
-680825891
-1879275122
-1169992729
2094925044
33037173
-1804934093
669709989
409887488
-1046002740
-1955921326
1057560458
879542774
592568938
-899775907
1774480577
-1659035706
-335419684
1928945720
-868004159
457846760
-332807664
-971017221
1636747714
1905394117
-755689758
-1135306506
370201196
-1251202731
1302028278
1415168245
443847122
-1177072120
-740909369
24213444
447413406
404112362
-1439864832
1634376437
-1035654772
-20770047
-1377771254
-13088288
-730260709
-1023373063
-1841003803
-1110814230
-499322750
-1862700798
-1924221381
2018089738
1328525793
40234489
-1769038670
353392777
1304832952
-1312853307
1906613121
1609433608
-408580708
-1722030845
-1189053626
1791187143
528269351
-1793034779
159461653
1635974435
155756080
1041636695
-1556110124
-462989216
469679419
2133336931
1334773957
1358356136
1868353843
1140284373
-887974301
1685843283
2035529558
-197986270
1299301490
1361430889
-881965969
-1450044539
565267025
2119991908
1492447819
848780650
1791526034
-2060862151
-1247680411
-1560639985
-1219490100
-1758155879
968907747
-232173207
-1751144785
-235949196
-154305851
-1559464892
8301656
-1669690690
1180718683
-1269129299
1928057829
-844903564
-1887338248
-662282605
213245004
-1801370655
-1410182428
-973493845
1189633896
-624523491
1517226646
236737940
195891028
1928692182
334904354
1909505852
1450374396
-1795352750
-875346960
-555459967
-198016016
64359092
-204427090
-911735014
2143197051
-437340035
450025607
985550776
-58741516
2059035733
-1553330796
-647235736
-1443369133
-792649973
351217042
1218017595
-649861114
666470618
330582229
242900519
-860559099
50721774
-151044995
-826700497
1709147172
511879973
-1927177242
458750402
-1589009497
-2111086311
-363416220
1801278560
1837701147
620366686
357957168
-1504665213
928821091
-1128157688
805589404
308861628
-900257519
334224239
-90345586
-1614545381
-1219191818
522710069
-1756205525
1995780052
-194502405
-259574904
-1963912494
857788958
-1770465486
-344869980
-1745664437
1105704798
1755485479
1771247259
731191360
-472853884
1642060668
2090331992
1266877931
955451829
63429812
261064416
-577144816
-1919480022
243576398
1296480731
-1924551634
-1012702121
-1949108459
-1825265069
-1161331472
-1373443249
1847439030
316295610
-1167671831
-1906791834
652067475
-1845362895
499523201
-1814452713
26129366
-44241401
-405747671
1699738920
1812366024
-53501825
-142660650
-870812916
-485459102
-1248322858
-422399317
-1004620665
269465380
-258762109
1259292152
1903239832
-345544667
42632640
468771427
4284306
-323731093
-305311927
-389371292
-928818549
-2034003844
399856227
-10474506
1738519802
1189731380
-1219957985
1210109322
-246128997
-417063719
1861373663
427333183
640191382
-980688532
-986912487
-815217328
1304914143
1666709057
-1253752742
1892543694
1206334175
2133352657
629385102
-270498930
-1424453036
-621427505
-916832386
-1428675996
-1221303435
-488012168
-676131687
996728976
565988184
-387629521
-102554378
-1823112328
-1461403752
97866056
747911833
13137303
474309682
-2024553437
-1186593292
1506850997
-2104040529
182294909
2031965361
176113496
-256662136
-1993452798
-1060192082
-1745577606
-377289019
-243636443
1976521544
-747290501
-20121370
-159727564
785750236
513265240
1382951687
331913382
-111548277
-468878307
1413685566
-366327625
-2090015684
-1700117608
497212999
40294710
1495758054
292053070
1839727459
155152285
2137507599
1584294835
68258428
965404514
-1631384689
132024468
-915243379
207694988
-775159655
-22523433
1559909952
1611213704
-313882885
-520191897
-1466575656
506817084
805357476
-22250391
-1916627632
1581817436
-430002841
-2070458957
-2039635004
35443965
-313739523
2037948285
-942159600
-1604518041
-1706859184
999934809
-2013238090
271186222
1718929910
-1858068640
314716421
1136745347
-1826489861
718984109
1624943990
342733255
-1634834205
1914069775
-2100761768
-965942432
-677416978
1660959481
-234583888
150136528
978748829
-543099203
1724491098
171708931
1429793141
-769484295
903085683
1929616359
-1616918526
-1728348591
707124218
619193154
-15197410
-1427249058
-509758284
-443461953
1588185714
1496807397
-1578652591
-2113480119
307351613
-1001724085
-2071572532
-874863205
863200852
-568209848
2122331159
1372362775
1556119401
198925275
-789161226
682126807
-581300081
708328317
-1514044886
478855682
401403645
1691556249
745717970
1740368480
-1013430767
704150330
1257641742
-1742440401
-440997480
871881990
-1747201051
-1203211722
-579532724
-832150
-1254623896
-1980523493
-1062206819
1758590486
-2141919465
-1466802447
-1657378380
2118994092
-966180222
-1797773547
1046112948
190300851
257324595
-468890823
-1389811134
-1080591151
2138076875
1349243073
1438504007
882768185
514645610
110338381
642737140
1680467297
-258335148
-342620778
-117151738
-531184904
191211216
1888582013
-2004334774
-1268143081
1061300563
-370397855
890358115
875144886
1089296606
-381892432
608364491
-878363807
-1406743388
1086472640
910568215
-1322368214
2078271726
-1523261729
-703719298
-93314847
-804851133
899658920
-2048953445
1125374338
1917693635
-115133032
-325625743
-1029128210
-1771161133
-442980640
262828464
1203742686
-982061570
-1724412292
-773140682
714200084
-657422054
1239117444
66461912
2037126098
-549458263
-946249279
-1727637151
-1482046577
-564712318
-482710142
1979383258
479372520
-1545624143
1026071728
-518937333
-1926643244
1862371226
-206948320
-1423414462
-232075492
-1366626972
-383274968
-1748148654
-1118387703
-1694804589
1374554996
1812604382
906464606
639520247
-576131303
84634583
1477327240
-783648316
1894552554
1270335810
1616759828
352867842
-539411190
826424126
1144566368
1664507943
694617027
-956275643
2025694101
-1779006719
478284949
697114033
-1123275308
470478297
839678352
1355029890
-2012716370
352762325
1918676453
-609504162
2135447258
655950238
-148654406
-584194088
506292513
1535070017
-1659835074
1154641140
-841579364
404128858
-1337645570
1103054570
-273165790
441426031
1291387254
1985875498
1215794427
-1941960295
668938729
-866114656
1182199512
769342312
-519779724
-2084809671
2053728007
-2065825784
-1518408864
-941313884
1607176418
-472803425
156655544
-988045987
439262600
1309635065
-787021797
1086021350
-630971185
571760231
309456595
-88889769
786534776
2130466275
851378469
1085596185
74554532
1810776952
-98899478
-994486546
-1296200569
1657892576
665123166
-451394253
849291867
1763470702
-1204255177
-1806721431
-708336746
-467157714
-1037347847
645205745
1196870238
-1066635702
1465617032
-1308139498
-1228838596
-424051025
275583742
-437946799
958176784
-839857169
-1849725506
918581191
1137668164
-712589464
-1314761271
-676157674
-1240787388
-82962266
-1461664432
-604135856
-142762451
231438853
2015309705
797775431
-105255484
1155701659
386073541
1493030410
1376472489
-1184282540
317115842
-2033523024
-1978010677
-875919011
-1958770883
-1708374189
1109999902
-1650023483
1594683084
1365138783
-686840181
486722658
1509423081
-2135317236
731079976
1566946801
241150033
1517708840
-1479107159
1168924032
751171215
7368985
-584031467
-1338722032
-971801133
771434530
-663239492
-1531827083
1178737415
1645631717
-1818164377
433711233
-1251227869
140028456
685532625
-548169631
524042944
686596571
409559126
-1069743802
-375822613
-498497703
-968358934
1381333063
2084515644
-1709070866
689825868
399528581
1363792166
1922282393
-951908998
-669273200
1534686351
759521298
-1791086489
1088118280
2006999458
-1947643890
155201259
-1037211001
1147516900
1024657600
-324561158
440993982
2073297541
291475363
-1098453736
1927655133
-1815331336
673301110
734639628
1088117560
-1377099067
-668095608
-2111017005
441633831
1475856797
-1320266187
-1912166953
1810289197
-1924137810
832956336
-148532128
-1215946661
842517049
-672137214
-1846997174
-621330698
-1925764000
-2070239407
-826564616
-1512668073
2081020484
-1876276379
1176112776
-771737582
831690319
1369543016
-1846687161
-1411955622
-1618702899
-1142030356
692118887
1945835939
-1903518271
971425074
-1333159953
-1207588727
735940854
-2055529047
1110867442
-1508600336
683125588
612507316
671352067
896470379
-1339746700
-998905424
-1724465944
130799073
-2020211851
1786809141
-1956806772
684821614
-812607984
1726024347
-436624326
1990535558
-1993478935
101936575
1419424264
351876192
1408162600
-275860218
433997200
106055825
-1423300792
496505761
798760422
-77868554
1008689966
-69539822
1754367173
-797826345
181842301
-412534545
1566475787
-1405794232
-442037208
1791015398
-1797608857
-2125840174
-759046072
-810771200
1710106960
-5867181
2042368814
798798889
-1837644232
287028258
704234684
-40982801
244763905
2140716662
-1218223376
321798282
20177327
-1409968121
2116018881
-778167780
-249915553
-2140671755
226046510
-1515576007
-1600060808
1680286185
785201043
-1153836376
536459807
-1533738375
-1195445699
1827672427
-1625293584
-307019311
906006593
-817708548
-82514710
1308829070
1128828297
-365610535
-1843390806
1265095405
1720791087
-561806526
-1221281829
-1920891356
1407383053
1790313793
-121603860
142236687
1054853012
1719705578
574590468
-1214017009
894305244
-1220491036
1698526002
1405902895
457161213
-1683854297
-584534039
-467021433
-563895396
-1632922362
-858550870
339295973
-925715256
-135584912
-1679684093
1132285865
-1920576250
126292338
151153591
-678451984
382768554
766184703
-86342850
1677693683
988871016
-1381996045
1213824623
1343786161
158703914
434417749
550731643
925967820
1052897827
-266056996
137922333
-288502096
-1089402589
1448286644
-1290335729
-453988614
-1998876884
494202241
875424191
178405910
-319962298
1464086180
-1722235838
1096063530
-1309422193
2047161532
853331848
-276992718
386903957
-1783033233
-1379159087
132206699
-26384920
-674571927
-74114720
567068149
1258229481
578722468
-1120477843
-719454029
617884392
-199645462
-888724897
499942005
857491822
590336919
705867578
902428761
1259780054
-101070941
-1329769898
-605423251
-852097758
643077344
486095697
154438553
920088331
2001412479
-96108474
1843499708
-329544615
-267508264
1811104318
-495350252
510576757
-884489623
1949574374
444221410
-215645124
1560539679
1231818114
178543437
-512167915
-1791533868
-1804903135
2013312134
-521211067
1031949849
1523980818
1140551468
-1324829567
-228207564
-464536426
669234930
-507996220
-1761784980
239768278
1962315391
1490666850
1789843843
1825894423
1351829
229674589
-1905681021
-441607381
-274628748
1813791223
1127258045
2039230506
-1592985984
-359118712
1511886350
-182359710
544035361
-1850501231
-1896386460
-1021410421
-1315192342
-1904028912
-30670464
30552382
229783805
218279957
-1112225796
-186855000
1004302508
-123376491
1114344336
-2056987014
929296739
1772056701
-1731009904
-1940929245
-252099130
1379167242
1167823800
1502781249
347782166
-511211689
-1753755604
1156677204
1805343192
1317435191
1297713593
-155500876
-1546459720
-1364161724
843671904
-1652877883
-483775574
-822605513
-153605611
-8892568
1032118097
-99784326
1745116099
-2022707532
607961252
1145653499
-1198861676
1249584613
637003471
-2090654653
-197638546
-53421676
215897430
74461126
-1187584320
-1153457368
548487040
1854333308
-776280451
186713740
1032363506
-250019920
1562199144
22925089
-1524499815
-606123753
-2103159918
-567883786
703960781
1481574947
-1909602272
-981187786
787828658
323171225
1072057426
2014455009
925557986
-301480351
-1334386240
-496671553
-1952348856
294627484
-1563389211
267598736
509658702
445265915
1749235937
119631752
-184719046
982461774
-1827382918
-2102758407
1587974869
-1628658341
-745053853
-2013835182
1054628173
-905157903
1142472385
-574848441
560385116
-1105027524
-1660837910
826691409
1542642600
1613362521
-726508945
-827049639
-1741897875
-1370140116
1508752988
-1473606993
75876184
-1369843343
-1265641026
-1392759488
-2075282506
327169809
-85004188
1128153352
1470495949
-611460170
1257090026
-413522491
1264037002
-1450442847
-1330526221
1296690156
-436556196
-1350861126
2053291701
-646553376
-1251493538
291627496
-1937229383
1391274593
-1285801797
-166909533
-2049422621
1897440578
885642829
-374264378
1338094000
1938455390
1656851335
-715479383
-1963020097
-1778047796
1619287189
-111070353
1363228562
-1392523183
-297655871
29553051
1053910165
-89968874
498139928
921270761
486777694
-1057636454
53381709
-721332645
-654578891
-690506775
-842699044
-452311663
1971839447
-1580204274
1484882034
1314381661
590472823
297637317
-1171434613
-761303402
-1421129467
1283985013
472618077
-349629396
1909207473
-1977234340
-539483148
143099773
-758383438
-1812125173
-503618659
412813286
-482537918
-2130094315
798773896
-707177573
1036215021
-1451041533
1428447656
-1206011973
-1540530165
-1537802358
1385308638
937528734
-1064654709
498625535
1269182549
-772884111
508885489
-607720438
63440175
279117317
-1193585247
-1410134118
-1055487904
435436003
-396363171
-996277736
452104410
2077417891
2136863243
1640300254
-1399868950
1552501629
91436987
-1131734806
1979316961
-678715360
-373769751
-1687467570
-1681552138
1108706498
-2094940930
1997011947
159853419
-1020276104
-955227620
-584285218
2072193517
428469959
-857385445
1541946681
-2098045632
1815583098
-852693811
-923648395
-65867237
-2095234123
476851337
1493162023
271928912
-35503031
1085574631
1319588722
-1907138512
-438207158
1179481031
1678484412
348323884
-301578529
-1087463528
-1121648732
209340607
-1811106984
-1023990314
-1522166477
-865662837
779714693
-171923756
-2001154735
-1077366078
1661946437
1004982203
642699897
529428935
-3419555
-1143511086
1938640560
-1699659756
1171353994
360672767
-329673550
916204381
1062077912
-47314291
1132439663
758326773
682750516
1712216367
-1749230923
-1406465423
-1885404352
451235652
1479273517
258717066
-400536218
-1965997477
-27530357
-1738581433
-1472636881
-274935046
1127891713
1017148507
-1142150443
336543643
-1182029580
296352971
1840975382
1858102262
-63510543
524534996
-626780341
295102597
1264562658
698293002
836882616
-344234427
1753150076
-592044348
1771934500
-516717895
1384731899
-557685321
-1619696468
1879328819
-1223954159
-976889888
125858004
-2132066730
1060262683
-160766553
1671065054
842139350
2133349269
-1355842495
1617920862
253264513
511537616
874536021
-1689811442
512606851
-1470716447
1537259234
1143512286
-1833940507
1570168284
-300665761
1758896975
-1487772842
-520775102
251644451
-1481253631
1581748014
-662807113
-1869086201
-622014838
-2129900113
-798301192
-654731191
-712355960
1621739917
603280395
1018401714
2066885113
-1161091408
1088348599
588790779
-802956599
2115139895
-986017226
1346146925
1888765868
-1407735616
869472297
-1796984634
-1802731987
-1654930458
-176293173
1343337059
504156167
-2027976694
874347625
1859259291
2069160115
1823744342
-1573522415
1599828840
-1943635902
-104241409
1058180745
318686028
1877094252
28121033
-1765758334
687108465
-1195751192
748870352
1307067405
-1862498030
388582397
1622476932
519775054
-497335014
496972888
-1696956427
-543440274
-1338887926
1211190048
-1471280048
-38265130
-640682977
1548090695
-1296556376
-488380007
579807923
1777812259
345235450
1161874225
-746655261
24866108
-364585110
117091949
1066797425
1670212199
1340268755
2068399786
1406906348
-1043670253
-132804738
-918076096
-436232946
-863009310
-1917707984
1963127359
-678642076
1681588603
745076073
-1926030245
-394749388
-179918946
-1124967189
-2093575132
-477397862
-832625288
2064397689
-1431067015
-1204038925
789986616
-1216055840
-644855234
-900114049
1240894689
-1565047238
-1487735476
-695533759
1997303393
-1265082255
-1752740695
-43211734
697582819
47412482
-1128193032
-196602506
1169148769
1812436995
2089517107
-1003033516
1728657532
484309606
1731760534
-1926155572
-798733425
1224504191
476240094
1013379805
-1282763007
1926799043
-180425805
981537765
2046925786
-1032285743
1541442658
-1723323835
-1227978088
1887071926
-108197682
-285860540
-1988838077
1888245356
425727144
-1302214861
-409387329
1360166820
254251741
-863898670
2122773344
-1118734907
665715280
330785010
2104768195
-2142321613
-1762491959
1243850075
-2044460325
553292244
759734060
-330489361
2022306890
-933695281
-179739155
-290561777
-1598439439
-1333139818
-1927126845
1775339580
-1579160118
-1141149658
1566999195
-75579391
109767924
1728120461
961555151
1250866705
-1284975345
801138604
1738717335
6331819
923756745
-115628226
860709311
-1325051323
-1935069767
1094503448
-2032648038
2015854696
-373576341
870809010
-2000696010
-1898776359
1978151867
1610188261
-260950576
1002148345
-943088026
-557110538
-823833974
1321614190
-114880035
128755154
-1309478822
-811784191
1876731741
-640796517
2048216901
-1069403703
-984061893
1605675363
2113613773
1310776457
-979686780
-1187764938
-234865752
-1470916010
1704075973
-1073229987
840701362
-152684931
-124305626
1874624737
-292127453
-954627422
1395892157
805928014
905834500
977986092
-14630880
-1323689544
2093056222
-1838960672
255469116
1341632258
-1683631179
1843165644
2061150820
-1770833827
89683508
1621630821
2084416684
-1042119409
1474561833
889904627
506317688
-1224938379
-738533070
1102231341
-1479545009
325046090
20266168
261955103
-1292713996
1459841321
-423953123
1286606419
-1892165961
1567405648
1117822257
1839919408
-739425784
-2014219866
1120005865
-1116342884
818097740
1278177023
-1755536814
521977321
1139984371
338220445
-1520973886
-718567443
1747495626
76218105
-213597871
-218877070
-1898548595
-641860157
737761159
347261649
-1447804736
1773605160
-1284905642
-522227240
1232358334
-949450670
2036715338
292937460
-1388852463
-1722951116
-1857570306
634962572
-680143612
121304455
-254921775
-679886678
2130313591
276958479
1516815834
1389682912
380233201
49505314
-611278824
-2049402775
975027963
-781262998
-578595602
1791087245
-1324754261
-705208855
-1322690611
-1794794678
-449079170
196353597
-715574478
-749187024
533074539
1900852261
1145285075
8158092
-2027437260
1070617155
-1729874156
176274888
-1695302146
773942307
1259643584
1606314257
-1893840092
-1863650181
-6710284
-933973190
1253441095
-877347916
-1805021346
-725704224
416258473
-50285912
936258727
1944720589
268194491
-575466067
1041518381
-1742695775
1778863092
2141438930
1149582837
-1752384593
607148003
-2141763992
1822389984
-706115804
1156012423
-1212003133
1999927579
1325772398
-1603480098
-1075666878
1467237084
2139613914
1324452539
-2061183861
-2126088630
-2130253441
-1239933220
-2126628837
-136554052
-1303242406
-631685317
915851517
-1469700314
318158778
66829732
-505990695
1284071119
1407106782
-732461945
1307251504
1071452487
748526299
-63736817
-184017691
-292793192
-1881618237
2021358706
-1823556610
-930195269
259572739
-1064466038
2107728043
-1478045875
-181344755
-1372515419
765173896
5806722
-72147914
875981208
-1033717473
-685770919
181311456
-1560803302
-1180879184
-1192716527
453434587
1120506446
-461913293
-1366860837
1445122568
1225080737
-428252771
-2058965808
1879685183
-2044603690
793352546
-921725659
-130143374
-548901282
-240167365
749281948
1453691410
-2055022100
-1321762775
569030461
944545457
-1928327863
2036240312
1481982534
952092648
-1040837532
218669704
928158815
-1936139654
1757782188
2143802376
563692305
-1202648647
-1527456862
-601301371
69652345
-176610776
-159625559
658131043
-64420808
-1234189727
800715808
704815529
-2025144659
-943210952
1212925362
-1579248190
-127428762
1292832801
-86746132
-1995975295
-1024647726
1456012494
1873900303
219290981
-2140693700
125062428
-1361745625
37477406
2032374004
1201717807
-596506277
1950629199
-2119408178
1671768027
-1607190393
-1471112043
1854142160
-1162237627
-1699391737
59221192
1828060966
-313504822
-1581225003
-408379520
-1499100327
-507530210
525757654
-2041988902
-1801327680
284334520
1916680304
-992986244
-508306890
185633901
1990333535
-1428027179
963299084
473624667
1661322697
457167273
-1652719295
-1513925624
922588815
669766348
76590576
-1091664694
-155198491
-1770448339
-5717239
1135215976
-1909468636
-862218218
-978028221
-976237823
1083826654
-1882095439
1509419345
686711852
491168307
-1182613043
166709331
-1219891616
-1114952606
863736034
1825011599
-1960018538
475174050
2071156050
-1997284512
1877137964
981834802
1335980785
657468782
1009563916
1819472047
-2039105337
1949908510
-625618419
464227493
-123570156
1735842124
513767576
-739504793
-1694333037
1804223031
1752734350
31789602
-1111116029
699660988
1836861801
-1656621008
-202213662
963791303
-171101791
1567525033
-2114733957
-1512229626
-1863932848
932277056
-1210693085
-2124684834
1742870296
-180719029
742994879
429560226
-172343740
1134629923
212391816
946318594
1688413485
-868178515
1284823826
1569821377
522250462
-1369101768
1494031497
424025514
838662395
387239050
-2146289602
-250604092
-204209442
384783669
-1299553695
1117651140
-168498430
626930222
-621569776
-633272894
451639460
-1023089761
880308880
-691414992
1201117095
1007346171
-611513383
-1806377465
375149751
-757771949
-7480489
-1024064190
1056962481
1582831080
1949461486
1212677263
-1417093054
965418496
-297647041
-890649788
-117897010
-318114563
-1994752471
-1204763505
344216466
1035006890
-1636380014
-1778060815
-788789748
-731078184
-673637017
-1740664595
1726748313
-375055063
1293327840
-1052987396
1787637856
-1158112981
-1639811320
-1948617021
-1753706130
-510309208
614544508
-383728249
20522786
1135894587
2127124338
-1602299936
-2086171445
-1984122330
198258685
909369004
1555353743
11371363
279611022
-346897082
1965171342
1155424760
-1244603970
891327992
887214662
589489295
1115108426
-510643795
-1530905032
-667546811
-1313939619
-1416278293
-944137780
1346001345
902853909
523498495
1565240689
-1353122167
2063931199
-1445928839
-513739512
1113299856
-2090480027
-1835361830
-2140880766
-809401326
436425995
1344933771
-1662633273
143295396
-427240652
1861552657
1512733401
-922844538
-1253028309
-1625564801
-1301544135
-967140549
669503615
-625019093
-494382199
-742296229
-1804431794
799051428
1036152946
-799671897
-1086223930
178332131
-984906297
-1622887586
1974696937
-521814849
-2035218710
-504270130
203687311
1550412710
-865996434
29623597
-961647439
1604512138
2054362621
-211282519
906521060
285391128
-1847293060
-570324035
1123928610
-358802129
875081836
-417858875
-1134696240
2006361231
-1311809901
353433300
-1195883013
-551469871
675165403
-549821755
2136325349
-1220345706
227089273
1222839183
917511872
1736389891
1158440529
-1911479074
-1836960327
-401790356
362559896
-1991542050
-1264159689
483390542
-1590487877
1004760409
2056967268
-688051069
2017699711
-1032124413
1508158443
-1936706128
510678376
-1889285100
-1879607293
-1534414591
95226719
-383254761
-487725651
1507466008
-1107932274
1582928642
529832505
1741014082
353538958
1843329925
1262125069
558340075
1099006148
-307788634
-1934451799
602236756
940463879
1983250061
-869290779
1573366658
447860102
285856412
627187837
-1457130887
-1815525911
-1210329662
1992627663
1274047402
-1738026571
-1943704559
-1802535710
1830897577
-907564556
-1765944947
696946858
815259426
-1205273324
-272458682
-597741175
34264333
-178964721
1421724584
1761600537
1992140832
-3397684
-280168176
-1947371480
-1753651323
-514675772
-1229816413
-1401906173
-804290867
1240513256
-739073701
1942151159
-626471645
1265041858
2141988706
96857620
-493716540
2114087130
1140640674
1955592756
-1621276754
-1290391974
-2001238628
-1493127621
356201111
-1026853387
238789753
604116639
-170733792
-192974077
144250974
-1404218582
-1132553142
-656961296
178224388
-339537922
-1251859416
-1387971113
-734348921
-1109128486
1059443158
-265733271
1784236413
-151639910
247837353
895523347
-37387447
-1859723516
-890333529
2063843936
52195249
-1161562431
1814578233
-943574885
1034028718
212855208
-675106017
902547128
979101059
650600770
-1066958173
1357043827
-36122095
-683566710
126885649
-633317959
916234088
-1838306316
1781811813
1000716103
-1249032287
1707804336
-401867706
-1165061743
-432582934
1285264431
-84226765
2133717476
2139931617
821188325
-1159044869
-821958194
1008955686
1261010257
-2068020110
579464381
2083263531
-1764281798
-1336610207
-1756175387
-1129992883
-670520006
-1924795458
1700142183
-1678951128
301942656
-290828516
-1898548305
352027430
1109629136
1751792484
-1095145955
-442003111
-627121970
1506822597
-653270042
39733643
-2008334212
-2043774231
-295890884
673978258
-1146124287
1268970344
979848877
1039629543
-1396466516
890176385
1833059016
1285570937
-511263945
1447720455
1728488965
2090884543
-532604337
1942510232
-1500047386
738783756
-1411468973
-1199456491
807357529
-762912986
-76994724
-1320285107
-2098381728
-541076456
428027517
1662515707
505036019
-200153786
-836251829
-992391694
-93052892
30212290
940861599
1312217750
-1804286844
-560016418
-1536399462
-80121714
-1793542459
928970242
512883688
1681373111
-1303656032
1827826879
2051145
-774888613
-106117128
-1394942685
1570762573
1997632930
-1059609281
1014431310
-261968802
-622623160
-277360615
-532733627
2092419331
-1935064945
660245310
295821830
-1636800926
1378880631
2144563364
869422555
263697159
1301288749
-1975287076
-1692775693
-1599671069
467939008
934637756
1213754670
746696598
-1997069030
-242749635
209413175
1687644912
1131408941
-481735257
189284055
-1935876683
-1880822420
-1871337493
-1966358648
-1993965408
-1831721348
2147179343
-1162125751
1930087850
-1594538709
260022608
-838593616
1376956299
-2041728864
-1953008445
-569228987
-2101156480
-1121051180
113714492
-1405138164
1987141455
-1280289472
1230847156
1468446307
243651976
95625176
-1369203867
2087576078
1811227148
-1214935241
271314424
1076276112
251337939
828511514
-1481973278
1604752828
-116457239
-565240302
925350923
888226954
-666198600
-1063115915
687617456
-1989254610
1211947149
157116565
-1065696375
420495718
-593214892
1425004340
-1009800403
-1869491949
-283720282
-979259594
1947437749
375895307
1164423429
-118489704
1930180256
-1419143123
1542300006
565448353
-1232924170
-755627083
-253882129
890457942
-1645853521
2074380240
-452162048
-1761127886
173831252
1723752818
1857543799
-2079003882
1103684326
-1225733785
1156551472
1136957054
-726132737
-1690883928
-373239862
433954805
-2079623113
-1960940049
-1493087568
-964117558
-1346605367
1651974285
-1988376233
-157939708
-2106192523
362105979
-2001625916
1215146130
1347307175
1100651438
-1164385711
-286166330
1473652184
-1489489746
-1695052625
-1526113276
-968185293
-1625614743
-109610706
-1443127370
-265934980
-686859964
-2138041029
726454402
-1460907731
-2095899278
774264874
-1812772673
1980322785
-1756084599
-1114893002
627879460
-1824612107
1554547794
1704192453
1828420802
-643936148
-1715939104
1828670447
826133812
784350483
-854135837
-1210024639
1772997140
787103461
1359200061
1508009405
1974438064
-325638224
1309972693
2013567781
-757647107
1751016952
-950258261
-394651528
-313663285
2012770842
-963929555
1564305852
-1326836167
1077569972
1373574088
-707440642
1358261612
-559579836
-975093823
854663575
1458474363
-104000498
-480826556
859073200
-1457315667
1721813571
725999805
-1073901049
-1879305242
30780767
1630729830
728466930
797563229
175921874
1942417952
44217764
-913988974
1535632610
-418277753
277994158
-170408577
-1612471857
-954372800
-1837410615
-738017011
905201975
1451303572
-393205294
-1177185079
-1102904388
544376386
-164248555
-1161863209
-69775133
-372750960
794835149
1783200550
-1783699649
-1651199325
-16870165
-1025735964
-1374620978
-1042993904
-837853674
591921972
141317538
341245874
-942703117
-657736674
1598475971
-1867790403
1440095653
-740511545
-2084754605
-1961576173
-887868009
-1831897631
896722419
-1829940267
1725355384
1379169124
1188157541
378756925
-1655215993
1984564605
1818289010
72564139
-900367856
1588848839
16953614
-323162627
1072283189
1558560184
1918629049
473386531
813327089
-106729635
-223162841
820802289
-1430983334
-1377871543
1586442786
1753426231
-1309530331
2052786378
108953007
466023438
548200559
-1627531938
-1361406096
245439604
771525050
169348197
-1432927416
-1512397285
512813621
-671046633
1897827396
323501437
1572632127
2145823159
-1938855752
-914459853
938412589
-1567695096
-1170211671
1262344327
-35975861
508115712
-1156112790
-978595513
43729185
1206993339
-1821965943
6696668
-1076903690
1585932210
518859755
-1999837030
1158477209
1562440748
1413093685
-1480686248
-866156194
-925952268
-1484443539
-1883698621
-128685977
-2064308917
-1223168031
1041924847
-2128283356
-745459168
182809415
307852974
1385838876
-1619430018
-762202075
46063397
-1154229780
-406571195
1937654898
1286632475
-77923696
1958162716
-1985473667
1345544340
1898526945
-218719323
75296014
272413982
-1093609634
-1468310797
-225670454
1155935082
-1757742290
1666907704
-1369690149
-1896673507
-1841478043
736331458
-1444309296
-965058584
1209553542
87566888
1741969857
2118680790
2131021640
1891337152
116603062
735840484
-173192803
-60364461
-2121473464
1174833366
382656239
1509283603
-1430117752
-2089592248
-182755156
-3692851
1966185504
-337392638
1729866756
1137247834
-205819976
-65978480
293157361
265937243
1120761243
-769979374
-16635017
-2059685340
1946611097
1886337616
-248818131
484404728
697092398
746221073
2114458875
2083094647
-1470762013
1985777836
31973668
1949665876
1263091188
1151668447
1329985414
-1945446582
-763572942
-1678586913
1337429536
1473101648
-1803470806
1132524463
-1471586859
1997104906
161525639
-1368684875
595952751
-705653885
345823668
990588041
-1620639003
539723033
1207715013
-9335792
-2045748256
-759951944
-861760873
-1727238455
829363835
346052170
2088551221
-1626913434
-867292854
936380270
-591576707
6807966
1526043038
829868391
1824101891
1767668033
580229894
1790594902
-483007436
-1006745972
-39806185
1514758571
-2113366594
-1725081154
-1541528208
2083822553
1371723823
-480284694
640613368
2091438409
1924190428
1216668431
-324452503
-4829808
2018421507
1992558437
1814602770
189752291
377349171
-352548359
979807960
475791818
110656236
-318135173
-1872019843
-1285080813
-1674189951
1439906390
644212004
877065481
-800069819
1537946369
872732180
1299009253
-1011625498
1534436757
-1306104900
1922446725
-1316056813
1710205342
2098104822
-226796453
-1230460315
1498538293
-384212849
-1419532889
-1949226117
-305590194
-1015459321
-1375568920
-1740310425
1477465421
-1658453356
1013894799
1976704072
-702687521
-335621268
2067834358
-364052425
-2020869369
-712815036
140477071
1659350118
-1686733961
-341293805
486210400
1952020358
-249304287
1601743387
969559982
-1194866583
1833533708
178086953
-448339976
1883688425
876625003
-1864916198
912310823
-2066525945
-1084246550
-517113695
-1301551870
1561658710
35926603
-1270826680
234321639
1145764762
707121
-1237030476
1026065335
-4580693
-681067716
-947569620
-1135870446
2098184863
1026045525
-625089956
1407428548
-945226201
582106954
750270293
-944468610
-1227823559
120222108
-649558569
-980088376
51321839
-1584349545
-1363120430
572752694
-1094091602
-828213085
-691325910
-1905370663
218789002
1031880666
-1031967814
-1255622664
-2106617111
1308861402
1266572956
1334786560
-430291610
479039195
1037146278
-1394957896
934730999
1318833667
1361800246
978192568
2001486161
-368096520
-702321102
1758545435
-70715766
1023003319
524561994
1591704435
266885376
-1787345500
-1742229632
-174260995
-1957350535
-1908658975
-238787351
-1117320939
-1717759093
-432918302
856078004
342033131
970588222
-318612159
-2079370389
-1883626377
1408136943
1292148174
1630458233
562682794
-678833546
-2114322198
2101044459
23086821
-471236469
1282951956
-244994694
-1633712978
-944920219
1900195780
-1484922679
-224802143
-195154525
-1422605449
-219491094
-1092388957
598154863
-752747765
-1867993306
1920439646
-1558047776
1683835980
1337801469
421428456
1760822688
63030222
1038888299
1397592773
2111670734
-212982788
-1336551316
-1934471665
-623534555
586342769
-246476094
-1677066509
-551198883
693309574
-597075979
2064320607
1920815825
36575275
-1685166949
-1606713095
316876385
892419578
-326970663
-1310953646
-220132711
-1941086327
2035776297
936383835
-951186670
-442602241
-2004247203
-975896809
2006518040
-407406359
-2029120029
-422131566
-168412019
2030006606
528753481
682675985
-1603707124
821548544
-359628797
-993115766
-1633360559
2114453556
2099893356
-120175530
1297672919
-1325609132
783009034
-1706419164
1678947266
1645596436
1645617430
1676055600
-1183323905
-545903933
808580410
-84339787
1488384681
1264648675
-877754724
2028738208
-1531439954
1460531707
-387679718
425065861
271659442
-967054934
1762503639
1913678038
662198322
511023359
-660309258
-1332898990
1477410284
-1629744376
1384484261
-788242502
-1129968258
1317106856
-1449438883
-1469903414
-789370291
-152656723
2039135079
612616807
160812712
718045474
-800256607
102600468
-11130836
1312427488
1864016770
-258014038
-319433111
933132395
1422330714
1422417224
1366486981
-1225849606
250539998
-21735033
1752952992
-1257359145
-1503881756
-296751886
101775545
-456469015
1443885674
1296250293
187759311
748321678
1470340316
1984281491
-700988789
505217198
731390357
-217896419
-1669598052
1806883597
-459048794
1716845088
-1039504093
1447176159
716874967
-1947681186
-363945902
1525361057
828882666
-1011742847
1733157199
-484028634
-1923157722
838996812
-954879139
-1630332945
1130964755
-200361197
-698644163
1348495808
786658689
-1756015251
1984861906
-726914193
-729907505
803045159
-259876605
-876529410
1054431081
-1859453061
14989284
-1971845908
-1035489646
1055734657
-115742952
-2005959993
-1546961053
1215163620
750282864
-954665211
155504146
61345753
683955415
1055614996
1046558071
1309359181
485576562
343862448
-284473140
-662774179
-1062615293
-1584168077
896765364
92013067
-218207858
-2095407182
994775678
-364141011
1369878078
914667398
870245546
853723816
577083784
185671463
-476714069
-1984647714
-1447813232
-1997552255
153824238
-43586204
-1950037812
82421248
1511699994
-455442952
537558247
222167982
1851246233
1639427761
-576284697
816824704
-1010378409
-1176851592
-960451183
1688169452
-933317175
-471780682
739024651
-406599745
-1233144015
1508995663
1592387267
-438568404
-1572809441
1256013774
701578895
-1563189721
-999935942
-1002168352
-898366442
1921145587
1085089600
1401540870
-247267475
-222965766
89536587
-1231139450
491286532
-1462900260
563425877
-1813022558
-744782909
1746990281
68451069
1370221324
1567726703
1943928851
1916824714
989958808
959711058
-1418107138
-254013392
1434065203
2017921819
-719809830
-2035238766
-196983021
916025346
858737236
-1086439288
172545071
-253630929
-2100157944
627700257
-101425935
484568668
-1670978983
-511288853
-1594397142
1381771448
-1584073084
183405169
1271192646
-169464306
-1494927117
-1475111932
899013056
2124175142
1856090319
1619211454
320241879
-1891625365
981144792
-413465405
-1511734142
-2001745970
730015608
34317002
2035874976
1899043561
-1452785644
1803789531
483295603
-403342490
-70281819
1460818266
-1743386033
-523101279
-1737417081
-322018237
-1960655986
2006680971
-1351542384
860710070
-1247916090
-684796462
-1834970012
-1405333834
1159669821
-466549442
-1525710072
-1422748371
-1266675555
-1456544674
1408253108
-1675313101
-1550937629
-548491933
158691820
158083983
1999745181
-160542645
1129377745
-55727747
-695643564
-1349001919
-1173699404
440470961
-57014714
1466413379
1775081963
-1604852581
253764952
2039892229
-104966424
-767436051
627080522
764534292
1908564358
-1592682151
-998507732
-332254658
-117895258
-305325921
1697581328
-363647695
-563995142
713077190
540840704
-775344030
-361480160
-2026082647
508553010
468469040
-1190912526
578248372
-1927289479
1696958792
872988
-909315089
156316159
-1849918134
1727282670
-456872900
-96706767
802691500
871417458
-678130980
-711441671
-209596961
935284417
-70048201
-1537742030
-1514746449
867599250
-1323938340
588178776
964055279
-2127180781
-1144550203
505793919
-1484674732
474575867
1833438176
273963142
-1922215263
-878779680
-367945526
-545960564
-1796185852
-155945787
1494930653
-602135903
1062334912
-1512716298
664850540
-627363648
-1666547189
254710808
-1512532404
-2086358275
-1582739400
910909051
-1473287273
1990198522
-2031342823
1358995379
636012460
-613428065
-721792098
-2094649754
-581613447
-738378999
1306088641
-887225498
936257276
1520890051
-1019415130
-1191531775
542437382
1894977843
1958849021
1653274520
1735361857
-1261100714
-827120470
1825950062
299149941
432098735
903278760
-2132148287
2113774342
1759581052
30225450
-208410850
1526047680
-1874015957
1276641794
1053473009
-1324868393
-1620002293
-537141946
1841168475
-1216667608
2113653062
1433555760
580122696
1637050309
237031439
1368510278
342308543
-1259093840
299051799
-2024010310
237189500
1682038245
406465348
-2028548077
-1463507013
1595332509
605969828
-1234651124
1585143126
467786449
281992863
447638715
-1518759150
633851132
-668193684
2140827125
-1843611596
-940382171
1432956102
678705648
-170798757
-1519283428
2078955998
-1200510678
65040521
1223948803
-206157165
-1863342966
-2073781630
-1632883952
-731248160
687708612
1769024857
1150073744
-1344867947
453071361
-405169081
1449015598
496434249
-110162242
-843377474
65268596
-1941978482
-1259597581
-775266115
-875779694
-1028941978
720367224
-1326638491
-1632319394
1733523446
-1503962716
-1460009780
-1370856292
1009500793
-373211337
-790258159
99978622
-568268682
529096313
-446873935
-1065741459
-1888448459
-2065580126
-568042985
1226899209
1726929263
870755452
1504490617
1666446447
-1559316156
1572802374
177971681
24446649
-2122342031
-119186468
-1820614007
1466023882
-90052927
817063700
-251989908
649617482
-298411324
868864105
-536030695
1591909359
1942408382
-1387142690
-867383607
-1319545346
411657698
-1146942948
1365237684
1338581521
1296962751
1942181085
1493293727
1442286874
1147599866
1993115021
1412485561
1355117223
418519101
850769966
29594791
1454039655
-1719758481
-1516524421
82050781
1892506092
924412709
-811589808
732421935
-560376142
-628078505
-31795640
1989690535
-2066447265
594556502
962412967
-1902099304
-1666315444
1915859709
-151791494
-1931899405
1000784707
677536295
-1017212163
-2009178664
1518554762
-2119162272
-2115229892
-575821456
-1542037216
113283294
-1376130052
1076334841
