132202416
-452093877
1058644578
-466354953
1968599947
-101618626
-1595095162
-92594601
536772149
-980582823
1256305359
221840003
210214773
935716646
-1433413573
-21714276
349556103
-1930108879
-498136075
-2085971725
1338916895
-30765897
1084337915
-1093850402
1059202990
1272191389
2097316353
839924687
796333283
-509581149
1577206421
698574242
-1070607244
-1389905191
2092922499
-824217035
1392558877
-817951151
629475706
-660549059
-861479448
423043861
1929552110
-875418281
-1211559249
114449243
1801177664
-1081647267
1702859999
1253829367
981034780
-46500101
-59426178
1895696912
1708850211
-725513855
-1269619346
-392421610
-1445214775
-575836166
1869036786
2119242739
-516311169
1110360444
-193315983
-171881856
334154003
-1012949311
-1361947526
-1351424966
1680815703
-207215882
-827607288
-808038092
-1097493247
-1211331117
692088838
30693967
-846207791
94993131
1359835412
83237545
-108593671
-595346876
362463115
-1081172909
357302712
-1409114582
971575230
2140474438
-2103594681
2134168127
-1979232125
-1671841386
91344633
-1522200617
527887089
1731154919
1964043677
-19577982
825080426
-1664803552
-233483738
896399337
460390619
-1685716385
373541773
-1426515491
-1112220862
1822764
-1321229066
-283350611
90176112
-545982992
1904809489
-1598476873
-1542740976
1218350247
1447548355
1209793089
-220971033
-1616145196
-631655676
1942004361
-758188708
-1996644427
2117556234
322676506
-1459806917
-1059956808
448764839
589018464
442403765
1362926637
1293681903
2125139070
-414189909
132588604
1240950045
1923210079
-1267532757
-261497576
-1771459658
592964619
-147747526
2128246644
92952814
1125462075
-456736557
1137956918
214774347
117834542
-1194110161
-1363713942
224599432
-330222403
-64727737
-140099464
-1072478789
807088557
2042024087
-1478473063
295628473
-299705020
527131427
-266798969
-1576756551
-1889931234
1032394686
-1742038925
-685939145
-2052853696
341769865
-1919232708
1163509274
-1862003091
-968341062
501419485
-1240411112
-701254472
-28380514
-1583206362
-1943505575
-1675627942
-1796920608
-1643836754
-602855590
1583804613
1693326859
890063367
-2056474860
601468408
1339213644
-1557228237
-1452054948
1653159957
401071996
-1271104169
1267663756
-1271200208
2033592158
-1306839890
-135809181
-813069719
-2113498588
-1336917824
1342883113
-1867296452
581440568
263166930
379582742
-630439401
-956491208
674560416
580231412
271177004
1488645185
-1411374263
-830412029
1234981512
-1759149713
929472138
1818939164
-543920540
1421248420
-1006889938
-819993064
-424290629
-54090871
462825925
-1969499278
-1186167268
524037330
-702037357
2072978730
279179200
-2035094843
-1113924661
-326578708
-325297953
851743996
789542909
742038897
-953420994
475143273
1297698252
501373733
1178504460
-651558758
-1306710557
-1588107510
-767563281
2003318077
193614888
769066203
-2016798376
1940937702
2075858994
-1884834444
-659399138
-1205119472
260813049
-145866128
-1589347510
-1724026015
-1536360500
-409640940
1394965040
-931479502
-1297836409
-1470953109
1297366462
-88917938
-1161138940
-1260062031
1229944600
1263067640
1298659793
-921702924
-2050109597
1235096882
-2119982557
998473208
-1326556448
-1517653188
522106123
-318844069
-2087409347
-240561573
517694951
1144029177
386205479
1178378715
-1973192166
724446353
-1576352477
1368099413
784309759
1644625064
-180643938
-1286320587
1297782042
1958595757
-1953995710
1146957430
518699408
1478930013
-1233317750
162027439
-13664551
-487241880
-1986648680
948640595
-889721933
-1392511404
-148087483
-1909917388
-406700199
546693537
-1327272838
-975749815
-1802226188
-419146450
-24469827
-1493813840
967745617
608834011
-432859378
-1340521227
397820629
-457346194
-936850956
321344660
-770232403
-1940614982
1723368658
-2001638468
721883209
1082964477
897488510
-2141884843
-455208438
232847754
-1818301165
-1394653116
331704889
-1231717721
687914246
-1388640019
1731568955
-1801979208
1035273591
862892793
-1280428798
294889628
1565558217
553305177
-1649216825
-514255274
-1820919692
2020391561
-21788683
966861040
-1000429799
517936921
-297012632
-1321471333
552643542
1507240040
898406358
-1641315557
463172571
-425387342
-101999475
-1204077983
103962429
-462088883
963146078
1520212345
730749450
-2119931857
210095321
86707622
-1504613732
609553843
-867335239
595022282
-630279886
1432749212
634713250
-1227030005
-1775254340
143738457
-1192232183
1072383411
-761800459
1954307466
942382450
1150530392
2139306423
-832741181
-1408701727
-1843342532
-17651830
783177103
-1107051638
-30940170
30894461
864370614
7882954
-155204271
-2001852359
-1312333630
1916129370
-763286157
1485039186
-992842816
-558123327
309496897
1390520800
-1533103805
-905847542
-582729470
-1311724722
-116815955
-679207497
-93845950
703733105
-2044234831
-883677963
-1227311112
-1329405220
1836176659
-1871439856
51763179
-36387727
1117526962
-51396568
69760080
-2008285893
-2061973305
827403301
1723684024
-2021052549
-518602641
2036923880
1304072488
2077562624
-532435098
-13510974
1668609929
-1419473733
1680378132
-1592158423
-1207180478
1449176978
-1648270898
-93166168
-424121565
-1022867852
-129881771
-2106019561
-783873660
-1766019155
470682017
1668981260
-624876883
-1155665542
1392471524
-746541167
1253969272
-1535197216
-59050551
-1046590698
-1339456971
-1707963463
-1230513924
1108137897
516395981
1589964558
2127331054
1721917539
-862152919
-1756689748
1702252249
-195509723
1440849108
-1158371087
-402654206
1890663556
496263390
1611413990
1887031869
1309384193
1480316163
-151913326
-1960065354
-70811779
745056525
-1886393971
-1239330579
1903772395
2064348534
394867411
933974018
-1964783289
-1221563311
-1606325030
-1799061454
-2147281978
1128969321
151303397
1141458081
-1333574578
3658410
-732206950
1304152409
1338159399
-1446656577
-1121369390
693748114
-1523253261
-1140017156
-1444875856
1440302643
669547483
-2036896898
252869108
-1493788520
-900850933
-1000094575
1881930640
-665530986
410511199
746002001
178891644
-1295014725
235454046
2086147475
2120947398
-2122510374
-1387553690
645568005
1924203244
247541446
-979900631
549942675
1537769325
1052754780
260795223
-47359476
94174365
933388742
-654704228
365765893
-499876935
31121662
603852493
-501267971
246819898
-2030186607
194270045
-1600310591
160238189
-1119293275
-673137131
592248338
1178424131
-861534915
-1008650748
1665295492
-1961041563
-1069914694
-1725001805
1375993768
-527710325
1503145892
-205839971
1577103213
124501006
1353583530
-360600611
455342530
-244700741
1910427623
-1441888471
811483264
-1432749591
-495287706
502812414
-387976825
-166237235
1600552936
1711045404
-770370266
-1874752244
-1839543580
-2050515915
-2006917440
1840916369
-336148786
2058891233
40838059
1343633568
-1672485988
-731496492
938204251
-449428181
-591331963
-1297530799
986649535
769597284
1558803723
-109518367
-1267865366
-1063194221
641155899
-409155008
124225270
1621336616
222793267
-2081789800
395261733
1506600212
-216170011
1963940081
1197666632
-970617261
-773361383
1960446694
-1716515228
-1062667827
1174831800
1088003996
-67239535
553819230
-460492986
2051617520
-1787741403
-2023026125
-256961872
-1781922833
-61433326
-1323876777
-1713514937
-1145884534
2091519884
-1983819891
-655804660
854915210
435247342
-1896038817
-1015616467
-1107772479
-923929634
-1954310025
118059471
-1043978366
3649710
-1262703316
2006842382
1732855634
1409517317
-526422177
-972548543
1545366750
1601212606
118726792
-1747881342
-688643280
-286306545
221780235
835235181
-352673507
-1040867859
64831952
-2016277978
-1739886846
-2139883089
1916080914
-331781472
-308857937
-1062798607
-209474442
1727334429
-1291658078
1848257723
-1481057698
1446817776
-1479240329
702521569
-1668539265
-976123766
1052000927
-1785600340
473563568
-1785814349
-831753392
342640569
-2120553211
1117444887
1785986748
-1530958047
-331835364
-451358717
-2041069436
-968433958
-1551309130
-1363546255
1553934447
881186652
-1412833400
694542657
-197291690
-854026873
-1704731053
1618465225
-364014749
-1606350141
141841202
-2027462513
-1477261958
-1530629272
-1720409294
466302804
-384720394
966881120
-1089077721
-973107883
-413891944
-830701301
-1683735107
-1919214900
-923801669
555423330
1590632909
-1644085060
990346956
1227063390
-2032501263
-1391957778
934845434
-1109754726
-1221907366
-1432886730
-1494869207
-235064009
-1909466656
1989197050
-903029717
-1973363969
-1660813478
-1580635148
-1490596303
1928281548
2081201199
1562127670
177847935
-1389754582
-422869459
-1694204050
1653104223
164920123
-695246184
2101880683
-674024361
-1627528229
509582470
-1528002081
-2130482019
-1566242301
30731370
394354022
-1296515894
-221290126
1801209069
-1512703801
-1109602610
1953811081
-1661257468
364822904
1940776740
759893622
-1498665154
-2031845785
-1693369787
-1886750315
1475999325
1777308407
-458185375
2088187922
1558679336
-167942584
-1821458868
-1861134126
1772765055
-496076101
-403214666
168270483
-1031191889
-1627391564
-941453665
-14194863
-1634227449
-1442072670
641806857
-1790533141
1110591659
-1728711620
1808113134
-1505089018
-1300977241
159406860
-1153361804
-71943631
1517651783
-399636432
590481502
-1352399798
1196176549
677156191
-103802938
1506422815
-169483646
1651667754
497765897
201072727
1456131161
2076381828
751719681
2002657683
1163961009
-154295676
-157065863
1145759695
1798882995
1233348200
752768733
1170800142
1775119099
1452206044
1285975601
-1456141258
1191177650
644188540
-1100740540
1336940344
-405602340
1098988951
-1892177116
1785667443
-489263634
-1632082634
-294548780
486261082
-181723741
1132862300
-1163350724
390839379
-739699441
1215656078
277600608
-1215331358
749313779
-2046403947
-1737112108
-1628029178
1017045075
1451973762
-1838073233
-1347954205
454472518
1944791793
-1578034881
-82047584
1674566412
1696714898
-1773436228
956269202
1684399461
1393628901
-767129281
1313239193
-276214496
-1628948668
653797300
1008624074
-167857679
-1570301914
-1943900274
1701247822
-1984349817
-1950246239
-447733253
-2123108215
-669946402
2866224
914696281
978879614
1717251281
-782266186
1083809767
1847541105
-1254982414
-1745200958
1535995071
1263972045
-1140827234
-291620844
-1483896829
612793672
481679435
-1667608480
-482116266
1504575812
-1060302557
-2102180783
-1566913650
1025518456
-645602090
499279568
2075073703
1747357647
658861483
25303685
1934723322
-1240483185
1953012185
-1639832163
1589795245
-1611975746
1736668436
-827916850
-1474298259
712496320
503445353
725831832
1843604058
418337860
1521511758
-1727312948
248204355
-593220511
-907358987
1502964305
169727507
1628782331
-807695136
2031405349
-1823602806
-1603478421
968413113
2050312354
659173423
60231775
-897058461
-1010696702
-469328764
1031100669
333250892
-1954367195
-676486533
1081355342
210507268
-1119509871
660570409
1932062681
-409377261
-388614727
-186382408
-1713027442
1713119750
1441995649
-1436862558
1654053094
747047883
2120788225
-1709615588
-602342585
135931710
-460454263
850272463
-997206356
-513384445
1405043428
-622978611
-910493819
-1106954091
1632556769
-1974460734
-56138021
1798559391
-1827840754
-2128560279
-1509445193
-2044591990
-47283770
-307230910
-872774972
-1162157993
-801214610
-1542082943
1802416691
2008457133
290142971
1089660489
551415774
-1943981771
916067510
-1726467046
-1677366352
1215552293
1249395011
1407783046
1121329219
-920365285
1882463967
382614826
1061987274
191208235
-1521829144
128124380
1685758768
-1274830789
-1902462046
1645797665
-821400703
-184239731
1194697271
-607116319
1999054217
-2041556579
-126572289
60537949
-1959090246
155459628
-2121874942
1162946656
-157547950
-1675743844
1677818298
-739960140
-346543684
-1716308098
1398194716
849904599
1156604727
424561257
850258393
595653103
-1451206731
1661969677
-1883356192
1311931386
427290885
871250055
372130599
1669377097
842229043
-354395659
1709313707
-514908626
2004751406
-203065011
-1009725003
-96353548
431168427
1995698538
1755860062
-1226309105
-1678195382
1164658023
-1627756460
-545445740
-1774046474
-1713610960
1546180061
-17048598
1402269072
-1325489323
-1342245605
837387202
-456771121
-658379231
-13987950
1695556
884889441
-388313621
-255318553
939145610
-343011754
1613205163
-1086335510
1459024209
1267019454
-1591612720
-184804138
612714477
1698621072
377124175
-967575082
-1618564227
-545058355
-717745921
932590795
-2024148896
1546250468
-1668871901
414960972
-1505612313
505524568
-1308057784
-467413522
-1995296181
-997436257
-181591471
-1961148476
-1417231903
-1645936307
-634395952
-971548119
-257354357
-1837352335
-1628596074
800197308
-701084558
-509937345
-1639772788
618856876
2023736561
-1098660626
-483712572
2061594165
-1375498028
1016259811
280001738
-1211238551
683374785
1244467471
3702848
-956498637
1494500086
-1153547116
-1846390871
-2001377896
1084633396
2080413358
-1668415100
263748160
1675815418
-35832368
-1894953571
-1859413451
-1090764554
951591181
-1564455778
-1245395991
227185336
1159240633
-1315562260
430390141
-1215256664
-1784129712
1058177200
-613560000
1843810874
1252745109
-1380529869
1723108469
2062695519
2124600574
951952238
1934343768
1311676478
-495066801
804166113
207274339
142321699
-1882008956
1246191523
1784211661
939413943
-892043277
696662202
1411867730
1668821105
307649970
1837241260
1862212665
300538700
-2072780235
-537778091
2123483539
723997114
1620451900
1225797627
-1225929024
-1676557352
-2049128725
-1331852641
1286116407
1151936994
-711081414
243590549
-842306171
1113284328
-1627298417
1876375382
725306005
2099098305
-789135704
561783957
-418137806
87631680
-317301058
-1495588209
-1930298678
-914305882
1187508199
-784078169
1706373749
-1389563562
1348549819
-1171123407
2097475380
822941903
-902066630
1206968717
1279235709
409857493
-265911315
786540920
948335351
2117051377
-26359222
-1829220962
280324993
895253532
-82226340
-634997390
-1469012360
-1990827850
-530188893
1386826818
-548233927
665701565
2096010552
-994845307
-353803292
1344500282
1792817972
790585975
-1344657053
695817214
-738869422
-273771289
-1234291798
315573902
-1429346349
-1433904305
-1321411521
-191755173
198779809
-152804827
1171935485
1623425334
2049065655
1238857328
2007702804
-472545022
619172031
-1057852003
-1468481965
1421391274
-1142819332
1447028370
157534889
-2024089515
428540522
190418947
-980129304
1071706584
599983907
-1424973819
1590831052
430650988
1170809347
-1514653472
523788860
-1427564384
1225482127
483096360
718067663
527339408
-1359456494
-1666890482
1678908049
-488960937
51111176
126979827
-939005178
2117456577
-1945983040
1776594238
749191022
1059760453
-743038404
2084509550
-116655286
-2108877774
1490921819
2096149618
-732652770
-310931417
1930329913
1422941239
-1069262727
-1631617081
-1307066154
336682627
985500210
1456324781
1685916149
837427969
-168409869
771169182
798815046
1803302556
1588559867
560923645
-583086394
77552143
1781744159
480402051
2014660198
-1120508483
798628625
1768892206
695845098
1355683517
1360555236
868843130
-797003500
1773345081
-1491580465
162334158
733295361
-978459656
1877797424
-1438790855
2112134098
-429377224
943259348
-1242405795
-2001150067
594108608
32596853
-1060337493
1767305541
-1126994122
-428214909
910465744
-1877704327
-1512231251
-1812819161
1876940142
-1736261958
-106333054
-492403068
1253052175
-137233265
1440100456
636543295
-1737012906
932078748
-383131456
1611435073
-1642561673
269751808
-1284958163
-1167126597
-1113430040
588994303
-489631641
1891194730
-1244127912
698596577
624772688
456783643
115794656
462384665
870415172
464565105
-80251017
-2001870168
2045048756
62608102
792505515
218613443
-310205707
-1940915441
-754436978
1664345011
-1851997099
287940131
260692717
563557116
2020049263
776944829
921476552
418414529
-133403200
-785973280
-1496819459
-1515046298
1430191993
-971870404
1796602181
145973878
-823984746
128010159
-583046556
552250055
1583561519
423409165
981709980
628440028
-345492467
-855311836
-1015349918
1734129802
881024639
-2018003462
-1693622444
-1280939811
1918715502
1981115736
-1192571543
-764432581
1027720623
161544587
-1178503831
1702505418
-1899565672
1325135209
-1185720928
1103901199
-1073711659
1657759122
929233358
1664120023
427476092
325066999
192582497
-5632934
978707293
14859680
-871374619
-1432339812
680130207
-1248131671
-1363502917
634884630
-85718904
-451987315
-1604695288
-1752931690
-2031927653
2002230438
811855600
-1424191390
1854655463
790045940
1767804676
1414347171
96875677
-1909313763
85575928
-757412351
1362540260
1529126324
-1130359655
1769503882
1927408873
-1893150019
496109053
1393433559
548469817
141905520
532086523
-1615728527
-1086790062
-1544620483
828572637
655226224
-984756618
722094096
253273940
-281113755
-1943779134
494271958
633946540
-1347243655
1632634495
-556931778
-1769674944
1165241558
-451906632
1329393603
160354863
1941979717
-1655629300
-1360937238
484586319
2134894103
1707924677
-1086771000
1518247521
-1917286839
-1793039832
134656199
-1265465978
368890594
1854488078
-1637199704
-1408403471
-1770575712
-1110134349
-1185878581
-1735714850
-1575124525
1339692237
778757806
1378024387
-1506209401
-1156957216
-627432269
2109271748
-2056655640
-1973522480
814775845
1714177131
-672045342
512150199
744731772
125580183
-992738809
1457589752
-1150512416
1474456757
-1794237258
2059290004
152760555
-45850834
1478802296
-1391539012
-608133709
1047454240
-770828883
99714982
1274115847
-694733745
-66860953
-400791900
909586679
1238861661
1317720981
1222739569
633049497
-770930119
-518273693
-101350962
2004100362
131901141
-577259551
-112146355
-1266242125
319350555
1767703778
-691073429
-1068641075
-1431128799
-1248275418
768420580
1457119014
826337946
-2103384133
1681323331
1682008612
591520655
-923579745
-1921254984
533886218
1011845199
338675114
-1074063827
1081358970
-1412070748
859389610
-69053286
-2054250950
1961431623
1659594191
612472472
-1445711046
1399141525
-659335863
-2048661964
1603804629
-462089343
1176504111
158105606
1898534487
887222220
1885980066
41020033
-1891561537
-1961297292
-2059536078
1621274251
-1003862331
1227936105
1393490304
-291207857
941931805
326996870
-1124219869
-115863726
-1025121027
767410110
-1821524529
-1976014652
1128169693
-623291498
-1196367436
569323288
2031352701
-858792750
389874467
514509782
55098412
-1559661965
1119946103
-1580328785
-1960903866
-1878406944
-1585762766
-1469206319
894819069
1942213986
228586853
-142572675
1324927068
-1463831339
28506197
-823231530
1154836617
120310172
2091512411
-1572777478
957126218
84755669
-439623668
896063830
-1367919670
-1655468339
-1027821416
-515547083
2111820955
-1143651658
508045687
-1279265638
-1717664770
963948951
42262593
-211705264
-1993069726
353706115
2131914461
-203948481
1146576170
451491341
-624671266
1625723648
1941735347
-684307718
-381894359
1160381106
-1442851691
-1154510280
252863194
1124790798
-256427993
759647247
1951619176
898371768
-518556344
-1182566251
-874926586
-847260968
1157568860
1296481639
539284556
-1553485847
149337237
-472550763
1519606806
-1744307504
-1184509325
15338206
-232649556
-1965512912
1139832461
-64271588
-108808158
1194102780
-1570168431
1451885825
-474516990
-999419059
677356168
-256685821
-260502489
1013520245
-2020263842
186598293
-1857946133
1233636691
1138935713
-65783401
-363914876
-412564504
757475465
-1317513202
729920427
1468670250
-861417160
-1966847209
288956798
724505624
1119510593
907268120
-945049434
-127806450
1567214446
-781142215
1779727804
189120857
1109931709
575146002
-864170776
202537742
-1497188436
-1212138075
1900398795
2118778391
-1714911050
-324874866
-453653602
-330751602
1412657436
435842681
165844635
-730659763
-1782029080
-1213541933
-1819403365
674054085
-7102162
1801307331
1714011392
-1712589809
-1672230763
460123227
992094164
-1544945344
-237255659
1915654410
-1366545358
1041957376
950758401
-109105835
886847460
-1666589859
-1669644984
768127942
-758622387
305133020
561487607
-429670364
1422844041
-1359055919
715947009
-163698717
517614802
1653864688
-555076286
1718984158
287048741
49207075
1182347201
-1941152445
-473850076
-2011908963
-176061643
399052749
1506501437
774242094
828411082
531784505
-1033782004
-823869224
-2105644508
-441843214
296926462
838576547
-1663983453
1228006158
-319137226
-87334227
123696361
-1918753411
51478451
944864900
1122743960
-1799034241
33441714
18717368
-1175255968
288416598
482478416
1467909802
473353272
2144503357
-112714637
1247445930
248679402
715071128
-1088260117
-1295846847
860231125
-1100206996
-84963885
1854210250
1549327854
2123941648
-501806531
-1040306361
-2089381113
836630308
-582920179
-392905615
1684375636
259406786
-406319067
1755402256
71021354
974892787
1973139138
-1365739891
1266630920
1784642916
33385253
-921189947
-22279717
-220945063
-567186059
-178019553
69689981
565391586
708419299
1864389344
255857534
2084069195
1358258191
-1478403907
2104522791
1801155032
-822709847
-2133816911
-1040905797
-1498017871
1043381083
1130794768
-198583552
620393755
-2103108378
591153884
-1958361091
943776233
-746214005
-610423465
-1640866300
320404273
726928811
620482521
-55853070
-1998384063
1046523569
31811811
-2017195339
-339701037
1813787951
1309273459
2006580750
1672077952
-1826989753
758969241
-490017385
-1607750798
1136126284
1773447754
1310998023
-265011106
1749799592
152533619
949547701
1685419952
635786495
1016735057
885264218
-395418617
-468204652
-1028590593
-427240934
661888995
662075627
501992528
619579845
-2059132772
795467952
96354014
241306713
-2010921835
791722967
-663625117
1416171979
1549013169
24052484
-627929018
-1416628474
-648621818
2145258284
-855026055
-1315328717
-538079024
1002950779
18100865
-830613189
1870929320
1513196408
227928533
1764976521
1373866485
1580725350
-1256549524
397023252
1206805154
-413017875
1285727889
1442989724
-1057092591
-288102407
34579193
1816294195
327449167
396023778
187344406
-541176066
404011144
-772846899
-319913555
-2040835780
-752356420
-1582754479
1665410982
-1172629368
1562115250
-213005475
-990281950
1930697818
2118350125
-612321448
732427987
696611539
-38855587
-1873240183
-591304569
1228582585
-1613042024
-1249772104
-179363324
-280946241
1843465289
-379941611
-967301349
1665126154
1904188456
-1130540455
-1851719433
-1026000400
1834884267
503611947
-288837963
797883650
-1093543749
-1447499324
1693158201
1259373900
-30903381
2143075797
506346559
983158234
-948256667
-1359350873
-970981712
-590178434
2004441062
-1300592508
-217783242
1848514768
1757913835
1708350293
302896658
-490837386
647056108
-1959756660
-393383636
-1579142235
324093513
-84142013
-443150485
-1269425433
-1635716157
-1190699355
-648113593
-2136735970
1951988013
-139522420
663798427
-805946168
791992674
-320108948
947739071
2011267972
1170568569
-774471826
677316566
-552861740
-78779081
1630459615
1821838179
-593961693
1793692356
1057294795
576925218
-1472502774
-879696478
1497450213
-768197867
-1285080882
1535035610
543046313
-740736548
392658477
234252407
1874983364
-351454391
-1870733223
-511868360
-1076843085
-1077288141
-808530876
1705379200
1332406185
699390858
-723232994
1505574545
21216693
-518951764
1353554459
-798621447
-1046931932
-1705609482
646088313
-91847349
479905059
1068853660
-1860667967
-1387663854
-747413335
1652839101
1625815628
511748099
1873800851
-436052815
469808136
-542500495
821154063
-1297396571
1690250620
900027653
-106392258
673961578
563414281
-525483091
-1152940011
1311168905
475260530
-920389164
457520515
241752986
-1485825891
-789435436
-831441448
1059607509
-1011375206
-228657752
1242492261
-154756119
-45657372
-2095552026
-1612045729
-1519478260
56039399
-1066624021
2122616072
824932435
-536112958
121903447
-1630943728
-807207613
-1273841843
1254491835
1202272055
1833195943
1101921373
1993659281
-1010044361
-92962909
875320134
-1693599380
-1734962719
1331058441
2147152289
-1629193616
1308985734
449995498
211535694
722998019
-1762359656
1714334832
-247663940
-1353428284
2135410831
533399275
1184675175
1872728251
-344419567
162201896
295283874
1131605714
-1988878772
-393471991
965169814
-884023164
1473161638
1586757202
1213926282
-259725101
71472280
33230272
-918142108
1359659903
-1618107945
-641452705
815161198
96103796
-247674700
-371918563
100370525
-274349949
605632708
567629465
-1931243377
1348179541
-1980795965
812163904
-576292204
-60316004
-309091915
466466715
-1844026384
-2043308918
-762018995
1392901089
417126430
-1793925242
1027647123
1149774291
19648470
1871883037
834126272
-1837312055
736682130
-44985802
805066860
902832391
-1663213490
155646345
462950122
1514471252
2111734160
-290155182
1772572658
1533815245
-477320281
-1633937855
910633089
103386358
-1485204682
-844222028
1017806332
1771089937
-1703356684
1243969831
969540251
-175006798
-740875092
-650988310
1123322884
460658067
-1552930165
1674032661
901492790
-457161308
-581183334
-1243032647
-401421144
503650406
-898648440
561809240
-734733391
1973809785
-111586899
689167510
-163070934
-806844045
-1260189877
396208175
-1476800687
-1424165390
-985354474
1923201579
-759099152
-1386523916
-529143307
1421901648
-1842278978
-626295195
1351620874
2030487000
-1219535868
-745550087
-1414905616
-1939039900
-769361277
1109709628
1316576579
-456037840
-499041900
76901862
-1230772124
590803847
1607406225
-3939469
-211838083
1562350968
1732514163
-100815629
-2032358718
-166980151
-935775044
-1533467618
561119738
1365244971
107767703
-1581687637
1018316093
1706229167
-521831876
-93995295
1892260351
537471864
818396313
367540077
1442872396
-2033002318
1305485102
-549580682
1329603669
-181376062
739900984
-1114322962
-315015126
1443204798
63109905
1250785067
-325712440
1865052959
430475222
160866229
-1599282858
1992367285
-1493169846
-1470795423
-407288917
-224401446
2117382905
-1374364258
1374967060
1394720490
-461078112
-1195242482
-1170239405
-1698712846
-880281653
241370200
967805417
1776216999
-1436122944
191734076
-1352308841
-579263848
1446223259
-835575577
1611254818
922033575
1913602234
-17963384
-870040745
1323818165
342227802
542130466
1723218510
1791913628
-1521229438
-427537501
1848750066
1784389986
2096580639
2020620854
-1252636224
317981098
-2052144784
-1727289131
-1879447346
-358228627
-535823452
-1162625247
-2055447794
-292405782
-484743744
897400181
-1880693549
110562523
-1660240186
-521025736
-4432236
1750718696
1582756627
1520893554
294054640
-640291488
-1418466296
1391674529
-1753446158
-1769492186
-393792020
1760376013
258213525
1568309481
122200081
-601871654
393746314
824014999
-1333118156
-1506710500
2090767416
-1760108526
-1294509527
1045873968
1562780931
-1516949724
-1267697481
1161343241
-442704432
269999280
719596736
-555262647
-1787392567
1318677803
-1142717019
1663770577
1466025821
984052809
1542618600
-269602405
-375987062
1569488378
-1770298606
117883590
1968999262
612045463
1641437142
-981091342
-290359622
854084184
390354038
270516430
230917977
-1153981430
-1662039707
-1148499986
-673685232
-1178529027
1828145197
-905454623
-1395910569
-246056894
-223422830
770693506
1569633287
-638256362
614911991
-1921564786
-1487829148
1169028248
1632401665
-1966120073
-1969117090
1003643586
1524803962
1863360375
-709032429
-1961027946
1758015607
1925729767
574874520
1732186519
1569969851
2115675600
-1069499655
1356908154
765764445
827149506
530369661
-1079365347
1192445609
2122887652
1303895598
-140510792
-1545220284
-1813281204
-482480233
-44886191
-381874798
1525474960
515761615
1380164981
-2091300517
1287588253
-13601866
-1951473372
-1249759828
-1003648826
-1630616962
-1391754996
1076301563
-1718643425
915185261
-1544102662
758837134
-1776833012
2105682912
948476045
-987634148
-565203692
835545234
304727340
-876885324
-1591133446
-1305215714
560443193
930237917
1056440846
-1655561534
1376373382
1240391166
1798058432
1688969573
288715272
-1652621568
167323509
-473945638
417427145
-1854670799
1367167133
362057830
1871084067
-583730069
-239232507
2050403199
1880698666
-1282854796
957874281
702143190
2116886378
672215976
-1460267443
-1064928617
1005059793
-1103229227
-1581149428
-1942567185
1449597678
-1785877147
1923759920
-874515506
1755877724
1488143554
-2098343420
1888386286
-533923464
1590971893
-1673030552
245953043
10319193
-1519848048
-768156444
1692189587
403529217
-388422194
-1524057858
-1267936488
455999183
131960568
-192784433
-1009660764
1530795064
-1942072823
206506451
-1256682539
-303693386
285159829
-1540494847
1298862441
-53677313
-727487258
1514701851
385142021
1187142778
70363495
131927110
572210993
437948142
-1019048379
41679837
-1827653721
1586778748
485160530
-826136703
-1655491635
-2146911025
2063391789
609591924
-737435266
1099282065
-81238880
679281447
-1803679216
1971774496
-1640453304
168680721
-746952302
50849153
1665021307
1474855873
1338127957
1801855380
-1858916507
-2147194058
1850268845
-1850240887
-876357772
1903278446
706327288
-459327086
-978863114
-991306436
618310111
1191139290
178171647
-1898824098
647183579
1702124212
787387535
-533636402
533948155
1032008983
-798134540
1665656152
-254894109
-619138998
-701075
-1585137300
-21289705
278836699
-2016018160
-1532774347
-1358556295
-1194867499
-558711827
1765073641
-1443818224
-427817423
-1669857678
785008226
-1003051254
-92883828
-889686256
518032366
1570651140
-1918252262
595965982
545211234
557432455
1485385690
281274366
1758149237
1738160086
98946315
1581633405
1905685834
199335654
993283550
-1066341761
1268685902
-1636559955
66220652
-1795203365
-1411124412
1399523999
1735995113
1366293891
-678416995
1813064821
-562755046
1460842984
-2121944052
-1042944465
-220107004
1180828572
1831153498
1653876060
-637868571
1128304184
-195007370
972496025
-966301593
-474246273
1896803791
-1233261482
-116177645
425855939
-1544962586
1515527135
-600553981
1280432263
-69642466
-1522872678
1288441563
-49087131
-1617316650
-1390280307
1864230393
-1586298062
795206073
-1014129373
1092312299
2131814751
-845310124
1709465391
-2045866975
376195490
1634517736
1804263729
-2013276701
961581524
-1901722751
1839283927
-1598004092
1100970012
931034439
102113477
358733784
-2012476083
-924164589
110702488
-831072798
1468666252
641699652
-1206701272
352285394
810250038
-306474797
-1595252211
580887597
1717567488
-2099713627
264086884
-487771315
-1834352546
-566224608
-1851140909
1317397260
454808873
2060850688
-1428672823
-696927044
1599735675
-852269461
1044746506
578861145
321297117
-739498686
1923495274
509752321
-1633082972
1556252857
-163449128
-599265628
1073296279
1247985193
-153001314
83196407
1200040661
1088433956
631511526
1935169453
1817791221
-1038515254
-1524807809
-1323026967
-1949190545
-1616251302
-1030017567
-2020475155
-2062297543
1130613771
374018414
-506220521
2019956661
1119422236
-650444038
830090254
-514382647
-365648342
1884245645
791247928
-2059666865
1836582081
-531000729
-1228196497
1762558128
-2091568844
-438582717
355857395
940214987
-707245136
316775136
289153697
568418074
-1868610929
-1291892292
1787003237
171585303
-838828055
1630293282
1219108588
1572348124
-763995023
-1860317081
-329991778
1495584521
651062141
-1372321681
-586302517
2145936105
1106834534
-2126359434
966477603
1172745431
-1270469359
-189651188
-538573973
275439326
-1666971186
-134415519
-319708050
272747935
-1505184160
-1602626878
-402433231
-1631790217
1063455836
-364956061
-2061392279
-1504316960
422288054
-526247586
-1109641679
-934335209
340136600
-152570117
1929500407
-651223553
1527524725
-145712846
2044041143
-1868249531
-1017618338
-319687827
-223109268
-462638396
1677193364
-1808278127
-785816126
461559849
743521629
980810559
1301037839
-1115482662
-398175461
387601238
2035583876
-1009482989
1813584793
1693670332
-1053644385
-312874414
1034928040
803503454
-583603229
2082739957
1448938986
-2020584332
-1883506229
-1924605664
86375149
-1305464567
-632347653
1607197668
1487572603
-129721414
-1412365383
1588914589
742511151
-1706892611
-541319782
1581292187
835556683
-1591741659
187071360
-623875581
1659247049
836305507
-1813089853
-199803657
-982843729
1327418383
-388889683
-2042664972
-1836581977
-78616600
422812460
-139944324
-1726922290
876543001
675678146
-895305484
1040487884
-1979461698
612694207
-1720421170
892958500
516325797
-1728158030
374051562
-233051956
-1226217640
1564778525
-626657223
-1175277825
1945000027
304606567
144290979
401282642
-1329174095
-405667818
-430173142
1949407237
-798794331
1020043581
-3793329
-1946161253
1065995206
-1876929742
-325638220
637433261
1297040690
1783552644
1931237890
1440732154
849344791
-994516437
1475237388
16475841
-858022537
71118593
585389108
-1122246830
1515298858
1976768113
2037278477
134020066
1566630953
-104256403
1300153410
-1035179873
-1669361912
-143893339
272906165
-1448141308
-1229739324
241885941
-948558613
-1282551699
-1387421762
948557598
1695857318
-343915283
289524487
343621560
176569555
760782687
-1265716002
-49422233
186943654
1766653371
452045686
-305186996
232535811
1506735274
-1325152773
1254841791
-1146027745
-1014644389
-1711959081
-1549942726
1133415
-1445378921
-1161823184
-440344169
706542240
-758572270
1644499381
104504702
-912132273
-1800640764
1581506202
-1968857576
567477082
489430776
-1666290464
208664840
-1797011986
596833764
706842329
-1842206822
-1191235165
-1767165832
162671595
-1719611843
1992009950
823393210
826021268
-892401874
-444431241
-1417865006
-929388371
1746805878
-1181294437
1271984674
-1275871502
-1584194282
1270993906
-264082023
1895937217
-1747379841
979924227
515182665
1523681057
649843527
-1322102313
-1723119818
-1154068986
-1042564070
-1112719908
424667504
1837340370
352919534
382048780
124602211
-1087085793
-1997359494
548961102
-730506388
960286651
-962111512
563565340
1310977968
-601839629
1345439944
-775225755
1484573993
1774807316
-309276344
578707123
-1812641791
-1363510738
582816674
129425808
-71713502
1894423579
-124693035
-1083991514
-1823156979
427152831
-561958249
-938356443
151494635
936075408
1230333321
-75485463
1333714657
1160730968
1659119276
-382213157
-1081930072
1050687801
-1020311277
501576470
1174800220
-1381213455
-608628518
-475987122
-2050341485
-20705185
-981732266
-1074767379
51196081
-1051128762
1073790093
1951065214
1549726329
-605805489
1473362152
529167438
57127911
1475784532
-1019151834
-935751600
-1274850498
822936539
694339732
-1420132031
1025107804
1210833632
1199360378
659586059
-835935148
246061783
138250200
-1589211538
2079585598
-1339502864
-719891374
-620351011
-1226514616
248336028
-1605062552
-2115393371
-46071279
433183055
-1121208087
1538558292
-1196046026
1028008583
-1518779479
232725592
1522836268
2132920845
1378067569
-1517850650
-461942449
1902910587
112217398
2080720412
-494885573
1471576061
295091598
-196329111
-400867494
-1617149605
1821275487
-1709575380
-302177602
1152996662
-1313022247
195276955
-120573391
-1731772015
260268965
-1823321626
-1458771319
-1533668461
-1006821026
-1621606501
102100543
1721613706
-432082624
718303819
-45599166
1412520243
-2057062626
1708869742
-996344823
-215102920
1201286041
1377326723
79147239
663848185
84448654
-584411781
1628149410
-217875057
1588471504
635867991
2070531397
808157965
-5181418
-794785265
-738072011
421432072
990027831
-2046132042
619474049
-1153060519
-1355447660
1014029018
-503864706
1951330336
-637636396
-1356465616
-1780589
253940748
1400351702
1104402032
-892548783
1976217818
1107546083
2004135806
1866462918
1374099995
1777293347
2099396042
-1909983982
-1995529159
-1428003502
301794552
901056058
-1318506053
1612430259
895724738
1929103164
1432113351
-1165415356
-2050194403
1033133666
-681480984
207674674
-1961782630
835566299
-1184442095
270673295
1495391247
-1407403641
-240585246
1612443713
34650742
-1164426479
1375795241
-1291724227
1252422164
-1395607742
444273579
-1795653643
-2128387107
274872724
-455209437
2115284495
1427735062
-1232686330
-1192591734
-1898944170
659942204
501587246
1488469144
1270088181
-1542533340
-919803244
-2047032182
1252042210
640156259
-1210081220
-59927770
2030904983
-1834818577
1216083076
1058913787
-94575097
628390150
988022576
-1092203539
1401167567
1195828046
-1525578045
-1294134800
-592708692
-1806068419
1405998864
-1579804653
633090605
33941690
-89289457
-1054356800
-153676631
-1331430396
-1960356876
564821058
-449818766
-1125779246
663457661
477100678
-1770666678
-58840644
488853387
-2059911899
-192594155
1346798041
-1508742924
359952289
-408886576
1348893352
-2130589801
133815278
167749057
-413242317
-1621865040
2140830004
-71946768
-1246903439
-1007037332
-1712250157
214423253
859552492
1108943295
-938755161
1408683346
-1140819549
-2063407243
-2139242100
-1494911262
1961278513
1735204743
-1375070940
1653250067
180120621
-266905169
2075851223
1562177073
696961492
-219296194
-1490316773
2075275331
-2062218267
-1865790931
875977717
957918011
-574187060
709838961
-563056194
1613884776
1984447490
894094482
-1659792598
1971860783
1871060659
1960039038
-379241850
-515926279
-513416544
1680762778
-1495186880
656346735
-804784058
-1867529959
-1027416404
494726884
1047236928
412935057
400224261
-1868732653
703624169
1368633291
1446965425
2110327817
-1531486907
-1850251046
-1641806904
-1421041820
697048352
1758922606
-310515754
-403536707
-1592602505
55897705
961794528
1889114722
128179735
-1929587534
442070181
-1802213048
-1143432828
-546441143
-394610651
-1665736641
-511397861
-1819480420
1324148070
-1800925593
32949370
1087481368
574638709
-177172254
-618865633
-1250202366
806984362
1519757258
-1177582769
-1191308922
-51736784
-1684265371
-2108634312
1134063376
-747271227
-1983008105
-885356967
1681259738
341855165
-1865545832
-320248031
-2050870843
-2049582261
-415944730
1210639574
-1339174547
746086659
1715399291
347998904
1557362295
1810332570
-2081509566
-240282266
-1293291988
1177040880
-49609017
133956223
-2071447221
1250419536
592062766
-1955826037
1218987546
1583562230
1530206310
-1649566436
-2967618
147837393
1810213278
1303504688
1894731468
1438478729
-602459657
-2132620327
1331349279
167912386
-1421292934
-860557537
-1944305941
-1876754782
1848336203
-1893903579
-1893631214
1372632977
-763036129
969275273
738892982
-1271469249
592844779
-1193112815
2105744398
-2119605782
-643520035
-110357629
598678653
-1842687008
337412495
-845893677
-1156485664
570225219
-420278150
666032259
1656737575
-1574848500
2037416616
-571096506
1207977510
1454524241
1852247213
-903166233
-205283155
-1167075638
-335764265
720762985
1629385429
305623953
-54879324
492716654
606283420
-1773561047
-350632076
-391135780
1670705332
383971776
-1996933249
-1581442371
1997848215
-2051827528
685285896
2008237158
1273393630
-1701385885
-158400046
1245750235
-2055340845
667260942
-1681320237
419669105
-1175899068
752386880
-383599065
1967808181
1445227162
1620226883
40457543
-1956147828
548743209
-1815261725
717528186
645869979
180851912
-733445515
1466354826
1928300264
-289380700
-1328500197
-1405365317
1319186625
-134321583
290936901
-1323635208
-439107620
128186401
563312506
-1770189745
-861276481
1592912569
1001754199
703446943
-66359198
-566039840
1056397528
-74212720
967281938
156181658
2073027030
-1165476158
-918566505
-615663243
1327016144
1955039560
2132665496
-116751326
-1443307539
1644204631
-1157859778
-2124676794
1010304577
1628075066
-1376854504
919499154
-1234607537
-1821766263
-281040066
-317290223
-428465970
-1930087783
-1978998088
-1959837760
136584111
-1552743882
-1177827296
-450128029
848530783
-1226813041
-982774651
-1744934250
-1362217911
-604347535
953976722
-1425565407
1277602462
-765370696
-216146193
1482106257
-1915816360
-288933887
-1943945242
579606531
771331451
-407436636
-783052983
-2025964990
-834106723
-1144267551
-81677421
-1270939372
1736584617
569240408
-1479615155
-839960880
-876886817
-1029761090
442823091
-2102641868
1118186014
-204962099
504986519
-466555787
1604911205
571799932
-921844092
687050134
-516080233
989039984
458426405
-28623363
-390067074
-1138650959
-1296221209
1035785794
-1509733615
-263103327
-141191971
-42451382
-1435424519
-277910487
-605574684
1124896916
1089251921
1130766644
-2060271609
-655712558
703664813
1532226912
-1594173660
-2135774277
51280989
-164703757
1045126351
-1631359457
-33415181
1309371147
2063051126
-2075283141
-1299378175
1844247065
830712772
1032922702
521432358
-798547057
-832477622
-1491322005
-213756340
884036568
517350236
3279761
630135082
-1118371960
61113145
118930424
2098095888
-1766903084
-1815689106
1194580653
206868963
-151444412
710346363
-703884703
-989588123
-1650278746
-1132915018
-1811232900
-36441927
-1776724410
1928623983
-1095273864
1927517222
-338428581
225081684
1807338349
1782146842
-464901181
-587768041
1695816423
-124441998
-545214989
-539798707
-272219137
630176504
201461544
-1854777191
-1269343319
-443156436
-155782430
-1729062903
1301340489
-1796943033
-1385819758
-2071285313
-1034130292
478726780
-1561670511
-88607789
1299047541
29578368
-240349868
578198392
-1921936458
-446889907
-1697618978
-893877155
1544990273
59985185
1245812853
-18814379
-1094444003
-222462260
1078273176
304750905
1649319293
-1900809685
-1005107409
-1210816756
-387671027
-709249553
-548296700
-663931808
-1613415025
-1587516509
-1161052559
2140188409
1864207270
114996460
1653501787
1602036399
-2013281038
-1229868783
-1030810018
183149720
1603677020
-1609150787
-1737134519
-1743305626
1335092146
542078468
-755823412
-199593972
259766901
525487779
1282041200
-1181192793
1958601201
664938123
403605446
-65466468
900398478
225033376
1166281955
-1479342339
188485222
1603793853
1386145803
-152078288
-1785457385
837169659
-1268773205
392148434
1670361
-531697613
1527851916
-1718008360
156410834
266288576
-1198796474
791319799
-644737880
1043741833
782032882
-765658043
-550222504
-994977474
1833701922
-1136722656
-1325797562
-294108192
-388307691
-826550450
203904148
92400775
1556959271
-351019675
1170343606
1925187679
797048710
1415261037
-1446247866
-457710861
1342637610
-539319357
301216788
380338093
-516736250
-1668721088
-1809728639
1022119837
819705211
1972549017
968916492
1098710905
1266687245
1950367496
-1073029075
452174308
457162840
-505186260
150320993
1591589363
-946559164
-54040787
287361414
1157360108
-915336073
-100734685
1920953704
700664400
1613703691
190286520
177348763
149859611
1049208192
1527695115
-1354553718
-1261809335
248506100
-798895913
-1274706736
-796341604
-235489391
-957462060
-1426657082
-476569188
826966854
559713372
1891271260
-1780846625
-979437128
-1674417326
1724596268
689273994
337857147
2050460735
1415764172
924917015
-1077841796
1858256829
-620618397
1184128600
-782090046
-1915093992
-1234300546
-718423622
-656986027
1820646961
701342756
2016598734
1321600381
122410149
1640064551
-607602427
755099695
1742493999
655348156
-217249349
-645888572
-278078390
-1005193394
264654454
-2016330772
402736922
1372955534
-636484754
-1192788255
89864076
-310947122
45920848
-1872171297
1567578811
1571259791
-696259266
348311762
971737493
94128728
-1735494118
-749609391
519015358
1393103048
1367545348
-1222467381
1758766260
437524974
-549787360
-2038445057
-1577169101
532814296
-465296740
-2065216591
1550895834
-847126935
1436978417
727054490
395337741
684396399
-193115544
56961183
590773789
2103466997
-498230817
565481030
1954027430
284600532
-1686199348
-456254619
-1068834504
-385346416
655528834
-698819813
-1829939655
1890772064
-436109133
1615525636
1255122953
1106357902
-1818563275
1981438887
150600551
-1401203199
861592328
233746483
-1580296174
-764499176
-1813266792
-154233493
365751987
1893123512
-86060738
434986973
-186345222
357723304
2100856844
-706887335
-2043299834
-1678107109
-2037959991
-440330847
-2079435511
776310158
1729496890
600983133
1992992811
-2039829804
1110383779
-1725531567
590899631
800949870
-209511539
1399653329
1752928596
-1388730592
385197512
-1206173069
1081419773
-2133678912
611957427
-905417722
848498579
-1179444144
-359031878
-1907855165
1710875946
40784207
-1040583393
1582591682
-77045406
-1013313461
-1025487107
595749039
1933957903
1217111739
2143357578
-910871619
-2025598948
1951138827
1029271452
2018037977
320116908
1501845495
102665838
-1882282717
-617109375
1650835995
68286883
-59751015
1174274721
-358357301
1033477258
117885461
1743766326
-1765573344
-1475858014
-1923097735
870704053
-25482670
-1051189919
-66522840
-1363567293
-1393148339
-764235471
-863211081
-660796077
514729341
679090874
-510416156
-1723400045
1787339757
237798246
1243337926
-1974073336
674639247
-354737119
-1659136954
-1964163977
-106106915
-2099752608
-757485363
-892382201
-967679840
32228197
-938675906
-2006782429
758015502
-611541312
736646182
1314208165
1168141338
177537304
-1397352654
-1321314000
1421867784
991630891
-1445510687
-1510135332
1578607423
-1722287854
1562683257
-1397338087
839012962
-1874532919
1544131646
-2068009268
-270506592
-1508147473
25139681
-1721258818
-1881469621
-730977335
-124375241
691924022
1950471591
1901712012
-492300502
-2044634909
-688428796
-1079872805
1342948084
278114304
287301391
144729230
-987028599
2012800690
-1147916956
1157381812
-742220204
-1204874573
-758936218
-1668044069
-540141274
-2010531531
-907744429
-1161713522
-1532604053
-541546496
-1930972526
787023134
406844062
-1300185891
666143567
-372765787
-1281286146
1840201527
1229184329
-1157058233
934897025
-2091470850
1528376298
1609613755
-1206696951
-739363890
-149971049
-532033527
2023083221
-228918448
1196773449
1238429588
603979833
-1820504608
1144530268
1090156891
623829905
1571887728
-633315674
-942251653
-925203853
1229730475
641866443
1034281208
-8040669
-954035108
365981392
729511868
-1826843061
2142987537
-1642994963
1883933406
-796919317
728204283
983525542
-916708568
-1643042930
1528092184
-1357636068
1332907987
-859030083
164081811
-645565792
356381076
-461597512
425067882
1468039304
-1386221093
1957224035
-124373423
2074259526
-1923274151
-32714370
1206759894
-1800341323
1539244227
858117145
1900658373
1634881718
-1835992362
-1397008058
-2075190835
600253947
412143258
1218635279
-718059165
-1832850142
-1424444695
2022371754
-1770206235
-1139138811
222278706
2073498859
169182211
446707536
-702279302
994786553
-1225980070
-165246893
-1794120285
-1578445500
-199314591
-743311336
-2039963407
1229724854
-613831544
-285541704
-1268902199
1416567336
-2130236515
-1704698390
-1839848517
-685054953
-120734350
-44385828
-1503776831
87764887
-296331075
335125317
-390328120
1478711943
1103261246
2064693947
726405488
1090217221
1930450727
2054477121
552738832
-745632220
-1931622985
-1171457500
-851416580
444237788
2068716583
113664518
232122121
-1686538687
918867402
-1155128518
639342929
-1628426760
847392367
-1546561709
1395623219
1635608038
120804361
504989175
1295558045
-1193422807
795602577
-1910216456
-1655742324
1648643659
-636798421
379805092
-136691756
377795764
-1292144761
1702893404
-2097745380
1130549601
265115274
-553031837
-2088511444
-2143376941
296214316
-24891913
1239327339
1248994377
320726179
1152501925
363905698
-1975283664
-1929740607
-199323175
-1100302842
-946617894
-1825143398
1830831540
949709684
-1264208530
424684393
-1852481502
258034174
-389485281
1835520179
-537671638
-519660635
-611385696
1242789548
793140360
649289832
-1362623529
-1576242214
933115256
-1791308419
1359536848
-453947656
-2055884844
1219165406
1731830004
462414876
-1747937951
-2119593722
416888186
1791637531
-909773211
-619687684
-477655268
-2140496340
768968828
-1545011056
-2042773234
996283339
-1523343701
370669796
-1633187029
-1019873569
-1940648267
-654752467
-359616143
-686786018
833460141
153896891
663475887
-1506182224
-1456169524
-2012861642
455069308
670278162
933580676
-840719319
1898158699
-233577667
-1583183916
-686373180
1405126268
-1436034554
-718274083
-71961379
471144660
-1319006777
761508278
-748869576
1659553968
-1027239873
-1852615045
1866669319
1771810967
1568839094
-671049300
-1156046669
459583439
-1935152283
-1588113485
1077709020
1244901137
-1964871661
-1418285626
-1556539746
-1094124417
-163712253
-935884561
1363397142
-436342059
1298341133
-177278360
121629220
1936875487
141051914
-678574804
1028670577
268787242
1070458997
892532938
1845422515
-543844866
-760910514
1091554683
-2039616977
1355815307
-747914687
232400247
842585727
-1298902943
-1878089721
-1761960061
-773388139
-1746491867
1327953676
1298745038
-1437927169
1020457089
1088897106
470084605
-1372904340
792379484
-1344737132
-1226933372
1582646638
899355211
578865582
-1229789897
-687544703
1050153542
1839523388
1113811232
-1198354357
1976886942
628448128
-1260036718
753997861
143177262
75666824
-199245186
-1613573415
-1113498160
-1065692785
-843172348
-1666666579
223840530
5921443
1063657037
-1203142752
-1843453398
1146121352
-1187767145
70249715
1813663014
928309468
691346833
-1692277014
-538680729
596183675
-2047894808
-1157855789
753769551
-817863900
38199841
831236935
1442278457
1999892316
-1890880343
-1023090001
-1697862999
-1523745646
-1641491158
-2077145591
1548752580
1738939779
-1768794593
-792040724
1991170306
-1331328801
1645591978
-1135961143
539753761
115752492
198431396
1219551603
-1730865316
102536427
1670129398
-943873824
1874823389
-1736631816
65712934
137679153
-2005854353
780197686
333125428
234819055
101567607
950837610
-1299278681
1372785047
-1391440092
-1542854553
-1558243870
-408607656
1995517413
1397720427
-2138384709
2058562330
7654171
1722356681
1516864077
383681218
580837647
1625513927
-9119219
157762484
-1832529626
-994191415
-1442039269
1396640152
1999581779
-293639250
226201306
-850232479
-968731956
-1494253959
-1908174910
395628427
1307877632
196726324
1965708148
378065059
-488689721
-397511152
968397070
1152853516
1638648283
-675451183
909714112
-1640372993
-2055518074
-2044776088
-1433035361
-662589997
-1311891043
219308001
1841566392
-537339522
2039701676
-1125083009
-332968600
-328369317
647069554
433772324
-2054937877
-1670169811
-1080045169
2061502710
1279502129
1803176803
-262244485
-2004437440
-354198792
-26673251
-578417478
-382933355
-1192122602
1935263598
-322468531
994026298
268843286
1660391779
432533099
830323653
-804580089
554621508
-766835088
1116713217
-500928369
378137753
-312811499
226028052
-405623994
-1653402513
57279714
-435906589
835385409
1879034715
-883897632
563276469
2092469484
-1705762625
-1327640175
-875463146
-1025414884
-1814175157
1488771620
-1640751363
-37286813
354109639
1643540196
179392561
-611537754
-778490610
1383992818
613953767
-428752403
540084573
292277043
1468770736
843643770
-45135155
-1445356149
1997079441
1908470300
-1467042019
-869545142
1855868275
215296964
1618864821
-737203738
240595901
-132955048
-1456459033
653206763
1311583807
986271687
-594851721
-464469970
1219635281
904907101
39300701
-291567288
-688191685
1475519575
-1573799735
-892818366
-2008960297
1336037817
919961702
785751949
-317946763
1808715615
1897940450
-23651532
1109606398
1654395986
-1513748050
151211860
1098382171
-1933545891
-1419617278
-336491061
-1330866153
-623729441
1937221923
-570238162
-2075937982
-1495862047
-1470069272
-1160897791
-1776930919
-1885914518
946520185
-81376479
-611009053
-414983406
-1685309094
1707377284
1055852445
-526367276
-1180841817
1392944933
598761433
-1764287448
319337377
-1542516935
-1107550622
-1455466415
1637316200
-912227930
-1450047196
1595737331
-1964841462
-590001739
761622474
-453158424
-304025924
1116164613
-937960024
251089491
-777358746
891976386
-1689090597
1310134260
-924710044
-281436393
235392431
-187981891
58570634
-848691743
710449472
328463270
-732844183
1390410148
1500462691
-845077059
-1327829552
1843094466
-665042490
32594048
-55825515
268486377
-1558232491
432523374
1590186901
902325453
1355331295
513532635
-899566856
-604841193
189227513
1625454083
-299537991
1533977500
691970082
-1011790238
1236197221
-484908079
376501287
-1871784638
-1606991838
-1367916674
-367233591
-1094417259
240207346
-2144361806
-262338916
690242564
1589760569
1507735286
1317171505
-761396409
-863364228
1748563909
-125381001
1623467447
-1505725589
1433639483
968101214
1093833505
-48174816
1405991947
-766715716
-1221230116
-250655831
308317622
-101116044
-1337307619
1180192963
-1109365767
-1325247788
-1090129271
-896015384
827989126
-1822404801
-795740661
-267984500
-2026200585
-1637121269
44688103
-1043152222
2087443199
-150628436
-1408197873
2101738596
759128290
140925201
18226613
1253054548
-242984666
1035843406
1715180065
-1570191235
-910414198
-121520518
898411459
1043954686
1714251063
927574234
-2061321333
841824200
1087569461
-125472962
-4783496
293517222
807018016
-512525397
-1871767185
1230576509
-649663718
-970169799
174555725
195011797
1232393731
-1531526082
-265439681
-197834601
-88751385
-1265385044
-2137242288
-1148905192
-1693006664
-2041144137
2057362243
-979841963
-192389060
-1096780870
-107135582
-1373969792
1913883208
-637323941
227645206
1534472379
2141443374
433926892
-2041601031
-300100574
-1455259277
1601238292
-455371735
-1726164721
606430661
1486042798
-1290226145
650699416
-1162878421
579021296
489504575
1939881564
-877440386
-98604080
-1561737871
1527271551
-1071664105
-420722270
-147440145
-1994935310
-1876135223
-1635369723
-1588619936
48360183
1695322385
1650835968
-54643418
1604819940
1170251660
-259527833
-1432417805
155670054
-271829080
182540675
509468578
361177992
1455156638
-1078495503
1922639428
-1802540619
-758911585
-933879862
1037333624
2138300411
1183758413
-1302980860
1663064831
-1137730223
-1445547412
1812655639
1580424590
793084571
-1730380839
1828012771
-438754074
1317438763
595018170
1770026960
-530956766
-1600938613
-392462346
203508278
214956879
-1849074055
403170791
-279123201
-948090559
-710969294
-1299230130
1385594251
1467911844
2070326259
-42853753
687546579
-22026159
49542076
-1247276803
-54335792
-490055966
829416022
-132120865
595549725
-38948473
-2073198697
-753892077
1083609563
-875138533
-908319515
96573546
-1953258540
-128209294
983309816
116722966
-1629199134
-289221900
599134691
562554200
992841617
-105123218
-1682868140
1783453565
-774534909
1941094183
1720098586
-859848950
1493158932
-397573838
929891303
758312246
-768515395
-843801086
747570775
435588248
-1653009987
1997702467
699938352
546212896
-1552147851
-396028185
-1666989589
873645387
728938259
1941362302
-68892301
-1255779950
-718424845
1114079178
-1061512916
1577730851
1290850625
-1215246190
-1061220042
1297528018
1837349858
-1676829770
914210034
-1826593454
1318446228
1047951747
-874094908
1577079199
1085240915
-1295472312
-277482470
1121321662
-1498667778
-1952384983
1092449709
578060968
-1922911942
993902898
379443206
519384195
-1897511274
-1843897681
-595259324
-1771385837
368908272
-317225798
1500520731
-1788690321
976870934
-882791148
-1057852384
4789751
-740549457
-51438536
-1027407037
1520421765
-629845668
74014637
-841738597
-1790396702
-795905767
-773421669
235051625
1562688634
-1150068759
-1377567327
-95006378
-1472049581
-1493954894
500052709
-644061441
-1795135941
-737277083
715076460
2008688307
1663725377
-1401434271
-1074792278
1739446906
1717883493
1328777241
-1417861796
-384821671
1116281490
-922249741
64572566
-1404570667
-1190403124
-1178722957
-1508633065
-758578764
1769343397
-1838545256
-557919260
1088023562
2040383733
-1275982202
-668181229
-2133909389
1810090185
1443417956
-950844953
1955918492
-175948133
1069736583
395750685
102302984
1547936195
1516929231
-1523874171
433781265
1691197997
121783633
-485184813
-1528254165
-1060350388
-941689290
503991478
-519400336
18797646
1088059362
-967978198
-483870120
-1813140847
1444957784
950847754
154787783
1002105685
691425500
671789544
-895910324
-1699037263
317354969
-437069792
-273513817
2995659
1694027013
120612906
1489004428
727006787
1405826498
-2105774800
-1891583834
1949175023
-22663225
-2143911200
-288669218
-190623539
732753919
-870952830
1353150172
1353250613
526431152
-1307500212
-1512464691
2010803790
-1965177888
395324917
-1513394074
-1021404478
324717299
-1094095993
-933344727
-1414990667
-2037030760
-858393735
-915954969
-1044709390
-1524568090
826169596
1435160197
-1341615257
591092673
1348894613
-1520676094
-539712557
1562183042
113755883
1610025400
-1862040131
1659902423
-1971216414
1374392545
-71640409
-1124775962
-122298649
1291243868
-705258109
1209681592
765943693
-663446351
-1845624218
547933397
1726401881
1984931666
35265915
-235217366
-1220368935
-461348061
496731449
-1987341261
1911343099
1950383676
979067864
-141966251
-426171237
-701429267
-1346917376
964962443
1753113693
1645055490
-70163261
-1424167355
257595068
963021895
-724614963
-1356017780
-1456783773
-1014876082
760607962
-6546839
1047088827
-47552657
-259325593
1169836679
2123296452
1310391568
-569515092
1581455639
-1598679768
-416000219
1956569544
1976182515
1232884109
-1127645446
-1310071234
-634084090
-45525206
-1483070929
-1168171360
1987747562
-2116346723
25466884
1416253833
-715142190
1557374202
-1594067241
-772464689
-932312663
-1271806426
-1676247575
1227859193
1484383867
710901862
-238889112
1298017006
110877716
-1491748046
-1713703255
421651695
370090470
838761295
-1959225676
-392305209
856766767
1090250268
-966812411
708363585
1324062555
-477387221
731702417
-204560167
-1744629082
-1675393773
-518507258
-2026986571
-1805716219
685592195
-529012137
-1896242731
1070848326
-208318310
1083773047
2074628745
-1289963915
-268432010
1321662308
450938403
-118571647
-1183780341
671712102
815510254
-407180000
1129653813
1590803864
-1121675938
-728072209
872598031
935356583
1677664136
-602826532
1789801605
297442777
2037361620
304468423
1952188199
-834881967
-301226256
-755199897
432024384
924583056
747775239
1913603434
1449593895
-487841217
94115378
-700319264
562537172
1900336683
-1447637458
-16068903
2142381749
-529410416
477287247
-1331735732
1937274818
1994779545
1427908789
1963381818
-9792049
1214199335
-1150253124
-62977262
-2037204704
-918380847
-621069128
-1869427113
1195499586
1989194027
-33187102
-1810323329
1471604504
641099595
210123660
-1152812770
-1304986829
-1365202552
728267932
1157465155
1339261287
-710834555
-2144800201
-1138715614
-1283407718
-1172150419
1935327164
-1319890702
1405478367
-1844525953
1299516403
1287664408
352925122
-1030283827
59180165
-121392251
587759333
883178559
543433903
-1220305317
1648697803
-1102119202
-2118012110
-615306282
-209174029
2091989071
-354833522
-368721047
-1185909720
-1146593124
1991673454
-1111782105
-365199849
1131093818
-1366387355
-1050987164
-1047266526
-1839271609
1540154843
720488092
-1454114189
749432850
886103873
-1587823213
1953163858
115145696
-833810293
757644220
-1373215557
1841352429
213967071
-602047522
-1182617301
935378096
-519039094
516812020
-1574891590
-1817894557
-738824397
-888957100
-1779490450
1107805634
-1522227118
1648537620
325845453
1244314386
-1598566686
-201163095
-768809549
1687319396
-904747180
-984352560
1124881254
99785242
1613526727
234600624
-2004072473
-1880002390
-1574462858
867348800
-677061238
457028514
506831473
965952742
46024648
1001343979
-176823408
-1041325472
1294874708
1005277265
2010559651
1310755815
-1434582677
-1903682750
-995046674
146140305
-348124816
-1892255531
-329815596
-1399005194
-1768922185
1665216782
-1957733935
1046155286
-456809824
-1778093472
1552538285
-1531867782
1788098280
2014503026
-1675623186
2061731224
87552059
-690599131
-891400563
440892283
-715361524
584470998
-340318483
421586595
-122243159
-592480544
1513020936
-1002808279
-154212727
946431844
-79541525
899065382
-845470232
1820556107
-1670584988
252800341
1535192213
1912254860
-1651882248
-500279049
-950161910
-184767318
2107262746
1759496438
160297917
2133816192
-13752678
-1006858675
-68601931
615381568
2058911323
2108573094
1331467359
542488505
-1302272695
1989687364
2109054369
1124190935
1603764617
-1240406237
-1571490001
403993712
2108946673
1053205597
105085981
1618471229
2041476281
466214606
-524694602
-2142519259
1421388915
1283326971
768823179
-1291550527
157822008
-1566827473
-1222439218
303502876
813845027
176194790
1047651040
2074225082
-1098023165
-1246794385
-1085087449
1025747675
1968379467
-1072563764
-1716253147
-1570175488
934766925
-735563812
727625158
2127351982
838736295
394924731
2042348792
-826479247
-806158595
-103509911
1969660033
1169189923
-859325464
-221960791
-1889503988
560245358
-2130629075
-1961796565
-1722454908
-760383346
-1597034959
1421182700
-1600867164
-560183717
1138512300
2101895389
-748526898
-193028986
-1505057379
228028866
-748469988
1182033442
611160957
2141871453
-1152395084
795004518
2132829623
1166639307
-1021489824
-1844398415
815538006
-100236755
-643834274
-561641267
682007296
-141838711
-694935437
-1936234121
-2044713694
-773750285
-2126953146
555487007
580126060
-316205593
-1887960086
-2031894293
96709503
137245177
-852035908
-245415423
309031653
-784348497
-1271496082
1968024837
-1644481983
1816771245
534485604
-1746566176
-907277881
2127815187
1190262334
-552044605
-1308613395
-753051614
1692634293
-906154645
508584802
-962030811
896296874
-413498970
-573104833
2072488590
-1498471044
637800981
761689724
-2060970146
-1895842919
527437362
988542372
-1955621174
989810263
1827312788
-2067115572
133305115
-688049660
55255153
1412279233
-618481963
-381785797
-866858139
516793984
1893764635
-1156696967
-130914447
735318762
-1763616175
-242252049
-921979579
1339433656
-92046333
242250905
1723939521
272193196
-1732634876
-920785522
-575636039
-1908630520
-1068182310
1814518426
289056504
-2140058301
-1089017511
-1251545335
-1377578617
1979124218
-215532147
1266467781
394365487
210278948
-291642147
762843043
-1034730693
-2003349366
814825580
-1553264391
843563137
-258629515
-532187966
224099443
509525923
-244786520
173479339
1925874982
-1891213166
621102480
1456221279
892129765
-1538780589
79103161
-1458242590
-1537477677
1620117509
-1043496060
-657709139
579875385
689863202
1216763671
-609476466
-821379175
-1588185083
-579875948
-1756234804
1887808515
1306021291
-1807052660
-751560563
1140861094
-895565379
-2081081162
-1164757124
-288165719
-1353928755
1013154011
1098049702
-1251873989
853426912
-45182444
-384797788
796744425
-1023454164
1298838327
-1910661633
-2116669906
-1687768542
1573002638
2138502095
-32619184
-1024437330
-1835276086
1566799525
1512489321
-15664196
1179730487
-1712990550
832286915
1591873790
-2115869904
-1333421560
-2019709847
229420524
-834667820
-1049045368
-1345373446
-2050544372
794099449
2138923387
-1829434176
-536300173
-903341984
-885351970
1147495680
2118814602
422256170
-923586376
1827947667
1487350293
138564747
937464775
635382197
-1314691215
-193699139
-1140335013
-2095810276
1433283356
-1529924554
770864256
-1654660020
2586490
-1575143140
-843928478
1539727657
1323813846
1288288760
-96523795
1290897101
860693158
453653162
1102434483
1865638811
1105399826
541976732
-591302637
-56024940
621790391
1901342778
-311718506
-225180183
-930613081
-379775583
-900337252
-1402620720
-2132278604
-68199274
-1058153929
896903834
405839854
-2031481927
-1243285418
-450666235
-1765134487
1632040697
-245720283
25796558
832136771
-1084818102
-438194764
-367209590
-1797472284
2090331541
1966500566
651656630
-247845241
684672752
-717165749
1999966732
-1596403718
152324111
-500174303
-9644776
-707089759
2032599545
558472022
795054089
-1236879680
-1793498626
-1580871486
1055141324
1135851512
1512728295
266381619
-1155754666
-485971182
2130900335
-527362599
-748858047
-1028666373
-762904590
1278378468
-605031270
2011527183
-1536887452
-1841936277
-155124488
916222105
1857596291
-1847843697
1742213585
117784986
-71944112
1648295904
-798381816
1482608841
-1734054213
552977151
871577801
-1768793893
-2018119012
1885211779
814476953
-948087548
-137685014
-6229472
1939948456
1106256060
-216661722
1155543046
-523671
-477081658
1195225368
1073506950
-163606172
-1606811027
-1439431747
-2142542341
-133261494
1030470160
-910310785
-1147184921
-84063159
-1426296351
2011908006
1735310428
402853025
-669777943
1739810062
-134332772
125960311
-1940258225
-2117500390
-1822114813
365227241
-1580213032
-1914493720
828072485
1264616034
-1341224271
-13608251
-1152753357
-1171604434
-2048309140
386773987
-601567326
-1617943216
-1358800312
774751817
-1012095987
-1321724269
938439349
-438080502
1189210458
510018014
828341526
-669699911
-34696932
-661053748
1636552904
1475715611
1762822200
-1513485188
-1352986526
790853662
-936775222
2142059685
742144318
1703921674
1436658761
1386003436
220505912
-306727178
-1941142296
1572547449
948179125
362962812
969784639
697302983
1789771494
1726668464
1936967466
1009277115
-194607538
-399918003
1269324529
-1360738568
607863681
-1483726287
13192104
1942852209
-348397523
-54880501
-1919959591
600593982
-319609762
-571985838
761373791
1707279795
422828029
102657912
-700209260
2103815855
551024793
-40812961
-1931486546
155028785
-2062088343
-1893089525
527950694
-292469712
-404442223
-58858855
2027911130
-2124984405
1662608548
-1338639504
-1224321357
185926653
-2009437846
352108213
1063722378
1860021878
-875573534
401172740
-1860001401
533375784
1368531849
807074396
-689590709
1535017982
-1566922020
892779866
-1540272369
1490185489
-530266852
-85226071
-1468266995
753840702
-1625845935
1673433528
-383478242
-1274811917
326827920
813521838
-1751825756
132383049
-1922301569
922527130
1434495401
-1961396904
-220768487
1368005871
-1945134008
1811697093
-1048886866
1676341550
-429287093
-1237209953
-215206099
1512577508
1786236437
-1695807637
1767450533
1409583063
-1638088254
-449094275
1968183049
84456828
-1810297204
-1903296631
-477360333
533875371
695717232
-772817800
492940843
-754071659
-1092380656
-626096257
2112869544
-1972671755
-1234221861
1565191022
-1584514858
1564460933
862699882
-659824827
172745049
-1701593933
1956032301
2078461965
-55849839
1852753556
1166255686
1682306020
-2047981537
-1721640680
295453364
359938648
-2061910872
17316479
707878836
1110928888
-1445072424
-1852370677
-2082855581
-1620157656
1150881449
-2064934921
604228775
41029685
-1720329755
-434950233
1751072080
1208388265
302972649
-1069040352
1560799865
-786930209
226187947
957222073
1041338676
-57778471
1516475645
902507539
-1411334811
848216400
1241614866
-1459556539
-779339538
1929777676
971917377
967906652
-272381684
406686326
-441735671
1533657090
1067113984
-1541064342
-2078100396
-965397892
-1520690959
350149970
-383741696
1758596057
242535440
-799814801
-1687200358
-1321701272
-724182787
-1200523142
364994156
-2134649238
1675625
1062041195
-2021620295
354445832
2140438011
1160444823
854912838
127286406
1785802615
1734952704
-1940320228
-1405373767
1112899101
226792
429563532
54257334
336714574
247439015
-1594657165
1404367051
-155084427
1488209086
-713687617
-411219021
-825405916
1168669227
-2007184079
677300228
-1112624515
105136638
-1666866844
893960940
1265083859
-817100757
-58992627
2145555484
26490512
-25476446
-1921581693
-335386877
-333851304
-1438675043
1307979394
-2112097473
-1359735186
-539564744
455692843
-16922544
-1379818153
-261577146
417689678
1298866318
381308604
-19222431
-764303380
1552641884
-1713290092
849393474
844007927
1611144862
-1395326846
-925531821
-1496196005
-1757139096
-1781503877
-908928638
-1098053311
2007020023
461838763
-1753855400
1242873489
-310621980
-842990183
1418589769
1965326777
936061846
-231240312
1640636749
662780845
1040735224
1819895840
-1119535185
1923744046
-1357380757
-1933632179
-260202972
2090244941
1958619902
-890874777
-1296500962
-1648913358
1103905500
-1367953261
1551599970
-1318859751
475737349
-991553688
1900119000
-1877222755
-1735475392
-1299694123
-1472013663
-2100576199
247132240
1794088769
418830702
699902986
-258857883
558121715
898500367
-917972519
-1350087467
-629738573
-1846661558
1857801305
-1845113077
-260190799
-1306157074
-1493080148
-1194563905
-1590606170
755499558
389591083
1087862631
-1288760263
-671596270
-1338035866
1679458541
-1315269469
-989301613
1110593897
856664993
-2098684523
97636198
832312385
-1507877008
-1721838248
552856436
313136062
2001934934
2077030966
1196164967
259370873
1172503057
1552464920
-1108735616
-1722762984
-1118655210
974851184
-606970969
-629530416
-737395000
311953496
-201788221
1372743211
557085415
-427237125
-1378671797
-1654664949
-371153850
618751540
-1633489635
-1494305042
-230729024
82909044
1954027662
-1743105934
-1562391444
-673587481
252719809
1691280155
1817427471
1729419993
1803560764
-1793178796
-148212014
-1691362986
321338552
-1119096141
49986356
1534355985
-1508603080
-981049727
2015167297
1993583238
1241857884
-2045312392
739663876
1853894754
45301494
422278094
-205011911
-850282974
-745471267
-1527408526
-1887656890
-626758151
-1349993983
-670986603
-1355865748
-1776279818
-1507718721
847513707
537343033
301035622
-2949258
-632545230
981305921
616695670
2054555482
-1204819853
-371062003
-1570612451
203947144
494615687
1569798226
-1948097992
1265542745
308057436
1361239397
335839222
951662330
-1681660296
1049608686
-1379380619
-598630596
-337393858
317936603
1182877613
1173277608
1019571312
-1352041320
365370508
-1786437930
2086942197
-1697114756
1103932003
15973630
1842205915
-2106151034
-930371968
1292008655
789597598
618570312
1677342747
51220863
1888443050
-510093790
1399425141
1022968354
468644638
-1262748237
1417326910
802767423
-1218905646
-427281779
-2062963402
-2141421664
-910141285
556149031
725888791
-876119702
-1239151667
507310103
1679590066
-363563924
-2097618432
1374842496
-928588712
359801019
1745417239
882185672
720484987
-221346690
-1534846595
1455585934
1892695444
1168457733
1760353458
-1062598437
1226283590
-1079673056
-1321094139
726288279
1547635138
-1154143314
-344292702
226123581
-1369187219
119289204
-1586584113
-713500718
346657472
-520355025
62394994
-975977966
-318234512
-1515953941
-647215402
151896044
605601230
228097941
-1228139346
-1650024399
311683951
1177278927
1872201561
-1553628793
-767980529
902304259
12806759
1848488099
1913010354
1768562106
-316525477
562476470
1780953867
-881438162
-1989518926
-1114421976
-78603742
1843930653
-2111812572
-1447426173
-919616208
-1931756321
294300201
1442737329
653125837
-138637637
-1187290434
1630994026
-984257972
1480966773
-1172254360
1664214503
-294746779
1010175019
331224697
-1917871909
1351493653
1382163808
660221841
-1993940573
-988010302
1122906713
-1695968153
1908717243
470039201
-836261721
695098313
-1991404172
102188123
587107077
1606888672
-357739549
-455541522
1857424995
94732473
1465753116
-678432047
-1605239742
384301056
-1801809248
-2111020709
-322476478
-1306670835
-236965357
352090213
1380744952
2042923556
-1566403022
1114307117
-1030968315
1461836792
-304208893
1819235197
-1438440093
-609306511
-1506005683
606376460
-1039157758
824338863
1750840650
2104417571
-981569133
1820814669
966085786
-51555197
1131705250
2124728297
-74696581
1911585157
-205456406
-139817756
-548513481
-1358199165
699628516
2109251174
1760003037
1012488310
1082943905
-1983714908
1902396211
619957984
1973939161
-1664703643
-460639254
1604765164
446608195
1282951361
676556819
-405401902
-2138401498
-355833813
1368505810
-383776128
1784789807
321484466
-1698859696
-860042634
1077181573
-2092354173
1246319093
221502449
88552474
-2010879054
354132695
1644241227
683845700
714602553
-2106290579
-1419551327
1900730251
-1508999104
1346919815
2098550454
1484078788
-1891484258
-318832254
-681791210
1494543454
762229151
-588691018
-2031621506
-1142688517
-1381744633
298810419
1739003515
-428401342
311162455
-1861990995
-345947824
-1042166541
-1559624882
732050612
1954716956
1983749947
1947312818
-464964569
1589501244
128590920
-706379441
-116082454
-1545772051
-1114724320
-2027168448
1859819222
-2117654986
523309742
-1192368532
-1488080655
427846148
-2041432802
168698707
-1382090530
-869481834
850466921
-1757815286
-538283625
-455741669
-1654906573
974511492
-966448808
-1971290216
-774890284
-945361134
-820224290
-806657009
1783794611
-17103828
1164264913
731302365
-1510621989
1579149425
-366993795
-2054100125
-292909369
-121580564
-1259825976
256751081
615311744
-241934952
1501076064
515402174
-1789573655
1649971749
2132946995
-2030266205
-1742023079
1437807356
764924708
1232479848
1433871466
1193828737
-1048412165
-1106366505
-11192304
934951575
-270564708
1715796945
549690349
1575495272
-1743813509
-813213001
1474417378
1710022757
-1255961009
711989259
-2078862615
-142181492
-292818683
1669096022
-563521247
696510184
-1843901961
-1866183349
-1490474198
-720914850
343348829
-843656660
-1316513358
-2094517339
894863875
602600044
-1863231408
1670445974
674209084
-854728555
241368720
1246407589
1977583126
-133147797
-1298676146
-770612305
-322760498
-1187813551
238377799
669720565
-666203258
-71847444
1076662252
-1338298520
-986433228
586640390
1706036089
631261734
1745256413
-1579231820
-878754490
1254034500
1598178819
-1455146823
676684125
301127885
-984009892
1238576429
-340737460
-990156533
251316420
190121049
-81697733
1264421892
-200899725
861568485
1977177408
76667463
-73367694
1323903796
1931206385
-1685823000
1237929290
1074865423
-144886470
-543912248
95481599
662042496
-1783775631
-1401629927
-687329220
1025501184
-1492563801
-1573006304
-1122841137
-1449592364
-1848393663
1241587517
-948953002
-223652685
-28165178
-312235224
-709411270
-1135808084
-762810119
294168956
-2090940196
-1063341498
-2049972438
588868729
1211619598
-1482471960
2080340680
1790928133
-834224443
582254971
642713147
322010356
-1287944180
-1761342131
1049379824
-1538895480
-1183349958
266243384
2096315828
1569788475
-1582550937
-482957566
726523206
-685307973
99833371
-881882361
1176728102
210241333
285683016
2125783829
-537247565
-997960234
2067585146
1755859862
-264606092
1033814158
-229467572
-318063884
-261955659
957475862
-867795171
-209028296
-868885930
1267474740
1736535556
-1002137100
-309558818
-1574627011
-554838784
-334302621
534610134
-800747813
777020531
-710003250
-881560748
1752209168
-1381200431
-2093115856
-1843599659
39519866
15055252
-1050413283
-1344470192
1421698776
-2039912333
-747321121
126431623
1695629516
-1279413294
-428281375
1706775199
-1154302494
479388027
542009936
172842227
2129389264
2142109326
1471376894
-903843292
1778319871
-1074940490
62417034
1173799540
1318704714
906613917
-1155399746
-2001219244
1618204165
213988513
1358356535
1960570682
-2106231232
338754247
-1056231349
1731525816
602355275
-1790221585
1612041510
1511508682
185277309
-1961653687
754562614
810200175
535536945
1470557447
1722829513
139660666
2102885649
-1770747052
1105673715
134554281
-542021738
1317857668
2100257973
-1026160906
-575653682
787832716
-1060650406
-1801332179
379769184
245132211
-236816604
1000125630
-662149171
-114033527
-1896385240
-264338220
1586340344
756147736
-1785520266
-832100187
579027688
-1819937191
-2008205444
-923182581
1240166603
538467561
-1082737493
-1644150957
-1249454275
-887465476
-153902502
1851569493
-384095798
1679714449
-526417941
640984772
-457127247
-1869850649
-1469407445
-869268281
698194410
-187103185
-1588654850
-365677368
-842059670
-1154433406
-1596747717
2080901003
-2035872859
-1814150123
-1395873068
1683459457
-2122355372
-1985461078
-185988806
674258013
1519907704
-368992183
-2103376897
1099176423
1523920030
1434493999
1913329596
1942511633
-1053905821
1272733447
-564562124
1067994695
1598776378
518947927
1391270841
2100124683
1652835436
-852782276
-1993017394
-1140178752
797010272
1827288154
1768566797
-653523771
-1356441316
1508770573
-1285783989
459444165
63313163
2100901347
-755031303
-1783412660
232784896
-1083450802
1149831373
-1157785442
1815279738
-416376939
-2080309600
1870818500
1006884649
-359518964
-298243175
123534822
273260977
-1557389436
-1278533237
-527663392
-1454839379
608979460
735588763
-1441563122
1984229366
-533838408
2053629734
516624490
-393415644
-1077617367
-948384543
2111117785
-292521900
804060846
-1099571135
1836730049
1728937259
-2118589918
-335194340
485853918
471333403
1499157974
-397698161
1601714518
2078938596
54945481
1208459810
1808730634
912319326
-1869621226
-1382285782
-910057426
-1979603340
1977687469
1181374574
1976264219
245359987
-362820027
-1357042675
778424931
1585236612
2035728529
-321524322
1359571494
356292983
-1590212687
-1879834471
1502352547
781663681
671957739
-2121589004
-2116512751
427111623
670561434
-1528424687
-1016842321
-1753589667
417649766
-1260583978
-2071651559
1091849608
384356532
1469342493
186418909
-885351541
-647515296
-1397969329
-1188149682
-1033195743
-1241473623
-532653749
-2009659753
-1505079802
1311887212
-91726965
-358542574
1056915132
1192570261
115189641
-2133327142
-1057806197
2059025362
928003167
242297758
967241672
968457608
846364077
216526264
-1331096998
1827172874
-1182622274
-1446367875
116836473
567582728
738747885
253922774
-1790448199
1813996613
-1651369659
2075344911
-1019087289
-1589938292
-1599099545
-160596753
-1097960335
380133348
568767920
-1430324472
1301672555
1943486722
-1671996262
722466383
-1368906673
-878198786
711790434
-1184785170
57063013
1965223497
-310657045
614856024
-52937820
-1694142497
-1714102046
-244870754
-52625287
-989245256
-1611825118
652780545
-1432894010
-135053949
283190104
-867809081
-705124308
695079830
-2093790486
-1935271599
1069070221
-1778713569
-1905541356
457268333
-1527184692
1760265887
-12055724
1501718505
-1411376170
733902489
1560202248
1469974376
-1698867226
-1567672186
1354216020
-2074346376
1038700548
1372795403
-1255841207
-1872827422
-300980786
-1784716947
-1554215101
225266756
822366330
1466171460
2111175314
-532534819
520746522
1672682862
1765750875
2089145256
1033966882
-1316855226
-1634181440
872138155
1410171431
-1767409898
-1185217730
-722180976
1421475305
-1655588151
1766402647
1843814004
-1913329773
456868324
2018053488
1711064318
743395136
-1468641097
-1147348229
-1583074125
-1250153279
1885062351
-1961634600
535993737
-1943683427
376578478
-1698402056
929726649
269178200
-2106837827
1521836099
1062451161
1511657208
-2066119551
903192508
1139874089
2119648964
-1995309299
2097280993
813403436
1033616718
-1014391881
1842908759
1195403642
59423924
-984620018
1845587398
-2016795436
1377877282
-1857382389
1016932354
-774391687
2011778458
754573701
-487000470
-883408201
-928758537
-796407062
-1782973291
1155907268
-165773522
-406065877
1722257706
-1802312242
-2004702505
-754480904
-1487490802
-7500465
-2035619093
28147501
-1669922619
1096292006
-666611505
-1899176821
-1297874927
-797850653
-920554863
-588518229
-1096592417
91162082
-685137552
-376633298
237193827
1879054234
-551123807
-1099591111
-1449460351
-1368032586
411704400
-882714336
1176483694
490154341
-1453100828
1163906656
219774359
-711159442
39350919
1420413395
-1174739519
870362246
2061487333
-1102984162
700356977
-1949382171
-1470254285
1714091117
-2026951795
-1199973098
-1015879566
170794338
-668720062
-971414002
-1107458060
-1509567158
220817192
1665418880
-700493281
1079322001
1957975972
-244115345
-527072912
1325325687
-681812082
-1455891964
-580228158
1218073604
-1312637933
507118241
-322341936
1662899513
1160754395
-1630055115
1082265336
1822830215
1068081517
620954578
1229906753
1304825477
-643014446
1443625084
1061306783
1144990684
-1326569608
-7055550
302612597
-1666029691
-1224161447
-2052747886
1185741402
1894997558
-22227364
1378190025
-695552737
981409049
1819694843
-569000438
-1834617583
1415376319
-1747925211
-901868208
793133179
-2136249005
-422397595
1819654597
42243950
1267426066
-203989950
-1982810797
-988945469
-1975711238
119444457
-771150469
-1555176096
22790593
941787657
1315045222
-2035933509
1802459912
467392510
-474379975
1451787676
415855312
-1659130063
1701229741
-1333396442
1444450604
1018536893
2051249885
685561367
-947781832
-425132714
-937313950
-82579890
1034848329
1377022566
-653172580
1609765005
-129656219
1907847544
-358194350
-1141785728
1091926517
1685806297
385509245
54623998
870218937
249257084
-489318304
120158861
-73236485
-1444926946
1633954268
-1480802261
-558297593
541686698
-1922024191
-447897781
-503585063
-1455034403
-948110872
-1835262947
1348919320
933929261
1083765439
-2082597102
-87994301
-1219067162
2022384676
-610015073
-376014551
-1098126186
1818175159
-578521792
-1775917666
13432747
92956138
329776575
-1807094165
174953306
1127051290
-1208406091
585423494
1373139649
1133622243
406338129
156651138
-1682818737
624246447
-39589032
-499155128
-875001501
-507817840
698947692
-847913977
753981747
322033999
1766381712
132522856
-988466705
-1568066875
216682986
393680902
-1502921435
-568546200
844439499
-973174755
542393446
1845476392
-19032852
-1202545535
-5568726
581757051
-392405510
-525557040
-2073130256
519094198
-2095101867
-1389246742
-1752741463
1622962335
-157732589
-1479970911
-28941738
53532735
-1535942582
984625837
-1860915217
-1477699333
1367528590
-1598975006
-1044256121
-2085548315
289948344
1340212132
1380071084
1679897935
-1228288535
-1118449510
-257243373
1320604065
-1694385202
1994981537
1462006901
-843679892
1993189668
-1191754493
-2003472461
-1414776386
50201214
-937263640
724660800
1652170167
886949190
372867340
-617475905
1430430300
-1400451839
741873585
2146374634
-1781304917
886517974
1165256663
1051261878
1407291118
-1088391856
-1197654870
114692276
-1750493612
-957245854
-1385176516
-169564230
-677649988
-2132202069
423856244
-362054718
-1427790124
579680508
-1410113211
-1427422703
-31104414
888816918
-913314270
-2133664613
95036641
-1995177801
651374768
933875365
-964520881
-1778549801
1440395965
408606636
-1634093243
-633366738
-244999824
-472721275
829218119
426272762
-33278014
-1933154619
-1681442723
-615083010
495572012
-1330466206
-1297810462
-2079331891
-655845983
-1437294182
1361646747
1395833160
1252707263
-971290861
-1532113397
-49958812
129762880
1103697475
-576063228
-987611088
677883830
-1781958127
1705600897
-1208889834
-1617289353
922137020
2133905843
83244384
-1379117355
-723118084
559052889
-2074452738
-1361977966
-1047578522
-1489364908
382723461
-113020526
-41658604
290194298
193672059
716733906
-1908846972
-1294175574
-847291951
1756138648
-1539315776
708928799
1259317424
-1576195860
1815023807
-363683575
1652876408
1010819910
-1872980725
-1047484071
-437229307
1194814856
-1176027997
358923484
-754467533
36307502
789148962
-1267125621
992434852
1156221635
-779425505
-2092251360
626240960
470366614
-1398167081
-16207892
