1102931876
516480798
271927721
-1455840175
-1047966697
-742806486
1673544921
2102094953
782507287
-1666134707
-192714208
1577993349
1596878625
2102010804
-490081458
-8330998
-1107123100
-323414065
1907721125
-1698109491
1851960264
-1341094401
-461920140
-1737355798
-720098254
1691370125
-569360380
-148848941
855482374
1379035358
273738424
1826594987
1299916013
-928912924
1346628207
735087060
-422968361
-546894376
-15264724
-1635861562
-514443965
137223461
-174999559
362379042
-1281006147
836084903
-1087986937
1304116486
1951350440
-13104876
1327603738
-1991028317
1714091837
-1903600198
2021792291
772559883
-120163885
165360234
906675502
-278659249
-1724159648
-2073736012
1177055614
1859479753
620458815
-1043824557
869297398
1312313269
317970739
1606556394
-1399253319
1074614790
1721143211
1593693937
-212498155
77077111
-874132409
1344244201
1873247644
656792543
179568794
100467159
1284034451
-168841783
-1583203023
-527186449
-335527792
-1376936381
1483948244
-993153394
-1286904994
1407749366
99203083
249727085
-2097032925
-1301929098
1942778083
525612819
-1605104443
-2115272997
336824049
543558283
432715912
-1010278768
955108247
-758694825
-518979077
-932844438
1451093638
1328793508
647981076
-2043579908
-450680189
-414314306
-1714798694
-1360228567
773421676
-1926819899
1242143171
196199930
1316592253
1041363617
730231069
-577409104
1046567375
-440702414
-78430032
1857580829
-1617887198
-1991502132
494168420
1461924911
2018692059
2061551586
1648298400
-1089149747
156093519
52069120
-1613026508
-1227112731
1597348929
-1271691778
304114552
-2146891835
-1604534103
1193654386
1020428725
-568058710
-364400713
-79544218
-55228478
-1960478570
-1464155114
1784753738
-783931150
658228070
-157441931
1254847532
-1654449363
686439971
-441268414
-881812443
-150632868
-1011801961
-1798673736
-367201770
263831050
-1788494813
553892123
494670996
-1629359801
1718187984
-1642059454
-385933024
2120070352
-196347485
2132822
-562237541
-1206023316
-1168764620
-442768936
1406537976
431755416
-314558591
1790723816
-1051884237
1756146022
1882241023
147743171
-1562223487
-1876303967
-968173838
974401677
-1828341816
-2012493003
-556168963
1565796944
-1697915824
-749654579
-675966980
-1532363452
-898740549
-995351362
1261441297
-1213305520
-1344263886
-787639005
-1580730371
-564128048
1066737889
439924296
-310264912
-795928168
11464356
-1474666933
-1575069662
-1322651591
-2134110462
87422208
-1276669597
-571869310
669912409
-885772011
1133827057
1724017225
-644034981
784204662
-1842526647
-1923295893
2026868152
2005947634
-385818688
941246480
1736147740
559643166
-384067438
-306133965
-1271700900
-573865607
540215099
-1687112863
-2025706773
-163266608
809500421
-34184256
-396428654
1588739812
2147156962
910676306
2109658976
-797314487
-1769232517
-2025898117
-131816226
1199888016
-1859640440
-324573504
2094971015
1770479272
-1083980447
-1581892911
967098742
-1952918655
1740635861
-2090890039
239073121
-370243087
452800570
-1044836941
-1206729531
326767323
1055227845
-1891797681
2067030114
-982005363
-1709354469
1968492822
-416806422
1542284394
2133473319
-144425092
25091572
1508797384
-1499830738
151493492
36599094
1232517915
340002848
624679993
-2091531533
-1660325806
1530201903
594095434
-473110862
1195699585
-597617499
413663925
-395057872
1015206079
-291172878
126659992
-553681769
44369489
1217662468
-75942684
-1790801937
832526599
653508571
-1775405468
82159059
1449075942
-82655652
2068435965
879105640
-274132986
1937591652
1442378039
1313866891
1134489021
1296111647
624510203
-1908953527
52310013
-46948197
-1014529122
1396187283
675908346
750918807
993469726
1358264882
764849935
-1778615391
-371815510
-1785992712
-1125958430
-1408650657
-19886489
2075384887
-928884795
-247142612
-866816911
-403240073
-966362529
-131574810
967928863
-1789302686
-2145291893
-115085051
2077731466
613682435
-760307329
583745008
-531898544
-131092689
1121581361
1688648331
-939648875
984565315
-933742603
1420486164
123188042
1104336911
-1639224982
-316680401
1592333233
-1778015983
-1925661801
-1981693634
152822304
1720323045
-1727851696
-1584137482
-716845052
86584316
-1999633698
-286959057
-1548474072
-28135540
-2064447778
-526518022
-2130135753
-1879737145
1381313897
1377548280
230993279
556297806
831359861
1919160809
1231473399
574481128
1816208506
-481880957
2068689027
-1890315154
1537681496
360223364
-1897908875
-1977652726
-1988580489
-1488854262
1351701591
-238339680
929119535
-1832926686
376291815
211856523
2054684778
-1681578338
1295872098
-1242907764
1990142600
364192042
1931707141
-1098287618
-1960702846
-2077026143
1313568208
1729497166
1019742801
397014940
-1042645619
-493079125
-871029616
-1113579700
-515349488
1879390457
114751584
-1512623223
-1431083841
-912572150
2091342219
1167332394
-940126892
-590611441
-1392776469
727488407
-2071697695
331605580
-1930667764
1413339803
-1216550124
233000970
1229921040
830945662
646187452
-1096200494
-110699053
-2012002734
311476875
1270877655
-44499634
-1174843251
1824724765
496578995
-1807241152
-1508421160
441735480
-775929002
1181796874
-275950555
-1270376107
-1242278341
-1436797222
1598072071
366213471
913923547
-818702836
-334599619
-1680152646
-64690586
-737241396
1622829967
1012434566
246490288
1922431743
975185373
652002084
421302633
756638819
838433652
-1023417864
1200325521
1934774260
-1947232861
-139623824
864321066
533783441
148884365
1246584645
-71883474
-1061850657
-662199743
-1216262399
856231363
-349972371
-915916281
212093120
1990385068
-2146690023
-1293763332
-374443718
-1754567165
213247921
-611015967
-1696697344
-1341790939
-130887460
924048943
1489546501
-935134228
-1028290757
1603815022
-1468996001
-918232541
1795838411
1528878022
68922959
899184182
-347111796
-1921482794
1691388286
-42089431
1590863975
-899162172
-195656311
-1127940149
-1579026612
-1164063852
604565439
71593514
1471069850
-1280661827
-1501940695
138342985
475078084
-1794171399
-1531500342
509227280
131237680
454585948
-866301657
205422723
1964986722
-1588491864
366650889
-487975370
-1960987047
1391569886
-94990976
1432627456
1093330233
-316262888
456011563
1796471279
1495599657
916382358
2044772535
-1714751365
171143294
916497941
1929045668
-1462733315
921445145
-1521167769
-515283633
-533685151
159952652
2085572160
-1936237012
-1921541094
-1747850109
-2103445939
1086102866
-1675803306
-930811423
141589386
1392819004
594837618
-1955490519
879842004
-1388308787
1362450864
-1632297057
-1905423939
-1420039276
-437283801
-1938155602
797349023
-1301346223
-1424033798
1607484684
-552179213
-1426265672
1887031244
1119769371
-1538818333
-1140245132
2057652595
-304040558
223836445
1437733230
402828779
-1862290596
-948786711
-660130994
-1274829684
-834618432
-1704745347
-935754687
497218943
355822017
-2093772401
1327842557
1568833390
1380768198
1703733804
266771969
-217688966
-1739442818
-1770261560
1620568097
1490039410
1592629757
-1455092843
-1806862015
2004732481
-926237654
1236958999
953874784
348097190
1616572253
1140897784
-466975784
738517547
22966852
-381103848
-2146559773
-2141836209
-2118441466
-386471704
-352836767
465812997
-874179671
657114360
932189911
190104929
-763403336
-1711891763
283404730
-1646792560
1176677407
1593381368
-1924435986
463671305
-1650476966
-120794269
-1961305719
611198978
-1931202610
2014394861
409328091
575251748
-652689802
-1812662215
780548786
74885249
-672750654
-882587709
-2103124007
1709416133
1045220283
1334670643
1806073570
-2139187541
-11872662
58842613
-98988251
-1414395213
1311420794
1892332297
-1243171320
1752699409
-1181243364
1722750231
-421186689
599469288
1044122922
-1620943418
2108363478
1333469111
-7543921
1546955341
1227432878
1604293139
-1912788763
1705573193
270466884
-1345756010
-1454856609
1194130897
-747397639
-1492192745
-836736024
1432080839
608387342
1419685915
-2038343284
41312625
1312535726
-1341726070
-174105833
-61792697
-1729352143
144201381
-371836421
1654667022
289295006
-1673176777
2059086198
1099471653
-341708430
-692233206
-579309324
602758942
1741561759
546897564
1213126833
-1739172209
1016389335
594636307
-38880094
-1815742678
-2056721143
-436645779
-1844123243
-1264461557
1209522219
-2116243717
1140172950
372402257
1210290746
-2020568049
2093128853
276012015
-1705852546
1905414132
-474065339
1631176131
1723814162
203528478
-1994735034
-1605709848
1713309091
528481186
-1207052923
-381846712
-797304201
1551059943
-1285940253
-1997180044
-733992271
-596635491
-1484845804
-2102637641
-185865517
61609966
1117735881
-2031830681
1416263299
984132596
-764857583
-1364811905
1652766353
2043091562
1446008316
-63455382
1976148792
-1418624091
1429001601
1634607905
-1435343197
1401758916
1488957601
1207342199
284795827
76189990
-420908341
1387967923
-1054841601
-155480292
-1542265726
506957663
430143515
-1931637793
-1558339012
290367327
577648925
-599598396
-911426163
371782980
1110446685
250885037
-621556603
610551778
-647777157
-37280573
660409173
-2009534433
-1203549531
-151164063
-516066248
2127480077
722808601
-959682477
-1462242929
601216315
-1527716887
-1318378689
1650396750
1760057671
215241725
-986148509
-642332521
1501608888
-941776802
1450382208
-5346653
-811087350
-1107427919
1612013333
-1249604119
-752065783
2025743872
771507920
-1811567496
-1737017758
-705224000
247207489
-172497752
-1172149898
-1763216625
-1094486832
-1114844431
849753457
-685059524
-439024655
-138631654
1994969755
1927127692
-356504427
117166485
546391277
-535084997
-757805085
-1217461719
-320741913
-1977892671
303353639
1356282065
-1680308320
1675092565
-1981702390
-995479580
-257938146
25030582
1427331587
-378966411
-918563865
-345334744
-45480435
-1932743172
-584500520
654646204
-719257190
410678837
705827380
-1039270955
821545927
-883682489
-1180688129
-404455450
1132633040
-1039644119
438430605
373196416
1602780101
1995599681
1444065109
336280203
609999485
696369997
851560458
-1980164909
-1309292341
180304518
593678828
2090594758
-345287185
-851045886
1548557658
1689796475
1039646543
-1654270119
1334200236
1996785654
2135779175
-932526453
823987519
-1711088726
-1702180868
-764173791
-594106160
312991806
-1085287529
654993809
369251341
-1617066092
490961457
1411879398
-26493591
1531687686
1595950378
530424992
362710831
-1632549134
-1101382016
778397912
129639386
1455190648
-891316420
841022120
490120099
-478597246
-1265057489
363754697
-1796192422
140066564
-849088546
-1006038916
-1294406535
-1891031676
361968826
1598152622
1884006005
-1451627556
1639164564
-297302698
-1645209257
2030020670
701981775
835096609
-538941045
1910575993
1879249622
-656254127
1151194360
-667636102
-1342466480
1075878370
-1416804016
-1079231468
901705362
769650670
-1317631064
-810052861
-55099691
844381777
773178698
712248366
-1083320152
-477526896
1316522442
741216555
-1049656793
-1164411658
836545111
294555400
712141677
-599369984
1666738770
-1276751544
1172408134
922432506
788064548
-2119857877
1542994729
-1601091095
1316803916
892208435
215259749
-1439117141
-1113670474
-502080286
2039849113
-976544420
1094946387
415274183
788406120
-928411652
-1256775451
-1229652293
-1217637523
1793800014
23712538
-1642177944
847336557
-798601470
2092931292
-416450038
-19737397
-1840186346
-760083993
266268537
-927669184
-435754120
-1983101541
1757119846
-2016368182
104314607
891338771
777029860
-1491580699
-1180945348
-507097995
-601577686
-1091082760
-477162884
-1788151669
-956931177
-1549599214
1237805520
-1090482798
-1386386955
-1201502763
-583392961
1718602322
-273137407
1473741746
-1257156902
561818222
-2031869653
-1566378
-940116448
1540837117
-1529547879
-784060317
736282788
737827928
1996471665
-842776989
91278572
-1489968843
-1729496233
1096537081
1069617052
-1440015628
-111890124
-2042008744
-213990700
707439417
-559795655
835725817
-22057003
38015674
864150819
-228619896
-1731125526
-1984133799
-1277327168
2111314974
-2082956923
560491380
397917361
-841228363
1838099111
-278911876
509858416
873190616
-387874427
-1482301756
-864343404
536595610
916953704
246454427
980722260
-1883201080
-846736940
-1250058596
-1392061111
1368150369
-1437235732
-1224008893
331757431
1812899398
-43128300
1110674372
1912359821
461925421
-1130630952
-771019241
-1580893844
-303407653
372666379
-815940521
-1772664603
943211154
934929203
821823820
136905926
-1510215993
1917939748
-1553051066
-657126889
941300760
-1999040022
-191276500
-1926674527
371084412
119344620
1915855315
-834555473
-81384261
2008618829
-1413918317
-823153128
1504717345
1463534741
2138744856
-715277189
371339118
-698795120
2126119541
-1576083764
-1423917808
339883894
-713567874
1632470544
-617492333
333630795
-557051818
-1424619676
-1537061032
-1927376248
493490246
2076499267
-741676924
72747515
963947984
898709767
1663869499
-1864664341
112739075
-1805604688
967607822
482055807
568388369
50910435
758718641
-6254753
-308745442
786471734
1671153905
-639858789
988042330
-858650454
-874323484
-569214772
-1614007471
-969738120
703695969
96664184
-306388863
-71148784
-1714127950
1635027642
-1289730515
1183082846
-29171320
377830690
-1560924304
-1458026418
682468654
355333081
-558238572
-725229422
-793880063
-283277559
-1006233436
1412099746
2009770272
-325812613
760982591
911904516
-459791777
-514834048
1165789614
-659371315
-258496384
-836837099
-1406878151
266332262
1709108388
-303898559
-622807883
431850643
-1072059138
-413098302
1854076257
1581365169
-422335798
-425375256
1049988851
-2053190849
-1332245635
-479103041
1565555949
25969567
-293725890
1141887091
694132532
259015196
1502385812
-274568720
1280841442
-315718866
1710758239
913816009
-1369039782
2062712061
1464803596
1419919706
1052353181
-1784782301
48880644
-1189324753
-1312203813
-538899274
1058328677
1282652327
-1746341043
2140214660
-999236621
864989908
422088769
436968352
792641360
-1479071323
876672630
1765376029
922462315
-2076852665
649123753
1942362649
790065206
-938881593
157624943
1648273149
2061795227
619783419
680499781
948042498
208441264
1811713698
-68459291
1264334326
-120276696
2031919050
1206008026
94535743
145655564
-765172111
218622294
-1562438624
1178271915
980803183
-880997565
-1612835014
1920982735
-1136242542
-533344361
930089046
-77701071
1755774986
-1809600788
-876690079
1004433710
-304035321
-569001393
1457417655
601365177
360160160
-250829481
672375972
-1202688877
-434839050
-419635847
1390213158
-2122426694
-437888871
751452826
1365602295
-239131106
-1498359254
-1662102298
-1042118453
285841562
648877888
1542646751
-1514135594
1844034593
-1841408113
-906442056
-1230957936
520031543
-521033401
136488420
-664561988
-778467165
-1774837063
1295150569
1153732261
-1029069726
1915034176
1261433721
623730091
-1979554850
314275934
1171077314
233570557
-1003750560
-934049755
-810679292
1540190375
-2013743422
859892183
-386037916
1041140943
-906684568
-1972991024
-183094784
723000122
602365296
-1246179932
-1934819774
1388222741
690090023
572273028
120770937
218555634
1957648831
1882406885
-164380507
1157432592
-610940354
-743145118
296046225
-197489185
-1092921926
1057731297
-376309977
831417538
-304913981
-845703179
1503763455
1678777110
617674271
1745358723
1256433208
1745124722
769713340
1618366119
-247926389
-325389520
1810496738
-385129000
-519514979
-588424660
62963111
1588032585
684579475
471206603
2107587496
-1690423918
-306445845
1473974335
591998453
-138177137
-594832246
-677502712
1194284621
-1915873656
1553001744
1513429949
912570506
1136743826
-1124418189
-1253635061
-1117039266
2108123444
1066773195
-1476002818
-1241162689
387208780
-1156754838
1641944447
361957535
-641075405
-1383068625
-1875453923
-413884831
-1483689697
-1321468389
1424713487
-1217709689
1444649929
-619621084
-1913965703
1508533551
1376079
1015985993
365201134
133672383
-1462088614
1960461030
-1594969546
1393861215
1060958851
2041229129
482468944
-276629081
-1324369678
-683056508
-949555782
1232719257
597589320
54497412
-337021969
-388095279
-290947906
-1144146078
1463507248
-207606022
1985186702
544083193
1386241159
2063733380
-418324847
1519890872
-1847249400
1931737491
2060602153
-1962820424
-264916135
964483130
-881254048
-872254192
-1315334027
-710527512
-1453980591
-1768403864
-245872468
-883639262
2015585478
-1435537716
-620790803
2076081266
-1621458398
-888144958
-1261861817
55255455
-1369631359
-1836172131
-756815955
-176586723
1609304861
903310355
2078233081
-945210937
1023798771
625664781
329130803
-1959892789
-1278350939
-822559042
-1951982062
1660978660
-1513716062
-1680059402
-501876030
-122356274
-1212578685
1341785016
733733351
-628545033
-1353156936
-743619319
1318982625
-666460046
1832388451
-1007880182
-1071562671
302518064
1065485443
-182888887
-1575726628
-644606351
1893243733
-381152173
-743067090
-664349065
-911776266
2100856973
-1812313534
685384829
-825938100
929229635
1225638623
1936169703
-1726770905
-2144140287
-898119323
1493104825
1291309218
-89139167
264920265
-467762099
1079680207
1859595941
-1854314787
-1157470912
1754436498
-2079523514
-1396955692
-384095827
-2122862387
-2022960435
1784490501
1279978141
-1306784835
-658074976
-1687819281
-1234451523
344491683
1593447839
299843197
1285132881
715281574
-1440447440
263201162
1994665833
-850888201
-1652294248
-566708058
464427345
-1039750602
-1667407732
-421565926
-313343923
-1045616364
485116167
-475895255
904456837
485724472
268998494
-1491061096
-141761730
1044817254
393401489
565036656
107637066
1463783390
-1419114525
1161392642
1216188610
-2025507838
-131149397
405133100
-863302671
-1916897734
-399450260
137903577
1772064658
-1622761957
-1397158621
-2039856947
27575870
-1732036922
-1174157344
1260830370
-141719777
-1890774642
218531224
-998877427
-2088614935
-2032906531
963929657
220199013
412213771
-176058025
188961277
419840358
1190818593
357875519
-382457598
944945969
1600159915
-224135654
-487204838
-1400098921
2105728772
-1692167023
-962304288
1220910998
-1486603380
-397771109
1809994507
1021812259
-406660569
-1754005541
-673460986
-2081549527
-79022613
-598544314
174631359
-2112836911
-2039383788
1566572296
1383800255
1114404100
1102381115
-1071167576
1951831418
1210677549
-100115257
586650985
-940884248
-444644797
1061259939
1287125235
-1503127469
-1616402682
-1458221775
281973811
-52520846
-234925432
2017978238
-1639071618
-202357833
679989486
875865014
-850726148
858768101
1928799351
-1610490407
1033175875
258232036
1774003901
-704739922
1698019394
-1233680936
908540475
-1912517640
-846938272
1203961199
1515130894
208727783
1632661988
1827939962
-1391884801
639654353
671288470
-65907265
-1109991231
1352698913
1324432807
127665676
1025894006
978680719
1298738381
1936566159
-1169187465
-1329961583
-1613390
762679397
-1832275116
823477264
759770254
-581049744
426364953
-677357217
1277850898
-1483834771
427055571
640419688
-115928185
997604420
-69899182
1823106599
773199927
606884002
361433391
1329155420
1670882571
1517234116
1630782480
-1118386820
-1472971403
-1592765034
-81432790
-1472785432
-365514608
-835085572
-878474233
1374869089
30933380
-303517586
-2046458743
1337385402
128381487
432317898
1914236974
1703335886
-1911876607
21556069
-955487852
-2051102540
-110263513
-932226974
-386680769
948859697
1586474987
197378631
-742501734
-210798483
-1808082343
1147206092
-461013957
-582478102
-84335578
1308639478
78087275
-1126170447
2100518093
-1572762012
-1116083996
1805983949
1914498043
-1209781783
-1212915492
-506141699
9010733
1879879258
-1420618686
-2111514460
-497133674
1076747432
1540260679
-1656694268
-1475645115
-772232144
1030480415
-1742456149
-476658553
-1256778671
592506120
-961109460
-1501140855
-575927489
1999796363
-311651822
329016898
2145097238
455426561
-1271478766
656500367
825968178
411878488
-771038337
1688837791
1983690685
-1935928041
-1107088382
-1844339056
950592904
127471006
-1732630647
-1289296294
1583113758
-2142092110
1365408127
-498440980
1910629910
-2059625415
-982887106
-1768340076
982086569
-256547007
1920812481
973778851
1148219267
-768447418
-257016674
1471634512
-875088163
-1158068300
-1463870414
-26597668
-1352738101
780923562
1746546973
1944517367
-73762606
-1517260288
-1805299984
-465058462
621086909
-1445596789
-891452379
480594644
86356912
-478556257
-685401777
-2093217503
1773799549
240344276
-1054814318
-1348761959
1247715638
1408586765
-1927900588
896578478
799280642
1308642998
1945309236
979518169
-1224271564
1584511308
1313075002
1166023357
1998633113
1011813410
-1697673136
-1154136437
2010333201
-1295692703
-1801939471
-1380054872
1887414624
198252879
-888757729
-166071411
-1817770683
1711524308
1829273498
-158585617
-1190565428
-79798726
882059854
1681538847
-1500188192
-595375564
-1910215924
328998066
1384948260
-645113055
522648189
-109692316
-1753725182
-1310572911
1233215315
2051072825
-1578393597
-1928893177
1232600000
980298469
-1572574111
1478524160
1352531499
221389421
375663834
-1784667596
-1005049567
1669804813
2053353158
1998413083
-248535415
-463289508
-661932949
-1763795278
6445595
799836845
-1715515760
772596862
1073833747
1775056568
87669583
1378750673
-1824137951
600786810
172678703
951452491
-1529954142
-1101576871
-2049268367
510801315
-1694834155
577156490
422375594
-1567891289
1556363463
-600870729
-1931162479
-703009407
-840321839
1886601179
1809782810
569653051
-728777660
1984291696
443147971
1763303556
-129054814
1137043660
-522243027
1850524083
774558095
650310088
-1308705555
-1131007220
358976967
1754157730
2127302820
-478038206
-506946734
412953124
-1737281204
1175079485
1076110838
-1972283387
1980191700
-1907927011
747743981
-89066098
-2062248465
-599547779
1859245272
866792576
-499729111
1279822331
-350772493
-1258567628
-1351331013
-1936938504
1275219849
-1560789756
-1975602273
64783516
-1867863639
182247913
-2014519707
-557790948
-2034248167
794503269
1452287047
387288639
670739338
259890851
912195579
-684043491
-1561453043
249554908
-1763462968
507168810
-1397854779
331568891
803301980
835495026
-1439691554
-67104893
2042375643
-1510012123
-1730514755
2137837744
-782458821
-985905834
484065912
1666567900
1229615566
637981695
880910984
-650297564
-229823712
-1159258552
700216253
2040953163
445412098
-1534115832
277471601
475452381
-802807322
1250868363
-2100587264
-662331753
-1665026450
-2075649643
432950903
1529274118
-2012348610
-159996249
469161098
101888877
-1601237479
-911018880
-600215605
-1702526997
-1846556629
-666320666
-1062116071
-1701623331
-1083463773
-1114023259
-518970538
-1041570431
1427800709
1802617304
-1275389860
-1930700325
1160866493
845940838
-1898028752
2010914523
-68617354
1709684431
2112997752
-1925637697
518694828
-627230424
-1801794006
-1007584330
556523007
-1668507548
-1590323322
990635717
456594890
239600596
-1257365947
1511554286
-816834188
-1533088016
833220626
1930018190
971121157
381077335
-1165670599
-2064427770
-1904502788
-538278124
761096606
-437009762
562335071
-1768249566
1984791279
-1082656603
-333822702
-441764302
128085533
-1453958436
323705708
-301590614
-224583161
808501012
-74095609
-967594255
228767096
2019775508
-566357801
-1988330775
1758735955
1656787649
-852543875
2091541948
720867341
-373777032
1688093149
-475476773
557768026
-829640258
-1120079123
-85031612
470876458
-183136229
1060794576
-1584570365
482595542
-206700990
-885454046
-1493765382
1266002326
-1035942027
-338805611
-1723946525
1277702966
428597031
-580402500
-998415466
1847951881
-526349854
-1127620826
-1015341177
601064989
79868010
-217573969
1091010451
1923704240
-1253588701
1914371090
280109563
-1908578079
1278722991
-867504447
-1860167760
2107206826
595165915
-70205704
-632554800
-1703997171
1333588155
2089463311
-757962384
2107905677
837101842
1756711439
826599580
-951935265
853915128
-1333985400
899249051
1482704097
-1256392010
1815508129
-1687340170
2001354699
-1343231756
794362224
-1137354053
-797702749
-704027626
943184268
-387939970
-326557450
-85854494
1126939359
-921117280
215625156
-1587888283
-1599588928
-1417297069
644362683
2025895191
1104470592
-1973364260
407946152
-1422152387
-1611393341
-2102734693
529577514
-2097233522
1701180370
1183309896
-952485464
952499481
1555028272
-586376065
882289028
8876901
2145228842
-1085810307
830175376
1325147609
-1038944461
199141931
-274927424
772234078
-612803921
1549515356
1428208161
2101956162
-1776376049
-2119988909
274554122
-1986767777
-971526115
-1810675577
-2049756272
935978364
-1182152296
-538418519
1799257662
2014782450
-614183677
334163685
74027013
467585938
-422827847
120951912
627131761
-451368250
516475973
2140774946
2031958814
-2016605707
-689764880
-1262068020
-422545559
-808147668
1532732826
960943404
305036137
-2073289734
732494029
1507434647
-683938016
1924397978
222786575
-1982169673
-1207870227
505726807
-522510985
-1062362226
-1662406587
1955636012
1298435202
-1399248710
519924642
-255687510
1311085350
-1015482118
549898682
1566903838
-721492953
-1250025744
2126134772
-673613838
-170833238
-772643288
-1916663785
1514744915
889341703
101030233
1564659524
1807939860
1961698531
1111089385
-589662170
920583121
-922296708
140051894
746170983
829598807
-351510202
1916050451
1116453221
1418766659
-1007155273
890198800
1860690981
698755816
418667615
-1901190146
-41803641
1380073589
-246449606
-67928527
-1199512133
-1171178665
1188273737
1842383623
1505798643
156822748
1797176926
75675177
656738138
-1033332200
-1143195336
1254467088
916634691
2134493708
-1839139889
1595224267
-571671899
166547971
844855279
1486051582
23313095
1822573631
206497803
-1411213523
-1517812425
526034133
1017699402
310702906
-518625280
108792021
1689222374
-246107604
322374427
714638253
8809910
-390882255
-1003087835
-972126514
979263240
-681959707
2133748050
752129935
130832308
1736429524
456897441
145751890
-2004677523
1101730621
-1570201519
-1503405595
645519450
1091431193
1323338130
-2124929495
-1271780636
-818793893
-348926336
-1592869640
-1618641199
-1340618632
1811477068
-1598664124
-2089603439
-1727303384
1996749500
-1417026437
-1022969384
-2086310802
303088085
1252867634
132403308
-1479865642
659828437
1763536385
965916223
-1015102979
1832094310
1784043691
-730409792
-100760234
1990222353
-155399806
300322157
1164470058
-427118864
938386697
-1963089492
-1558592032
-1983761497
-1928257062
1865991131
-1149400706
1119569300
1313811402
-343399003
2118268271
2033874245
1966626122
1741428631
-1137126778
405654058
-2950384
348360178
749335874
-181303925
-1673888267
1016962754
83780691
-492199749
-1261652191
-1847833297
-1687346339
909671054
-814216604
-1807206894
-1070012933
2095998983
2146286311
664400331
421736198
-1542120362
-225286653
-864600239
-396648426
1949637632
2134952048
263146634
395722056
-1155354785
1301361058
-964513828
-111433407
2093156429
312101231
1987634947
307404147
-2146332900
1749421044
-854692060
41034398
1241025224
1788878777
-1666987486
-1224716902
1091541103
-969872877
1371997488
-767982509
797287937
1976239561
-210332504
1488490259
2057528371
1013383162
1268095258
1735916038
1018061752
-1157398722
-407445082
-339113221
1975800243
-1992410870
-286965874
153669480
-171374746
1136417112
-731578618
1134167728
-1678155473
1270825094
1389599054
1754721447
1801457845
1370274686
-1010306046
278866005
-1920410018
1998592534
1466352048
-124099847
832704004
1049348026
981718955
680938321
-1123886361
-456570296
-903705314
894109976
-1509343516
-1905276101
1169454947
-143334192
-1297057561
-1247310070
1469519765
-273012799
73729693
-273482030
1782992227
-1816102848
565314926
-909367246
1371710247
-779798988
128921258
-1652566154
-519583946
-717186090
-1479154943
-1281511434
-1268726151
877897399
911669560
1550247616
-1070801860
-113439481
1752319002
840663924
427879237
428983059
-2064907349
312494959
1346303016
-742796017
-1312049757
1811266348
-2114052903
-2030397163
-1387071206
-807751194
-810345085
1231256941
-2083358337
-612650112
-290314601
-859638002
1944982734
-222698327
1436587046
-769829787
507556098
430122299
-931265933
1115125844
392393927
-60363548
1498519492
274973053
-1285335181
2091503111
-25061512
-673209921
1391148087
-1932279068
-1582788002
502573568
-65532783
-854349579
-1826830269
1870138925
-1370520060
-191590757
76779212
175105406
-1328959733
705148665
160682374
1482009342
1376266058
-1016039392
1812463419
752992842
-629815545
-1806870676
-948897657
1703150744
958153175
-1123284947
188797866
1432984058
-2046508900
2104242312
100501918
288400100
1706272430
-1487988577
-1942429588
-1603373589
-1551960489
649111536
1634477754
-768248369
-1333655419
2020103418
1117492392
-1458322501
-1041724486
-1843991771
1821271517
1255428554
-428474810
-2070918429
514195676
484448717
-405923912
1163823121
-248528997
1068858443
727045522
1844316835
800206166
1053297608
-3399877
633902464
-1368404576
1450920010
53753145
-1019258965
57065658
-1139863784
798711711
1094871970
2008406311
1937556165
-135884861
1814456586
331675263
1370517356
-143922892
1878977675
-1877493373
779710268
-1964546582
1010776569
-1014045327
625103670
647563711
1472224436
-11664742
1045959733
122575134
1214147152
499127857
1619316782
-1979709703
-2141926537
1720681316
-331180103
-758641152
-476336370
-1441633872
-1827729456
-1216108273
-687404138
-1930554255
-1766790187
263708391
2081018580
768167864
-1714650151
-2121886432
889600948
1947121248
221580058
-1108517282
-381794710
490556771
1346120398
1818654658
990240474
1196884073
370803998
177711523
554320186
-673066079
463725684
-146669698
446203124
-521543980
-1087890695
727747370
-1324912176
-2051054153
1957287513
-1466718385
-1274608814
-250764928
857729993
-203854567
-841335200
-1835266117
-268050358
-1771351769
-978961112
232086109
-1380011730
1336155081
1129026880
1347169561
-348315429
-1856982933
-940737522
304581618
-799175730
-285124533
312233321
1055227665
-291927581
806913138
2010077312
1014769624
159244242
-1095812383
380901114
-691104970
164594940
-1170824439
-15256994
1860951356
-103497368
927032704
-1743914059
1977907696
-318527481
1431753458
550320494
-882198687
-1045991105
727516757
1417965440
1043385595
1143110054
-364480928
-840759851
-1471673316
-376772338
2139269693
559870182
1240073702
-423868991
-327613060
212517026
-2108835242
702052365
558882635
-129812076
-1783094123
-1026096638
-1900979996
735763523
588822670
-1402376327
-1486706874
-236192036
1735894464
90718808
-157694937
-803185394
-1417350316
-2073305323
1044953640
1808220725
-990590606
-412533384
-1336606646
-1987989062
-1824097329
6447524
-366700384
1474179512
-1017566838
-1296637609
-95295930
1142168547
-133560776
715192688
-1343066479
-2136434523
356884541
103806897
-2132018809
365275273
-944326563
1155071174
-325663343
1554898908
1121091218
482564742
-928857490
-1589790575
1789610015
1267077752
-81721493
-401236379
1676677860
-547342185
-722339632
-2078926525
-1810863628
-1773257127
1324077213
-594953752
182550372
-705009171
-1860927882
216968394
-946172059
2057764292
1367675610
-1978919114
1238098069
-1609247661
524036507
-1004690761
-178981487
1850831894
-1484257398
-2052990274
1670628302
2038685655
2047369073
670974079
1162871721
-2021677265
-86838715
1559640344
-981275204
1952054093
-1018855780
1545615864
-833816206
1622461430
197309276
-2141792386
1550872797
2100310220
842996149
1893308896
2076241350
1454547666
-1772213680
-1632912306
895816709
-214119889
-751894072
1459436118
-657908461
-821697487
-1952749479
-1051930742
-1628043043
-1712716395
814948566
-1984443041
-823490598
-1241268988
975745760
-1881740457
-1378880929
-304162335
-1904991148
-153782942
-1464409807
-1421190335
1164137989
1180859521
472660828
1940638522
-1763248214
-1275990612
-776942270
1679198816
-1268365542
314422006
-114639626
1787678604
911412918
-1655356690
-569806902
-1560256545
-161835227
-1081327033
-2109098714
1777943302
-314081210
293542842
1578191515
-990840897
1953740130
-831606230
-831124169
-723587942
216592545
-1700622071
-495555558
1264795908
759267775
1687371514
-1485967287
-1176694143
708987903
2106889911
1604971969
-62793160
-532533409
-1219343819
191869391
-1412522316
-1811787508
-739314683
-804863330
670301672
-2082605288
-122135811
1450116113
1516917620
-1116738711
225037335
-1919691309
1718320934
456563188
505392792
-11895125
920915906
1621057067
1923987060
1568373012
-1538927099
-2072726604
1027299568
716928268
1019356135
-1858978214
-1977587831
-1869470932
-1454228447
-2088968888
-1506413292
318381304
190363118
405552499
225306918
-309952904
1510922516
540450648
1405478325
1750074631
-660785627
950453223
1959813887
1385482090
-705757438
1791964350
-1000790614
1544739619
1782834080
1819106202
-78089428
500660999
1014789902
-610132726
-776296340
-54426866
777609398
-1093866907
1706563241
1955550570
1403379170
-810451203
-1496102245
-415400742
-1060481150
723500180
-1018027561
1929158719
-2117332948
366500622
-2056760713
375036783
-1484050845
-874487960
-678409991
665047368
-1906268389
471895528
-1476820889
-952169720
-749613956
-1236448362
-675170120
-32016164
1680311526
266773226
773894006
-28465226
2131979829
367484870
-1341899104
-425623453
-1603440315
783644325
-1407908399
898933724
1555597752
2052401941
268042657
426096859
314951158
-1727813278
-1473006262
586841777
-1715944587
1366624147
374196878
-858277546
1897999161
859627930
196103128
1369656001
714142366
916980934
-1874338655
-1734472326
1817142357
-2067734917
1305383957
2135442540
-129682005
396337701
1760910837
-2026064897
20851729
264395370
-347601474
1266399334
-10414376
775444894
295981067
169930036
1535582523
1345305980
-1916877257
-871155147
740802722
1982528017
1672878150
484989307
-568409307
1796186107
559954181
120728246
-1008319922
-1801530925
-1173710737
-436377655
-281641437
-1694819097
-115793839
682528409
2006574178
518433068
-964307151
199431207
-190593010
-1851788174
201149804
-2050345760
-799240918
-856519463
-160286562
-943065549
-2040640316
1500806787
1220862277
662318436
-2109131468
1799383178
247547560
2001248160
1021782693
-1106809548
-159310603
-1598648496
1456106452
1330999653
124586409
273762993
-1448394985
-459972780
468369972
1804373924
-880481375
-1458937726
326889691
1673451714
-139295996
-1982971162
-252967968
-454236237
928005878
1244953964
828984033
-1944903489
1798207319
1291093920
1883768445
1148226469
1122989170
1702197414
-1779151299
1061195179
1991876995
-1950342803
964817072
-1701990154
-948182152
1413223972
-1047023145
-73855717
1700403195
-1783670036
358976451
-185129739
-1330380624
-1421891634
388748668
826035640
-1466360133
1756329966
-1714195419
1176499014
1436566148
-1006610431
1484094045
-1700835903
-1304308802
-1136187396
-1682777625
-1843569567
-700443228
1763066893
-2086466676
-267961978
-510071931
-609433394
1479201087
811670544
1899028867
-2108070216
721057410
51485166
1948220823
-1301120811
-2138754295
-1492779019
1887509719
1965839033
-2043047012
413389554
-1707941637
2058484146
-1638068927
-1045901822
1092710941
1819524414
728440473
148632096
-937715521
-1360895300
-1745181814
185039614
-2069498862
-486221722
-1825423586
1172098329
475877493
1019323263
1996423082
-1109348089
1900634683
-1701544504
1255055666
1804562451
1012525233
2046547512
-171896309
-1764907509
-1604027042
-1603196693
-61137470
1672731735
1486459788
108683866
-1040293316
-1374666163
2144037895
546423243
1141437214
2061178564
575275300
-1685786869
-708751506
-1517316377
-154980604
-1899808933
-1621521030
-64715190
1539742745
-1038211673
-1046552328
75277378
1937843689
486468093
-1583816850
181969520
1446762002
-1907997636
1169041108
-1889963873
-2107202675
-1925978613
-15054217
2050683343
515343414
-938639347
551234079
-933466479
1147835019
739044946
-285599884
1429035157
1429752756
1587558416
-1871221347
-1989528703
-1771886142
696080018
-647659735
-1602308349
-1467081157
-1665730704
-1809187278
-702579159
2132914390
-1826705921
1185628863
-1543579665
-1172453758
1494501387
-1398729878
-1717203687
-2037230419
-341231165
-1986603966
-1347309757
-1126595391
1224365300
1973895154
21677366
-330167310
-1173274758
-1378349278
-474224516
2063645494
-1379771150
780022300
-1978030026
1349290901
1913855924
-914784077
-85801684
-1904694622
-771754752
-39779233
-1528292571
1161055048
-952614794
-291028820
2025409400
2144353993
769268427
2135956949
161021154
1835440644
-761346119
-1589093972
-439040870
809560822
-1786505417
-125263172
1871318178
1041089154
1930307050
-500383312
-173896864
1799263860
-2013253414
1514763510
1718100077
936591299
-165515159
-1747852641
-1967576405
-1133995754
-1885983104
457688200
2011409308
1874067849
1754827786
1526706878
-1883321358
-1360148560
-1465407067
-797626338
-1879075487
-1958166309
-486201450
1941986620
-2076248644
1807061147
-825478914
1459189126
-420192449
-384539515
-947878325
561281704
1846123049
1138763829
593443568
1417785905
1289853838
-1987414635
739318360
520477045
-1728744086
359646559
-1679169513
-855166027
-993545223
1908384735
-1663111326
-1300572547
807386181
-1607668227
-904751679
-1888495539
-779878401
-1393141126
-126229246
2104247675
1157831314
-786967686
435961969
1151991639
-1261884555
-965123006
1740421445
-1306531441
1241514432
-1023885503
-683690404
-14284331
625863938
-1854496684
1511449386
1195998654
1596999504
-1293840571
1676188143
1120889581
-1364456287
1489749652
-28885720
1119112560
295703385
1873953402
1344287815
-1612232599
44677667
485964842
-422477915
962026736
1447436035
-604859047
1819285431
627223352
15152042
1520367616
1756924800
-1315560976
-1688911092
-242045344
-2084138426
565067755
522894384
-262179002
-901282680
716164098
-1010739642
1466227344
631697454
-486955207
700768766
517259759
-2030846974
715070752
-1039049706
6445549
-869298594
1785484923
147264821
1242529585
-996054233
-638791132
1356399351
2098019330
-1260405511
1340475440
1409715784
401086985
-1781187165
1664523089
-126651659
-1618916262
-163089963
1714207866
86344832
-1025378891
-878924776
-2106809144
718892083
-754577656
-1207252227
162154912
-2078493577
-40848840
-382261607
1845997332
-1079200411
271830304
-169647824
1713077386
-1610664291
-1900969767
1120538415
-1967540321
-2083333545
-1493323461
-511088033
1775421768
-1024285257
-496334684
1873380439
677065018
-516343196
808645623
-894522317
-1888449652
-711617190
694311655
-1150
-585708391
-593729793
-666298251
1869954692
556980011
-749840268
1117878199
-723604588
-233451307
-932392402
-578733862
-1156833821
457103519
104601540
-1720720791
-1862219930
-1154546712
355126537
-1950719282
1130073617
1552270728
1053046877
1419822617
1472956485
-1587928268
-1730947520
948110336
1240157318
1747410214
536220199
-1325520346
2002061424
501869565
-2143602541
-1036294497
-1620274453
-1821116191
-952175010
617002675
-1451496035
-489770006
-563611305
-581222942
-1936594528
519056578
-1423407599
-160462552
1331290996
-228355704
2001868536
187449986
-836842953
1660680183
-1977919324
1159469232
1771759123
2005406919
-191293583
1837883195
-984018441
-352352941
-1486884274
494807737
394484872
-989294725
739108565
-880415409
960906330
339704779
1641548444
437245814
363791194
26668508
-2127952438
47874306
1751031183
-2017796358
1697260268
970563168
215131905
-1412030714
-1278343159
-759118305
-1247808264
-1330348130
1398369523
221678257
-2146783639
1345981818
-1612619040
1685646449
-282431571
600439832
-905707208
340289512
-780110476
-2135021669
-1968338001
914302027
131138296
-994422544
331441558
789448264
594573173
1555331122
-1676777874
393325313
541574871
1530788175
-1420074050
1263374168
-757380683
-1120973077
181535782
-1376000147
-405137282
831692676
-203739213
281340516
-395614735
1757903062
1424077171
-1554475413
-1345155886
1234984320
765779532
676475130
593085658
-2017392410
-1794222839
-432208036
134132462
-1346466471
-1105515595
-553241745
828065940
-271536011
-1449517524
-1539348313
1576576674
1959668170
1418039790
1381174616
1038153527
-989616194
1742308150
-2012601292
-467635473
-490750286
1412607819
113822225
1110771025
1535911522
-1970958315
-2098312209
-126925684
-1846351471
823196914
-955115207
1732161635
1014262756
1637450954
-391702965
1586392164
524118542
423089504
-316468428
1492576607
-1384490963
-1948924949
-329225540
-472108522
1696055923
1528482532
-1010037336
-1562915023
580228104
725750049
-1638760900
1867019892
1150117935
1969311267
-2094891008
198244659
-1914025561
390668203
1636073415
305341956
1020429395
-1566792558
-2039351316
1871352246
-1725272804
-2008583974
1904760030
1790344066
1252082710
5648127
-1096344097
-1040105344
1906808033
-1717075309
2017551880
-1962470820
-893339311
640679945
275171728
-1044060855
-157851055
-924496432
1678277453
-1529624268
1700219652
521257635
1094919801
1550066237
-951289300
1225987359
-1497454407
-355503006
1508554191
1000075413
1405151323
-271665539
-446296809
-1682341087
-962508065
1976459376
-567305094
576411899
-1239511112
1656268957
1563947034
1630345484
-1309600941
2116134044
-1542805395
-680069436
1947188824
-2058862296
-1393736416
-1145901782
-1765923537
-451263143
90520120
852629300
-1344365627
1251530008
1898427258
-233916072
409682319
-572643634
-961041907
1625084002
61163982
853303390
874328157
928266632
-1665530859
2147012437
-613738431
-1752381509
261187848
-1390022560
443963231
-1625957825
309473125
827455997
427085263
507005053
1717808456
1327947381
-1888529666
1313519383
66455978
544471305
1405955284
609069629
1033732650
-2140611989
-174823
-360322754
5622032
2068572271
-442224364
-1474230430
-1022443634
-1647393534
721067893
576267766
1706299464
-1446137766
1383432308
-599112793
-1112183275
-1452909969
-1969546183
-352539373
1611496199
-1759127639
1096682366
256729757
740400040
1372892378
-508852622
-1198094464
2142583430
-10279314
-1001046560
377957926
-422625294
2078764768
89989776
-2017782342
-1558658557
-893249425
-1909735699
-1567085317
-383242015
-2146103791
-1835006233
134278739
261915455
-1157357656
1953612314
-1329075928
-937416919
-51012237
1548612655
-1732113296
2107882239
310163142
1554442114
-2112190837
161272512
1996394493
94879237
308563532
-1944760948
1740522414
2119543907
504539480
-2078539933
-49593571
1793540968
-2017246285
-2014334158
-1945056780
-1241748577
1817816215
-1438004976
-1334027981
803731260
1150635144
-1262619452
1176268132
2128997948
1573398692
-1434918774
1593304083
187168970
1323697983
1258272790
-1519270787
206801892
1921567151
-1775312935
1393844103
698596414
-1694494877
836131970
-556139791
-459613338
676296250
1513533127
544766923
1447969576
-228586479
294201188
-191314905
1394144051
-2132884066
736819043
2000271375
1713890556
1200295548
-1129152354
-385212999
1915362
-564803962
883600002
-108802823
-936007790
-773701529
371736341
-582622730
2999980
-402647695
-1331063751
-1512904928
-19191898
-707927378
-1980693199
1219701345
-1236839952
128074548
1787756644
-1488277102
911806809
1859754941
-405230239
1773503024
-151341648
1417448310
2039770915
1156853839
577906862
178001431
-294271339
719186126
-192283117
1853741875
1813403992
938240715
-881270258
-2071728432
498213058
-79059879
-1637414431
-513726662
-1798765270
-405936528
-112751932
-68946924
2015914338
-2078743516
1219869450
615453359
84109956
-337710822
2028274050
-1898400866
-1293363215
-1205390537
-1565280481
853403017
-623761514
-1227965543
-1881669925
501307713
-210310543
1987033802
1026013143
-16133355
-305887917
-2113190862
-1905594938
491117923
-1542311449
-624470834
607808396
-973107087
-1851421710
1694109983
-1738386399
1118077821
379334364
1674997348
1515906491
1418935058
445851502
60668682
1776798508
-1908365156
-1498595876
1216133731
1410375560
-495087809
170220550
1735542678
346785802
-923999773
-878013446
-1308052522
-287504329
238644883
1368885949
1686787030
1870558276
279603975
334449483
334295164
-1081170508
-610552193
-517618213
1681329876
954652229
2002248913
1381662566
-2065874105
-22559476
1411344069
-787466902
-1916468212
-1150187042
134833056
1607760362
-797069603
-876954894
-1927276546
-856257606
219657710
415353028
-1058812444
-1298338056
-200464358
-86133701
1702674965
243108317
-1506932641
1050772237
815106724
-1250670155
-608819060
563615330
1096602314
544248875
-606504136
-275494985
1875279865
955386058
-2123427594
585854981
1745982513
-674146624
-1355664186
917421346
538534289
-1852167452
26500045
207223142
1833820976
1820817913
1687280712
347384208
-208122067
-175920332
-727277634
-1341348629
1009661444
1604478715
-903920523
851413932
10928931
1956777455
550920742
175816606
-271912260
-379642836
859104755
-319831296
-808267556
1996750031
21477784
741679533
-1571875396
-43773512
-1154733599
367675517
-1574980777
77132688
-1271414693
313978603
-1060296644
-1880805875
1767343182
1780807415
-408704091
978320500
-596781335
-1789008051
1061979847
-1432237473
2134204095
-935107673
1066610539
950107328
1705162354
1307330415
1036580797
216975141
-1859792211
-368687449
-1542232221
-2016014019
650597207
775305485
1277071825
-2042711910
153957380
-2020641927
-1787953701
1721531063
274042799
1188877194
-2145652085
-153488579
1519217574
-2063834751
830487860
-1212114303
-1877688891
490253420
-30096186
-424075183
2084577766
144262278
629112420
1276477168
-688131433
-791283747
1787729715
-290241954
932952334
506377525
1366091637
367296475
-652466087
992229676
-178126123
-999145042
2007832537
-634656354
-976061948
1802726178
851194096
641434442
1525293444
-1780524847
219169785
-978354763
2107863490
-562839260
-1726973832
-1311159986
1012683882
-2064017127
1230097554
-1162818606
-681970954
1449984327
540579775
-606479
-1398646136
-2125955297
1814234301
1036768562
1504446714
208930419
1802286791
1285212435
-1462716622
1885116220
468389382
-781075853
-1049496390
-1094618217
-813383864
-1496744396
2039703695
-1827655152
176075503
-1266695140
-1349006536
-218550237
-1958518997
-1699531013
-1475678694
1501178111
1980305771
-58787053
-1892391926
1714746509
2081348368
1065692851
1171496740
1673835183
1835996515
34492708
1965004762
-635181364
553758921
1165865929
-986623665
1113212812
-1632124107
-1539745407
-878588187
1188120288
1367149021
-752490416
-2087104748
-1541761468
-45919696
-37908163
-1776885891
417606472
-945357306
986911357
1981062718
92899404
-1126492391
-981452848
-107070329
-1939190390
-2105629261
-741245654
473208429
-1607838120
-169591128
-1179207786
-2127399938
1686103726
242220167
-1931810729
-74201195
1299754214
-968927220
595828304
1153564014
946248643
-158231592
532318629
1797075068
1295114421
-375476381
-1224071775
-1272752007
1323137625
-67758799
675323097
1653851455
1658860358
-1822590909
-767931502
1207860054
-1999895290
867931344
-1025014689
1477723597
-1965414558
-886978508
1658288910
-1006268083
747786210
-675105752
-1043564092
-225745814
-1691884141
-1395433164
-1971600281
118950204
2073046282
1765250145
-119681477
2103065646
