-1633177061
-1918968154
503195428
702586679
1245715358
-1526252096
2105259008
855657874
-2034074246
-2104514362
79474861
2046513698
1845934905
747272056
1839878739
-2017415329
-425934659
-1543513941
-938169136
74669860
-279918716
-1259706310
1730659220
1235180489
1012411436
2010296377
-89766708
-1584552335
1496815674
50661744
-311274814
-861806945
-1673821162
-1386180857
-2003894397
1900101391
1047024985
-646637187
1330339521
1114379203
-581460661
546403550
686969339
439352667
1338784679
-238926283
879260378
-1062562391
-769693280
332747838
886292446
867780996
826601768
-1434704032
-369168583
-1477674020
1380258927
1357133017
98864122
639714831
-1796281943
-288749254
-655605394
730229114
1936600852
862987798
-232326974
1896236625
26991417
590972662
1719446765
1951984563
-1366233743
473104783
-209119028
1436456184
-847822166
-757729994
-552426610
2039752781
-670272917
1845624211
215560018
1467517571
1107752981
1859296405
-265245171
869456931
-1060230038
30478245
-2018139983
-474549307
-1829121197
-1303264227
-1515723637
1076275617
253116893
-238018821
962228972
-1274820506
1299603588
588418001
-739444981
1643099978
1571622324
-1223948544
376331817
800272738
702260364
-1223715035
1473627638
-1818649037
-124015644
-667063854
-2144244429
584114056
-1239027311
-564623488
-1706980712
2140645509
-1632004633
-743484732
-542167561
-1609453060
594135935
263210689
1416466336
1278894078
-2019471559
-2123912995
1440117255
-941380427
-1659446140
2109350327
-1476888156
-1640469391
-1914822180
-436506280
-2120704230
2081832704
-185271916
-910183768
1003888539
-1761295807
-983242027
1371071010
-1619882103
-1126901253
453850853
1616485323
901116769
1565270250
-156633428
-1290714016
-1878981932
-1997678821
-856617868
-1417342514
-1784808906
1865671033
1860562416
913090278
-1518166501
-1600147802
605129343
1827681872
-1346611905
-1758194418
1448858033
-1462673216
1919515814
2003205690
790142473
1653031528
1051810308
-576261279
1169295364
-1777769555
895373406
-159129788
-1904843430
-829652708
-824952080
979867963
598767747
-969974113
-380169647
1866141066
546608252
-1681581589
288636885
454694648
1828042954
-1848790980
1923302194
1090215330
643951039
-1652249788
-78082459
200724236
-411744005
2130258272
-602948650
1156776824
-316165579
-626936564
1996522170
-231529349
1808851003
-1122918503
428084664
96741580
-153395657
-375598307
-882468914
1348565342
-555824845
1611812778
1337684854
659968945
-832690722
595904449
-674766844
-27099803
-1376825712
-1348726776
855331153
670965008
828161419
-631155141
-1389228643
-1748906928
547567491
2032358240
-1461107279
-780847325
-37676449
-819008194
333056836
-1533551499
-1687858111
401341199
2078460319
1163707386
1558726339
-625663628
243082371
709573950
2111380100
-792921688
-1736941238
-1908147207
-82950430
465696760
2089729611
-490003033
-1596960248
846579058
-1155965
57484376
-1247670998
76808412
-1842045072
-769830204
-1751527153
1743756007
1424303936
-1697983070
259227343
1350386084
-78395093
1398355513
-1061467938
-892039369
-1450497508
2045743670
-437417912
1107881929
623894422
-9800512
-496491971
-1839828285
16399061
-1276531511
1456357840
-1993475272
1482629683
20231335
-2025362949
737117090
-945644339
658865890
-2112936986
-665294640
51704934
-2081244081
-1873097368
-1483280353
1625657738
-592449699
-672183347
2119400680
-771426826
-370483026
2031658714
-1542248136
-901678793
468928745
-279850995
1381938630
-60773488
1657979854
-1693771224
1398015265
1051820832
-1438097270
1960977648
-554199511
1974581060
1249665868
1451639090
-2114014785
-1222447558
1245056023
-1615818490
-14532673
-1902993146
1906734809
1715955799
144013102
522312088
-1569134403
-1137135199
289070512
-343396562
336207549
-871408900
-1343927748
387949815
648900986
-888926374
2040127250
-1619177735
-939531697
-1266040820
1570975467
670359859
2041996707
-463814006
1855258994
-1516008187
626392702
1762887283
1365469939
1568723152
119111518
246687698
-291034287
-323346983
976356427
-432905822
1431603261
1485338738
1036810793
2044306580
1355355812
-1543670181
639092556
-170961394
157820777
171392869
-332633775
-1662157961
373607252
-2143194024
1550818347
-1132046927
-623664567
1977819158
-1172742532
-1983401753
-2071074372
1039668991
556132133
-2120422264
-854426012
133589143
-1552916448
-463798382
350799150
-1155086490
-885130612
426900755
-187388044
1260456735
-1570918391
1360256236
-152416658
-1567870716
980567366
-1032287016
1753393640
120815240
1849778647
-647787092
-1172648395
-948393419
-1237593781
1963958495
1967211875
524627664
1361068413
-1175893427
-1304072273
1780922
500896298
-1630983625
446656315
-687309416
-1696921148
1240167310
-784426242
-2109415882
-365165691
32637552
710388987
-2123476312
648407750
806541042
-2144657483
-2065356622
63936400
-93521888
-321949983
-50643863
-1132830605
-459668671
2039623517
784360217
-676039274
-1187845282
-700566944
-865066903
-713205489
-1788695291
-993777677
-1457321539
1758005364
537524810
-1415154528
212368347
1871948722
-593288434
-1168101784
-2087483696
1384176924
-951730813
1913287929
47199252
698277574
1595790063
1761777952
1942260460
-728280812
1604490415
-1517893764
-2142046449
-686014835
1393876350
-932828556
-481692276
133796084
311296759
-2126727318
-467194902
387990425
627817304
-394126544
-1429058160
1317136108
-1150411896
-1808369222
324432743
1072187730
-290918054
-1318128363
-790181443
-396469957
-726008301
2058301335
1558558828
494703732
768202025
-669237928
544467259
1530697913
-1141546163
1449703648
-545337213
-1759729266
1260020139
1663102753
-241394667
9781070
2145466736
-1946593625
-1317163941
1282405251
-1182590068
2050016781
-1919288388
-1582277000
-999075656
1580932530
-1102899131
-1598768627
687801786
1107318957
749310853
-2126684726
1751586791
1011300605
99552439
2003265589
556508649
899810053
-1421067994
-1818744473
-2139526974
-106496970
-1360752947
454828764
-2027611887
-979001075
-1168673475
-267014005
-324967278
-1281046976
582557891
1686417206
102774763
75831603
2073787337
-1225673726
1138253988
-639192143
1114751612
1021094218
242535287
-819480872
857715887
-1061690193
323150537
-1413668525
-1741716994
70650483
587846008
797332686
-214445002
1833062919
1976348119
2127494822
1320000500
962592738
2035667190
-1363519520
-269253749
-777574253
-645276122
1326313565
-1590481877
-27127527
-2073739589
-352224949
1957337406
1437581426
1617892883
1797014237
1759145493
-1178233231
-543624745
226517309
1286070723
-1967981612
-1439516032
-1953583935
1716489545
573013909
839821341
-1429335715
-835422221
-1494420096
-43434158
1186193752
-378993152
1993107973
266705571
814882626
-1652183672
-1716650161
-1238465550
-1647578331
-2110024294
-2060384364
-1831787962
1103085306
-1420852316
502984878
-1729216563
1406764639
2039200535
1624298731
1605069859
1245158789
-386026677
-1971796704
673021652
-646524049
-390150241
1604132868
318389791
567970648
-1428863516
1589480122
1677143549
-598181516
1806532347
48127663
-1701328031
-833161509
-1233076804
-1218404186
1804449728
-194502462
-1862645735
-243673840
-688809774
1379612395
-1966551422
-479967840
1321447578
2074144094
1607265675
232098847
-91262556
-15293095
-2089048628
1322415740
16618381
1494729092
-2078937592
-19621850
-2100007992
-273446552
449102737
-676914018
-996241762
1792626722
-189047574
950382407
1361837174
649318995
-1351130450
1801555072
-1750966442
1166540634
827413167
-1352790028
1611996329
1293590981
-435326623
2094486576
568737602
870554372
-2025853575
-493176971
-876773984
864855647
-262333999
2065848783
1710415987
-1146824919
679010702
-559814554
1780403551
139544117
-968435069
-205239789
-44467713
1884725897
1075747288
616497461
-87028948
-1419863727
-1612828954
1935234757
-101325698
-2011739882
-1681987483
701670056
184347666
-1459997649
-808532023
-1988868796
-1649949043
2037081719
-234666264
1062282838
104157025
716751423
1929401311
-1921135359
-95104689
-460543866
1241032502
1210672425
-1861827796
-1645842329
1220204610
-474921471
877006055
769548754
-2007968821
-1873949214
915544265
-442357890
1825413357
-1970231458
-1858980609
2054286366
-1304469437
2061093781
-1500575403
-1372219694
-1686466239
-1435904570
-1232657084
851761888
131344865
-2146599896
1030744622
-562819421
489192577
-1178123782
2042910183
-886899261
-1309317109
563721945
1419211127
858401446
1981640278
-1964648623
1844996125
1414935333
1650150603
284582581
-455964009
-941077374
2093218635
1066023474
-374095200
1116605082
-298896048
-1061348062
1502100154
-1347295658
-2026049199
-1311811939
-1727906259
-341231769
-1640994197
-12439466
257004878
-950299343
-146825155
1506295459
-818028028
2034946823
-1451200237
98949597
-588529528
-1700656231
-1987399099
420436202
-1261653909
1852141482
309914337
-1646796521
834013661
-1941713915
1952945287
-1633886422
488342315
1797651121
-416479596
-1740145225
-919729527
1890038627
-1895665789
1182706866
1231550481
-1922535628
-1183285105
-583430587
-1357128693
1910133651
1905831835
1917541603
489385327
-1491052420
-54643882
-1048633699
1415601319
1659641321
-1128260198
1483389364
1362693784
-2023807863
-642238443
696663662
-1063812125
-1610981969
2085127978
831355437
48296039
-1109244276
-218392807
1006577596
-2130655478
929890977
-394660004
2095993068
-1800782407
-1806489234
-2028894124
210744671
-782266964
1613970287
-1632534747
-852079965
913732590
1940058696
1464353757
-1274074750
-1614432740
805888062
-929133093
824081559
-1826640020
-1892936983
-1130536338
-1056685020
2021272049
470723879
-1885152836
-735509725
300156956
2055449684
1583599076
-933254758
460161669
222252215
-1474897817
-452243405
-768606741
1109705022
277299651
598513931
2028911993
-1182059922
-1233860768
681822666
144307530
-1168164716
2039438256
-1758334221
395444527
-2119875264
-827571055
-510347140
-1407138897
-80433165
1120156661
-1346531423
1903915343
1254775319
1411413700
-572619276
1929333778
1796021806
-1089030656
622060984
-1417669822
-1425179058
252888618
-1928115345
-156816527
1299006924
665719011
1933443250
617530042
1173557815
1652303063
-84037568
1991537996
-2045184120
-952281130
707774296
-1038928344
1717875607
731309891
1809127498
451706921
608904399
-1350419791
679514699
-2092625083
-1169688539
-90493750
542712457
-996556271
1424867909
-561021325
321917567
-409660534
-1824393202
40884269
2037282697
2010561809
-1912899008
197459390
-508459078
-550881097
930195572
1397889039
1276569581
630848443
544550732
-1365821097
1119307546
-1902046896
-1674902038
-1296728199
-1210131734
664083874
-510308699
864581803
-210202228
-193000165
1543311098
-1461801385
991562953
255390689
1193996992
-1107985851
-529810859
-1794383453
-661877089
721062393
294231400
-2123321963
642176450
1201124441
195992973
-1388118344
1074640587
-1632369261
591752890
-1192881058
1050940423
1759454525
-1030265185
298783469
-1654224158
-762676547
-352136382
-253699870
-529088867
-1752845334
-1591236917
-884891623
826546749
-328560141
-1005417316
1796403019
1166687686
855515263
1062976421
-1258774570
296520361
1045150485
28318197
-85722172
-1445362822
1218479294
697337235
-530302971
1960309477
1725183465
175920782
17682175
-888467998
-1816763250
-226922926
1117683528
458884391
574990996
1950181436
-1969491278
964344286
-540520841
-1033846927
1049055623
82217368
-1238085083
-985793045
-694139371
-793025152
-1647375319
-995342124
-237620116
-96818989
-255152373
300277271
-567367067
-1061526897
791306997
971003698
-942388249
2113209962
1251726745
644203857
-1703821467
-873547515
595551314
-1046807912
-1196400982
1701227361
-666483575
1301320896
-1393905704
-1036109422
1759530586
-1522426651
-929109331
-1314471759
1600736630
255578269
-1104278008
-880648170
937425994
-1990530996
-835171925
1081285062
279907680
1908502198
1605353538
-942209494
1467148037
-254870059
1137108388
-1817735422
518845740
1669133548
2104491352
-417536616
784315794
1787296731
-344490662
1029056568
-1449336286
-228726859
1956337949
-1671828769
-46047846
388813967
1520269524
1976178481
925943405
-521566054
-1267736339
1021401008
2078069739
1911583860
343756253
-32213
1241702814
-112859974
1727612962
-294800013
466373879
-324060959
-1186007931
-933618092
1894025514
942158661
-9034592
43423683
310512981
-53168510
-227906657
-1734043053
-1836220185
-1967094781
-1267188918
-2125713682
1675938367
-1413230633
818957634
-744302400
426632083
1677508043
-602809206
1866639990
646421011
-1699013708
125858633
1774254759
329554765
-558043892
-660451123
1350003602
1337947347
-1351640129
-414143533
531184138
1360816666
2077418055
-988588795
-2110126163
1874347172
1272431350
1177910723
-825584548
135365217
-874045294
1469687589
1264786150
-403995054
148950054
-936444608
2132428038
-1904103568
2124225559
-2109037912
-324867441
1352301003
1762156661
-733237194
412749797
1162415605
1636878483
823717131
-1911433297
-198319456
-585855528
477332180
-227714102
-403876731
-754485289
621425231
-1569939072
-2120394617
-1033630307
49073165
-1266213639
307866648
225314891
1421341048
1000765425
1497376731
-1215243549
1959617047
-667250773
-200468341
2046714726
1785551120
-675619292
564773402
-1050732259
-993411346
-1824996724
-696422115
-366588873
-260820060
1609129201
-1535918490
1060260500
1309947090
533000509
1387325682
814317023
2086855750
1875182946
1293380101
-1685924126
725496516
606711507
-800053357
330897940
-1300401398
2093073205
104392930
-99753609
424515853
1924718678
783479148
-33921120
1249618313
573144925
-1677335031
-491163625
-1283973704
2061535043
1185505357
515301600
1464221536
-1465707902
1015665710
224846169
-1875459821
-1960944629
1241754602
-345009594
-209905998
-608893060
689552935
2994986
1822642738
1927035026
-468024741
256755928
483952802
1659776475
775530349
649632072
2136081260
712987312
1692004508
-508882770
-122175014
530447458
27098272
1723786184
1075384028
-416004429
772856590
1831502711
-194105592
-2092514424
942117888
-86755951
1853385441
1732375003
285672948
-365074699
874641755
1848881142
537312756
-1979151649
-460091746
1391271133
1218162167
1361910652
-1957850358
-388195061
1834345863
135434176
-789625221
1161229921
1114550435
1359239799
-902409267
-167659685
1373585638
-419543398
1164286114
1862294916
2010531048
-1980644124
-2081807006
-827789525
1256526307
-2003173725
-1509836413
-832832425
765674393
1660797395
-1869201399
342309623
-1441663371
-1424254360
1723207760
-1558629794
267780080
875408618
2018047753
-375412243
-1594701514
-1044896185
-1289860222
550620945
1168486408
-949070620
-1569680087
1789019760
1620840932
-953696524
264209746
1577360478
-990091934
1675610637
-1633072841
-1244346219
-1319303712
491767800
-1065846720
654752037
1774818657
-1336116024
464265861
-1940973399
1084364978
2056090157
-1005337712
-1428831301
-1962069554
-1152013303
695278951
-1751801431
-982967165
-1168469437
-2127675448
-283847576
-1799532204
1600070620
869679030
-1940163640
99152545
-1538865345
-723295436
-1749137431
2020108293
218385372
-1151482544
-1250543891
-1152463874
1635709175
267499106
-699115026
-1649012781
-1145010756
836066453
-311562958
1253243314
1717368471
-1823909722
1134202781
1510498584
1697962946
-1996983572
-1336769178
1286032757
179952926
691442839
-31329779
-591406321
-151716025
-245395140
-1161740916
-419362266
-386126366
-325417840
-1489889076
-337388456
411408184
5163123
-1639721638
247489606
1629269256
-1948006608
-1093073830
-1020155016
2087050904
-214618621
-831287109
-499674499
1243308045
-105298981
1865140396
-439087274
-1270967556
267348064
-309720499
1842572820
-241245120
696844086
235014057
-1186629696
-1450167539
824134531
-1974872604
1478992762
112727365
1248657326
2075540400
1310635492
-310735606
1714062698
342422277
606106304
-234617965
253247986
213176849
-774617897
192388419
783440533
-2014900372
-226754532
1789278967
-172114571
-622586481
-1029430767
-333202273
1100378763
855218566
-303221654
-858433265
790853869
858712292
624309743
510467863
-2837421
91726584
-678810202
-738987056
-1202475305
1388073277
-1447998416
-1899716040
-1411894533
200250134
2070429555
-546320383
1990066672
-828518214
-465134471
-852890715
1040787989
332441964
797410199
-689870914
-1445281347
-805400336
2071323345
-2077436013
934283829
-112046023
-512755075
388350197
-719175932
-971154074
1955334181
742274892
628987252
-888979729
-1591592015
-1888709652
1382690897
1318809115
-1793172795
1474944940
-1689646096
-1037407051
171816552
1517601209
565913202
-605421058
646207205
785647527
1390241866
174314213
1719566837
-1385096504
686821627
283167093
1183973149
-829163839
-1076712410
1982005134
-420168107
-347114150
87151299
-540598057
1460978922
1371931540
-622314322
-1996130317
-610827100
140252160
-1012865435
978983666
198508843
787407438
525291280
-1273042167
1662347174
796613668
1390351041
-2019992699
220069028
2047492912
-1261673221
1000944637
-1492876225
-948708224
1131097976
593805767
588155006
1423884560
-1984243418
12725420
1523851771
-1945984092
2030106995
-483073313
1681139397
-2089738280
-1337623606
1428246570
-568204409
1806952052
-1016137892
-92777367
-265108759
-1422861563
-1436139741
300887356
357861173
1085929128
-241930717
-1604335881
1434122814
1018692648
1887368178
1713940701
-979486851
1211926859
-713464454
-2010976114
-548342660
1765306728
-425912834
876089533
63466358
1893354813
-592266150
-1811396827
-1348088769
-839894017
616212622
1638792637
258692961
911659441
1417956732
716802858
-1232763000
-1321234759
1854808816
792987252
-965546721
-978404177
762520545
1034887676
1327210554
-969292680
-138711818
-1970060883
-1223463754
-1844686445
372883275
1589395569
-2003821410
1825298098
-1720194188
1311283431
-1198553904
1482049420
307259585
973464914
-415287329
1305615345
1861459139
-1881085228
-579730629
-866979810
1148950287
1760469979
-1190290801
62346834
-434551487
1891040730
-2078468758
-812012127
-2112724157
-641647044
-304405728
964104711
846703567
1550664341
1154554098
533510591
1743719730
-148631526
-1017758100
1260213205
946202193
1253926483
2123168782
-556450822
373002225
1369393422
2041696302
-65169513
-155929038
1593292182
1315581468
891007011
1821132380
-859834587
-1258312825
1226514105
763294941
909921942
-816439266
-1829331740
-1678073966
950133086
624008058
-1275294019
-2132078523
1337467836
-1706339014
-1010197960
691135350
-806735313
-1929184401
-1436229703
-1628465314
1032834600
-1586756806
445556717
77596464
1232925185
1179443124
-806642985
-9644383
-1201524691
-1432337651
2093208617
859607466
209146287
-259600905
112093397
-1372748660
1116530639
-526790332
-168349214
-1634234348
-1674001141
209061325
169209987
782269984
-1013149364
727670422
-882172060
119708257
-2121994919
-431138513
1357382983
-245525663
1737677200
1136750684
-1131619121
-1075451960
-855092270
1438618872
-1258216036
63398874
418144447
-1084567275
976712343
-820808893
-825625565
-1983481496
273631630
-1705227498
529558703
-1526820636
-469964798
1261056019
-984377621
1277182628
-1746403008
-695706328
-904631445
1941280269
-2014328402
1352355386
379255872
-423247565
1062462310
-1324715228
-1979890255
-391266949
916914184
-1205629185
469095979
467337858
-680965173
1111377828
-1763147403
985434941
-1166674475
-901076626
-1448963289
1859946849
-313497139
-1176657084
-3722148
-195597563
-434958675
-2001027371
1102051494
1410012804
-1484087588
940218661
211076674
253984936
-1138332293
-899555511
1364037004
-1185414908
1518846
1639240558
-164396108
1988036768
1719339775
1401921055
-288435022
-1034674469
-1005636274
-89395258
1163460727
-1599715187
1355553868
1199617651
1307268964
2128821611
-1303181704
133229532
-1665906177
-2141843537
-2140616374
-854933596
-2029682716
-625595912
-333268161
-48717345
1303898617
-1425160338
1864905525
-2074480170
1568818149
30231081
-1413732104
1070683399
-625887039
844305363
1164430108
2012412526
1752932112
-58342261
-564650484
-589476342
1947893740
1486423052
1275983971
-2023038822
1616371074
1408448782
-803147654
-1575712857
-1840812864
-55782676
-724889791
-427361849
1527756364
629672326
-1845732270
-247502049
132600503
1355429736
-1542285501
800517673
1882011122
726544939
574796347
-2015585098
1291173376
884557083
495378887
-1256534730
-1798473491
-466439655
-1430432274
673437751
1292752382
1419238595
282128514
797389355
2133800489
908428241
1468435640
-2015896211
-1220079673
3189953
169782267
-1489405818
144185735
-1710217802
1671732220
700017835
-1459244890
-1996373603
1992387085
1982726282
-744821156
535081617
-109430865
-827501755
-1872158567
-682318208
-1012480919
-1874164802
-200762896
1598523918
1852195034
-68712427
1312951507
-787868231
-660226287
-774997650
-183114239
-1214936771
841798684
-1414703113
-222668229
519780665
-119914786
-256144599
-511698115
407425810
-2080135130
-1635737011
-350689300
-669877482
495505404
-769124031
-524653621
-385996572
-1604600772
-356113029
441131443
-1686247924
1447345257
1890438990
-1821495869
-1902325006
-1547544902
1496898412
555639444
-1382214153
-1772981639
895895723
-1730681423
2036537561
-797748339
-725850613
240330566
-1114851238
-1669317803
-1591229193
-1916067562
-1646704097
1031193270
-1268741173
-906751822
326212827
1341079927
1744039062
1701257447
-1192405332
929289931
-290995168
-761612680
166024644
25618223
-1396005586
851858444
-977733812
-1004330122
1432540164
1317816681
-551131004
2131520801
-531433942
1513267682
-1716230610
-867554316
-776766861
98043406
485363244
-904337211
-519307974
-1482128198
-1302878360
1709851030
940059887
-1780386016
269321203
-1838707994
1610085073
-139266984
-580099728
-1645432253
-1272781828
302024718
188017587
1211512356
955465382
-152428428
-1953348188
-430553355
-42141787
1344366458
2055584873
-1196268174
1646894132
-73467076
1253574851
17568311
2090470389
1401829820
533906104
-1414765928
1381715769
612209616
478866290
-671904082
1243352447
-1555260579
699380071
-418722638
1105487931
-1238351675
455004857
881331597
2024422871
-591858787
967983582
1371041455
1991776510
692951715
609284227
-1304464097
1794986007
2118751983
-662248275
-1392089646
-540927729
2031830631
312933409
-1739043007
262313307
-1180452488
1220215302
-2135123915
-1604314563
183472130
1621949128
-2132072476
-1136117435
392966547
593414718
1666349889
-790278886
-180628265
-233596914
-732349552
178556538
-629274033
-1411344816
-1123407304
-1520831106
-2071347647
605097585
695367132
-1991611614
1534125551
1388566617
-2115515221
1609109252
-1678423029
885432272
-1947418633
1258067308
144257129
1897241629
599739652
-257031796
-168972554
-2018730512
-2079940830
1599225864
1374429672
-524249215
718429950
-388733513
1497822006
1262945016
2070881076
129930923
-1955491509
-1205679345
2025379367
1933302126
-1914275083
-1968924171
-993188587
206396046
-1137863005
428257909
915229797
1494344796
999573711
-1016416425
478139715
-341405968
1655438776
-1184758522
-728229778
-1256985489
-457500075
-1351646862
-227370416
-1037355633
1939310725
2021393975
1324520526
-596952485
-568241526
254068990
773734241
-1405281485
973537720
828204579
534557669
810880535
2078585961
-397053544
1729196721
402895908
1282023219
-1565806072
-440472729
574301
-1421677219
-621319617
-1113943028
-213907282
2084582542
844256456
-938318374
1586365998
-671551546
-468437545
-1737698476
-503205468
-2113751662
530261865
329878427
-730523828
1262689659
621413289
-1923440896
-1286675237
703432895
-1667722859
1544739033
564338879
700990019
195516385
-1535155560
420581802
-242275897
830683675
-1391459303
-677078447
-721854885
-2048703473
-160262854
1088130416
1498061841
-1091745940
-61115216
1899478546
-1146076941
-1036767321
1600002072
1263783950
-1472910025
1844260895
422971724
-1342108460
-1793658191
1539780737
-1575885576
-933314455
-2080766072
-543024275
-864604564
1973150383
-1742606292
-1206258855
-546370382
1314099434
-1985112953
-139210315
-1189526301
24714111
-2128137102
-910609328
-1211890250
-86987779
129675114
-1347404551
-763602855
2034091873
509350786
1646643049
-990623101
738275477
341026715
2070444384
-354867766
-443289798
-1421613869
-1155387123
1569015857
157646502
2131825467
-391154254
-241274363
1503619376
2052685260
-437596536
-1175806744
-2089757782
-2019004006
1327244255
-156061651
-813122258
1266515017
1562021513
-1498700185
1234040605
-689660480
-1766770312
-321652676
1624250725
888365341
205404582
-415473538
-698550527
-230027032
1452048436
1922059643
-447064379
871856778
-1101509930
1319342996
440136795
1175516415
-822102419
-1634716404
-1335227000
1362599626
181884917
1548243746
2087518132
-329316567
-1934295135
-382886816
385268136
-994527606
-2034169277
-595538891
-479525480
-1947514307
-725555983
-762245183
-1491865756
-1410132118
907257573
-1514380304
893373210
58034500
1405347237
-774946614
2086313919
-1271943554
-140499101
207824392
1223490127
448506365
-327313499
1858133225
-377066239
-1838155056
-337714648
281314118
-1841676594
483839836
-327985151
630109156
-1011282124
1097521115
-1518288122
-1683005431
-377851337
321539079
1603046251
-668193199
-132790104
-983033839
1220481967
1468887745
-1323706199
1397646552
-1245286728
523899932
-1197020561
-1526403241
-1666460611
-719588747
1124560201
899736414
1885435747
-1056201979
2042587361
1563110788
2013569962
-1273260738
4931266
358971483
371868682
-221776609
759857178
-708491035
-515229607
2039602890
-1789142080
782233159
1086332143
-857622701
-1514444681
1140406460
-1340184437
-1770668326
100978548
-1995297844
788202616
-1990250533
-829482211
-168550468
2083177195
-488538173
-605016557
-486013368
-355248209
-1213426489
1955735154
999343759
739358467
2065958129
1663381847
2044388430
-1150484798
-1896697221
-1403219294
-27072944
-2060694076
2102090080
940434684
-1588121563
1311255940
-315891153
-2118789605
-1561246959
-1290374654
-1627222495
-1965694140
1450023495
-1143360533
1584484462
2127747601
2083034711
-599013130
-186849061
1681138036
1557801955
1368186512
-1120234601
-962588933
1901152665
2136414906
-1922538937
-403583915
44771676
-831461582
-1719037345
-242642668
1980891332
-2108273968
-1281264461
163591347
1473365193
-1697385165
-1707296179
-1737270053
457766074
-1797988196
-979223936
1764740065
-2094620557
1447931417
2030143037
2111017875
-825877042
-1036050459
-1918444379
299511860
-510910119
-42248690
245454046
-1860120636
1462775369
-646991528
-188657367
-1391375996
-954691153
-772833183
581078836
-1660515912
-1197581079
-1676027131
-1210685012
1252357550
225579866
557273091
1450712854
1292995583
-172949667
2131904736
-2135019041
1184154900
365322870
35080203
-1850133071
1539733483
271774922
582509889
1721867783
-105560293
-2012715056
560049202
-904175101
643062293
1133371465
-1862123163
1643088254
-743676244
-463627411
-1039634088
-550963359
-1756016938
-1298451610
-1125315094
-1316813518
885348019
-286968063
642563581
-2031238159
1448031951
-1449391966
-1252777129
-2016086491
-562524509
423835769
-1305609527
-166455503
1843821409
610389491
2070977170
-1739389973
431380209
1352217714
964326148
53221486
653583158
2146549567
1937995112
1177933615
-1035573867
30865599
371426590
35089742
-1426688330
506278116
-194226424
1198565422
1053723276
-1181942042
-709401815
2043883591
478049427
1229498931
-1859203960
-2020336326
223505496
2141892260
-2027789478
605697829
950425150
-736374800
1437082975
-138512072
-197241730
-221089691
-199630709
1536797064
1084810351
-879485228
1442307049
-1041032670
407833607
841846732
1540532924
984737635
-551855199
215250443
-1638101529
124995463
803784703
-672534991
-1763375218
838713215
-126443373
-1161072201
-947419908
-353218298
-860936710
-1580497634
-427801914
-887491083
-622689080
1565169003
833146673
683605206
1013987466
-394544942
323997392
-1587078472
225778440
-353876304
783673201
-398703039
-759913526
-1316980034
-357305030
1472180233
324541405
506894211
850193934
-1018991579
-2071541290
-83543030
-1691347148
2002559233
-746169833
1041817813
1993765178
961105778
-1606219952
-606097391
-349143529
-1318975478
-99399864
-264098550
1531430287
-446619218
327352285
897212128
-947274789
-238140058
-1808889783
-1004113285
942141064
-680107148
561380006
9373627
827562911
264594855
1549113779
-471294476
1048123141
1649947376
-1539813672
-1327836263
620864036
-1401759691
-1469741977
-1072730826
2120784331
-1989154203
-201596892
-952739933
-1361371566
-17074740
-1350655481
-1710548618
661101058
-96661849
1460906815
1824221113
53791155
-516303109
-370380422
-1999253028
-1668404299
653299105
1848926819
-589121299
453900531
1849621157
-1585218708
-231143931
101387349
-1463726895
1752963533
2009289733
133389414
-388940668
1697072843
2055307394
-1633555657
-1982593081
-351075267
-1864509443
-330739582
1835244449
-160801461
464277847
444219921
2010152618
-2139668615
1914539139
1197456992
675238109
1954176995
1817610365
717274497
696120498
331722954
-1778826118
250711103
1708766572
-70636722
502906976
1339897222
1929445039
1955721597
-824307593
-504259070
-661620395
-1372844917
1631549537
-499173883
-1651203711
538921827
-313671353
2059888045
-599381517
458098014
779435861
2013468485
-1730625379
-1794325167
2036021863
1767703531
1436092535
1305092301
1735110148
-1812879757
-2062558065
1187397537
1064211594
127989899
128856163
1430050723
1732915627
-660840929
-421125774
-565403473
-1015345129
-1923259650
-523563504
34833648
-601774470
-795332931
-1902393990
-702082722
688969641
579261147
-885578455
-1408963962
-1253588457
-1155999962
-575883414
-1483781743
-1040936307
-781932452
85993262
1214629246
-2000335334
-1301361388
-1622172386
-1356141391
1076283207
1144325342
-545629710
-909413710
291582607
-265701975
426123779
-1478232531
2072317453
1278102373
152522270
-1095851200
1309823095
-387879447
1421383066
447886838
-697363638
1241526549
946660780
1761616141
1524771910
2011669307
-594093575
1785191679
-1877382627
-1305059910
466004588
350331711
1384802406
1499724780
1597547081
852695491
-1099419945
303995969
-186944382
1223996098
1733758899
-1080242261
-1451818679
-1966684994
1022065025
739547965
704733414
-2030985531
-384323586
-428969970
1907967945
1490820339
-1743282092
-61522589
1685723106
-1216839366
489243786
640876812
1194275632
1392481381
-493663682
-1178895858
-2003737704
139350873
-1528631150
765256066
-1011717129
1897573534
1767199076
805883324
-242739590
-126348771
-1376810559
-1203395666
-806792148
-1821580501
1913419162
597375630
-528137776
-1981418811
1331557048
1307809207
1652893168
-580538851
-1999970579
-927803188
-83379147
346072917
1165116811
1423432227
-1531616775
-837711735
1705996314
-1163331745
177338394
61518611
-1249784252
122097758
-819294703
1869352713
511109396
1236978774
-326489534
-670576886
-1033644705
-1414623942
1682064277
237579322
723442050
1749661025
-964116412
714890890
-2126431667
-1010293911
-1523151370
-876128964
-1073454274
-88930215
546252557
165082022
1305271793
-967934971
1097505084
83678773
589876439
-819891274
2078335323
-61480012
-1808868058
1555300105
1211019390
-153997618
-309992432
217706263
1517874755
637201361
-433284298
211700694
1452641387
1157332660
-1667485601
2110143422
1884651435
-1994463909
-1739088796
-1423425105
-734727740
71500312
1940190574
-1413548783
-451673903
567773813
860696676
-164849603
-756310049
-1273586128
1863452062
1951871259
563571906
-1518253434
-1135547170
907741195
-821653722
579501492
-129670017
1466675464
-1565330204
83832506
936114158
-652606710
509575062
-1906131615
447396185
2113380780
-1357711507
1818414719
-814013785
-1904804593
1448007489
2062952569
916230567
762375165
-1679931927
1592677386
-1252666485
-2019081135
1368051916
-1845754559
-1849724009
523113877
-2134262856
-1163751216
863486228
710633963
-934413839
-1617497726
-1346584437
-42487503
-644340595
-490003955
1486322735
-1385743776
-1637940738
758042378
294086554
438787892
-1740606736
221947200
1473497788
-796899823
601086037
2146156584
-728471537
1291214373
-1741404483
-1305936723
31576591
487913929
-2035672342
-941345742
-1364122647
-908219604
947962787
1793434585
-1259990670
-457291982
-1668361016
491783170
-295599526
-1440107879
532920230
533730322
-1081987935
-2146575011
-43021172
-2125291915
2062541385
-719089570
-768667234
1112029413
2061600332
649785663
548315880
2016298219
1251531984
-277749616
-820729930
-209128282
1322166936
409966126
-803929822
-84781110
1753012158
-91021335
1622429165
1704899819
1780189599
-1279744408
-858056814
1861661435
1866557461
1477680201
642137240
2011961105
954630635
-2032518260
-194827225
162929259
1351386253
-161417935
-1518614818
-1930519370
-1987691777
1552594718
-1954613021
-2015775092
1556318224
-2023936954
-571449029
-617254851
-534360114
-992584952
-1738892710
1720164561
-1044904900
-1022147116
-297469955
129775949
-1335965374
-1599245804
1550241336
-565805003
573334500
-483428024
1474270666
-1407450798
324036790
-992016269
282886584
-1224198731
2069519759
-1239617099
1401510424
-2025576453
403686012
-545115079
28553261
-1389520687
1222981112
-487907760
-161169484
2074961850
-76994471
1762651614
69702013
-2020260849
-1159605620
962368244
-1678363844
708373063
1799840772
-1867548482
253892768
789016952
-589390865
868317343
658045349
-315790050
2034713002
-1049142374
1831387686
261154586
-1072353161
578784755
838493877
855930364
121760365
-1801131755
-1734036818
-861998204
372237999
-748046410
787833737
-1124493467
1205341920
-1022601160
1419781488
-655459763
760029142
-381083310
-664255215
294503713
1682432397
-297571089
-44881228
-744484723
-383096227
-2110132906
35582607
-2022655813
2014830959
-397889398
1561966169
-1543296671
681669741
1035826675
187391004
-1451071999
-631212936
1990801981
-1951596977
770331244
31510111
765730175
-1194966749
1490976647
465457676
1818691488
2126129437
546996305
1661631809
-1087328522
957499108
-31192284
926399876
1545725231
-63943588
-760779974
-266183336
873942644
1773887218
1332414066
866029741
306505419
-1881162951
1431239508
1786139800
-717620804
1135377846
-1399186606
-633792954
2100981815
-12278537
-366623408
-1997908690
-1555785548
2052432106
-670145434
918271110
-1477915237
2006385515
-836331804
-338546697
-343237145
-230939106
-574144106
1272801171
-252093435
1534712190
-579398840
-1035782394
-775407871
-1345359562
1334328460
-955184117
-1213447708
652460463
-344760390
-905465822
-1851191977
1153164009
-1734148809
-2060617345
1295693707
1494928526
-892149766
-1902241979
-180971940
-1892278460
274419276
1762553075
403300276
-1243762878
-369622322
787362078
1066398765
-738679770
-1642647104
1551385440
2083532794
2014593540
398270079
2090724752
-1785895417
-655511614
919405903
1388872755
1259301213
1101090466
2102418779
-80733647
-1070511925
-1413515489
929150713
-868402229
839196866
-1389383939
435206705
542565580
-16210048
751348891
-1545008769
-1478679042
-562833551
1746189195
362679512
975449567
-2099422255
1277122148
-1611011862
155887764
1403429781
-1549661738
269362856
-1962824930
324779659
598996222
143183621
-1223975477
1028745408
2122349306
695795454
2124077550
1418586145
-1094780480
-201705506
-1659900206
-542138268
-1074882005
-485625923
1445118443
458129704
1811320150
23012937
243334734
-1534872998
-537113811
488899016
1302300514
1108681435
-314137024
-871516067
-115088681
712564063
-518141734
1769425289
119918039
2042513304
-1257935022
-1928868876
2077782396
715763602
-256904288
-1610263699
-64099711
-1540306080
-1512178126
-270421201
956241979
2118979320
491253760
626696294
-798169399
1627585627
2011912670
1696266481
1288669322
214684152
-1293413104
-1721552280
-1529130289
-1769915566
-88223453
-937740961
116011473
1891690464
-160158982
-1240454932
-187439131
-340251597
-381378266
54850150
1705937901
-1331293858
184482171
-43750033
443808529
1516533393
-371856417
2026938421
-652201553
2117019911
-993319323
1991929844
1386725263
971642402
-1580269927
1533123006
40160091
227933139
253322269
592769918
-57910963
1723153215
2038884468
-846776006
-64698070
-1135038049
1394470941
42789527
-619593874
1940306791
-896704285
-1818493790
928574920
1831650730
-4759181
1982751693
1392930504
627970492
-1217397201
1605679670
525248726
-1255633128
-356464831
-1747548625
-84480922
-772608124
-645940239
1133634810
-2031271575
-1268426382
-971434181
-1738236460
1435179014
-1607443287
1179701660
-1597710028
1485164681
-1164178140
1270475820
-1831847852
978013851
253978682
737073393
58419440
548932531
-1501665282
360158321
1408651597
1140284620
-1666225944
1744782472
-1331494788
-734666920
1154401716
1313108092
2033159903
-1764146828
-543568502
189539918
1414953708
-1620059812
-763856802
-1945001646
-272527824
1958592544
-369132135
-1334753791
700944023
-1502321769
724218104
715589390
1333608426
1602012052
1407568308
-375027786
706115992
1519111767
473429987
1896648540
-1021553480
-29650874
-540480482
-824532396
1271510606
1918577373
-910412446
-1537289218
825211340
-1798125855
1162484027
-491969001
-1596473380
-1600653861
306924062
-332854965
548480348
-1610467644
1348411414
434033421
762635946
-594112004
1672099747
-1784791893
1686745888
341606529
765827806
-833273956
-1508428574
1866306140
-2125145887
-733224164
-241200938
-787183522
1857793893
-875114758
-547200269
-30943988
1406282411
-1742751824
1664924351
320256215
197156768
1912600500
-1628578798
2113891728
-166124485
1910172173
-1713321953
404231450
1767729706
472570408
-1474899276
1281056608
-595058772
-934503189
-1865431104
-1400562807
888978112
-1656543478
1414554902
-1331025814
523293311
-772950886
-17814416
310016060
-1156879674
-1564453405
-1029451339
-1426908274
-1485122025
-541592199
-1748383362
-1959688324
896291264
1061170061
-1370309674
1182305057
1063174205
-2024639872
-910696639
-812996535
1920738778
-1300524872
1221427199
-1652243605
1186712476
602753975
-1499449455
-274768171
524889185
-1047545751
124754044
1525404969
562696262
-161039172
1019302476
1686521607
-236946872
-1747609994
833884635
-854839285
1206602797
-426542270
90808787
-1699555590
-355285852
901883403
550768496
-1923609289
1063009195
-2000394868
933877642
-560270981
-414006992
-393871321
-1912512558
1454483908
-1433894405
-1813806858
-1118551973
1619806350
-946923830
577815072
11477340
-467381952
193143229
1707231341
1088106803
-136605719
2133450228
1363199003
1788507821
-1731971029
-899316362
-1938601231
1256227716
1758953335
2146414932
-51732587
1132809000
1086269050
-1869146099
-1932977638
-1366810174
875144662
288378420
-1903688227
47523701
1927803413
255814992
1196722320
-1814060058
1636764378
1348125954
-1670682985
-1450699266
-112801448
-710608275
1853634706
1206713326
1259512328
-910214703
2106713658
724670323
779636118
-226861447
2038921840
-1707724197
691244315
-761776937
871212179
-386816185
1826979217
-1185137940
1639349009
-137088335
60894851
264078061
1916949312
496488496
-2078380028
738303011
1069662830
-1537038342
-1250489375
-559765998
-1618076618
241455274
-1478369767
887157213
-1856306667
1767827780
-417169267
-1467820568
1060689980
270094197
1939570163
390830015
-2021051481
-725092834
995901456
-2116251594
310613357
-196206573
1818438950
927067600
1073350490
-1475247329
1876928682
-627132060
-1661833798
1060542283
-490280134
-1585315587
883073655
1757156959
-573970995
1839811842
1923788134
-1706004567
887727147
-1970093162
2118757853
472134652
-1731534176
277061185
-587249272
1420344827
952158956
1372444111
-1076579204
408590999
1737624701
2120886392
-291133812
1705735637
91931615
1940512320
-1317875237
2081918932
-215947917
-1139413088
374124210
1403977230
1784160094
1019703910
1274982548
1343962334
-705861948
1004499161
-1685047154
-1817324223
545367094
-41775328
-2043553582
-1936909600
-1493290136
2082415331
931315078
1944077901
749021735
-200629966
1854099161
1026322317
-1200973175
1944946342
658989144
1730686166
-194821019
558046661
768311678
-949757543
65563141
-995833942
-1401535599
-1820276287
1121434650
-1024546075
671582379
-443421379
-1420717841
1355148447
-331010026
-639326276
-691610911
1004984322
30782429
1125703863
-2041867762
-1960601641
-2085712993
710643636
473531725
-916298128
-897226586
-989378361
1903871581
-1955309625
-200237257
-618492580
1653744992
-2104745497
-338407125
1936450868
1995141001
-1213298806
1090465214
-434109523
929326356
-974370557
-911025498
-1482261179
1922734710
-1680883874
-1254008217
1679151456
-1919305514
1717994949
766116837
-1673016247
-1991716421
1542575396
-902439110
1497597302
-5457403
-1613859312
-1296270391
-1152221681
-1560240095
114257124
-1709730925
-345332815
-888843912
424985645
1742540745
267336558
502981415
-249947833
450642593
1701247256
431993333
38719303
-933991828
283494079
432729473
742657051
-1666723352
13434999
-815258949
-1541741584
-89120302
-1855117218
234650005
496981715
-1408387137
1245730524
1416993273
-1708981094
1381932
103082796
-628265987
888453893
-2053455405
427048987
-879941804
1061175839
521084992
1950968080
602760711
-1007416598
-1117705310
-2113389749
-1294455195
-973036486
1580732390
1366632305
-1754453960
35658209
-1702820607
-692934841
855077177
-544103924
1414527629
1384203198
-1471691580
1528315116
-337188713
-731154641
1146940111
-883873128
-325002826
-1470697498
1890558488
1063344945
-927268256
1334376164
1662417309
658980166
-3704456
1908670176
-1517728431
-770666886
-1002805718
1224777615
-1068279284
-536210844
-902056197
967082277
-155312958
-134655050
-1712015845
641596442
-1070698249
751752096
1530007293
821260593
-917462414
2134985590
1017649449
-499016267
428303920
-1700207473
263224400
1955885061
-207819109
1350273648
2134213024
1928994899
485789436
-935740630
250652250
384340392
124690989
-592610816
1147618208
1242119978
2132256914
-1722595252
-2039914605
-713016927
-1059663544
1172261026
1065614237
-865666761
-2116066657
1481568309
353989642
1534855039
1676391878
303688313
-723008291
-661338696
2139077060
1897599754
1861076961
-1318137007
786182575
-1829459509
-1759657987
-145565520
-1456791017
809575762
-1034107444
64141870
-1996414526
-1911273597
842262893
-1626769562
1121354142
912676986
-745464425
962804399
1121353715
490580910
1413693423
106454246
-997066025
520672082
297652893
-353476240
235296231
786310654
1197882140
1585327742
289441587
796621454
611686993
779027859
1341095802
-1976877494
2123862495
-225836990
1639473558
-1050523321
-1876981063
1333925180
-1806549703
-1136913140
1278431480
-1802966646
-1701429031
-2110703241
434313453
-7802346
822908648
-574729247
1444168058
-165566097
-2108857784
-1888502656
-2069534819
-1073029684
521178622
-1289179635
545759053
105929553
-1270979547
-306003034
435283337
1244100241
-1476517852
1133310197
915480493
842283859
1021243427
-687908720
854080518
2116830105
1259018682
-1536449374
188303273
1931573981
-2109983253
-507001397
-1635152512
-157331043
656586834
1663777861
-1394601307
1751721242
2070033818
326455111
1409221618
-1303322789
1265048883
-1491806547
-926029608
1468601208
1081203265
-2091877672
1488170863
1766201876
-1971417129
-520581422
1249699279
-776605142
-1401953180
1415178422
593212573
143583757
-799633299
-1613013938
391409384
-370060119
555132028
1898298365
239258421
-2124886258
-2058962344
-330267681
80812504
1528683055
2083816821
-1551133906
-1669591931
-1882141466
1019049645
1583388647
743629606
-1178377670
-178165968
1479348397
1858933230
1587963876
-924811591
-65009428
755741869
-780840689
-367736574
-1676348608
-965844123
-197021344
-808767878
-782809576
-1043842018
-1710431179
-1788427212
-1460617578
1559967222
654206000
710190881
450784697
1301090683
-987130122
1342559873
-1566116930
707426876
1845367091
-1484275306
-762409534
-1488835171
-1062627615
1009482907
-11806292
1764440811
1147362250
1261883635
1659532361
2045161648
789334091
815373477
1891030455
-792835257
-49789351
-1051380472
1273040903
67565746
1123080905
1290453178
221926430
2053588394
-721318197
-1962885930
-1941217061
-563148809
522382775
-524344987
-482328450
1716443650
-880731380
1566890260
-1240991673
-1219282009
1491551412
915439655
432868957
-491754416
1172927884
1172414126
-1395258895
-1670819265
-25523164
1647759861
1043026339
1592591146
-819701310
1780521280
844237860
-2085895668
267660717
1785182647
1698817820
1537050169
1368281255
-1509855841
-1951012787
1069637555
754922682
62575306
1431743735
977161404
50945335
-595047344
-1069630594
-230468436
1444627195
-1694708865
54512458
-1471284220
-620185356
-1942473713
693774062
1532716482
72848611
-1680126054
1279626379
1123661302
-760766365
444793930
1341993078
460622229
-2034624983
-1204567341
-63519208
-642738292
1595748236
1429823396
1556525845
418893592
-2000386489
1938738008
-579743568
1731757908
-1893773698
-601596302
-1295032466
-1051749357
-506876674
1569893450
-958131976
1914590191
-200888887
-2144136895
-1488368571
-911537247
1359257296
896954427
1514278904
110830227
130405122
686150478
-1437526266
1765545139
-1767632507
-1480596554
1794778011
-448189046
285553986
2078371084
-1617783746
-1008115572
1849409703
1993760695
-727472334
-750660943
-1628018265
1439958690
-1750921185
1638852932
1263395333
-1506515921
-571685902
830403066
-1766826030
521529962
-1791811839
472299589
1558096436
-1354628478
591972721
580492266
1948692072
699406196
-1954939429
-520880943
1229185289
-568190968
1793136173
-1891626981
-787615855
-1850563583
1300005582
84570745
1201833504
-1275307889
-1316319227
1258097595
2084515196
-1945833464
-1206805093
-1442048089
-1194556071
-1819399977
918662334
1948936204
1819041497
-1424382028
-87660505
-466144234
628128597
202131733
1273956991
-349632286
-1590168739
1680905699
-2046572802
-459362476
-1815246339
-845197455
829855829
1714953000
-1778290622
185616041
-820536882
1755756359
2069708028
-1308298617
1515409072
948282203
1106844868
-1922991669
-855409689
352302757
958758464
1260397546
88176612
1548901389
-1051935067
1914070341
-885844798
798595962
-878404995
411171484
951683241
-1321016221
-1417714007
76007365
-243533705
1632202150
-913746519
-600478312
-717387620
-1455931752
-885109477
506579757
-1425467323
-988072612
-89583743
-2041061815
-1615131972
-817258888
1682226759
-1254443244
-401358066
-1869991515
-1226442749
-699895024
-603736595
-1380349978
1948325630
825062214
277624280
219766491
855069682
527974849
1302224248
-1728037546
1659687189
-1970152896
1611906125
1896238382
793104726
-1759163866
997370249
-817529261
1766432741
1699535797
1307205947
1645233954
290319353
797589627
1628524464
753112571
-1992975155
-1460506869
-1783484650
-1836201969
1278894570
1280124912
-1902453919
1875753342
1468564396
-1787603490
1881800817
-162905440
564705278
-1959346901
377947764
-1527531870
-64225433
-170873219
-1925062519
-2115618987
801754698
1937551555
248422821
-469962174
-1084160407
-574663064
1797979066
1152621313
-162495318
489206214
-650506987
-285952310
849626910
1382358232
-1203429369
-230126260
2011197246
-916043724
1557545159
-1530801475
-2080136073
1503249719
-2012492394
-1639817422
1643027175
-205422719
-657300188
1988331311
-755580311
777378211
1164236594
-2114786942
-1320787505
-1683988201
1061682040
959301196
1846321773
-1002877584
1995608776
552743775
-1650176034
1686191825
-1800432014
-1107377713
-1191161854
1465118627
-1672766998
114190531
-1290201275
-1295528574
-419159384
-1784166005
453418279
-2137412233
-1522918833
-1521213193
1680250103
438505324
232177425
1128495590
-1117327647
715957468
-966478255
-1876364003
197715243
1238765257
-1965742711
-311215527
313596347
-840497421
-1190988435
1873962662
1256032220
577595462
-1870355632
1295911921
388124225
-1915827565
-981515065
-1971120676
-392522423
-945052285
1798545803
864724945
-83159676
761081543
1395165091
-1312274343
-502791563
1354131348
1180941762
2135879086
1883790745
1388580174
425015277
-1301168242
548205992
802054531
-1892781472
-942759343
606180890
1050344730
2023364274
705552190
1692609260
-1977867573
40259383
1334017561
119397539
-308394798
-185176923
-1013701632
1283614864
2136715742
-881409543
227052406
-459130538
-1754686129
1142413979
1838672320
47580073
-797903199
-146510144
-1130179217
1953164120
-1613183966
-451429873
278757950
319714444
1798239467
-460318586
-398367203
-2144221871
1542970893
-1051456097
-1450468467
178322262
551278345
1235098030
-519138002
-267150864
2125310342
-398065268
1903359638
356996196
876333117
-584815495
1542235747
-1870219163
-1668710089
309853246
-383357549
-2137948965
2066521914
-1363065966
1064810514
754219237
-111202688
972897982
878529172
557549345
-2028185430
-1048825213
-848887388
709351722
-1113945100
1091376443
760868349
-390496414
-1494982232
-1995184579
-429432296
620964080
-998967337
1369675654
-11614970
-1783930868
-1680625081
-2128974444
-1605812609
917423737
1870042791
1531574677
-486830022
1311446611
-1963870199
857870785
-946098050
1857219338
1324180880
-697799677
-834864648
522622638
180621416
-1484996898
789513423
-1158772884
-96199434
-1094480754
-2071429899
-801636008
757142352
1783626861
-533165632
-191025044
644014831
-1996003688
2072943288
934139600
198782371
83850706
1519496626
106830683
-477901370
-1316879448
1954374173
1052064857
-1371468876
170922708
248278427
678308494
-282773894
1685031910
2141013459
299389051
350655436
-1729781728
769069957
6752735
839113532
-1434847582
1564623582
-1908240512
-671436631
-1988294714
-1272363763
169171754
-716779019
1984842445
-733260011
-662878217
205122554
1300568506
1395941860
255324881
-716748099
-362188930
-1549121627
764813109
291363044
-373824428
2081501777
-1673911239
-1684135323
813599854
699250572
1809950159
-2073997696
1469488337
1472521646
1346051659
-178174738
1176042108
-1190687201
-2067006430
-819891622
174725071
-357080857
-1628153868
-1380261872
878429227
-657871484
90801867
-1239051532
1235866069
-97198850
458296485
809788852
1124120095
1506998585
666481455
-728247743
-1861515319
-1944791671
-1446459181
-640721286
-654770268
1097247883
1791871988
767074346
750608248
31475506
164562552
159779892
-414096601
99090720
-2075796090
-631831284
-695427055
-502186442
-35006064
-1752310679
-314837318
2146706798
-1714050413
1612168248
788200106
1531294951
-96359267
295021267
-564038508
1062503233
365146255
1872043634
-1954258246
1853866538
-1447293660
16372705
1994136463
-1467787719
362036273
-1650336653
-1181256035
1993152506
-906786770
-1989667018
-763486295
1555862089
1716686324
725125479
67270676
1978651107
-694249784
-500348376
1866836611
-204137927
1042943639
383907184
-19475262
652383111
-1120429437
-2020156862
488664037
-61716955
1732350878
-2120460255
1543847600
1481766685
1509419508
-2062409790
-1084179912
-1954825731
1544205262
-393393405
1362384073
2053458925
-814224075
-470581220
780550922
1684114435
-378065995
-737635309
-443294881
-1670339371
-494515614
504324213
-79934578
-502219953
1204179488
1672855618
-726760284
1349138119
1678254622
1854859304
1303347481
1584395854
1054645410
-1898017292
-1854125774
188548937
1525963787
-22375611
-1633855066
-998330049
-682150892
120596354
1530351748
-1571624205
280757077
926192909
-1849752493
1508936885
1305319695
1803103672
1135962490
2012206068
1521595176
-216200585
-881727006
-1856041960
2045991028
-550596009
2101875417
-1053265778
2067927861
-363201361
901758265
-477389788
-1618227227
717308564
1147474889
301865366
-1106287566
1876767633
-886563870
1131145575
-1419640247
1074700695
1067033685
61477109
-2109596585
-2004756430
-1479688564
-1107654969
850820172
1568002813
1049241070
1575096361
-1096772639
1947985752
-739690104
1007019003
668289244
291231063
-687838231
-1598019900
725598610
-49056771
-190624436
695702541
449181101
254307497
2102039548
834136300
618596143
1177926096
-759642380
-87170082
155690934
503700716
1533832901
-1249710630
239144449
1504051123
1888088252
650231970
898318258
1760392332
1491433539
1387175515
1813230421
1863862846
997692039
793964128
928878240
516613866
2064474203
-1314565294
943260924
-1161830853
-1095794085
-1028354445
2142476868
-1597999397
71902036
-1874017228
-243053109
-1717857496
533382371
-774638069
-758451805
1943400743
2124067419
-1466710646
-1120521700
453637560
-1746977300
-1217145683
-783281781
-895715573
743255040
2055821171
-2015437748
986659410
233238760
806726319
-2059609847
-1030678345
801088695
1138164767
1934965051
-1711865968
-241249938
-265580611
190909936
1615347665
428900185
263753301
133711055
675012802
2017403831
457984343
-557387431
-324277775
1923831200
1405808622
-1888000399
-86058903
1722772771
-1134317232
-10099683
-1797868765
1174106286
-11753385
-1212490354
-2129104196
-1491602254
-1541837743
701832029
357937256
-1547382393
1000954643
482164247
1636683814
32691084
-1075318700
-1712298757
-925165003
-1763325550
1584053815
-1603797759
-1888258107
1962841466
295557929
1587608606
-1448360206
176366364
-1243031315
-2017129274
-1857553939
-860591766
-331114252
423390642
-1269729925
-1394550316
-346844687
756517347
-2041552221
1461969390
10443437
522947813
-1587812445
-227974320
-1376809449
-1230145704
859864099
-1051310658
282156190
1489729452
456838317
-98203769
1017142979
-1434678485
1102635355
1922789425
-675119895
-457528516
1819966417
992397654
739901551
1725696741
-377167763
56771016
-832626176
2063870097
569212605
-1868144901
2035525929
-2131904493
1841442097
-1082220380
-36146901
-941971222
1133308945
1893382813
-1860835566
-913847098
861692848
2113865995
-77212411
2044060234
-1776709150
-658136382
1992167136
1102186516
-1182377302
2062790119
2134955007
-1948001287
-825757640
-1115890986
-1651443108
-1744319852
1746617873
1237920070
-975882532
1734365954
-1048509553
-1582343253
1496782565
-527351066
-82728564
1763228891
257916723
-687591757
1501683546
1147739124
54248428
417704489
1298799349
2064654971
527674865
1738474783
-1687938949
1012361416
346685814
-1297575805
1766053083
-1479349086
-1826203180
-1077104737
114884557
-1190146523
2082500253
-827049571
234952961
964130540
1104287217
-1407652019
1839312027
-1843687573
1777768463
193136932
1353016029
327247516
-1582094290
423829895
-1131555035
1103736797
-1521641843
-911605943
-1781044710
1107016472
1456705481
-90962830
1116439330
1745455908
1042677101
-1854519998
-399444714
2123656810
-1476305969
645368693
-1190036935
-137364021
433395993
-721434169
-1731822747
878421441
-1832300123
-2016623686
-1334929786
1070144964
1752399246
-1572672107
722507852
1023963630
-1666194557
-1633826640
164093212
-1789361439
-1960909602
-116178961
-928953017
1290084328
1294104309
791791755
-674273155
-2027282596
1411997102
1626950424
-598797181
-993715896
1893399384
715856066
1451107108
584427599
-745551431
189624538
-4209820
1806062797
-458239901
1352882833
-1453698565
123113021
324119627
1176622850
427638017
1675646682
-1425408869
-982012043
-1223364891
-1269135992
1082411206
1154311137
1694364835
-1979530765
2088481757
-583598670
-930622667
-995582216
-1086648031
1261030093
558579786
1304786756
-651088424
-1486601008
-2007059915
-2010976198
-1868602268
416721054
-835749080
-5486822
-566899568
1543438874
-1611340895
-1071330210
1137810733
169062449
857077795
-2143276697
-959999267
-1501321954
1966210601
390040665
1668116526
-1006377239
-435764137
939537986
254995178
-271182801
2087666162
1268246401
-221537620
1785458985
-1402455662
1097578085
-1544504138
877150438
682611478
-379200492
391831810
1295871707
-630169385
-1194826835
1694553238
-1490105187
-1011497953
-514250831
2074762524
-1266587668
-915397412
931512734
-1967482447
1639300339
1589506192
1021595612
1392450812
-244070195
-1738386293
-1688193571
646845571
-1629011893
-1678989476
-1330627969
630133049
602009332
-1385663100
1537583284
258950490
-1827241396
1203053933
-742762908
-1229239429
857621849
-635476326
-650267247
115722972
-1054830494
-1731862498
1340036028
1742966016
1377497337
-1745497518
1213688711
-923084673
-868921796
1950588866
1993632923
1940727066
108891479
-1930530457
215915979
109018384
689601100
1130195483
1154563449
1054285743
314439926
1819811145
-1524972488
-26920659
-1105542582
-1098695453
7089586
-990526536
-744345120
1397076633
-2011599924
-2010978869
1964173233
-1849059257
1433102343
-659594814
-1716960734
-263208018
-1345964247
-429921616
-11602879
-448538266
-24354021
-2007731600
1194802253
678042387
-523079915
-1503673095
-1893106053
-1554029354
-796657161
2028799222
76826615
1696009734
617489146
635952534
396295720
-829841120
1052316807
1930788256
722517560
1786945275
1427429734
379170761
-1236848429
1454031167
1081860123
-1371233207
-1595910610
1674539032
124768396
2063286187
1214680650
-1505796315
-742680601
-1605041436
-1082236551
-803240522
-1483747646
648536231
-804664031
-1910839753
947707267
946574327
-2035476289
503503078
180388609
-1067234307
979203886
1310510540
1720885611
1972748571
1315043369
238402025
1433892200
-1576466624
1286835726
945988529
760978304
985182590
1647389668
1775829687
-1667201095
-1215161639
-102154337
-742332760
-477736059
447473760
-250999646
864950650
1187644891
-1414850430
639543940
1905045732
-1960986205
-1734790247
-2074694634
1042334480
-745388458
1167356363
-353193307
-503303538
-731885851
33286674
-1043304069
-22493812
1509481178
-649650536
-1028332116
1371798596
2015616445
-1730577849
-1818507762
-2092082508
-1066053448
269980576
-1656787064
1650923924
-121126275
1041057996
-226700913
-1290505595
1811251559
491849968
-982835474
1053817734
-151534625
750902981
1983334085
1583859115
-450530559
-1484582809
-1437632045
-1007668465
-306087042
-1586403220
-2140454921
859420682
-1113405245
1283161143
331407859
-716899425
1472089690
2013758350
1317088115
1525943096
-788675696
-1423534742
96389453
-1678862956
-179047080
-436314610
2138490890
1671061760
-676736401
1271898715
-1698433371
-1100451644
709727680
1989223521
-1566625390
415927776
608154377
-1803829959
1764416001
-1775491336
793733565
1482539025
883424611
478460811
1303585324
878246535
-1676152531
130631275
568785121
-586160581
141911771
1659198313
2069765194
377216927
-996393929
-381948849
-734404450
-990939632
2041023450
792389906
33795578
-110810838
-1946041869
-779342008
-1684722483
-1855183017
-287655610
-736002857
53236854
1040834985
-596368265
-1006609937
1130315819
-1560246038
569689993
1133391417
-897716708
1582811120
-914930272
1751905616
-1204925225
1476808500
1561429774
1861502575
-1225704722
-1066400347
2111699852
1768268652
-184197930
-1151995206
1524645063
-1829879067
-1744376558
1225930181
-1187850978
544065976
989457039
-1832149361
-1048301910
-854284360
-1990309550
619821856
-221974914
-279966820
-1580988080
-955552035
1061830703
-974347718
-2125506660
-1108384040
214619542
-2058775306
-1644487225
790560611
684039892
-870810764
-110451837
-1234080026
-1639088490
-708954988
805381769
-1010415118
405110425
2033441439
1375767740
307475605
1053640816
-1249491267
215913614
529913071
1976952452
-603596886
-737007710
1781160709
-355266212
-350261335
949007283
-96718379
45976863
787668408
2135797171
584101289
-1931519146
-45472252
931963703
-24589392
1957348597
1423465887
603487761
679368394
-227966821
853413231
863559230
-200407646
-171869928
-1313058711
-1561809406
-1713576447
-119474128
98509055
761222225
-1233606303
-537118306
2012907990
-1880086159
618112705
-1964856741
-1021465156
-1646652964
-571038281
1578260511
769252057
-581213334
-1809856821
437540136
787160355
-1308854097
1296506113
-1286269895
45286423
-1452960095
832490679
-1638399771
-827486299
-1443166082
323863473
-866789364
-2045544341
-1060858388
793861746
-951483226
-430160090
-1126975647
792956621
1650951359
1988489061
-340906811
1027889082
-113763646
1345249663
1249434196
-807488915
1816973049
-1461008442
-1527181367
-793890652
-485620396
336159484
339779000
-1760825280
-828003480
2089433605
1832607035
1700705303
-153599302
191828190
-1449456176
1158886920
1055771454
-347448627
-2046251647
805242446
-757050854
-301589543
894480197
-280916967
337520815
145943933
-2085506138
1289485146
-1249245224
-638182760
1573627811
-1888332834
1346610036
-1381431642
-836276777
1949613470
1785164321
-894741451
-114461222
1259460180
-2036552373
571244177
-605821466
-1572354991
-1154167452
2009651905
-332186947
1232282253
1645217396
-794741833
-1409646134
-292021760
1403947220
-984386110
-1456828026
1385380911
2014218805
1961762118
-961420259
52753161
863197927
1163877551
1786312784
-1197237773
-1003353256
-1107546717
-699835235
1099797536
1029989850
1254801782
1920452764
1073083430
-1591000920
337577186
-1144264533
-1453618994
808807466
-1278268681
1353105357
-769432789
1406189943
187790160
-569195569
-1234451
1478432028
-495739001
1786189740
-897004042
1163989531
233819114
1398376498
-1883605971
-1780137674
1344905070
-869191964
-1821202286
-632700820
-94763293
1879432994
300822163
-341610812
-920719511
-1799962233
479330973
1795526728
-1169705950
931447186
-91397899
-1676595628
-1559350488
623096199
1821697479
1155774480
1587002817
643778711
1822890623
221292346
848844753
-1685102786
821822551
-1060491992
-425330033
-823587348
-1857648592
194587661
1500565115
108040679
-1199065179
1850015866
-1460629361
-869655441
-383689891
-1076895960
1189516980
744878114
903237281
158649076
1159145335
-1595510623
1983676462
-1553963222
1804867836
-1167783820
-2129810357
1924016645
580774706
853870890
1208034332
128430966
809488712
680651204
-794151368
651971620
-1021419937
-1260877997
159124602
1283641524
926402944
-1405006880
181211924
-940012215
-1714422577
-74752117
-1363067671
-1185690290
-827202559
468142070
1638119706
489235314
-1382896118
1831967203
1135472097
118402548
-1040517605
-1074487013
-423441250
-1839670496
98895819
-201186671
729994031
239104536
-427904365
-1444635449
-1567732092
-1487281193
-965713792
-1619416463
-703548815
-1203623821
-1728945117
1358785367
-2046223674
-286937950
-401296949
-370600065
208751004
1191842686
-567511050
-494591862
1051047665
906743948
-1315026173
-365853346
2089190775
1129111034
41080876
-378717179
-1930268504
753013543
1838109620
332387796
398067741
-455024791
1632245340
-1346977329
1077595168
1904700681
1571233307
-1986408116
783744895
-1785368430
1997497869
34661077
1652048547
785131595
-1743697494
1909380946
-250065952
1123045377
2095540027
-864799385
1898729741
-1743713015
1298576778
744365851
491058775
-1887234428
-1765031719
1555856825
-1191324078
1815059940
-236305644
-964392966
972355408
-1731544145
180456265
-159185309
187941366
1367172227
-408197033
-1994130964
-1474802421
-221566375
260213477
-910456606
224858771
1295797773
-1837591914
158750221
958030364
-1361517283
-2145174918
1272292885
1426465879
-787867728
835410119
-1241647327
-1162099735
-1086145830
696231368
1768222400
1501777795
-652162274
2014871060
1943388684
385624367
-842167501
1970869251
76643340
155768557
1585072907
-1708276642
-2101164454
1003407486
-1489757424
-280067499
-1160570875
1993090687
-265752656
2089258677
-2002161992
-74252616
-1306724069
2073685594
-88541669
-1537580619
-1619578037
-1211608095
1464353145
2089502102
-2076675516
633106594
146799522
-294108637
-1969197411
1757143261
-1185271534
-1697875421
-1938254274
331556658
-1334208430
-168868371
976528746
596667222
1451392157
-715164865
-174765057
-1995509757
92614343
870461006
-1250336004
-315657168
-2019286950
-57743331
1481537092
-548867198
-971109118
-1820144111
-1436965215
-790595071
-947464662
-593779003
-1860294645
74317582
-1488980762
-2042419173
1169612841
-2086700140
1173071379
-1924064621
290253079
1543155582
279196860
144432607
1630338153
-1982772632
91424447
-466345290
1335495279
-662541416
-1793503313
-155062808
2073788858
2134879535
-688484868
-1002030926
-1863709985
-1036308837
-1040763311
-505036205
-1979335558
1955025487
2000171325
-1416173858
497879925
-431480138
-1229844716
1339395922
245103497
-798911900
235476503
-333607193
485446661
-640873586
1405980370
-266534486
201317582
-965475652
1347023557
1922400331
-1169823834
-1827372868
-1229790906
-621003467
1528146352
1083168729
-1872298331
-615096609
-267835085
-632096691
640360849
1607478113
-1577794658
176887795
456225465
-631056054
1267699659
-86990528
-1988074826
1103501744
-1429659513
740138356
1496881703
-1457016953
1163553618
-1400631796
42420253
-2097895370
565696354
-1620317830
1325691577
1101334887
1399240942
1701293847
1225993748
120850462
-786907992
-30816680
1087626590
-1409540851
-1340864630
554966336
-191438263
1766820389
1268190933
1384036885
1891655335
-2003098256
-330077098
879309910
-151786415
1449819421
-1811205397
-199866133
677998411
1317120220
-938440891
-229638754
700081701
-1531814804
-1155563282
1023805385
-2121704285
1784090481
2013697933
-1109431727
-178559840
599281290
-1693310872
-311197998
-1424639698
-2008184413
1953734699
-1519526373
-938479614
-703859833
-769264409
1210309596
-1160946417
-670349640
677092444
-916878946
1215728752
-588151934
-594240901
1298101490
1968567946
118750029
1565377573
-1601071891
-299281807
-531808973
-1223462343
-53273901
-649385333
57456594
199090381
-1540744687
-254896270
639509602
-1019363654
844708720
-1545517794
1433669385
1296281950
176484231
1281762883
-568192915
-1082797924
-2066426767
2013100536
86543499
-2033033433
31015616
-271251559
1602030279
-2079374592
-1987562063
-890915603
-1940423869
-1942355396
1227096736
150067850
931003763
-539736054
26317758
1005189751
1282276336
1640314356
499849728
-946619117
-237325939
1580729701
-1032361382
-2035722186
1541827496
2080685418
863861293
-546978667
1945968065
-104333124
-1645302019
-774609558
1150032464
-694470658
-753273498
-2038364588
-1640233774
-1112630206
675599184
-1232120965
2031046948
1762769
1286007137
-1391513609
-1491540971
559457067
1546163
-19558798
-576476874
1160215628
-1616594490
-1334333429
1306341875
2039473713
625257912
-1014960771
-1130188314
2035157657
-1673192781
-623284608
-1825510294
849143824
3877541
1154904943
-445847697
2017783336
-950981834
-1781328598
528775053
-1488872951
-166147593
-1833263299
-2130511526
1585829676
-104308778
1440475201
-530068480
1352607843
-918749222
-605074302
1561420041
-1535910628
209861899
-374395167
-1356270212
-1151805723
-1858348111
100475900
191383598
-1149263054
-547561023
126626699
72606033
646311262
-933578092
27958285
957988688
-1996780305
-1295883814
-1471372125
-722633505
-247155682
-939472435
706906426
230179917
512885397
428798121
-23855888
-1216076772
67141754
281368922
-550748496
946837715
1552926124
-1063134345
-1634149346
1483694097
851235147
-435814801
1964457658
-1913526043
-1099672194
-391949311
-1186240705
366540125
771193711
405702129
-2026079412
-1082965668
1853514650
-1245115656
601491782
1432961712
-135010745
1411167995
-1271454085
-1070770589
-519415724
1755552384
1121373067
-961482927
-58632136
-246815395
-852028669
-467297797
-1521948860
708755633
-696304054
1319758233
-644984022
61101080
-1945197376
-1607490955
-869026877
1428056601
334033187
-907430538
-1625620212
1765959651
-169979595
409329914
1140721009
199396409
1830058907
744426217
-849563570
-1487296087
-1434472440
1469229062
-912290638
2107363331
-399960678
-961231736
-1608228763
-1390175991
-2095965309
524517865
-1631111381
1864043619
-329596948
-1565254147
1188716106
-23441707
206233877
-1115629755
111416394
2143654067
-113443648
-113229180
-2136936197
1547104147
-1687486001
979625363
-1472837188
666386244
-746317780
-1111151759
-1267722759
-1206129153
-151223576
2097481118
1494882293
-1673300004
1349976230
473157288
87838153
743775623
-826716614
-1132707323
2147413675
-1626746317
261336972
-1880777437
310016115
-1323854643
-2009226558
-1360118339
842830171
-1152669579
539500958
-352235152
227721734
-2060754903
946345251
1843358350
1815628739
-1675005501
-958275714
1060834864
-1928028398
-1779891163
-74899420
-196636783
1217148518
-169415503
1435899447
436849818
247322924
-1217081345
1086604589
1881120696
-433943796
-210167351
1304706995
-273933579
1772530542
690094122
121945294
1583603782
-1044969153
954795527
-728409276
-510252255
-1977291020
-1255690035
2116532025
-1916510381
-1552913714
1381328220
-715540964
1176711439
-1321707681
-1240358846
-230806333
-1317160375
-444340147
-694354644
231162836
2024018244
428982102
1872150936
1997028967
588526698
-988492396
-1677992241
-1518696727
-2111479973
1418167553
1941937938
1116481091
-823452345
-1564336580
472216083
-528742086
478588032
-376899956
1082559654
1173010456
217220938
-1802221019
-1935323208
-221485940
1790780917
-1025323350
-581195137
651391438
1407536685
1866265075
1066462195
-113714426
-2107931760
-1159282417
53917564
1614420974
1255239041
2027600780
-1747709716
-1577418827
-1950792133
751310581
1159771054
-84936154
-1176197335
1270036123
1000483136
501346057
-816626060
-994092136
-1033940258
16944073
1085766108
194302225
920017535
-1995335850
-2143317302
-347662150
648822532
-1996366772
-2054133850
-187507810
1850503087
411603284
1959698022
260285216
539110097
-124754998
-967209881
2014158396
477926343
2208
1202962303
-987236590
-37112794
-404850815
1363313746
-1976009563
249814069
836580409
-1924203035
577348831
-588245349
-504149421
1883808368
-1936708904
50570073
-784736509
-504221321
181783895
-1498305031
400915782
-1071679717
879948184
-788417785
1816494151
-1757712211
471412303
576866496
-10141692
-1070356861
659358444
154353417
-612309967
-1344352497
-1039319263
-1933751646
-1086717604
-1497231572
-1828004191
1226616731
-258579375
-1434883141
-1885577943
1996988166
1049997247
691880046
-406599997
-743425043
-170872805
1430769635
1515128905
747469702
-1503688252
-159694604
-74562520
-405449563
1567761767
-2049335987
-1097584794
-2144996751
634945188
358982974
1303427813
-410853798
-428951311
421301457
-1558803224
-1364830902
-700768578
942011935
-761262378
-1594475494
-364220710
291028191
162599742
-160471225
-1422320619
1493722943
-1367451621
-221173275
2115920677
16273398
-53188264
-1619107885
2021153485
-1550918247
-2012502123
-1826068689
-1895407045
842292014
-1334872277
1923857676
913412529
-1049737730
-1438983315
-120770206
679022952
620831919
-38993359
167896645
-615351632
544226193
-19102834
1163628122
-1588811941
231977528
957897190
-145383803
1321571163
-1418527158
152163878
-1781045529
-2106968918
-115693671
50009164
2039105287
968977769
-1107183245
1786360873
1323462990
-1737393076
411333945
436591208
1546383800
-1245606092
-817948114
709475790
-791352376
-942711779
-2006133104
1754678466
-1471593539
688579642
1847342572
-372934896
2135107330
-385301155
-1928617810
2100021225
12003306
-270680676
-1374306057
1841658926
783933596
691815729
-532750157
1591587053
-551005877
-860396894
284267753
1765852715
-625250902
689708321
705317460
920924643
1791135135
2080715060
1328973619
1091174222
-45632202
1524820888
656799325
-1736016283
1276897240
837504611
509120407
-1791826013
7928507
-301669272
1379299625
1224734735
-1245078884
989914846
953368239
-1194866311
167737516
-308307645
495458604
1227778819
-739585337
1931739005
2041349220
-455803421
-813315349
350900803
-328741526
-1961141658
-128368153
-943270470
-770062729
-538410697
977807698
1126757986
74640381
766663905
610894014
-2057777101
1027688187
125933457
1600680494
1726186499
-1602707310
1362528544
73744836
-1045627094
-1689134376
622887249
-1178008386
778312039
667321068
-1756827050
204034979
-813683451
-1972703158
1021853593
-1585943623
-910324423
1308263776
697447608
663843769
1233157838
-384899743
-1878759216
-1275603003
-1864591613
-2001456296
-1302261251
1553723545
-310860621
-1424380289
1631915297
1072065025
1852147638
-641777711
181411301
-798024566
847288967
259378397
-1499288835
-841265540
-2040491482
1704027100
-2109441361
-609579002
1062598720
302617861
-1231277163
-1887918405
-1376345204
-1355444960
-1957190240
1034828861
-1472343433
714523993
748756833
-721337289
-272577534
-1677829034
1249792899
163663248
638724843
109472907
-1275489637
-1459932452
-2039728374
-1835404340
-83993308
-1673339370
1247604990
-254074845
618566084
1487475596
1840559112
576787939
1594211284
-1051822054
245535286
147030781
1672758815
-10205542
-403190077
-1594125423
2012517864
964585626
-12707139
1015487432
-1097313743
572646992
484603880
364120800
-1809032390
-189406774
-1401887262
1002929032
431371847
128749929
1140538759
-1693125267
1475735974
-1373835889
-24650090
961524756
387171568
-1050868329
-1542777964
413730538
-950996594
263729157
70799344
1642864280
-1966626945
-950302210
245804135
-671556708
2126377559
658930170
-728349270
1661235733
-120851830
-1565251145
1700421949
18872029
961930986
-1051841680
675708065
955394524
-1914779026
1590148686
607824565
2090013083
2059438644
847537695
1607328600
-1035125737
19077064
1659095621
-472176301
284276951
-1277437018
855117808
-954160522
1118380096
275991549
-469032049
1122909696
-721601496
-2128172107
-1314216573
148038979
343680424
-711445069
1446604309
-1374735736
923724854
-1304414117
-226435926
-309544401
1194007026
114681174
598435381
175698458
-324556481
-1576085100
-608889108
-1230757044
-881639531
1367384468
2012609341
1588285900
368230804
123715043
322282499
-1661059377
497849437
1636559841
469121525
843114773
-1034543075
-837699894
1872286814
1067069331
312371178
-716860172
920913682
-2072544687
-865482031
-1189276331
1267784608
392662421
-1998568913
1353638216
1209117124
-416486591
-1259294401
-2046126448
2114552607
1481270905
1174477300
539344284
-735959511
-2108502648
-1112749303
179003404
341421158
24038915
871291733
1582302068
264267735
-2112194769
103319139
1310985310
1865589683
1095630495
-2007482814
1568329109
1226914902
-1201951967
-707819880
-291715168
238502521
-1140389413
486731005
685759628
-254141021
133681584
-1880051067
1026063343
694477279
-1259530009
1699740318
1317210920
-371798865
-2026127090
126063389
1505037803
850926912
-1771225828
-93804142
-962997508
930593758
612505045
164299235
1092004154
2109170858
-710029198
-1395817960
-1179721506
941836681
-23585920
3090291
796925189
-1781702817
-1182177784
1732360387
452180331
1507052156
-1868086033
2062076409
-235255688
1067261526
516377248
-196287237
-2005766784
-1653840776
1202009319
1331162040
-1045653689
-1128653126
-306997984
-456325253
-1492033854
1289664690
361518736
-1239434876
201887268
-1402069910
-1753692398
1800593620
1016796184
-9740718
484378101
2120337736
455763786
-814304136
-1680016092
-45967383
-1640227285
1720134902
-1657321337
-55400318
-369049867
132437930
-901468247
-269307791
-1507259411
1697601324
-538634853
-710821182
-1878175769
696782076
-1424162025
356733305
1197371151
-1565108997
31272679
619604014
-1731149851
-1836088292
1091545223
-1872241697
44888201
559128155
511346953
-876307455
1261665336
256571373
463621688
-1193488168
-192711402
1610626488
-1932246016
-509963512
1568515629
1060462853
-2027708403
-423360405
-282504779
912917107
-1750453327
1552546339
-760213611
-1934395346
-2146969590
1898002419
425365545
-385352863
1445591139
121527498
-967817402
-869267224
-233382182
-72300384
-713538694
-359063222
302950211
-1009589371
-1141262952
-1031793690
-1240597428
1867709943
1237249138
1603815787
-170065183
-331783565
-1606039320
632865165
-1298720815
-1656394674
-1103827423
-1083262987
-1807858767
1510258628
148714008
652289144
2142734592
-1700479151
692261466
-563115381
935030924
1085307455
1774465293
908708854
-300386285
1458622592
-1339482572
1122366152
-799324372
-1900021827
-432803536
2123638410
-573911449
-846393938
-1799326071
-423608137
-1025198925
-78740564
462616046
-1993100182
-496453888
2004299651
104780922
1856093529
-741876187
1055593869
-983656648
-1821177342
1287040770
1336819707
-1897199127
1852134691
-437274391
936982389
1628933636
1728488046
1411786297
-771493658
1693832701
-1973742979
1274950476
-485407600
159617226
-310935037
1155248018
-648920474
-1192703582
600467524
-122360579
614070170
-1730805753
1282386118
-920993376
659519859
945634310
-964473784
-242450542
1393903972
-1047420227
322065651
-1623652584
-1384487334
1609387805
-1131929137
79451906
1536859989
909472497
-454421128
1333477205
1675164474
-477035489
68842512
-365618646
473450982
671513132
381070455
-1082282283
-1753009530
1759076357
1672773817
-1521507512
1152799525
1569242619
-341524024
-754311239
540296582
180068367
2126090858
858949763
-1502307021
-512148369
1945724276
-1535282615
-648269099
-1562476992
-1662571720
1345336417
1568559302
-749012834
-1736744389
1092533614
275485924
-1600420384
1305542443
1688178254
-1507026008
854136608
-2052825073
1074396983
1465108598
1244035065
821149376
2012295964
-2081243338
-1744827758
2112083607
-57647787
1333093154
-1601388581
-233131673
1594047870
-1758630175
-1462775786
358469549
-1221593698
-1904805419
-1015089255
-112451579
955621003
-1592820048
-932627503
-53511712
1652899469
-1279379635
-1642693494
1681952628
-1275001279
1040572861
-403155604
-863794445
1809315776
579158687
-636939320
-1623930113
-2112726016
1345124531
-1656896364
-1283427748
1629858425
-1715046991
-1828938060
1505148647
-617822453
1823551575
-1592177285
-1973789754
-255084002
276325312
132964208
-1551555872
-371964149
1614082044
-1590207148
-1940717169
1630733498
-774623268
-1797960349
-1261833068
-2080187253
-2020222963
-533485862
-458141877
1226773369
-761253017
-1827604039
1144635935
-1586871939
1269518471
2009255626
1367004223
58907439
-1648823142
1528988641
1424082065
-1778110029
-2015860869
817178724
1475937766
335350994
55733504
-2032787955
346999407
909329255
76218257
-857439762
-357281168
1935537660
-341073927
-1091591755
-1141444045
-1342812237
2013417088
1331626289
-338754754
-2049379990
1261338937
-740903916
1569731783
317745946
-1326011497
1197543418
-1444286617
1321428863
993405766
-1661797718
1044234254
927428094
-1476612552
1659918490
1358757431
1342398146
-1477089795
514482104
-1719787172
-241496793
901618775
-1775644057
1271757227
1703910491
-650674931
-1020041529
-1325121544
1217823298
358557951
-191570375
-1108594443
-677161830
1492477562
112038177
-1553651807
-1361132449
-1414233395
-233999634
-1855624450
-796431503
1610168604
-751709610
-842751226
442454131
-988630413
555178470
244099295
1561543925
-32902371
-305326919
1804248653
808944084
484591926
-1397982329
-1752287129
558310880
-1470525313
1100402145
-1100248691
-1563788608
189292401
-1143456838
-323971431
-190700526
-1238404716
-1974099159
1213010771
1303616726
645980944
-1515067796
1366270506
-1407867124
-1727458940
-597418449
-2016259295
-1851682406
-20695530
1552428046
98278919
1907914867
1252723914
-876121768
932727786
-262544650
1557273879
-1085297130
-890895411
748381331
-2133035081
-2136322997
1198354072
-278453324
-1803813442
-1868129412
-1819924913
-1520342311
-1278835474
-609369998
-1509038969
-701257723
-1916244663
-1426105026
400532500
1182629464
-382567450
-389925508
2033101319
-225260035
545918728
-1446751524
-1160468009
-1858611643
-2078277780
1132096990
-1864271651
-1392847340
1065599713
-1484349732
363726085
-1562587525
225289246
-1140155571
-1164213566
-604943450
963912655
-511048889
-2000484798
1874286584
126736112
-2140830907
392756195
1953234292
128079454
155176490
1665872868
-1413940898
1686246315
1227469701
-1072204449
-349665759
986064689
-863840746
-1882993546
-1292804237
580283241
-1907308911
-782170163
1497130166
-1738180227
-1515813215
898832695
641170849
-375956709
-1814906833
1902267827
-1134582497
-469695093
1420492003
1809027225
1520844407
1065087491
850348522
2128948752
2041845932
-1599445190
2066232314
-328152894
751748134
280905786
-1626376301
1649047251
-1609884015
-790791046
-1262337658
-1308607986
1120024836
-706984661
275839930
-417577119
1156316262
-608758830
775463469
-1912614517
1247096845
-1799703018
487449657
479415059
-1109604697
-941430054
761435672
275010427
1262392669
1508160654
-839764310
-90651723
1706023221
-304415550
883592565
-1935569450
-1225511241
-1964942084
-311319316
-267426807
332914643
475144394
1826268403
-1550427451
2053549057
-1608919783
-705736286
-1905460670
1778675370
-354158392
-934530487
2097574696
-134264890
1779016312
321496243
1039067785
-1568068923
-1604046939
-489922385
-963899119
2055272370
45306106
2088513483
1156807036
-1739488618
-1553528864
-104342174
-1590992313
1672424730
-241997481
180986585
1950475946
1466103407
-455263735
2022675493
-504247612
333194610
-712263780
-1862283121
2034980632
-1557139190
366814023
2093513659
1833629495
1237371604
494985639
-1436040474
783191999
-2042810366
-1024244781
1733849710
-671869
-2076171136
-173781587
-1506549865
1116241931
752598103
-1600909957
107096715
1807931710
-1040689322
-1801168715
-201450334
828087389
49902318
1837695520
622995172
696736307
-725404067
-2126717669
-1725414197
-476575606
1263148303
-780983752
1455343436
619514593
1636328256
1038223630
-2091889640
856592987
743119077
-2034455732
-1587714786
-771061511
-1895629108
92243217
541766740
1020820491
2112066050
-258726277
1192132535
-269665821
1482484084
-377099650
-2141912688
-1417799988
2023967192
-154482954
1248000247
-696316614
1925288909
-1363113474
1802649244
342240578
-975048640
-1565517694
1958502853
-781054132
-1219862766
1001226770
1059295634
450379270
1447103479
-2126184967
-1800776056
-719598693
216436129
1213343118
502194252
1243317796
-766348516
1080033225
1659300782
-848658594
-534723717
1153806872
-161118999
2138889117
1868911540
1436346995
-54253016
-497148928
1357125320
418141869
731714124
1279612902
1891355686
-1087259379
723295212
1353652640
1621274705
1964804637
894183581
-286535065
-1549069376
402843585
-1122441102
-527623792
-1786774524
-391597686
1643993542
1644899070
-1285016784
1234229836
375161144
-1751164713
-1184863884
-662235411
34217462
-2031655815
1199787275
530113152
-1335140802
-21957969
-1778336681
-1114493039
-1504716766
-1601466593
2119398985
-494708030
-1218786677
917697287
-780735226
-954518890
-909055361
734692136
2060787399
-419878772
438255782
603863297
1488886016
466157423
833870602
-1616090304
1807550916
-1304786196
1594447645
704588149
405996391
2013090916
-1957525504
-921493752
-1480468892
-334415613
1296284930
1286943085
471377281
-700820207
1414229094
1134513557
962467888
-663236472
73680488
279976103
-1785180360
591552741
-456723326
153122799
2056060820
2085655619
1801586923
494216214
-1429350501
-1125369436
-2006785441
806992788
792957536
-507151726
-125663195
2037778529
1791778139
-1612351002
-294272434
-1188729614
-475499448
707496935
-1274023366
839101539
-1195763889
-1243784298
-560173216
-1170112016
827080548
1015255367
-1414067
1692842921
-2090486544
-1429090701
180594668
1313786982
-186356560
-386788660
507932424
-326629129
687296221
226025106
203403791
1850541216
1816841357
1254663717
-1440074983
1657979076
2023679833
1140878042
348393511
1092461535
-1430024386
200969489
880553391
-902140999
1583512264
194915206
-1546828456
2111278808
-808723092
-300506137
11836673
-275857099
-412245962
-827717465
-1773229561
871731251
-218955613
-1507811310
1820599495
-2105062964
-142296625
440189088
1131827297
-1410751731
-981460013
-1444700531
-436110657
-164572733
-1166166680
-510861656
-291964715
434048374
-2132380721
110625387
1949311785
1973857174
-1763681035
176423243
-1105717610
-1951053068
-682997807
-1175018671
-1108198068
-1665023373
688928529
-196710166
-1839995878
-763508993
1100495348
1343441914
733437935
799505596
-1734215815
1168574006
-1944352867
654731138
888227769
-1181185870
947553760
-1084068215
1807646609
1455513785
-833796193
-264575136
2137870979
1732167132
1189153393
82762788
-692752675
-164336307
177786722
1634140397
1249261595
-1197949331
1468839413
-1083896693
1747010441
532102306
-1248492691
-1650235279
121469740
-1248904594
-839722424
220949489
-599848222
1996630461
1386145291
-1393060183
-670139448
-618259075
155877189
-1957003715
-732192293
-12169101
606669773
-688233658
-545308703
2103756108
-144466099
29139337
695764361
-1800580110
-1317068796
-436506773
1019333585
-511985631
-277253178
85172388
-1819659353
580613433
-14812856
1828675635
1654131411
-1132354731
324129178
-997321327
1760697107
1856895387
186433012
1780017448
-458471545
878815701
758879668
714513414
1276517455
-1783635647
458594471
-2048350515
-850381710
-640351580
-2118246009
-1805200402
-1221092863
83815844
-1354728252
-1068644074
199525499
1401022295
1410066310
-1492634649
2028738931
-803538922
1941043955
-1852731925
-1838476432
-1684417897
-326498387
866954181
1574531859
-1084647366
1794123166
1721207721
1191550591
-1030680925
-922813449
-1333192947
1989645044
1509431944
-1748007563
-438514784
73600189
583635915
1044010213
-2036629637
-1562785460
2063976139
-557179414
-1706052458
-2107816029
-766822666
994543102
1476865916
1296149236
-1243580766
2084733366
2018166082
642360203
-387766243
243122761
1844483253
-1921154581
-331514878
1667561298
809246418
1757272119
-498810674
83814612
-1341984134
949243348
-50800718
358133119
1774444390
-1261729461
-49962326
2104983857
-485890985
-1048488845
1613021133
78839742
-783070062
1660182222
-124836378
-1892562956
1867034763
780223027
-636258748
1700711129
1503055328
-1202147923
-44099634
-1228027082
-1703318904
-776807773
743796570
1567215960
825538380
-1595756488
-869152450
305174293
-190978699
-437438220
-790247386
-412471283
-1263868986
829443747
-1980797657
-1787006415
-1307806036
-1427267459
1493110036
1533928073
324345779
-583174266
-1619605744
1260661297
-798848964
507436344
-28159900
2141607844
1978033005
-1341061026
765405586
560689212
793181032
-126077886
1385861290
910300665
870243774
-856799734
-2029271845
-1686143
958815013
684844126
-1094291636
1512468583
214486633
-414390962
-89504468
-540444753
1397939872
-1562560909
-1338886393
544950929
1766207649
1796842323
-84491941
1780362621
271727542
-179429879
-408145301
1631251807
1597584784
-1912508891
1465842002
791315235
157501819
-907253295
1530745434
2100816763
-1819177262
-1832313548
-832641906
-492751137
1527083700
568493082
-2131745651
877336021
461932791
498317780
-1204776799
678061426
-192153508
-613432484
-1508894193
-1566867424
777385476
-1757849667
-349614160
1712805536
1455883299
-798733647
731585984
