1450511973
-1196448922
1314816952
-527394599
-1215358123
2057250389
1560474063
1477249214
-1873379055
-2012886078
1698913547
-640534726
-1639675697
-292423870
-909350724
1438542477
-709440863
747405751
-878990585
123128753
957535995
-1828422023
-1916838898
-219197265
-591629198
433430482
1295995727
1471576109
1158378950
55307952
-1764886711
-1500992949
-2101711838
-1172387435
-324664476
-2024254800
1779939745
-240623919
367282194
-1640691745
-36255724
-1931602445
1945815344
382555086
-1342740478
803314813
483188402
1458303417
-1105880081
-1723233834
-556123265
2133497139
2060735457
515624580
-1428619622
-769552771
1614404895
-1956420966
1904030337
-2030247910
-419624388
2037245806
1194221273
-1714120286
825120595
1498755215
1750208586
-1817211946
-73888109
763619317
-2116257112
318024180
619229437
2116272506
-918120109
-1266635699
-1805310100
-757665399
-149196321
1390069780
-805797931
-1375347948
105143542
-312700809
315898576
1652893899
-1168737923
-909224717
-415994537
1743242634
-828264971
-113602332
-552256820
-15505390
1625545763
-1714405285
87518016
-286939653
-1551291661
1423257139
-2115919375
-81608215
1049397913
1579585382
-106956779
96905469
-2120624391
-472416356
-1474560043
-815541362
-934986679
2103587588
-1304202341
1036188953
943833587
-338038425
-1315695216
1538385781
2075860927
-589746566
-490241184
-920740534
-711638735
1908953971
-2071854528
-1568675900
479599407
-238088738
-346847439
-1990005886
-475744281
1066088368
1066041221
687939796
-1835885329
-1178227556
592190882
-2143216858
311619501
-116481883
207498757
1236784054
903150584
414206964
-1723156342
-513315955
1357775103
-1325400085
-985271831
307468460
-518494103
2030238073
-1916583549
-1026346364
1108134845
1591575727
1479434079
-1190555221
-1281659900
1322796435
1779027566
-798378291
2020802477
1899018804
-771475690
1355836640
116128431
1286031870
-1180015123
1994513051
-662850316
2014213711
-982256955
657078056
-1091235083
-1388052407
-1203448856
-1320643049
232428705
-1925834775
1348362660
560332438
-990908797
-198973352
1516146185
61489631
210473250
-1335224959
1536447728
-2105326351
807060139
-366936349
1406969919
883601794
746139341
-941892697
-794076052
-1105116621
1498878180
1781859317
-2095589057
118889989
-1932174247
1438972802
1778225883
1612969739
-653162681
-957935251
1404866302
-1951080351
315677538
1032300875
1898347143
-1678176420
957706516
778404224
552145720
-1561592830
-2056963864
602966736
948890045
-911829828
-164776149
2022057269
1513865197
-319522487
-30059056
259249650
1557792591
-234000138
1203073172
925289191
868434910
-1229746165
633765730
-293617881
-481994992
-1895186296
91882231
-1230498617
-184355052
1753063953
2006194121
-1824638984
441308763
-816122587
-292498651
-646144168
-1887617190
-1689385578
415223446
-2057306748
-1171511155
25020469
-2046655091
1594259441
24511678
1077780428
-1570739906
-1010108676
586797958
1138883920
-1267872057
859628351
769603092
893538135
-1632560233
826663973
-1097757651
1009120455
1610863629
-640388160
1050762611
964765392
1587769439
-260351015
2088538857
1648496155
914365373
-454856632
1521632438
1925019459
999670197
1693325958
377430056
1607326340
-151122471
-1405318528
1974184444
-1666274639
1328562590
-407330643
1284890843
516497259
-1546779514
670688610
1121190952
-1975062897
699044481
-2144198300
-1888058632
1720887536
648801424
-437097537
-506767519
-667636155
352055211
433242325
-1595584009
1358359653
469333477
-1894549831
-1353836141
-1893147215
28829133
-1041161539
-1989024938
1954577104
-1411525610
1457046601
-1061148947
-72608863
1352244089
1899186414
-479407338
1551123309
-1838346535
-61030982
-177093023
814511196
1241491880
-976436787
-483880901
-903633366
-1170677111
-1178923476
886095400
-2144441318
987399222
-589027628
-1260963505
1182684714
384643236
-1681946350
1693939771
-1203095161
-590384540
716827409
-1063810849
-1106375613
-1076232116
1092313268
-515098917
316688452
-443410602
-898991706
629330429
1019611519
-1534259513
-308630354
-1121822455
-1636934810
1471580819
1063625799
1154354364
1649437087
-1747128321
856965231
-359682290
1454344181
1971191944
200630719
-2041580872
-758954605
-670580989
789434811
1911021301
1181810542
73401093
-781329301
-1744950389
-1159223805
-1396220284
-2125566166
1116723468
-767186366
-430818882
-404696899
1244891481
2054964681
779962713
-1395046746
-904176537
-1155362219
-334445877
2087599034
-758033083
-1440865163
-875040005
-1979008015
1793493853
2133728640
703142696
1317820797
-1316115463
-37689144
-1382828022
-841887971
530419721
2118916111
113874742
367063986
-1476335069
-136244423
-1439080762
1866453778
358895818
-1355772093
-1281922248
1938161691
943991026
-52821901
368846742
-504859637
-896518973
-1056736303
-1223867433
315854607
-449656163
420068309
1561947525
-1328804327
1277556828
1021262945
-1062965601
1191774710
-6220068
-1213423120
22795968
46551967
-2138205761
-1716264944
55218816
74432974
605677421
-1684352243
1168381209
-155499564
170796380
1012482286
-286918579
-1932472919
-1393204080
-1504610907
-1936116089
-1828949692
820251237
215608961
1038771008
-2007484115
1155191180
1559349478
836928932
950048847
1837293394
-1589581760
-226461324
-1925217518
1979672872
-1507850443
1871510061
684164521
-1495945633
-42719207
218217578
1238985639
-1967896014
-286517081
-1283573370
-1358672680
-338746871
-1897530132
2076905861
-1646718130
1410692092
-1070721658
-1558763724
-244855111
2061224341
1512518926
44554894
-252811012
1944834778
-788490030
-311949984
1004900348
847801737
1201936583
-1638425040
-32380742
-1760273243
-834477379
-157801125
-636690525
468612145
471217364
921714813
471444006
-1510064837
1649199918
1499670548
928009607
-1684515301
-260770587
1243532135
-982401293
1360139004
-2093054913
902680228
190148819
-103800165
-328266208
-1802975416
-1039015580
-2028717234
-1315558209
1182030531
-855179641
1602884680
-1648969315
-1479531686
-536186155
1406414619
-1678429519
-1072398513
-2073874442
425538941
-2052407577
-923029952
-1740453326
1572532046
-1874885173
288678092
1480620360
-298052391
1579568769
1766203004
1447219838
-1190493862
1031707128
-1307826721
-494759943
-1679849025
629255263
160803574
1528953166
266369970
-1926088233
1460246482
1786364248
387287255
957196905
1595814779
1559588171
776839762
-973526727
44126996
-1570334455
40241291
-1533807876
502266172
358067380
-636185803
-1128556633
-1522661450
1784403844
-373295733
1420174184
-462100661
-354196519
2111931100
-1799265575
880429550
1744353427
908080970
147175027
1629383457
-1027892319
-1743976242
1918773568
1694724760
-139097640
2019869822
-1179730220
-238691045
-797231099
222034962
-1893913475
2093486000
431788357
-1631729756
-1487965767
-1434355464
-333068653
2003722166
1368851431
89384153
-2121710687
-462498951
1765179713
-403708323
-1896637204
1246715724
1717247754
-2139391015
-590886134
-808310910
729958147
1329353041
420693830
769153896
1519851555
-1548139238
-1154556562
1590690949
-1181041018
1683821249
1807369962
1083770403
-463087963
148785195
1045291792
-1774448370
390090694
-1387337475
874455223
188125083
-672104010
-1258789827
-578196214
80399851
800680374
-1353793479
2100738973
-822877584
-1010089294
1351622823
398457797
1855003312
-1842811720
-246150387
1062145827
-2125139895
1379391399
1855982947
-514779774
-1036006860
1230464294
-1790072074
-1377754654
925830733
-667421224
-907562098
-92230444
-1383250158
-1669786163
132344019
-181118968
-105356885
-291931077
-226748948
527488804
-1568716759
-306523539
-1128399512
-223538730
6839314
-1939442181
2142749025
808178476
-477719267
-90199494
-342382114
870357538
314263609
-580719370
2095869305
74997628
949934804
2037998174
-929603519
835216598
1697310296
-92107713
1903701217
-1670225671
1139052537
1854259317
-1061651455
1320066415
-1662117715
-1115680099
387984875
-1004414631
139651452
-1703238385
-650048910
-1766980225
-967729159
604017931
-1949103346
227159464
429645583
327874097
1871225675
-1545657557
-239343616
434934070
-1909150876
971750597
407650219
1898863060
1016189227
1351401389
-609360883
233361410
513127211
-936262171
-1850878455
-231358363
-1372059121
319403475
2085813099
1712920581
-1338473403
1673961232
387554602
-1409892540
1576286174
-134082434
-1687026195
-963203061
-251277641
1548237727
1688995024
546814789
-1418080035
828471589
-1915660185
507818384
269660461
601293508
-1148369406
-1849236687
1202618427
422114895
291496242
-1712575671
1436182901
251196930
675268492
73792070
-893493625
1489893916
-709536596
-255192165
-783444736
910895025
1235653244
821359283
1179564596
-1627602755
-1631884874
-117896414
-568786588
1736147324
1370871462
-1950001123
588345372
-287834376
395454004
358674220
1019612380
-2008753438
1694465825
658541085
2134561786
487579813
1543584657
-636076996
-1860790586
-1419288648
848156361
1909114560
-1315165970
-2140514509
-150441160
928202887
524189732
1557612197
-1715585861
-1207106299
-1956337155
882292771
-1788794084
-1770709382
-1042498532
1469831076
2014177499
-475029661
1892360847
-1889096820
-217914831
-1750687950
852881528
-317144442
1158332497
634375744
1730287343
-1849267562
-1694706448
-1977428734
-340613593
-491010707
-153470457
465171067
-988250929
789466623
-382293545
1278840305
342034874
1883808595
-972532947
-2085441565
1210647489
1049078937
1575628263
-75524551
831142888
1446865537
-879717450
-958867523
-260444737
-868283959
-1159192284
-1059796279
-2051853814
-1190589672
542319320
1953112898
716142499
1199412234
-1829104871
254409668
1662068383
-1962001013
426240912
1240776222
2104676784
-1098648728
-336375983
-550461696
-38954551
-726877917
2030162204
-1958764301
649046023
-262117370
1413667295
-849456504
-1473912369
382384762
-271322241
1005829076
-758498509
2130327704
1427667927
-2098319589
-950383719
1503189504
388695040
1146089674
-565180258
-190025494
2054086610
2110384810
867224375
915026554
539797931
-1452155310
1625621273
-1576406953
1116520046
512019166
818756699
1371199357
-789645874
-922912291
-1771087016
-1851471790
651107020
-556636273
-1629408550
1144953847
207218814
-148014513
432265332
-252515615
-1748070639
-1239204530
-1963631826
-300799833
235210000
-174681471
-900415385
1453992220
926001381
-45019172
-842110217
-2086116704
-1216153952
2015853504
614813843
1076724147
-776055305
-1786438479
-78667403
1884168650
-926071667
1429196875
1266927164
-119160986
-1669570442
-1312678538
2122110992
1407072097
-1581115654
209171928
-28575991
-543201398
-328807
1706826379
1618879185
-142621580
921045839
145905679
1052014983
-1488455541
-854892519
132648322
-481885978
308863079
937171127
1574253326
1994939814
-1046185884
243431602
-2014489694
-893182686
484413297
38110368
-836882973
-2031127238
-1680125144
-875323738
367194213
-374694278
1022560543
-537139395
-1898805995
1051143291
-1242855043
-124361159
-637362182
1231030409
-1918415153
1003962375
-1660910308
1875767941
-412405988
2101967670
129743299
242854925
-1634921930
-328066504
1909331172
-236768807
1428633939
-1109095064
1246749400
232302439
251653083
1889386831
-1927409585
-1478633254
-1266770558
1124814114
1684246659
-529565921
-1786453607
-42433137
-1667861840
-704941487
2056437665
854816696
-550741310
639243870
-1727840991
-1973940097
-61779632
-601240086
2124886201
391115780
-785965367
-1842761869
-1093553546
-1694906005
-306010644
-1211287371
1749728614
97713890
394260861
1317395535
1976686191
1688947169
681371957
-2048571995
-81540004
-1592170573
-661265927
1015379720
-1810635464
257745462
1488878927
-1663949292
-210105121
-1877943074
-918254579
-1662977447
-1849894703
1070607871
-1284380590
-1153658307
-1344834231
-97826741
2044558010
-1302302175
-920072306
-866862952
227204812
937574849
1431998856
1324432358
-486843721
86440928
1770242709
2042933664
-1020649922
340325411
1972642205
533032482
-2053571345
113104701
1985121379
-491540101
1362237338
1385826636
2114586654
451626611
-1256838911
-113179006
1134968647
922848719
-1212782132
-181884409
1656326324
1193441747
219430847
642744094
1542704102
1447247367
-1678758866
-1671135098
103995038
2003416894
-1470845521
-1532958174
-1580599371
-474755117
-1484715759
-834993957
-618138835
-1900387275
1761815949
627242181
-857758846
1453288358
-770758597
-1876344448
478731334
-1815123649
-2045388089
-2067779360
389308908
-1233491657
428075364
595616720
-1031337245
-985067932
-1666378753
590513523
205348326
-1508477952
-1401459016
1637780619
203047314
-692066384
-1214435955
1602432798
-245853896
-1649950782
-1315768488
1813933142
232827636
1066979766
445379579
-476426071
738216702
-1215542017
-1510733352
591353913
947144767
212598282
558628487
-662695044
1601766951
1074216319
-1009094973
453505567
831500221
-166654010
794808740
-2144249817
-1191997449
1281505484
36371219
-1780129447
-1399055541
-1834858490
2127483257
640284380
106790533
-98115403
76622521
1640569628
679659227
1661518444
-1732901792
-775516176
-1051068610
-1688054321
-1018590437
1392982782
-1713660174
375636380
1698604392
-1478497186
756860256
19188719
-924912240
2121755517
299056938
-623047743
199526100
1933700675
52543616
1236217521
-1553688090
1117412984
1667383473
-994289913
1345733786
1574965603
-268795131
335599093
-1913202467
-1513761356
-1582311223
1456195103
-1300674843
2129230755
1319923882
-1095284132
1720512170
-1919337640
330942278
-14715714
1591448724
-2078368371
643370240
1685199311
-1150980747
-633550223
-493120237
-342748131
-518163015
1728733903
1797956073
-1674789895
446138331
2116896623
1494164141
-242706566
-1512249830
-788467012
-390121954
-1606383928
-711775380
1100368038
67143334
1691283606
-1913858125
-1962540855
160158635
1660990192
429517614
-25358642
1699691555
-1583358922
996295985
419212561
-470671762
1143107687
-1787119080
-918688380
857121119
-1104560477
1262556281
1774384338
-1828570469
-1906111766
-468028008
-1491188793
1326958118
1344442409
1643301151
1478144750
-433913030
-1591861641
-1701625842
720700539
-1155626405
1933367707
-873396497
-1836961685
-535129945
-1379542063
670346062
-1909731607
-797176718
1167048909
2001593448
1650345203
1395724050
1030708480
-1410419934
-1566927043
-370120714
-549182183
906235196
-1256716459
627565821
1189415374
-1997436986
1207951111
-2137144316
1662569435
-1942440750
-1139798526
1828661697
2045840458
-1114888086
-434668101
1977528783
630168821
-925280060
1921597329
-1564251127
-1999514295
1297844
-896403151
-451290342
282455884
-901819551
1525494587
-1663186860
-1526026016
786310203
812543525
1642922177
1538909512
-1681703380
-821288609
-501198985
419588843
-426223859
611911864
-129414864
1648286040
208282715
1362781183
721992985
-467532918
-142284246
1894780141
-1654989078
-291317140
2048296281
1718454082
-1829536202
-2090503265
27944198
949055277
22404867
-1981335431
1340548932
-1548031504
288950173
-1668251311
-1220752117
-275579709
-612198489
2066620665
565033327
-1009127943
1328512114
377070731
600567829
-280554399
-618457455
-176207000
-509131038
-880035602
-716528468
1159527293
-570392844
-143659366
1628178324
-1815759416
1759541461
2114618502
-690736232
879316762
955381741
-1903987099
118154006
-1424461538
1844422969
-1528660197
-1728684460
-923195495
1633640762
1482797472
-1015845744
731938291
284083503
-120177622
-1894596011
1646915829
-766192763
692042123
678330639
-1062356781
1457454990
-877611817
-878732318
-448581779
-1274555279
-792116407
-672909898
-1597188399
1239438177
-316221338
1376078998
-1650473980
-2030796527
1471854691
-971291078
116421122
-152643993
-1490375485
724972002
705380610
-192575377
-1334452412
1315427172
-1644222979
752343954
408026875
-604320888
-1010479503
-1110379001
-1454173251
1854108051
1079557217
-1271339640
-1523407935
19673633
-2015551839
-2009871287
1169231747
-1234663625
1294231887
-1311086299
-1277802518
1666637208
265745060
-1227460838
-2130361684
-1681196201
2105153516
170418167
1722274033
-931152979
-1832014126
-1755062701
-445727690
-376949748
-1816607007
-435508543
-1770238604
671454836
-58556601
-411189183
1301127809
-190290684
2006709467
-310426632
-577145419
-1445410093
-468939680
532102179
-1616823345
432745984
1373773067
1733837385
534494234
126045959
270188354
2139312
1311672011
-954627754
43402150
818391825
-1638011475
2059077919
1123653203
-1850871154
-256810241
1509999
-582053274
1789072611
1329881756
1652061567
1557072319
788664028
1427786076
-638817206
-286128889
-846652922
-460472646
751541599
2126413812
778628521
18519222
-402296840
819406283
-783115532
-1492434436
-521577142
-1108946394
1980397690
948001350
-233043170
-179447305
930730205
216180990
-634717280
560750796
-1700771640
1143656998
-1777670538
-1981399468
325136418
-1120166532
-503705836
453064737
674771583
-482062376
-1459540914
-2079943762
514071258
-2063943975
-605899474
1704805540
1540202113
-2031695168
1156687623
1822571352
47932240
-1700001125
-1538910007
978884504
-473713375
910816933
1884762007
-2010922073
1165991554
1912556780
-1754838890
395950981
881481897
-1072567244
933784584
1205601394
-1378662748
1232568603
1942773144
-351659851
-1644695596
729375101
-518726153
-1970779239
1342090651
-1892664807
-265424473
1258449336
-1792933804
844788340
-1671085803
834771323
-473448573
869952253
1785652717
-1872674848
-1782671027
-346556047
-1306969687
-1167659650
-1332767446
89311104
-1974044309
234723270
-1789358632
-1314293839
-1105439987
1985258122
595580562
879998082
-1878610059
1462205891
1105231745
-968127022
-206811603
-1107633266
403828083
1006946435
1265174066
-2098675081
744798410
479659099
-1052065781
-257622022
-161871946
2028592170
1728806173
-1644708026
-1879451738
1115710514
1825833021
1652836420
230681083
-437015870
-970462329
160312022
-1675737090
1526865699
1763010413
1741642339
-32533996
-1745616200
852469522
1503002003
153259568
-1351399328
930930136
-2071398825
-1811175032
-923302369
2121628215
1625187883
1147167115
1926028540
-1581532720
1757393567
971753489
2076637996
-2075137343
2118831635
-1320511788
-266363793
-126423494
-916928319
-9402850
51522745
843960400
-366088705
1402985155
-2084802283
-849442543
1438118341
1215782738
31873734
-627623208
-1220349331
-1236648825
1825663151
1346798049
47600314
1681417475
-850248972
-1798002401
1995878428
162891838
-1149420320
270194764
-1533380304
-1432895300
1901693192
1672908610
-185407347
1134981502
1570466737
1640563337
1451452349
1077216955
-40229010
678898992
1243455113
-2116252209
-1832198131
410561504
-2064076167
1294096499
675598259
726709549
-1686209894
269033263
-563008954
-1951546577
-2133742719
1164793612
-934587638
622969425
901529488
954510988
-457422706
556652904
1726324599
-572267042
568748745
1136271111
1512328957
2037216845
2112159615
-1312632815
-843636224
1790885114
-2099963671
-1752573042
-26329670
-996631350
-1322007916
691328962
462187077
-1323578463
905418888
-1230195589
-189958048
1157643983
931802285
-1290420566
-1618559117
-1485673782
1747443306
646695221
1831008208
1901611549
-1686959985
-1623748853
-2004159173
1013669792
846309748
1250927224
-2015296084
1471424489
184215906
-370639430
-1660094382
-20533758
-1609817295
731678931
-1200418597
-1159252132
1976783665
-45209440
655387378
1815689986
817303629
1767058218
301699593
-58058735
-1602063507
-763747013
-537898664
-1066647705
173904156
189764916
779747364
-714160999
1805740395
303161117
-943731132
1485343274
-954174956
-1243580930
1210766560
-1920107270
-1402265887
899925612
-1135218820
586650364
-1893069746
-84887962
1211343156
-1145798356
-1709330323
-201077151
1414957640
507796671
-135416311
488464288
34419163
-1803248741
32531982
1950956489
-87414793
-1656346615
-189480153
-1607347787
-1889680428
2005171112
698366889
-599276665
-2011757990
-503384668
-23390801
1870940671
-1003140893
-1202397144
-2032862843
-794953456
-1653796796
-1546135280
2086485577
938260911
-2245619
-1722838557
937483471
1706233069
-671669744
1092950784
1553607877
-800068537
850495008
203107862
2023542807
-767698115
-1989997030
-1357108263
-949325676
821624352
-844500439
335397106
610481105
-315667920
59960644
-1230674378
-965801651
-2026167578
1956098555
-1795674086
-1268042027
572127373
-1383504013
-1347182234
-994457814
1746254870
-1204325713
-235637463
268877536
275856429
132321296
-1207200788
-768525432
30719879
-778796770
462465066
-226172655
2067361917
2137969288
1436878335
-1471006357
1910992350
1416330857
-1739531746
-1598363028
-2013031168
1823960780
-1878010872
-2005867017
291985688
310322290
-1639858310
645265499
-1924252725
-409991726
-813252314
769349880
-1609975036
-166651296
-1923732826
1515659559
-643446776
636859922
999954861
947899739
-1300948026
1844500767
-116828545
1960586371
-300024717
-170375159
-425974366
-1493671501
-1372239786
567451614
-149946155
496425986
-1610688032
-2120488263
-835097791
824076469
-356017921
165705871
-1742580498
1876214684
1992215987
-144310233
-1662598792
-1769518660
1148815328
-1330164630
1193846273
-1640386002
1688481894
-611911204
588198505
1049424198
-1961650322
1531054186
1247082940
-1961973258
-1448602618
-963426971
-1305760276
-641478284
-1148548880
237294030
-923573569
-515413734
1232364215
268257492
-550597622
251687566
-516889854
-324384102
-2013582561
-125795806
-23638740
1849847612
-1259544701
-1605463171
-803026925
962913811
111857380
343409786
-28964561
-436386504
175085641
-562308528
-1478091545
1425427783
-1011300725
1589818610
826859551
2037294437
-2074708477
-1273490249
846790421
1940837251
987963780
1337972285
-1075147411
-363858717
-1011430773
185403531
-1052210295
1727462106
-1712852811
437092725
-268112610
-2013237288
1746930800
-768617404
516551939
-1011545947
1127252213
301960853
1568995916
1952417261
-709871243
1919803265
-2001737065
-484398594
-205953646
-119862018
-2030035547
31868623
593627408
360143748
1811303980
-1212766141
-922660148
-1982313485
-2127246358
-841883985
822013676
-1173793869
-918668547
876522905
1929955415
-1523748068
1703965809
24191683
-1486951065
-1271312872
-1120642021
253040999
-1783854115
-73159929
-1189822556
-1243140669
-1864353771
-496731166
-1510239512
2811095
-1142623366
729339298
-1707729536
-839578516
1262528059
-1851491870
-1009390179
879597400
1186201662
-711993661
-41049065
-1180927488
-817695404
-957636337
8777157
-1786164450
1892436142
1345416352
-1569178098
2142088388
-1379279984
1680533250
-1105060160
-1321811551
-684018876
1121949783
-1308808928
429011585
-1387074992
1797475963
726989889
2139588634
-157482774
-1526884760
731235481
-1511596796
-1510260564
1908729818
-1606211376
65154057
-1280366717
1330538293
1555083227
917946015
360189421
909992358
-191761335
-929005647
1429830755
-1903433847
-1593165603
141112997
-408099821
588785930
-1807207844
-2122191206
1286188753
-342329074
-1825301850
-1095430671
466213455
2115115603
1451450635
-1251745265
-908029300
-1408419115
-1511617577
-584408224
1092321162
-293420685
-1103421650
737293726
1576974915
1680265682
-671834849
287778898
1106681053
41757313
1519186674
4307867
-533077476
1364377950
-704780348
188935469
-1771452393
1544176183
1900699734
-1517891172
1594173998
450843572
1714916385
-1769161254
-1013004741
975095411
-71086164
-547748610
655761670
76550772
1810268194
1411665478
1424894
590268086
1124516894
-1422080161
-787440090
-1793536222
694496713
33928931
-266061235
-1853836120
370401831
1565537058
-706515838
817970087
-1462869587
2081947940
-1318978363
-1549663086
-1447737834
-1099964434
1629472001
783487695
1554483574
-1227832316
-689070023
-39887390
-1358910833
-836581585
-136996606
2109001930
455361122
-889270144
-1951200463
971135915
313843465
-418105196
297708756
55770028
-1881327677
-896668136
-887246235
-2099847902
619712080
1762057871
-238910916
2126117870
554979711
2119542610
-2082428091
817489442
-1644669692
-1217146152
-501411085
-557677334
249574031
1564812855
-2084663692
-1858859095
303081497
1346880234
2008177446
-1460499102
1138296704
92152020
1048259144
1352763481
-342619306
-93313915
-1487358988
1165285369
-400513803
1076942267
-580844211
1462347000
-271509546
-1876264406
1193541108
-1035400264
1222637090
558569599
-2012958529
1309147376
-1470115191
-1253595230
217815980
-433169269
261339987
608988731
-2110788845
1806249680
-940846412
-573221256
990198811
973784002
365074531
1070676492
-1910599058
-1753417527
-961759123
1709140602
-240224976
97568913
1526100805
-911804014
-42506452
1889546545
-2147028192
523994684
-1906364848
472242320
-1005378945
-1384410764
-22372773
1153438467
-1878075379
-1500471404
-1793140012
-1236586437
1415867306
-394679847
-6273987
-1898368418
-1930950457
