522398717
82881768
-1230207126
812966877
856960933
-465085881
-433048346
-1134985558
-1198364504
-1367144385
518845603
-1394998020
-799668373
1514731152
1111752039
-2029083676
74428668
1610994643
-1190847716
-1092065475
-1871268454
-1270510679
503591671
-1228745471
226863994
-1711455177
-2143263268
2133027288
1361015240
-1972158767
-1301252864
-686044430
-1758273557
-218656779
886983887
-1078148843
1712563469
1683743354
280353296
1700090105
-744285222
-465061368
126455111
1092256979
-984869241
-261494582
-116314022
176798511
-1927223531
-161534878
1783493239
1386254082
-2053429290
1144071709
-427241932
-1054692097
1735460912
-204463513
575581687
-958977495
1911300512
-216177791
-1663044969
-466866263
-899016447
-515710096
465518659
726208481
-479227890
342933816
275101090
-2071717696
993667877
937938250
1877012796
632469335
1296478029
-994318022
293701912
622837932
1712094330
1194340020
-2096703323
-1319308338
-461379569
1245319600
-1071691555
753010985
-570344541
-1311247900
518157991
-1195580645
-1753850873
-960835718
1834802044
-239356986
-1515627384
-1316350205
-207954867
817048615
400982640
1292089514
1008427684
1041238119
-428311341
732561068
-126852087
1812237681
323605639
1121179399
-2091517018
-1768436796
-639707021
-1458862991
-1158743507
-689587319
-716469748
871557771
-1352658951
1413252584
-889369059
-240916138
-906955405
-1414230122
2020107718
-1644790811
560805303
-626648910
1143305158
1685950036
267681654
2067301841
2030801404
-945373448
1459920925
-780884393
-275268822
595099351
512068918
-1811641336
-138769156
1781351770
1967267855
1264633822
1865524809
-777925823
582903704
1842618396
924984727
-847806250
772191377
867963810
1929251812
-232017051
2032190436
1056816771
-350845021
-59304469
-679826609
806089684
-1562809340
-313482996
-1656132539
-883646265
-1109895048
-517341622
2021871894
1622723831
-2086906764
1605038708
-2143258547
1293143044
154198900
1804893019
2131636824
285963362
1551750466
-1614048053
644355438
296513390
557274743
1645664441
-816583763
1945302722
1168115010
1427730104
-867442814
93426377
-1227813273
482934449
-579564980
5025429
-185035125
-1841063213
-1210922685
-212134673
-935398482
952489160
-1928364906
-592926033
-1828226313
617640488
1234539731
-1411777970
1313466039
1133540402
-1531374964
264529081
-586311513
-1298962759
-665068490
-1510470809
1423981684
2046634587
-1116762540
-667564115
515214973
-854348295
1593944532
-428031152
1983269595
-112702622
-1200503624
-1560246692
425756833
1512946513
189243640
689016371
-1078196892
742708377
-266777178
-1777352216
-1014422275
-1871082850
1246738003
1428117453
-528897651
-775102713
-1969601359
-1999765430
-420583487
1296022193
97024121
1113549296
547715926
-1260527130
-1882547826
-1839893811
142131167
-1190692914
1661528162
-1304847615
176460230
302695717
-1521291112
166890641
-1324672112
117913134
2074010091
743033978
-588729500
-1322400794
-1628761267
-202184439
582094029
-1694352259
890377299
497465705
-673365314
-310108415
1652814031
1509589629
-1042088490
140312156
-1814197570
868488432
878000869
1100849024
-92197276
-78038903
-21138001
745686752
-1545485131
1829370051
535575535
1875503393
308561911
387622556
1451256990
494088977
1456561828
-1032084563
1712105332
183344343
-2071248748
-825603462
430289071
-967050132
-2024125861
-1626896373
-2012426990
-152482999
300212976
-970589509
-11183568
-809004190
-1509058674
-1839551921
-434821398
1929131858
-692284962
825797961
857952309
-458487337
1934085205
-833532034
1122084384
1674373247
-1845516069
2006420966
1984486677
2034879907
-1885614675
123665331
1555042142
-570323564
1587440771
-256154460
567038699
-103304428
-1702733836
1099415706
-1913821359
1704079112
283806489
45108331
1397276694
-1380593814
223348593
-322642955
1752461099
-247549564
68496644
429242742
1380430777
-1422843046
-21761846
1961797147
107950368
-2066569113
-970025652
-2086088746
1214190139
-282978932
-2126460533
310759540
1546493161
539031621
-1152822751
986909166
-1165690423
183483677
1573036198
989197310
780350532
-740210333
-2103247532
167194357
-833898801
-490603490
-2140985618
-2010419253
1904068465
148458045
-1561031460
1232509303
1240975491
-1528010222
-1914796134
1352046465
-1148763722
1761329665
-984861869
-1549218348
1788999002
2061241972
-1135947575
1911960024
692356573
1701278481
-1877815177
-281059136
534212497
1930554159
959704056
42157856
-2034017615
124767621
102691241
852504001
-127268443
-889956572
487466637
-1252507720
-758552699
-1776717401
670524017
1375722932
274889435
243345576
708921936
-1070771560
961953964
-1665891723
2007452920
-1173963447
-1673088071
2066395139
1548633580
-104578104
1923777538
176080930
-372905332
-1601576062
1109803659
-1301708302
-1714330253
-1180863770
208012641
1987551893
-1064057824
218277944
1293862879
265097765
-1302127913
-1160758875
-2104554707
231721960
-934313271
-231839082
-330663159
-443212350
798578290
-450848184
915708617
1453255402
1847873602
306227100
441106080
2048779744
1722511231
1756118571
1117639968
-1144457826
894682985
1171349661
2128659711
-542557683
-1501913954
164152379
-541564131
-901946438
545092800
46256577
-1740225339
-1488039223
1409350740
-739418248
-1783107022
586821929
-1088035092
-1382975356
-1103610539
-15041528
1164520840
-1413364358
-1277640491
1753002121
-1310765254
1423796789
484821847
44863412
-1303349240
1638690025
-1586021633
-645255762
-1581927915
-201065864
-1707799243
-455786455
-1644854014
-142992380
1852745387
-562405347
-641685615
1059500485
-1274013793
537277112
-1235900533
-990329061
-1427054499
-1989300846
-335762460
1208259558
-894699001
177859108
1098560796
144686869
-152492136
-317113222
214826983
6731389
-168045786
54427943
-662999537
983511019
-381944985
957535866
449780121
-1139202180
2042754421
-385010450
1576039974
703655723
-411695403
-1111057690
-1697864548
1504322474
670112693
-1172783207
-740303611
-2075878794
1186733429
1434485066
1242632886
-1503027931
-2058375832
41714365
1935750835
-354351614
-1760671782
859024357
1264696402
-412937765
1351553877
1026982369
-1367587811
534051608
1244651552
-1024882135
1565495548
776712719
541662216
1733700868
-1828443245
672220823
-3752350
453167933
-88254487
1184814811
680882255
-850789611
1534148937
2017859439
-1601997503
2025070715
-1061322643
-1805465432
-584509506
-1990863750
-654614568
1671277863
442801764
1701367794
-148274558
860870071
288492844
1098665354
-931737414
212751961
6764274
1844778724
-1550528696
39041179
1784734516
1919201555
297125073
171818800
-2009723879
-943563703
545083775
212553405
2027059381
-66594092
1735417056
-894464016
1621768075
-614517941
-858030578
-284385577
-1983136429
-1272061436
-1141554672
-2110170257
-1540445188
1864183240
175371392
1822109562
1467581939
2047251402
-2061185427
422960532
-1168584283
396787412
1804382082
1688251784
203845955
-1519993406
-663173785
556894687
1414017732
-1481282252
-1561868953
-1086070086
-1416045521
-1284224898
-31810478
1351248353
-811648998
-1822976541
-2094679900
-1263010789
-645208467
-1043652093
944394982
1706904511
874968427
-1637417327
485578836
127803530
544114419
-1067124664
580377535
-1665515341
-1334835710
-1188890593
-711511884
1754486589
1341108347
1104004026
984683742
299527051
-234718934
-1592602332
569019304
1042595385
1189512710
2020549051
-624537562
-2024726744
-168898890
-1214490517
1805254965
2040795354
-2136236202
1056735006
734489568
53628161
-154008710
-2097664141
-1990879227
-157909422
167796082
21631661
1543207735
-1519893603
-308367921
2037247213
476607974
532140066
368922406
-99047516
-1263206723
-432882404
-1296225773
167907138
413671499
969662626
1203283328
-2120206285
2403557
654917039
760534823
1358937867
-1243919159
-1044881025
-375998380
400775167
244107910
553304604
651191023
-1979162217
200950171
-1063194057
-1216963911
1830121121
274142046
1155841595
1223632597
479394664
-1511340513
-704674145
-1792229494
-375537115
-389074291
-1826919557
-2064280505
319120054
1754899287
-51176098
-2030195225
511791501
-1820079338
-916625570
-1563512523
-405716502
1184085097
-1086405009
-2046114383
373129036
881856609
120365560
-13589356
-683742684
1518372640
-1649215069
1457722385
-1252160564
1917841084
837196916
-1877585187
1339028919
757107816
-218415844
1554659313
961863656
1161872341
1932916623
522193550
-1369195865
498129109
2064260052
2139575937
1801987954
-2129615039
632771099
1236091048
780635442
500593949
-157455340
-1588715596
1286552494
-132234503
1693153150
1052859695
-627256764
879967897
395634173
-946609472
-679879211
1089158104
1053875760
1661310894
1388241409
-2063181879
1378818
379761314
-241090156
-750573026
918451776
-75897936
1955772991
-344315699
598759276
-184771944
-762288246
1763254768
1650051024
-1079579320
1231716617
-1769869332
1192284885
861987492
-284342323
1297992661
-356359788
-1134353014
593942301
1827201553
-1344545619
-511351792
-200487834
-1991242438
625776472
1081925391
2105539183
1953815369
1405769657
-1946817051
2031852496
-1358282512
-932867977
-1529120139
94419108
-482435258
-80797810
-70534798
-635063427
1447952297
-92625308
-1578523939
859648408
-22959649
-664416486
892268235
396808785
1053849726
436081445
-1940219285
-267425320
1831178126
182703900
1574189383
-1282559195
1904826732
652406738
1134335690
602123561
721612272
-505027417
1760062466
1079777093
-1463400494
-1490386149
-729141851
1738457343
-484053943
2012452771
-501467559
-1085431565
-1123751692
-1185095744
-752037585
-1092098297
147868669
1840482636
-171841424
-108036638
-757761413
-922299626
916610204
-81743971
-1338177256
533308081
-533772369
-1210916421
-1941439757
43459465
309833894
1435802710
-823686457
-1330003146
1121284929
449073307
-1901731252
892673812
-519413751
-502623624
1045980125
-1526155501
2042681492
1580317075
1132096090
1248491978
851667974
-1239278211
-1768316081
-1659535918
-260884517
-1482457
-634689707
-591758255
2117931236
86409620
-1212894024
-312155948
-1589004145
-1701078064
899985498
-1082097054
2108007019
-79585760
-1545875242
1935235533
1591807466
-1001826182
-1613228057
2075117899
-34506649
-700932041
505478667
160516420
1126804330
-418809082
-753666973
-565277075
1152248619
-1793293020
1541185757
1818590484
-1541535404
1513031369
661797012
-1228505667
965173259
-1684509467
-114975626
876742382
978123055
-115730165
2028084262
-865832889
1356096992
-792216403
1258095396
-925670699
-1180038587
339587978
-1467067349
-475956570
-860364408
348000611
470767322
-717099616
-111804891
-534489356
1923210134
1695501198
1252805220
1663762978
-617784914
-755651717
-346993373
1971154288
-1347597377
-654190013
-1148586279
-1664896329
1155427929
-1248043418
290110167
209552662
-13712158
-196057825
-732268337
-1134807514
-1683060550
-1603539787
-805569894
1562073714
1191077535
1674035216
-1098184139
802865446
-1793479085
-774170738
-20552692
-185355515
1772181627
-584584425
1313868155
678341792
993461962
-1605729938
1434564497
-488765500
331702878
1036462282
1313572374
-122337229
629505129
2002257060
-424742193
1333526423
-2023287532
-1472992046
2143870207
45513907
-1787040609
1121343957
-1467927247
2035136987
-647724340
-1552893330
-954243787
1256406694
901703805
-1717367178
728675431
303360225
746489756
933419759
-1676792778
-2139107130
1964901690
1205128021
20693220
714128493
319463930
-447835078
1042465418
790877825
-1195721552
-1929647343
61987423
-1327719369
1725389636
494577481
1568479288
-667273604
-352657956
-2140184419
-1636510638
83604077
-1794817990
-1839915350
-528324273
-425014004
1059622241
-1830818367
2074610302
1314604591
-1848219265
1362324734
793852511
-904401221
1541527046
296462745
2002101605
206956050
1723241499
403168123
-167222019
173652681
-2135307980
-441723116
-1983254833
-754883938
-1828861445
-1046067093
-1624034237
-819905111
-1515376775
-2072573066
1834268230
1154586832
1177524848
-177064533
-538144435
720200575
88918279
810656982
539149721
551160985
-793189716
-2142230739
-1886699587
1941682857
-54583755
809930913
119629149
-1397206180
-2039601592
-571190922
-1394005449
387909171
-1359224835
-1625136619
1662906727
-663662988
-1270057023
-2098685920
-476594458
-1566203807
1659033725
-850741049
-40665773
969618860
960426230
1759763545
462642165
750365993
638610294
-156502242
1859684608
1676571077
-940917844
944544611
-1639461865
-446358346
-661543216
993478869
597607698
794248947
-708597238
721476882
603443968
1503886822
1742332692
1571486077
1408690031
1029853024
-1041539299
1841132113
-1395013142
-550788915
-1449397264
-912319752
1917489091
1644021160
-862124203
1455326109
1635470353
-1311045328
-110565193
-955220993
889076732
-1521901732
237478150
1098084232
-700583113
-2027081461
1983274206
-1897664866
1101876430
1043363711
-1162291991
1080031544
-167828447
-1083663604
2133743744
689692339
-1389225425
1044597004
-1501929832
528795365
-2009273577
-412371691
-647315237
-1699071886
-135522340
-1503528595
734266645
1659449438
-1085675416
-247231810
-1166124847
-293036317
-369751597
1123726085
1264853827
102784389
2070039780
1693861840
-840085144
289469026
-1220654889
-34992216
490782828
-1025264434
-139205024
-836007221
771189323
1322264351
531830512
1262883614
1842559161
-1910728252
1722498102
-694384799
844472902
2074962844
-738917400
-174197340
-1287621187
-872973435
-1692943422
-797574919
-372410419
2055184178
1128358350
-713507222
1527756523
1960457025
1006171366
-283777747
230406518
-611641204
461818231
-283333099
-809375205
106410686
688318087
265236044
1090053754
-928924631
819310328
149518655
2076939273
-1535442217
-1505273075
-1080232487
1975066424
1301242590
899614253
198136562
2108901590
1090753016
-1656597273
502255369
1749657011
1379700818
-1452083402
1722599217
-1219054459
-143863132
-1029207291
1476313417
919465487
1224833409
-1473142028
1016948080
1620587391
232466928
-1216940708
-1153033545
1079918359
-1461494982
-807405680
1568881431
1274477328
877145605
1291741542
-920776028
-1607867718
-927588191
1200788725
-413852158
-1714171417
-1400359775
-348240225
1217608728
-880875894
-1789109843
237027665
-168048893
-1385932646
-16567914
-1182321911
250267726
333016124
-358645333
462515608
-154682273
-728309216
-1053104822
-1855789143
444373299
274500138
190485945
-1938535935
197790797
979950677
-1132963018
-199619321
-1496505365
1012317140
-755958964
43575943
1788467067
1769064569
1950005351
862529458
336667469
1790173786
-1085557077
-1563034775
-917460088
-626736207
-1522443776
-1103719238
-679142814
142529796
-539561615
-1680702038
-1144541813
-896884859
-682933322
173774388
759342825
-1965784645
188338447
-301775982
1516213387
-713651616
-2065310126
-455970886
-276978730
-823485043
2059574599
1095632171
-1428327420
-1451800556
-1377499597
165384936
-900523057
-1525947092
264320690
-251321148
187061864
1929837139
-497129015
-957621280
-23852114
967568752
340385083
455936882
1289987996
-2017756873
-180209637
276159943
154531074
-1846246448
1041909410
1815987594
1213886327
947469243
-1897193662
-438288570
-799850355
-613507347
396035323
-1798133975
1811897414
-1561669569
-918578452
372975370
1776644295
-525803768
-1204339412
-755367764
898735435
-801184504
-666987814
2022094915
732111961
-1895981433
-494621326
-1122573512
-1866035911
1835983037
-2096019102
1922866985
1990977700
467309172
871760860
-2004421325
-825217862
-275772693
-620979731
974040435
-1662264264
36436733
252806351
1518229192
1229483241
82920578
785090426
-1836284194
1365320029
-1026726923
1315307904
-842295704
-901035560
-905490345
-1299375334
-308126292
1336746125
220329298
-1682432387
-1133136572
-2100710132
1466543008
-1262513550
-1209876702
1251711735
-1221176403
2082597413
-2006565932
-1352708100
-463341957
-2092769732
1338863624
-1131836162
-1223814971
-1088502997
-1835966893
188020373
-405803929
1403809990
-1694148307
-405413704
553561084
62754583
1280192832
-675669575
1466166472
-1680450447
1856472033
818278512
154804952
1953710276
1389424094
-1891702341
1668420455
1220788787
131409529
-41428699
149623172
-1354256669
1358513844
1337544932
-740302608
724865046
-1581072177
1950129417
293888844
223787639
-135869425
-1438728718
2028893043
-1031630921
-824293184
-1036773886
723948324
568313176
990208123
-889405804
-119320860
1201784007
-1696700756
314882092
-1254327262
1448966320
545504590
-591762961
-1580092005
2069765006
-1546862088
-9886636
-1028539904
-27272320
-479852771
573348636
-855207723
1144022883
1214078351
235768447
895785371
455260444
-660180411
2124872615
-807868111
-1723551435
-1037761443
-977871775
1320524150
1276794795
-2062157981
250863121
1809903411
-1853106683
-2105489965
-51523609
-2057930184
384859816
-1779492900
39643216
785880004
-1359841943
1900053094
1217900974
-1833246935
-961819292
-95636906
456035914
950055088
-1491652597
-1134131184
-584644727
-724795719
-1627692671
804710205
490757213
1816248614
-65391064
-1064419634
-951188738
1388634874
98618744
-231207617
-129232422
650586684
-1319098862
835446048
480035786
-296830431
-1825415404
-575949360
-1424127099
895095657
1231174318
353852555
-1481282983
-1940867319
-1431325195
1211744679
-1276805609
-368521463
48613879
1251214874
-1627391410
1258553775
1654827535
-2135980737
1631125692
-586951971
-46853255
1632087769
671616257
758658999
-28933592
-441909929
2122835862
508641416
-2077008170
756190297
-991013892
-51970842
812612189
-943975565
-1508643272
1513684499
1181116997
536496432
1285024638
-1988551771
-1339254115
-686296488
-105729493
-1192534423
-1605424882
-1206247051
-1182434056
-799066747
1717427500
-250975596
585399660
270817756
2041303567
1808404296
-293850734
283116469
-1602706142
2115856115
1107943660
1405965982
1786592826
1573848904
-1955957593
1178478478
1106543850
901673227
-473817329
283083081
-18245867
-878295781
271746628
93817608
-484813629
144852402
716989998
604550488
-95005384
-1740789782
-700129875
1193300290
690985282
659978626
461757205
-875235925
1800638163
-1918165278
-583771175
882595582
1765292494
-1766642340
1595831173
-1403095801
993170981
-256563788
28200433
-1322106078
-741832925
-2011245855
-530669389
1489383060
-1520310266
-918662891
-109035563
-250665160
-39743024
-1210711813
1601685959
2096565853
-1410831778
-756683969
1519754902
559525870
-1777217351
1739151442
1981388382
-797595180
798620331
1634705518
102181629
-746986089
-2125195371
685995992
-1912207095
-1858172853
-874558337
-1530643612
-1944699901
-1732084567
1516690801
-1941372610
-81892916
1676999547
-148170752
-1600294426
2137903447
-35342787
-1793731797
-77288068
-1053622113
484739073
846633063
-600915651
1019442651
-540028781
372230647
1922134349
-1927307279
597089756
1130322561
1180523190
1523708455
-438433909
488827358
-1888177744
268369696
-654286607
-1916773583
190390306
-714617083
-948886228
-948357062
1809483881
981394689
-1501216377
-1562348052
547926103
130263027
-446651872
1273982524
153491581
-845208993
576267467
93332283
486179757
-1237824092
-1445243338
1210064742
-1530400070
1432706164
66805069
-204437699
-1991436159
-1170032513
329169120
553463825
711756332
-380655759
2043786114
-1075982302
960507829
1601948447
-878333518
-2087609367
483702953
-40898308
-819741120
-474553167
1621170478
588244177
649132265
-2000319381
-1165339833
660224685
939051844
-2089000253
209981525
1386628121
2118846434
-601964690
-673001760
-170941296
110778287
-2076119611
1585227927
-85837523
1596561822
-1967702633
-469633899
-397391962
-2067982203
-1239102150
1757891045
-1326962568
621722437
-857448221
-758208952
440262755
680694573
-774448329
-764035787
93347097
-1098158945
843590433
839627552
1937328433
-465222156
852804326
2062600447
-600724639
2101727388
356969589
-2079933431
203736300
-593403766
1225035523
744545728
1915609945
161803726
538655191
378480689
-109766299
-370406270
-1249802142
214946426
-1616243911
-888930582
-83741806
-249091699
-392463905
-466926121
-407477145
-434785998
-1122199054
1473205067
-264627259
564187474
-1005436523
-497007774
-652295284
-1931308175
-1533343322
-886259857
1875721445
-1567017860
517373490
1115058021
927596511
-1485336892
2031213098
806460792
-496820167
1401135178
1213745751
-2048331773
-453424255
-723472068
953150347
-1947705941
663884893
-29958465
-1154746344
-849297467
1014177576
-1111355921
-1542465402
1965532916
1902838720
841911075
264637311
63788566
-429524835
-402007691
-1419175666
-1937963167
-331769050
-772639103
-1144257272
-1749426232
1777625407
1058641515
1834153161
-1586678621
-961363930
-1957290969
-1379664860
-136247410
-742099841
574116340
-987544172
-980689776
-1140107348
394405416
1143802294
-431927681
-215204254
1935667251
-1858926085
330106275
917593209
200933853
910852760
456389786
-1244263934
-1867020078
554878914
2058485626
2141275550
974095455
-1003748841
-1605865156
460687373
1531761534
-1342652833
1842602839
865189125
376872719
-356760461
-1058636885
342390084
1843307624
1792207228
-158489440
1685038568
1726686223
1742786913
1828234127
1599899902
1858762949
1151783802
1183297888
1659138904
-2145740089
301233801
1881241971
592753570
-126938289
-953600023
-1842928957
685821623
-1304157088
1697026567
-297973943
-1800950480
-342480701
548894225
-1365082722
-1016754626
524316748
814296302
741497059
1825690553
532094049
-333655187
-1463942428
-419103880
417579196
-69737024
-900606853
1580489186
1294257263
-1848799701
1267830834
265710021
1391197992
373402359
1003168556
-165952154
-1116180810
-1384005715
1492783172
718675160
-1477648181
1035945344
1962142070
-1868055151
-959742717
-1772482806
127433597
-873758919
-320070875
1975563067
-2140762178
460204485
1452454311
49820557
880830564
1628416196
1402972279
-214216324
-382117173
1693687801
-651422728
-969586891
-1728566239
-1471269591
662707274
-77408371
-1362095030
-1605164235
-1687022386
-866129612
1055689476
-342201750
1176569833
831988010
-989183156
-1783680489
1541782279
-735301519
1626994943
716353375
-1887342878
407947523
-103811901
-1320802991
557965315
-641765882
-584226265
1754026549
-1354347640
2014745405
2000622600
-1002185176
-1802929112
-847134782
1675539255
-956195093
202449780
-154818575
-306344
-743783177
216204127
-73436505
-1773766132
-121879084
1583655936
1756798380
1902290002
-1024583766
869454229
2086942061
1521595946
-694808041
1825144523
1284068334
229130362
18319427
-1465473221
551164670
-965426891
-1830162382
-1356538312
1906417067
-1911012934
-1601033383
1378104775
-1839829768
536868729
445596787
661883374
10402765
67488476
1794422420
499956785
-958509522
-1514674077
-1334210178
-1839553703
-61364305
489013265
-1822093518
-1001933961
2139958567
-126675194
-1237946678
775987751
-651809373
1985482605
-1552996219
-892957927
1097270941
1119832728
-524038365
-1142925107
-141895826
1176602984
526987891
1634956701
473987072
2018537202
-830957783
126355712
-1502370105
-833074850
683612149
-281197300
-1633246735
1396376850
268010448
1047955516
-793796645
-1295733232
364858776
328357747
-1997481273
115090332
997482719
-1878494143
-1604770868
-2001149406
-1883049985
-1495493788
753283341
-91158699
-1902407823
514291600
843127597
-1310657381
1238053470
-892308366
-358564350
1084240807
-115614602
279813618
-358289272
-624066201
-890364671
1809917880
-426194921
-403299551
646358835
-1515276046
465132248
1140517336
422353859
-1385449389
-402541195
-1181251596
1139431358
-1864772514
1976825871
1381440801
1250679960
