1299003379
-1508450494
2140385482
-1758754545
655731177
1015088929
-927927162
-1030029057
-266563584
-1349669096
-1424483
385691261
1282178478
-1320660598
-1150149071
-1404396430
1062396764
-1615427572
-138323783
-1518165426
-233243211
94176092
254404319
1050976024
1621488928
1233620625
2131816620
-1432792634
-1062932086
-9334380
-321743390
-1578573106
-32364952
894420686
261358504
-607161604
1153309436
-1986848734
560906348
-771013754
-511266090
-1614293219
2074759684
1910295389
872004253
-906771348
-1519934954
-1688056379
1510800655
1619565198
-1535916870
1090373159
1607738437
501747657
-215087779
1678589222
1021111099
-254704798
1724341736
808114927
-1134664817
-1713321465
1021295648
-1012184363
-1930407031
1053347216
-924337841
1348879388
1548480603
292287462
116631588
-1002550252
-739805015
-1801486013
219618519
43648361
139621194
-1148819045
-1406250096
1750245561
-11495856
-1639758503
-278062839
801129063
604871237
1049124174
-715056783
-1144622674
631537080
-2088238618
-7358061
-1806703368
-421987081
1312203164
-38412745
1170882416
-292928995
536040111
-1187887672
-2061003818
-1957555890
230867989
-1299621834
737460369
2050225473
-1668036176
-1199861475
1634793738
-59494402
381941695
1544939558
-1216081865
-1947831320
328073622
699784109
439769205
-1283413762
1567805329
40960420
925248666
1811825245
1883865158
1575633590
-710642102
-299571192
699517177
-1331878993
1759692169
1845721324
1919379796
1078575386
-1187852910
546351389
61646423
-843947733
-1325376794
1201586277
-1796407155
1116061663
1395398311
-1955709696
-1038575232
39811425
1677634341
1837194912
-1639187346
947533488
-246342215
703520182
-547406277
121995389
1392538065
2073187059
-919426902
-2050270119
1871702348
-1067642100
-633445177
116398095
-1690405368
1173521085
-917645145
-229054642
-1358352200
-1343805679
-1381585836
342636427
1918757114
-1867909665
1785113089
1957223973
-220323160
1486072471
1524821381
-1782610743
1254364269
-1810881730
730208006
1135343639
-713000037
1049758134
408057076
1740782725
876697916
1682001219
50878777
-1954706045
1719594086
-598134710
-163574354
-283268384
-827490861
171109978
1808407504
855709804
1174917297
122044016
-1298146381
1081160669
2102348981
-1657195146
-153518538
981419254
1083979125
279792909
62785143
132115429
-886471945
-200306036
-531306871
1571066348
44904324
1502495303
-651676828
-561463228
428281538
-1799990509
-1855871971
-847019715
-115506687
-480266743
-245641130
1252732841
-1017078316
1656180362
-1939578377
159144059
1491178724
-2069764476
-1442632163
-1116040534
-646611968
732144370
-68851374
405565786
-1791509641
-869548887
533424895
2145514558
2083635625
-1713602224
-3492834
-1547232713
1093847771
1248059567
-1977799373
-1514505663
-1581526453
1173948973
-539897988
-948304241
1989214340
-338174317
1044524390
-852075021
-943510797
-1755629034
2104725059
-1379971197
1629042873
1289968275
-322858694
-1501399943
-1444249407
-456792548
-1164211330
2042561627
2063103253
1918457266
2063406531
-35633317
-1763233939
-838481836
232619244
1478642431
1540993801
526484024
1381566984
1220197636
1739585472
402627671
672290175
-33943424
-1179512233
352036911
494475656
-2072555194
1834290710
1823820740
1653028829
1318799757
1601915800
-472180249
-1285822798
-1945772589
-480544541
1091840698
-1473759006
1536344830
1800828600
-1651754894
1600091499
-412028219
-1783251157
-895597474
-1353649636
1947370061
449913205
-1642723287
-864524916
2129706774
1924392711
1598076763
-1523784626
-2089109992
-918112797
-611723995
-1725563550
-1992128215
-1299921881
-773250467
-556684818
-1864354143
-1986514710
-1523390522
15533101
-2092517568
388142667
1588338837
-1082328666
-877488562
-239851322
-2141697744
392391841
-47749117
-2000357431
-2121345480
-962561834
870564393
1135158151
-591226935
-938029209
-1886807297
-63824885
-1555723008
-1549443568
-1775029664
490487183
-1351095363
769111453
1502275876
562650637
-545693527
1083302811
1199483590
1010704406
-1637889158
-617368750
-24261305
-748609821
1214708597
-268793358
-1002796207
-1290254423
1270951988
1562923531
957775006
-1622019023
-202874199
1307126338
460566682
508336807
2093783650
-1739011263
-1103474873
172566193
-834940146
-291251985
-688069536
148983747
1252275775
-1605332255
1533262017
1681686705
-1491489423
-1451386865
-458629627
-1292688251
1234440266
1335669194
-294858640
404319378
770405155
689625581
-558247153
-622337079
-1771284026
918941778
374499869
1711891274
-1707748743
1842598792
-204236888
-17089474
103791931
1869992130
1090633332
1600498403
-1920482483
438214417
-1724559585
-903878937
1216856819
-2142217771
151167877
-856398598
1417720699
-1272238479
603565157
74390942
-1448000130
-984829635
-1409264316
1632169281
213893989
-2095379008
1620361873
1822450060
1154676270
-1080654306
-1049440759
979470333
1573786224
1367274959
1105880413
1430491571
-470814308
1195527057
1055567633
1054630024
1666587525
704917151
-878700122
-1112059548
2129159201
-664911069
1170323707
1415436240
523903376
377209320
1837929967
-468336951
1194999390
472536915
741463115
-972938538
1247521797
77954451
543609567
-91129508
1920203189
1585497623
-1307268630
1928608049
-1557785770
929613376
-1240028226
-1073940370
-2121569075
-692479144
1473104804
-2038164600
-382853762
375732673
-95875332
947270049
-1752518639
-1970078863
1545694376
-1940506085
-1921471879
-1056628323
1915338411
-1469018258
-1908075982
417873332
-67524084
-1400462533
-1086689079
-2055490162
-1000038144
1100429217
-603579231
-381561115
761029447
-1126637106
-450704909
1062809091
349216982
-1505648169
158115862
344462269
890479285
-1655725108
-1014788352
-1398888801
-379183574
-2055963129
1793327372
-631069848
617256471
130384068
-2014837507
-75771720
-2141000032
380168950
225254466
-1643187705
-2053040368
-1822353320
-1293100677
773879257
-641864195
701758657
1252645691
884429615
829932457
771653820
1634414351
1967901248
407641770
-714566825
1146904767
-963314583
-1552505139
-1226308293
-968312365
1300467553
1228495416
-1991409411
-1681099432
-1553543248
-695177010
-1216858958
-1098978333
-31652255
313954774
1929511112
365231062
839316982
520372190
1870610451
1227567585
344044187
1157603037
-1402307290
-2145684021
-1842787937
1243609239
-1937397532
1438269298
-1722160097
-887446715
-1543526826
435394576
-1634955005
-1245368716
-330940483
-897553473
143082030
49478189
-1973823253
-198119618
-1121416976
-9266091
-1141280050
-565109259
-2011648577
380745815
1448268877
1003000886
1378008871
1624517887
525069398
-538490427
1973588990
-1955218263
506970423
602206362
-1181467429
-837053542
1260028205
1311833061
614766791
-607301459
432375866
839750481
1667891509
1889760305
-1454543045
-1261439348
-1813561041
-1634510575
-1645643719
46470407
199904210
647961653
745335806
409034234
-218405380
1829901864
-931119893
961481898
313046851
1188612859
1925776137
-564235026
205878824
1972204648
1603085661
831525870
-1594678389
96504377
-1169243009
78145838
188647778
1771498730
-1666991507
926538698
-1476300635
2135791245
-278608996
756101123
-1579859316
1103951341
981312848
2041925881
-1099822852
-1753982986
1382606124
2037609146
1125679678
585630548
536274444
-1333997445
-1948435471
-1724716455
1219067410
1965787940
76933442
-1976101085
1894406655
1742236689
-1064736679
-1166658051
-286015037
1359187990
-1156175082
-907156987
-1566010794
976109252
-1903560964
1901697039
-317620024
-2031848982
312553581
-941198391
1862466199
-833040034
953361687
-712828129
-623888576
-1830934787
-1259075154
-474448927
639979288
1337298671
-1811112229
513687457
1080781659
-816256977
215134579
-481814047
-323525755
954026314
1143794156
-1355328402
-579576864
-1434354330
-673210612
-953270778
-385795746
-1237791355
422027234
24731456
1787887272
1531091467
-2082264838
1922865581
1057711734
-1713141635
741898443
965776697
2074890016
-195212917
1202501492
614408151
16108405
-695321777
1184179623
397632349
-2123240245
879913943
49792741
-623045205
-436299177
-1152139296
-1450181909
-2112616685
707725758
-1173405212
872331883
-667176204
-1342984981
-1229857449
-2022348033
-449005912
-1955419869
1393494572
-1130004902
-1274785121
-1542968490
991440029
1538150592
932731340
-1895354954
-152851156
-999949641
-2005912769
1632141965
2076118244
-672069122
-2094411246
387921995
-1684571676
-1083681346
297518985
-1406752034
481863709
1267425791
1991496564
785372742
2107241050
-2039413155
-786196776
2077802088
-1653733504
1091521531
-1512878898
1697775649
-1565939689
1989064374
-1855148630
-1283203170
955922440
-1913885283
-842112930
583362538
1483548840
-1028524383
-52781536
1986883527
873823988
918583688
-1424364469
1643026370
797768222
2090384935
1320489090
-206793343
344104520
1516788176
-1445485797
-1263902625
2086709134
1572323336
-1933646919
-619310278
170928458
-853792131
30323770
-355428469
-1233068654
67865654
524344788
1784442294
-427824891
740295692
-1667169158
-41933150
684758727
704348760
277474436
647914124
1516654793
-103574035
2067723918
495872280
1137662029
1538823240
-1224280673
-472011095
-665582935
-1054174970
769377165
-468460815
-1941537206
-809379691
257177504
-1323817781
1662739451
1456988718
1474585462
-1385162937
-1868326809
1400433922
-1779811803
-1661135866
-951828004
230014131
666568102
408889032
-2020485551
-1343215355
38293104
209256003
947881386
456422613
540612963
2079989302
983860281
-2040750007
-541155353
-1986945348
288160136
2010786376
-1875253675
-390263579
-1473996971
1725297964
-1573268331
-2041823102
2116361437
1058882230
-1699760889
-236176577
1465076317
-816972990
2142387622
-1936169737
892930261
-249318341
-1073379477
234010947
-1296840178
-739628592
153130991
-1183270316
-249928482
3219431
1875861843
-711705342
-600968789
1831394898
941251683
786719268
1369271085
-1026704320
1208688889
-888385246
1461458807
-881037579
1752670367
1562019783
-343474889
988811197
1299441528
-1686842533
-1802114756
-1689907939
2141488991
-1587394832
-950482888
565410636
-1767239344
-32652548
-427140921
-681936927
1434468614
-1116675544
1254980015
1315280077
-1708015898
1849712486
-1636132759
-1552253302
1290509339
401623369
-1929968672
-554413676
-1920340735
-25717104
619194231
-1419160808
-328653370
-1948258301
1630597713
2131165419
165551438
1797768066
-1496846645
-1366643523
829479511
-909511590
-111620531
-900983155
2031390430
1721744602
-1903399614
858962527
1264149952
-217672410
-604073116
231064877
-1539635549
-813878454
1587082300
-669915878
1694037014
612890769
259994601
-1692440339
445917174
618553367
-1422920673
1566991036
643797523
468206237
-952423054
2018886119
247946516
346751900
-500279084
1256036424
-1572004457
-21759076
-1805963940
1966866088
-1242214500
1905177541
1193670217
172969076
1967441443
-1859467594
399820101
-1750624593
716370194
931035797
178849005
1790749226
-161473188
-688887706
2007052176
1582101747
1412240224
-2031893344
-1411862986
-1036184822
2084812686
761797885
1700275172
-1852378534
1475776848
-1480155247
-477583074
1354940903
-489202650
1823751966
1486928813
956506179
-1421670637
932268198
814343842
417414470
-1331444169
-2120991168
-1138071910
-758324483
-292545859
-1656288465
-1125233086
520067554
1962407158
1067115824
807399197
452025421
1560237254
-1052217582
-1135113595
-492794581
976751678
-529076084
-1320775954
-2049563156
-1092450166
-822167734
-1818040974
-257273919
838321421
-1035471544
1748702089
303881223
2101136586
2013835363
310654231
-1596436482
314732037
2084149037
545198763
1013807038
-1439038423
-909979904
-941500411
1807791210
-105743380
1306464085
-347590951
-1354663515
-1864436303
658808406
33800658
-904417724
70953516
1124663985
1044605913
-1074142139
-1535904437
1663925934
1541904278
958045184
1086499668
588228739
-222391498
-372636004
1986796618
1171960806
-783557522
-749929533
117008789
1741373668
-437671744
1044453017
-1345646111
98616305
860106237
-403624471
1123997509
95738687
-1625133302
847027105
-380935256
1507992914
2137559270
518457216
-1060679840
-1008112428
1299971051
1196271885
-1547211237
-736281179
200396115
31077578
257590786
1074345782
-1577820931
-908400470
-1868114661
692826135
-1286284431
921332671
634390766
2133688013
-2012591071
1367962935
-799896469
-575865879
707747825
1412918921
-1909764086
443453781
-2103118855
-1355381526
-890146764
-1806275855
1922513033
-151331322
2088328673
-1431036835
2139079789
-1190403092
-839946879
-433958888
-266397583
-1273373623
-489557985
348771273
1200379687
-1116127528
-1492043068
920163805
-131975961
-1957134568
1159610393
-1141741487
1325163542
1864121664
202809423
2020252880
-634846805
-1046932880
-909683901
1853017600
-1947875857
-895390680
-1137880868
761031192
1148779907
1775315709
-961684553
349164213
649236135
-823658359
-290041338
1152722414
-1725854023
1872660643
-737302347
-910687067
1271868410
-554550833
-786434867
-1693390304
1075310488
-1448752904
1093576477
97773783
575183848
1282215004
-1948885482
95281295
1127492338
1428482503
-1593478665
-134839897
-280186574
-656933885
-2071158999
-846286415
-1994315619
1600363406
119894763
-144169661
-1161926687
-224903539
1516265009
1779188495
-728643087
216753152
2007405257
994419761
1565542848
310410807
1721372352
460375496
1162679884
-508456827
-18843133
-1490174009
-1126767907
-443059150
1661712968
-1082780403
2028173198
681375925
-534945490
-1967722318
533022220
-567848158
894458018
-624859997
-1860237667
470913249
1285976453
-1503167120
-318398108
1583350176
-999442293
1538670436
1451288546
2087439498
516666726
-1507204907
-509615424
-300538696
748353570
205182398
1700640715
1419104487
650746066
-2038988662
-1042256833
-731317652
-1691513492
21470258
-731183289
-937396380
-1313998351
112440201
-806299452
-44497873
-1695621423
-1738786346
198174797
160047134
345950604
1618024611
-569061258
1251574122
-1621333092
-1137457452
-1811248555
43865191
824458129
-124044038
-1493373631
1311160826
731153534
995252969
2084366045
-871286456
425232275
-1531014521
853651284
-194307920
133272587
-196744218
-1749910043
-858402310
891238728
1810413205
1951957409
-755165744
-1751779525
2092203059
984687219
1018565228
-1949953783
1608190020
-199963039
-1472204398
-2056624661
-1315858105
1323751184
-784743999
531723349
1216974599
1460085645
393297573
-1370428582
1343564337
-1878607286
-1896796977
-1678348722
1629499686
-963877018
-739427161
1687056044
1347259922
-2123955408
345286816
-301711302
1393048125
-962650899
1035207342
-424883350
996608672
900861401
950134004
-943750653
-257412677
-767772565
-394692158
710375936
553814693
1375500253
2103512766
1890636472
-287833756
712049643
-1513478304
-369833922
540388478
-841855782
-1300512093
-1087825654
21195728
-1598450757
1913571321
972923352
-1307696995
-770882832
378523518
-1937943600
1261753065
-910996753
326678896
-917116698
78796808
-1064958138
1852295391
2042362499
193089137
-247205922
1361130912
1445420645
-1082555689
-554526077
-758945401
1685974466
-946400646
1571934371
1743084756
-822011213
2039799481
1468251477
1759102445
2109011920
-19716628
-346327139
-909569971
238917143
103044464
1108569326
-721465668
-1902519023
-1665439486
-821989393
1139449024
468795703
2043702096
821456769
-98983085
-1709441903
-172758067
1490295297
1582380245
1759751583
2000911812
1287844042
-2083834813
-1284210563
389977264
-424177667
673201065
-2091563455
-518237750
1654533763
-863980075
-1799414105
-1711794462
-797992365
-1443274931
1553176560
-1993084302
1759720688
-339058046
985295110
-254986001
-56249291
-409500860
1419651555
-699343006
-432755884
480972152
-1928221132
1713531703
-100982757
-1326679287
-413276615
-1566471339
1464578169
919012636
-455972370
-1796755858
-342291391
-2108975993
87102063
-963106153
672515885
-1466120830
351225240
819120666
1425065764
1516958367
-691152917
-587083381
351523519
1009875703
1928505526
1580847897
-727841783
-1136281691
-356688779
-831331547
-785636474
-220507016
1078122868
-1354235368
714944374
170459107
-1863226696
-1688023183
-1612606630
1880335928
-1097224929
428268060
2051527607
108375061
2000071366
-1382997494
622965273
-1099244514
747751594
-604659971
-1798763174
-1914635284
1871014545
-1299324765
349962788
-1250411452
-513052374
1529420774
1023152051
-1908541301
-1485638029
-1568720510
-1915468577
-383813255
-1049957286
1848490455
-1041843879
-736514291
2118484391
528384512
-555624652
-649718336
1316122904
1948640803
21117095
-2001454339
-1788043571
-886668022
755899921
133338319
-1430673434
-807483150
-540819396
555786460
-1386198934
-1993530973
-245103899
-1165001071
-37438614
332745664
-1994962053
244676766
1596488037
-417187488
-1920827353
1821127077
-839059218
1046835164
1438544652
-1221040083
-921741940
179171050
1178877391
1700103644
193790177
-484576022
155537753
502164965
-750788083
-1729612672
-871481893
1993359038
-1151170732
57823074
931100434
653982486
-950841859
44280434
412588236
-1530966522
1803003005
-1505431794
62844842
-1770529146
-1810969899
-2100965977
-767800794
1488971298
-607800009
-217852528
423056855
-1125122324
1020523759
-452561384
-1792209677
-775594828
-1853633664
-1303282470
-1342244842
1168565622
-1568289779
-592403118
2064533569
-1321280237
1553116923
-1686893132
-1369436892
-1051256764
165952467
1279173880
-103281761
-481236277
825781612
-1023089095
2053896326
1467041002
-2120207288
1609266495
-1157031004
-1563642855
445479742
-728076198
-603807998
2133211890
-1867885991
-963409039
1551830633
80688239
1950180352
2120632409
1673513764
-1060784552
1669208150
-1518411669
612726793
1261577974
209521379
-1694387376
662741434
1195112972
90945139
485379870
-1829886168
943245575
1230535486
853697960
1232283224
2025339508
287466313
1418085137
1631875433
-1054708559
-289781493
1680972194
-1428041771
-456796185
-1443019694
267433693
-194146313
-930292937
-1395752601
-1660979758
1613573324
-1788712653
2111104624
-1118797136
2051542013
-53442673
815999765
1494008734
-140142564
937072151
89605734
-933233973
-300139730
-1849650973
187193084
-1046153789
1765211497
-1585987126
925395293
-1101734396
116378686
1350079764
1693565093
591560401
-1860653671
-347568782
1749910881
2011403333
-1559338138
1663193906
526122686
704083882
1811104599
-1081214290
581220834
268156171
-1671870748
1440554501
-1242086503
987010567
-416376941
2056771085
1349212212
-417853977
288365433
19996296
-312889939
231240435
-61225473
1880707477
974437391
1413185792
369406185
1975019112
515581972
-525262515
-86031980
-46078147
2046014479
-302656624
1944837758
-1947741559
-1174611188
966399051
1467414795
253549426
930642485
-2029431709
-1866633338
1847704961
1778265206
861951474
352881509
1813419926
-1308279708
327942747
-577429552
1316782619
560025690
-1120465505
-554726300
1586418812
1637561573
-1398932754
818325555
2095500758
941713761
180770433
953407759
1441043694
-1176349981
-770754394
1083628296
1033093988
-1399047847
-1344379364
-1131938766
-1301221337
-364023056
-628186720
206295211
316206379
-1930337867
-2013723961
983540443
943828057
-866310274
1010591246
1634083837
-1461190713
-2015808501
-1761392081
-1229971234
-1818449623
-1891430041
-122048843
-753582363
890137734
-1504374124
-2044082222
-1536359085
-241821138
-1771583386
17800048
1782101706
-446381078
970678447
1017174917
2131934995
-297561739
1855280028
-687369813
209762587
-250091477
484508510
1503883247
-791588546
22403584
-1278725620
181328616
427788231
-189395021
2111992263
35782923
69801911
555983426
1072231198
1962906430
79562181
-1993762912
-1890691660
-1982074198
-445932634
-1955662171
15752992
912844756
-1004186738
1867228741
-1594639340
-52611345
-1898809355
-2106618876
1664626624
-1741642389
-1034978402
1027120553
1507186040
1939490001
-1780593196
1407965745
1392138387
-534243630
-1533989130
902848006
59197078
1763991196
-1259353802
795543152
1983963026
242103151
-1664183907
-703834037
443484362
3156080
-666061487
667524602
1724401048
1119428029
795678490
-1357549413
-1600595312
1088982720
1778589986
1002119292
1637252837
954266056
1307864828
1464053964
49496075
-557318955
-195259417
1744984725
407403422
-444210253
1731232082
-1754150167
-1155722366
49406793
-1227664989
-1788178341
240664650
-1125405134
-1780057293
2102291377
975480285
-322531700
-1782861923
-1412728873
853380694
-1755033328
1735322424
-1500160747
316305196
-139768477
-518817567
849478532
898309266
2011439019
-876155395
-329615171
-862367968
-1170151580
-886480195
-1358431020
1810522035
-1298587789
-1595250012
-1865389436
1101421968
-2138938502
202281286
1578397355
-99097905
312456814
-209100975
892683000
-292926730
1468407399
453258193
32432098
1484926948
-1490114121
2137669039
684644827
570839280
1054552381
-1688796806
924802501
1047349329
-774607878
839604073
354484389
-1886997825
-658692124
375078304
786781845
1866247514
144686074
1918196402
-1496873729
1614073291
530057112
-528864153
-1163967481
-423233368
-2142399732
-1200562498
-1784806583
-2130003428
1016505704
327421748
1267541444
1731069127
-1680448615
-1861156794
1512016149
-1769309469
-1741337416
-591920843
-378024985
2031265191
-1879791712
2143620616
-249034839
-1325744401
-1559054912
-114037801
705098114
-2063404772
578731825
1411597637
1250006657
-1773457095
-1569108982
532581198
-506452199
-880273570
-827449613
1843306050
1642563020
956455257
22725880
1126007568
-1620538075
-1488925814
-525480289
471443655
-1922481942
-1109980147
1136133691
208241242
220818
-1294910434
1275737986
-1131906909
1062666484
1138191289
-1079026595
-1458407254
-1805169855
581540737
433865471
2134090278
1428311860
2101311714
-1398079175
210098755
1548001927
-521848711
1288292619
-1142012251
266098600
157364914
-295046531
296285356
-717861460
-1077664078
37047983
-1764675335
-29619324
1782597496
1054677039
2090423089
972528237
1702983486
1765217418
1229783552
1935020973
1656968484
-15549659
-1184550048
-711404165
1787298064
-516328115
-979014373
-1603235010
-2070103601
78269323
1487800718
1035777274
-2126005888
861049916
-1830320977
194820615
-1219693519
780826465
-1217981104
-567766269
1697488074
1656052660
-1347610972
-402643191
-1948216279
1758695675
-215874046
2133948450
-1132452210
30657439
37689577
-940041477
1129036601
222840191
1218162499
1473246680
253909585
1393334273
1558783469
1015053000
-2021315320
983999338
1048235383
-882585318
1920949243
-1124198545
1703938344
948478479
-104665122
-760516340
-1972184508
712539344
-1860134824
1138262419
-1076012144
2048918946
-495289045
1270469383
1933373717
-1392548777
1118862743
-901153366
-1315819484
-828070393
-2113502720
1751204564
-1910979686
1676477952
-9714738
-707067643
416469093
-1034071558
-1156305004
876336445
449289798
253746574
407061875
1944026507
-193099560
791263465
305798080
1524551908
-315392816
-1678762308
-1020237852
-1522180042
-287406715
691162486
1213903236
181900475
-936104269
-1880408139
-1182919711
1760288658
1397931643
-71174151
666120576
468635274
1227131821
-897166438
1544044045
357767745
-1750338486
1135843580
1975534203
489423213
138000451
-674155264
263454576
868320633
711441543
-1206035523
1581584864
1146313811
1573812796
-2055962513
-895336969
2016979844
-2029281717
-584853329
372900924
-170401664
1360305442
-1971036444
-1730222861
-1026344385
-1439154508
-1340143623
-413010494
-1048848373
-1864472892
-638443441
898542998
1348886939
-549085853
1467679733
1337789127
1025088609
-76407881
-1499027946
-1277331591
1635811872
-1988468483
67017650
1647579205
474918080
647599056
932158865
-1724960487
-1474352283
-80727125
2086778227
538930268
1090720957
-1923096917
1764330124
-1202368427
-1112118631
-1518915687
1063092526
361471693
1174872767
-2060519384
558932424
-1815422222
-1134335747
-351642758
-1012892914
475877757
843148929
-532706072
157447033
188284695
-681289112
-1448659198
542129650
-860423944
-1742262380
797757140
-1711643191
-1631175727
2016394178
488265579
1409492459
-884865812
1652089818
-356623977
-489488556
-1594746480
-154869367
395514865
1935393474
-667049815
-193116660
1622812447
-2137652822
1174368936
2098189903
-1424997802
1135614575
1014301608
288658486
936416288
-509258799
-1641067566
108693817
1207436127
694598563
-209759743
842933814
1890874513
1378270401
776879272
-1241166718
86810452
-588013505
-1125446413
-1804970944
1404123180
1188851173
139880492
-293559306
1043362436
211738587
272044896
1160949084
1808867058
93609376
-64486079
-1312660617
-198514241
-327208384
-910478770
-376275481
-1209696859
423129542
-1231390928
-856679044
1725992666
-1185791506
1222788455
-872831474
-2052910515
-154568161
1801975333
1094246797
720381231
1578946199
-1571297414
-61620138
-12293964
-674301209
-189413456
697846472
-1696147942
-1078157406
2064364280
-228747241
1348751082
369477457
691734341
394059359
-520262275
-1395243351
455873143
801304572
1795316161
1129802751
-2008547652
-2123646440
-7297476
331919867
1249550643
-725706620
-505185967
-798725748
1093668561
1744540363
782665410
-342847717
-1852040312
-147401084
29400438
1395343106
165160869
-960429336
-1659712133
801471807
-1908023431
-779085405
1324706381
1721123940
778817851
-1073338130
604794200
1796935634
577436972
-1951399203
-777978693
-1426434778
-1032141828
-1285057035
-1002038706
-1894801166
1758123884
1978317569
644529894
-1496298833
-503246540
-1733260251
-740563497
1119024114
-2088545242
181705011
509430969
640894686
2132532114
160468285
-1666716817
1705945049
-1953981204
-231597718
-729192348
1055772290
1332518828
1577335053
-892334824
1073379810
572813173
-1937759501
-2073887014
1310700513
174918777
546012156
1939783638
-1176086534
1742667291
1137614572
403323986
466014514
1345678293
-393802365
-1392973772
56902470
1718837339
-68722998
1509077191
-810249437
1048025856
1515667119
-1509767490
1153172122
1303483225
-2131012908
-241531784
-1967500461
-273640673
-1508501341
-238685051
1309844738
1030752857
-1051717467
-683426712
1175880409
-556629574
1594280724
1021996958
-1099967427
-1192308921
-207115858
-1226731809
309109947
1877569852
-283874613
-137054301
-970262723
1246638896
-1990405711
-827602969
-288221064
-1401126537
989462567
-1766131152
2078942376
1325076167
-261270201
839531984
934917247
-1733447651
1156441496
-377270425
-1231231654
1613927137
-1225990053
-37071444
482881717
1683632456
-1125485019
-1250097555
-2112043295
1291823353
-1768287059
-154101805
-1545903884
566056947
1995312103
726073834
-1889681921
626254765
1284501585
1085822049
2127445894
-1722282370
-1328787828
192226445
1951947052
1746796350
-431127507
1444108211
1623443374
1226759982
-362098219
1288097158
722977554
8385044
1519254142
809217774
-1895653345
-1691317078
-729611240
-553622261
43357455
1619430712
-643109549
-1729528712
548115843
-426296705
-2092733250
-1246103341
525171126
-1308316455
1048775953
-201401219
-1076566795
-623499875
-1553319226
-1632311138
-1129144498
-931923768
1847531245
1815861611
-975939961
-1924797223
-374136000
-2020957525
-1678706095
956118267
1099897717
1372352630
1002579901
2105633129
1437765587
-1094291393
1873041391
-1073077747
-893774584
-1511873003
-1619081712
-1939531925
712514873
1824281125
-1620098935
-436015684
1645858393
1120840323
1288001901
258149982
-1332581955
-122753751
1906027062
-1491520662
-258139920
-867758529
286596787
-533886554
-296864829
1326876316
-2077263039
-1136489314
1445614505
-1747777908
-1065643463
-2030436084
-2075473855
102437075
-2111906648
96776576
-1568915150
159957490
-1735824827
1675546940
-977419970
764626856
747003039
-2114639520
324218513
1972489403
-570662507
168653894
-184544166
807066871
588701963
755927855
1882483101
1931969911
1760023002
-706000354
1178497350
-1961773790
1377659400
557665796
1764886400
-1309040264
-1033494983
625668380
-345575353
1268134798
-1882151836
1346775448
326433595
-818888361
236776904
2135436925
-173141833
785159972
-1110553567
979896010
2072214562
1535055213
958281239
1736992480
1246037892
-66754863
-1225629961
408649757
-1971471268
1072763483
-823126620
-1897814327
1092312496
798289414
1827806927
143782453
684388196
-210750078
1690664549
-1851114719
-976888113
1433258296
-597367735
-233431970
-1645174645
2133449100
-1036931005
2050152884
-68888692
-2100264351
-383467209
-105885435
-1433511565
608967393
-840924263
-869443151
2040767524
916602237
-936316128
-1741670852
-1095264107
-1848980429
-870480967
-201196498
606834409
-2009303794
1467753918
-1694624198
-64612420
-48334093
-1405888153
-1823128414
-1692139840
-188234087
-1487895168
-1705656359
1761501832
489653209
-118422180
1245733225
-375786077
1265880871
70492681
-1160972521
-719274771
-86034593
2144627396
1258169412
-471277791
824055749
57942191
-502827627
2034260401
-958329273
-373970496
1007586006
863940313
1949962756
1875590909
-524649701
1144709361
1758850577
1324075493
-1424828632
-1835708670
-234085255
1992041777
1986129426
543835804
1205566854
1212101820
-1729873883
591093478
512345918
580585662
2101939208
938143990
-519993040
489717824
1973879327
507920739
1483780208
6692555
-3626448
1678782231
475494367
2002651491
970749768
1342667625
325521583
-874881357
1910310367
-2122252438
-175911131
1913806473
666181690
-102800770
-1976115295
527307908
-864738032
1471620655
-115882021
-196773366
640005232
-1190716611
460732526
1897612160
-769800479
534418425
1276179098
43699381
-1786735926
69986258
-1422997947
405002398
1458168852
2083724336
1866132547
505813064
-208287219
-1430927744
1683374294
-1288065783
-4538481
-559252593
-1268571528
-738125319
-1550077599
-2116853733
-47580969
162814112
-1891006756
-233263449
1737533472
1492911344
-1268641583
346375822
834630784
1841222773
-2120973654
-1756063653
45226471
1811074250
-1919821361
-1105034409
-2141447154
-1197019826
1754388298
1816328290
1584632507
-1064222696
50032557
210793990
1399191107
901285415
927585586
-1604472375
-1221676976
-477105442
1798668324
-1347943742
-1392544540
860793518
1790630270
258826606
-1993955427
-525076204
-49386543
2076315843
413159738
2097443270
-903299478
946816134
-1149081251
-233082584
-443400525
1034246361
524122258
-1255165947
1253694425
-1411289321
1303828111
664854139
1051146415
869237732
-1160640323
1594849845
2088998865
-101756289
-1085078281
1147098079
1283646988
55810393
1314610320
1851291606
-915896579
-29846549
-1235184741
128019999
779732983
-408437308
2006591589
1544095131
-1201005270
-1540607263
-53866682
-1245372809
2112589056
-1375977152
-1473599847
330246121
1515187658
-466485321
-914790648
-52542184
743299484
-973734399
-742009844
-2020979365
-20546444
-954441191
1847619763
1075977126
1335337121
1390806730
-1447183196
1563615552
1398250850
-1298370681
-287474336
-328896583
1921977292
-1311201929
-1073293366
-273568229
400451057
515002836
-1121059352
-1221087905
1824257086
1511369077
-832539413
-684650462
-1504137948
424934824
-874432660
-1855669864
-1140790533
1458308677
-1737607176
1102182337
-1506272222
-1429980929
1979516878
-1528324903
-669200022
-622673411
1842652646
-1418806252
1704251060
1112797608
1053211189
-308806262
-23658024
-1784073274
933937455
-254427792
2095285192
-796400697
1164045197
-618894712
-2082994187
-2023714209
-489507248
1195759578
-1810801168
417108052
1656192773
-236227164
-865015468
85512856
-1760847799
1693885838
1512518628
312640410
1284940431
-1872388575
-1345126929
-2087004712
-1831981792
62296442
47608060
-441652296
-985537693
-732820678
737826978
-2032539496
-1270429090
-177686080
-409893450
751599395
-757443972
474486426
-3358804
-978939674
-1342291568
879534648
1007806518
-1387220190
911915289
-942692638
-131123919
712813795
-1241260857
-1252411669
544056513
-1610005935
-569057986
-1472046554
2048135098
-611917499
-827692263
1119395481
-1122075071
-41811169
-605891024
196575344
436445874
-583968810
-2010489570
1453612340
2140970692
-59568560
2071884029
1787094588
-538872085
870698483
-1497697933
-1182972317
7264253
379532667
1907401970
-2028048646
737153816
-1563757811
1760850234
-1474838528
-1781369918
1973078412
-1052043230
1063157648
274027600
1184962348
-1702003560
1729156250
408720524
-1640713916
-551701530
1702967509
1486968466
1427515751
533030710
1949472244
-382261766
-1904488524
-765834920
-1235451369
1729752379
975898221
-603085631
-99463292
-606380722
1201322694
-1961343530
1772020630
-2050184303
646190847
-691780245
-984446731
1064028654
-368852556
1827305349
-400609017
1202289980
-490783117
1225884263
-1103963995
-435161628
531055503
