-782831631
1684806061
656956116
-879605662
-1895406235
105703057
-1023516732
382396941
1792557157
-614496747
-1347741600
-310055387
-1041772664
2097561429
-1340789773
1520045787
26621146
755225452
-157186311
1978796176
-1222983457
-2023238106
477550529
1835664299
-1433437737
-216310278
1080668493
-1192736853
749228867
-93044937
-1328711556
-225473665
606591399
686048892
948207466
392591124
-536062318
-1036179860
1751905047
217918000
-644042533
-1437004638
-1729724602
-1495016322
-2043900628
1552093667
-1642935129
-664605975
-1871164
-1879443054
1651064119
-1525291476
-1890912136
2107307112
-1857123609
-217024854
690241018
23681635
-740348805
-464705158
1967469917
-1803317249
-1475238731
1888713414
1614971096
1482984099
-1148444750
-838618795
179497161
-699094946
-1033108845
-766746779
-635064835
1424215762
-1258008226
-227107651
-1045087186
-1804466832
276959014
1349733891
-1900805940
-1301610779
1672739946
1566903626
696871424
-466860589
-47884357
-750286865
-1749986835
-1512767292
-1064205152
290350501
-231712200
163152219
-374293315
2036534477
133430218
-1440476468
532426545
466212874
-1648537900
-1414546547
-1442172352
1835831572
161599251
-1977555379
-1459000526
-1362017075
-1491230636
-1888803291
-370405254
446809233
1986467642
-1009612276
-1664964071
-1944491823
1315670591
-2113260656
-422054844
-2064389918
-925257992
974726339
-468334524
-657368046
1797130140
485063026
877997981
-1498368004
981083334
-1477083235
452593010
560160797
-1666728071
1204380450
-1839412697
988912294
503639909
1883726010
2005634375
-300876141
-229179032
-1241009111
940904872
1229663996
168145494
873248177
-1323331635
-897288278
-1417096707
529980103
1463728779
477568748
870224483
275484169
1335028206
196182187
25233233
-1583541650
116756572
183649980
1874172436
-2062490178
-1718264325
-257994123
75068802
-2048567739
916895312
-1647760510
-1510330821
-894550077
-1359782872
-201979911
1975135024
-1416879194
-1000441925
789365162
863277673
-794816390
975198989
1164528828
818724354
-292418400
1406118039
245990261
-1794015882
805763133
-1971077081
1801083736
639411999
926816885
230069763
-1717905548
-186925571
568184281
-682993580
-28619782
563523510
1299841053
24741570
1958004497
-1445597475
-321488626
-524394405
1224585958
-1743164042
663887042
2099825592
1232995590
-2136589383
1325899024
610803042
1498844911
2127089430
788745794
1379950705
-120306717
-1354353287
515183369
1584989558
-1218344961
-1080641329
-515861583
-1479730278
877976716
-1440172345
-1128450923
558069767
-1995604587
915583196
1167753172
-1395167354
-725367623
-1383606125
-92998076
-507443608
1652319554
1137875969
-323847258
943045290
283825525
-1311967600
-1006841317
-160871341
1677752619
-435779071
-1859921706
623388705
-307535456
-1371225164
928547347
-1411688348
-1876904310
34181671
-62081976
106962984
-583263123
-2121175364
-808220007
-1055152999
1967041581
-201211970
-2057262960
-1688909661
-1999810588
-1819486555
-193161972
1399365336
1605867765
-958329191
1546604666
1309283735
755852129
1217187636
-2017355197
2145894761
1251662425
2002352012
-733439611
-509482578
-951602669
-1438943888
225893636
-944948360
-1370510623
2006322416
275310178
1684719286
-1911049858
1047893026
-1680690034
-1864357484
499396779
1095444259
-1051262598
1782353442
-706058246
-522119076
321398544
-167944653
1543494632
602906886
647880550
-1907371641
-1899482319
-1741842961
124408879
1920645676
892540256
-1523506051
583807348
1039020832
-31400283
-869213197
1573040004
-498264773
-274842390
-1175091469
2345001
-677489077
882117159
-162424509
-540800228
-1206733184
-1712719883
-696568365
1977796026
1017995274
82829409
-504229634
-318475786
1139039488
-708128765
1416278800
-1718574959
221775747
-287302322
-691216632
52941449
1661917219
-16113368
-169139810
-1426524722
-384485759
-2063113028
-1820996474
195393851
-147378124
-1202825073
1561059830
348007363
977549808
1400694993
-764365722
1037196011
296443621
-130252043
655703702
-1901206409
1069580900
820535427
814774229
-352702616
-706635832
-1429394644
-74307457
172048421
1239217299
834031134
-1349516602
-1181656073
-1268244266
-605124454
1193608117
-185405510
1535691222
706647491
-1139318670
-1412846127
-976766228
701365687
-1971747901
1733629786
-1373634387
-923311133
-1835081773
-854334302
-1155884471
-295508334
501585972
185663707
-408330952
-628202553
451037223
-1990718196
274329362
689223501
176908571
-583360952
765721022
805455372
-707388045
2146347810
-358351409
-1298765155
571368332
1973541983
-1597610198
-53045473
1179710718
463779053
1392297963
-1370406837
-835889632
655082772
944856457
968615365
1356519889
1481923818
1280001079
2113457077
701734261
528314892
1708653709
-1060750954
1800716606
-438522742
-1718278297
-1256041907
-713858900
-1425879261
1688181773
1686886781
426381142
1199697585
-407159661
-1409713639
-1598366230
-560255770
-1711723389
954622522
519973745
-1509889480
1949846968
1500268594
-1812543785
1010148122
-164223092
-1588581152
101196970
-908137364
950311989
241725253
464760098
1407664947
-669314964
2115503447
294544993
448832396
419424591
-2063340011
426802938
29694685
-1896774521
-18534181
2075425975
-1882076850
-1862005075
2007694838
1685328790
-1425275273
966515689
910541947
-385029867
881302874
-486398244
-1649585836
-703084625
-931114093
1800165823
-2025763941
1335953061
1145581518
-653507124
2076484138
1427712513
523187064
-1329468196
1797897842
744554199
-423593032
-1083326127
-261189492
1942271950
1140587936
-886276043
-618346355
-974271010
1173574047
1572080035
-986459875
487303514
1772307002
941284197
-567845046
1743738673
239800827
1506415070
-684282983
2094452336
69053609
1746146090
1499310174
-160921078
1748514744
-1628944253
-1700607667
-936871205
2139928067
-675378714
1178153040
-189032982
572961464
408625141
-707243110
-908098834
605759378
431390750
-559976197
542125843
282333774
1315055357
1919705717
556615677
1132162391
-1049217793
619882512
185459468
-1555005501
967422279
727235306
-284109598
-135415678
166827732
1794047377
-1239646943
1194625236
-266268701
-1326129771
1214843513
267907579
80184209
529922647
161250017
-2133476814
-1540400700
-1802345177
577756195
1027177693
422222156
966938254
709464222
-1971058175
-846674876
-287918873
-1750033337
1074055413
-1679583554
155052084
439959024
-451276199
958827422
1026291502
1405835469
-1800882873
1410288582
418666909
-970493389
-2090198072
740518771
1675848682
-1399371871
445891209
-763749914
186355698
-1660731132
559019982
-1149327546
467863324
1870021430
1220220327
-1682242364
237820333
330147527
-427840672
-116940032
1408786266
-1309976832
-974173635
1198543530
-1748484834
52190500
-1406080666
-1678505108
925559885
80108537
-1492576992
-515916537
-1822679319
-1554858106
477584702
1508019900
-1700293324
1098294557
672642774
175911148
380319878
31637403
1758184758
994845954
-1893757088
-917062674
1895513624
-1785520240
-72687936
921168343
-2063999723
-727324488
-1296790346
1996696816
-652961193
-1767678259
1953732663
1202616816
-1431365485
1941274425
-1446233552
-1307679698
687177269
786405792
-885128226
-1703379101
1765158364
-19263163
-698020260
228825523
-1942351352
-1432465236
94769021
454234606
-1406570479
2051789697
-20551717
-1695887854
1089893978
-465999176
263093808
-1272080876
-215615034
-443277579
363199459
-1606428961
-1788733845
1075795245
1748942566
-1918561892
1808377733
1774197132
-1088645954
-1232176332
1873463981
12039321
102044386
-1808429038
-1098522038
-1626345833
2130976841
1717936173
1863961415
587048238
1365705790
725849925
638663174
119838538
-1231483274
1049855340
-1326157164
1861323587
-1683346333
-1917867065
-662581219
-1225903298
-1200029750
106762645
1724043169
-381389870
1950304915
1323689329
-530935321
-1847791378
1129890783
497168083
-1226438478
1574896889
-1778800032
-1583639588
1125466930
1712752186
-1525962780
1434531666
-743928387
1294335609
-289613263
-2048068888
-1175234370
-1347274522
-1598679784
-1941212733
-802022675
538855994
1873457604
-993202375
1361027776
-952273124
-196772014
534552027
2114554656
701668549
-375674714
-1426523467
-127219872
-972357658
42443644
-643329837
-1995539862
-1499683384
920353981
-907874041
1881967931
2031000501
-1199892973
1342824937
454342800
-1674325866
1482959039
-1589441505
68416993
1363633373
1035149737
-658987298
-1953789042
933467300
-99538248
-129767248
888154200
1593483286
1625879908
274219127
47890962
143349261
109386376
-646276431
-910414953
188818685
-82566276
-1416546563
-2074110466
1128912399
-1866755997
-1726164515
-1082691316
1906923152
-1264291904
-1103878468
-2060230935
100021132
1585535823
153554483
915746583
-235951178
-1313411566
-448873337
287708319
1984461706
-867366999
56943734
-871593076
-804272203
-1419743002
-925646286
-2104057443
1892927924
-1741572704
-1114811731
-1017932235
2133861050
-446216249
997735191
-49085034
1815345366
1592147897
-270195548
97456974
-2111159723
1090932179
-735604590
770328560
621863780
991605065
-1290180502
1132533255
-1565425158
1720928314
1091620485
1360673352
-1575406604
76942590
507769553
1879075590
-1638241408
-1591569214
-1190203435
474155754
559334847
567698263
441185266
1845678818
1325703078
-1870518202
-500286741
-58022055
-1971415772
-1137886937
-1810588762
-83620695
-1033286007
1193663794
1003531827
127528653
337526822
1804746262
858508813
-741101477
-1429192656
-1025568247
-1690076000
454931632
-473360663
480662304
-18159605
-1709975188
288189697
-260466720
-1848141274
-378170592
-1817789384
144761108
-398748730
972202310
925443656
-1818758944
-1546692545
494570865
-1308273150
337739542
41069866
1856530885
634703543
2104024775
263393895
1384612520
-2116989479
-819992291
1374893669
-1954220103
2081301216
1980776808
-2048988512
1496150016
2098504050
-1653324171
2072730731
-560636569
-1378676291
501040422
-1738828305
608011113
1558168359
1152499775
1270713203
-651381496
201860393
-727195267
-615237411
-988611068
-1271002504
961374188
23565175
-1445352631
-1703708059
1726982010
-1497672714
289859240
2115482757
-1974768186
-2089165640
445831626
-269596012
-644489155
703643725
-415789983
1478718614
938256232
766553145
1428418975
453968702
776797054
175815671
-1978803989
-2025220972
387343936
-1400801217
-1490700846
-875696431
1679248902
388236939
959083323
1276814733
544120340
1957579991
2114635230
-790205157
1215242289
-1324282455
-98258441
-2143567821
795237242
-1087291312
-1693763530
1308015570
-420344717
1822304623
-2017108487
-269855395
-1028879778
-1770915907
-302447428
-308261108
-2035700273
337176837
2074559695
1694076549
1153633408
1844919156
-1656275126
-1188382265
759930465
-1499042029
325557054
-487899575
-1062199309
-234447983
-2133974483
761996898
-1844787754
636018246
1703948219
637952235
-1408887392
954475636
-1139414876
-1695391966
1121187823
87414223
1973775600
294464721
-1665443903
1134830398
875723109
-574396753
-2146442494
-714080797
1510091837
1534374661
1452064870
-926877095
1417273625
-15425388
-62632327
1490396220
-1855236043
1849692085
-1729871885
-1763244563
-190866212
1641908674
1043245392
-2108266346
-1182441699
736176820
2071843744
2057867371
972993726
-1322057459
-583931749
71432499
311784816
-155121672
-180040712
1980487430
-48454076
-441180243
825341438
-94249128
-1606899619
676440090
1579377498
1160060469
-1817239833
1569300927
1479863859
-338666546
1106952263
-422872871
1505666171
-1624320461
-558987629
817487554
-1519816824
-652323999
-772345020
502814103
-1638358814
1607585663
591354410
-1579986405
-1503446946
1268403044
854353823
959322074
2018703211
-930119843
-2072226305
-919620719
-323955285
1657435692
980452951
517650380
-1072977211
1451250770
-345280420
1599184849
-1289805447
-1385443440
-1893130851
-666633028
890128372
1020795563
-911760388
-652291861
1195790693
864569712
-432516262
1113374107
-690791217
1893888247
1787398801
-554113325
-650488544
2004224043
-2042337369
517058944
-527942013
1483295881
1977141055
-2047426591
-193428238
1540468519
-1715124398
-558903259
-2103894002
-1749578249
-565165793
-1732222639
1852612658
-859456180
-1518211488
-1975106969
1375172805
816424349
-1249956419
-1412468796
136780751
-1020200567
1801951877
1009115849
-1437156658
545146907
1171319707
-1357498435
1511964874
-1199706290
-1658532434
-1084207630
-304522841
-296144173
1657121964
760170021
-501769543
-365069551
87171191
57180970
-1578622819
682229868
379973849
1870106824
881407558
-589928759
942859445
1110906081
-433202858
-1545007790
-1271213952
1228222166
1679699886
1692145270
1943508974
-409736919
-1477361080
1767664691
-631957777
1764532579
-1423503037
517883031
195831260
-2102949321
1095193919
-1462310269
640494829
-1501123609
1142587883
-1513894222
-1485047057
1295386342
-388506149
-1398594311
686150450
-349651778
662487966
134386128
-1573525817
505766707
1949196303
-1022579696
-1279546133
140633512
382239211
-196716803
192532157
-281962302
1943096996
1295595655
-1247045065
-99720117
-181211020
-698822708
691679323
2012227416
-1650880076
-1488719903
-1264983380
-629949780
-261801619
-1520655662
-635735073
-1031457442
-821797585
1775024358
1665413074
257382330
1686453281
1957529639
-461697347
145506405
-1367779495
-1720868832
-192391258
118607811
-1205363859
-252217880
289961498
-1711907428
398397258
-1261941665
-1815480551
849388797
-1509614525
-749282121
-317071023
106957404
219661164
907903798
-645866353
-940007425
-1953672151
-57412551
757521522
1252035741
-608143359
161529211
708461153
1041938501
1555081143
1523259287
18000574
1171579774
2144099739
-1376138293
-1382622885
1655540911
-830760675
-200003074
229669165
1382565825
412518306
816220931
-233856194
1595763714
593323674
1895512863
1747673320
1985756236
1816392402
-64051000
1636539711
25488741
-986449658
1239139247
-1405339185
1095904937
235920314
2052814848
1645230726
601888998
-2106121655
1248956904
861355251
418948998
-1201904323
-521808553
1561767601
441196531
-719508511
1999654407
-2047117539
1723730742
-792621291
457972668
-279967666
-1487559199
319993185
-2144059700
1536035654
-739579345
-644580277
-1463670559
836901732
328702057
-916462868
-706865667
-529840867
-2088377974
-912193088
1902997950
1701264363
-1406363610
-866853954
594267362
-2062058620
61016967
-535841624
174008078
1178257487
431288600
-1202218845
1814073546
1287242515
-2113863674
-1884172022
-1677825584
-119766031
-1208802525
-1205009794
1204666246
1816817812
-1441438450
-1976692671
-1563127865
-864763482
1413544593
1725391044
-1009847319
253717381
1961561929
-926460034
250443771
147021366
2136946828
-1939597314
1036722766
1086345369
494121606
-1380456893
-633475274
-1677489442
-312357979
1178777675
634176785
1328309303
1580147255
-27603735
180495496
-997300273
884643920
-453026853
-175957740
1945916665
390734320
-2086816997
960900548
-1052348756
-1683697307
1786402165
-759272900
906612271
2123810286
-1821053351
571120640
722840848
-1988960095
485961458
1132031986
-1064904102
83911566
-1555306378
2025267225
-653734138
-1618944221
345831359
302102947
1605309873
794628561
1219221019
894254893
399571343
1942855151
37872479
1125184
1853665439
-1161905697
-1164788414
-737339617
-1934199520
1702641262
-1348716569
803899839
1141588547
-2035959936
-80426053
-1904332010
1397106721
163601132
-500003711
986388376
445803246
-373880412
1327627690
1745776638
-1002184337
1039580953
1537562601
-1002225336
2099398313
1205342941
-1945496569
83423493
-609520934
32288905
-1423192333
-95921710
-2071220308
-86906400
379116316
-1503189985
1657445288
-610810060
1700664067
-636393672
253645032
-522307064
472170763
