163 816382 8
403 7293652 30
367 7278556 31
104 272593 1
475 21692065 61
215 2425771 6
452 7323301 31
145 812458 3
136 279046 1
166 815149 4
353 7264084 34
101 273031 0
377 7281370 33
182 821155 4
148 812572 4
205 826573 4
287 2448952 8
144 811921 4
205 828445 4
267 2447815 7
438 7316206 36
200 827275 4
496 21703483 60
179 819682 4
429 7302175 36
198 827701 5
354 7268440 35
366 7271326 34
349 7267843 33
307 2466016 6
238 2430640 9
325 7249645 38
140 279028 1
278 2445727 6
259 2443186 7
110 273721 0
198 826825 4
234 2430049 8
120 274450 1
434 7320310 37
246 2437918 11
500 21704179 63
229 2427913 8
469 7335820 39
397 7288984 37
499 21719125 69
299 2457745 8
489 21700066 76
490 21704359 73
275 2448391 7
496 21707455 66
390 7284397 36
204 826948 3
297 2459407 6
166 815104 3
473 7334875 32
372 7278334 35
214 2424604 6
230 2432215 7
389 7282855 33
297 2450860 8
415 7305430 35
337 7256827 35
261 2439436 7
269 2446798 6
288 2453110 7
477 21688099 58
296 2453662 6
458 7330480 31
448 7325107 30
272 2445793 6
418 7296520 30
465 7317454 30
284 2450233 6
226 2429617 7
133 277528 0
210 831592 4
134 279655 0
204 828067 3
444 7320211 31
418 7299286 32
113 274930 1
215 2421961 7
390 7282984 34
492 21701752 60
287 2451241 7
191 824530 3
240 2430925 6
281 2447650 7
109 274750 1
401 7293994 35
183 820522 5
319 7249414 33
182 822535 4
219 2426524 7
164 816631 3
484 21695635 61
279 2445178 6
274 2444200 7
243 2435947 8
