100 979000 1477
200 1244700 3490
300 1355200 5891
400 722300 7993
500 755800 10727
600 1045200 13151
700 1298600 15686
800 1406500 18208
900 1579700 20546
1000 1776500 23763
1100 1376500 26512
1200 1772400 29342
1300 2694200 31820
1400 1990300 34849
1500 2477600 38323
1600 2176800 40830
1700 2239000 43874
1800 1781400 46849
1900 2631900 49893
2000 2130100 52611
2100 2864900 55661
2200 2246400 58808
2300 4001800 61771
2400 3166100 64794
2500 3074700 67818
2600 17406700 71706
2700 3522300 73634
2800 3382200 77644
2900 4142300 79977
3000 2511600 83789
3100 2703100 87059
3200 2799000 90067
3300 2834600 92383
3400 2858000 96583
3500 3486400 99165
3600 1182100 102519
3700 1078000 105018
3800 1488500 108839
3900 1254700 112337
4000 1042600 116377
4100 1072400 118925
4200 1487100 122484
4300 1191300 123624
4400 1637400 128542
4500 2176200 132542
4600 1786500 135619
4700 1985200 138506
4800 1953200 142204
4900 2155900 145414
5000 2386900 148674
5100 2335400 151268
5200 3497200 155699
5300 2413500 158856
5400 1825000 160885
5500 1487000 165725
5600 1967300 166367
5700 1585200 171311
5800 1399700 175733
5900 1371500 179552
6000 1337400 183142
6100 1443000 186835
6200 1979100 189407
6300 1369300 190810
6400 1935700 197284
6500 2022300 200249
6600 1808600 203287
6700 1867900 206120
6800 1893900 209634
6900 1474700 212504
7000 1413700 218042
7100 1887700 218307
7200 1908400 223368
7300 1500900 225320
7400 1479600 230061
7500 2128500 233647
7600 2176400 235949
7700 2367100 240673
7800 2264600 245131
7900 2538700 248505
8000 2451000 249159
8100 2400100 253264
8200 2981100 257526
8300 2708500 262701
8400 3521500 266331
8500 3490300 269822
8600 2089000 272804
8700 2035200 275901
8800 1992400 277515
8900 1924600 283072
9000 2162300 287055
9100 2930500 290108
9200 2293400 292115
9300 2528600 298753
9400 2097000 302096
9500 2129100 305275
9600 2750900 309949
9700 2628600 311579
9800 2177900 316734
9900 2542700 320025
10000 2160100 323792
