14
37
61
73
83
84
85
86
88
93
96
124
128
130
158
179
183
191
204
218
238
240
250
255
259
283
286
290
291
298
299
300
321
327
334
341
349
353
354
358
388
390
400
419
422
425
425
442
456
459
462
465
473
477
481
482
490
494
505
506
508
508
509
513
520
523
527
531
537
537
544
550
565
572
584
586
587
594
595
599
606
610
620
622
641
641
642
655
661
692
693
694
709
724
733
744
765
770
771
777
804
804
808
810
817
829
835
849
864
866
882
889
892
910
920
937
937
945
951
952
955
962
969
989
1003
1019
1023
1030
1040
1067
1076
1082
1093
1097
1128
1137
1138
1145
1158
1166
1190
1193
1195
1197
1209
1230
1237
1254
1260
1267
1270
1271
1279
1283
1285
1286
1291
1305
1320
1325
1329
1339
1355
1362
1362
1364
1366
1371
1377
1383
1384
1387
1394
1422
1426
1432
1444
1465
1512
1538
1539
1553
1556
1569
1579
1581
1584
1591
1604
1606
1625
1630
1631
1632
1638
1639
1651
1652
1656
1672
1676
1678
1691
1692
1694
1696
1708
1724
1725
1741
1743
1773
1783
1802
1807
1819
1824
1843
1868
1870
1872
1881
1888
1910
1916
1927
1934
1942
1949
1955
1956
1996
1996
1997
2010
2014
2017
2024
2032
2033
2041
2043
2056
2074
2075
2080
2088
2092
2095
2095
2102
2108
2113
2129
2141
2144
2145
2149
2150
2152
2162
2166
2168
2187
2190
2208
2241
2253
2287
2294
2299
2302
2305
2310
2336
2337
2337
2343
2345
2345
2352
2369
2375
2380
2384
2402
2403
2404
2411
2415
2419
2424
2426
2428
2445
2449
2460
2467
2471
2480
2516
2522
2523
2535
2544
2567
2571
2575
2577
2586
2603
2627
2633
2656
2659
2663
2674
2676
2681
2690
2696
2719
2720
2723
2739
2743
2771
2793
2804
2806
2813
2813
2819
2850
2860
2861
2861
2867
2874
2886
2890
2894
2898
2902
2910
2915
2916
2917
2920
2933
2942
2948
2955
2970
2980
2993
3007
3034
3035
3043
3049
3053
3054
3060
3070
3109
3117
3120
3122
3153
3154
3158
3161
3162
3187
3190
3192
3193
3197
3202
3203
3221
3222
3225
3225
3233
3238
3243
3247
3254
3273
3283
3286
3290
3297
3298
3300
3309
3310
3310
3343
3352
3354
3355
3356
3392
3394
3396
3400
3406
3416
3440
3451
3472
3472
3473
3473
3486
3489
3497
3498
3505
3510
3515
3534
3550
3557
3558
3561
3576
3582
3597
3626
3628
3632
3637
3660
3669
3673
3679
3679
3683
3687
3687
3693
3694
3715
3723
3724
3725
3726
3748
3757
3757
3770
3772
3784
3786
3801
3850
3855
3855
3855
3857
3858
3862
3870
3873
3882
3885
3905
3905
3909
3912
3927
3958
3993
4010
4025
4039
4047
4061
4062
4062
4085
4090
4096
4102
4107
4114
4116
4128
4133
4137
4140
4202
4210
4222
4224
4232
4249
4283
4284
4295
4311
4314
4323
4330
4336
4338
4338
4344
4359
4366
4369
4377
4389
4391
4398
4402
4416
4423
4423
4437
4450
4451
4455
4466
4472
4486
4494
4495
4503
4510
4511
4524
4539
4540
4547
4553
4559
4561
4567
4572
4584
4586
4597
4610
4610
4629
4634
4644
4653
4672
4678
4695
4703
4707
4712
4730
4735
4740
4745
4752
4758
4761
4792
4807
4814
4830
4861
4880
4896
4899
4899
4904
4915
4927
4928
4938
4941
4943
4947
4951
4952
4955
4965
4969
4994
5003
5022
5023
5028
5029
5046
5051
5061
5063
5072
5075
5075
5083
5090
5115
5120
5123
5125
5125
5148
5169
5200
5205
5206
5213
5213
5219
5227
5228
5239
5249
5251
5276
5279
5282
5283
5283
5298
5320
5349
5351
5375
5376
5381
5382
5383
5385
5387
5393
5407
5412
5413
5426
5441
5444
5451
5453
5467
5482
5487
5494
5501
5524
5526
5536
5539
5542
5549
5556
5556
5556
5567
5577
5580
5591
5598
5599
5600
5604
5610
5627
5630
5636
5652
5653
5658
5672
5675
5687
5689
5701
5719
5720
5722
5725
5731
5734
5734
5743
5758
5760
5773
5781
5787
5798
5798
5802
5813
5816
5828
5857
5858
5864
5875
5883
5888
5905
5908
5914
5921
5943
5954
5961
5982
5988
5998
6008
6011
6014
6018
6040
6049
6053
6062
6074
6074
6094
6095
6102
6103
6113
6116
6117
6138
6151
6156
6163
6164
6173
6180
6188
6207
6209
6211
6232
6233
6236
6245
6257
6273
6276
6281
6284
6299
6308
6314
6344
6344
6344
6360
6396
6397
6398
6405
6414
6427
6439
6441
6445
6451
6457
6458
6459
6470
6477
6481
6486
6504
6515
6522
6526
6536
6547
6550
6558
6567
6569
6575
6577
6589
6598
6608
6609
6618
6624
6627
6642
6647
6658
6659
6664
6669
6688
6694
6698
6699
6706
6721
6721
6730
6739
6758
6759
6776
6788
6788
6795
6813
6815
6818
6835
6854
6861
6865
6869
6889
6894
6898
6911
6914
6931
6932
6936
6937
6949
6949
6957
6959
6970
6972
6982
6989
7004
7008
7009
7013
7033
7053
7063
7069
7073
7076
7088
7090
7090
7091
7095
7106
7110
7114
7115
7129
7152
7165
7174
7186
7187
7221
7228
7229
7240
7244
7247
7248
7263
7281
7294
7296
7296
7322
7323
7324
7325
7327
7329
7338
7349
7353
7380
7400
7407
7412
7417
7420
7432
7442
7451
7459
7467
7469
7479
7487
7501
7510
7518
7521
7523
7531
7534
7539
7556
7557
7564
7572
7581
7586
7588
7600
7606
7622
7623
7631
7643
7657
7661
7666
7666
7674
7681
7687
7693
7716
7718
7725
7725
7757
7761
7769
7778
7823
7830
7843
7845
7847
7847
7848
7849
7854
7858
7893
7916
7922
7927
7937
7940
7944
7976
7992
8004
8023
8061
8068
8074
8087
8088
8096
8098
8106
8109
8110
8125
8141
8145
8153
8181
8186
8197
8199
8199
8210
8211
8252
8255
8261
8267
8274
8278
8296
8307
8308
8309
8316
8318
8327
8330
8333
8338
8344
8350
8389
8417
8429
8436
8438
8439
8444
8446
8447
8451
8459
8462
8472
8484
8501
8509
8518
8521
8526
8527
8552
8579
8584
8594
8596
8604
8610
8620
8646
8658
8665
8677
8679
8688
8691
8696
8697
8707
8717
8721
8724
8744
8754
8756
8756
8762
8763
8764
8771
8783
8784
8800
8814
8817
8819
8822
8826
8829
8835
8839
8860
8866
8878
8895
8911
8911
8917
8922
8942
8978
8991
8998
8999
9014
9036
9043
9048
9058
9058
9067
9073
9074
9075
9088
9089
9092
9096
9108
9114
9118
9131
9139
9148
9157
9161
9164
9164
9166
9171
9198
9200
9207
9208
9209
9211
9227
9231
9234
9250
9252
9267
9272
9272
9274
9286
9293
9293
9294
9306
9309
9312
9323
9331
9393
9400
9411
9420
9440
9447
9456
9469
9483
9489
9495
9497
9500
9520
9524
9530
9538
9544
9556
9557
9558
9570
9573
9577
9578
9580
9589
9601
9624
9646
9655
9658
9673
9674
9683
9694
9711
9727
9727
9737
9749
9749
9751
9776
9786
9815
9818
9821
9827
9860
9882
9888
9915
9917
9922
9929
9931
9943
9946
9947
9957
9962
9963
9971
9985
9992
9997
10004
10020
10020
10028
10046
10053
10057
10058
10073
10084
10092
10094
10106
10109
10114
10158
10163
10178
10183
10187
10195
10206
10225
10247
10271
10276
10287
10318
10320
10337
10339
10385
10389
10397
10398
10399
10400
10402
10406
10407
10415
10418
10425
10425
10428
10429
10432
10449
10453
10457
10467
10468
10508
10510
10511
10513
10521
10546
10570
10572
10582
10593
10618
10649
10679
10700
10700
10712
10715
10728
10729
10734
10735
10738
10739
10760
10760
10761
10766
10768
10774
10781
10784
10786
10813
10814
10814
10816
10818
10824
10844
10854
10854
10867
10871
10873
10874
10892
10896
10900
10901
10902
10909
10938
10947
10961
10974
10979
10986
10990
10991
11000
11013
11013
11017
11018
11022
11033
11037
11048
11066
11075
11139
11142
11175
11175
11176
11179
11183
11183
11192
11207
11216
11217
11218
11229
11239
11267
11269
11278
11284
11292
11303
11307
11338
11338
11343
11348
11359
11366
11400
11402
11407
11415
11418
11423
11448
11454
11459
11485
11500
11508
11513
11513
11516
11520
11527
11552
11554
11562
11566
11568
11570
11576
11580
11586
11590
11608
11609
11619
11626
11627
11637
11658
11664
11668
11676
11692
11694
11697
11698
11698
11700
11720
11721
11723
11729
11739
11753
11768
11782
11784
11817
11820
11830
11837
11843
11845
11848
11860
11863
11869
11884
11885
11895
11900
11905
11908
11912
11922
11936
11945
11952
11957
11961
11973
11990
11992
11994
11995
11996
11998
12000
12008
12011
12013
12014
12015
12022
12032
12041
12077
12085
12092
12095
12097
12107
12112
12115
12120
12133
12153
12191
12196
12197
12204
12209
12215
12217
12218
12223
12255
12268
12277
12299
12311
12316
12323
12326
12331
12339
12344
12350
12352
12357
12385
12388
12399
12426
12429
12447
12452
12462
12472
12479
12482
12486
12490
12501
12503
12504
12511
12514
12518
12518
12523
12542
12570
12571
12578
12593
12619
12620
12623
12632
12636
12649
12652
12653
12661
12663
12675
12683
12694
12707
12717
12718
12722
12722
12730
12739
12742
12747
12750
12752
12755
12757
12760
12760
12765
12766
12782
12791
12809
12813
12815
12824
12825
12826
12838
12851
12855
12856
12858
12870
12872
12873
12884
12887
12890
12895
12898
12914
12929
12933
12944
12957
12979
12981
12987
13010
13021
13027
13041
13042
13045
13051
13055
13065
13076
13078
13136
13148
13152
13171
13172
13173
13205
13218
13221
13226
13251
13266
13281
13287
13318
13320
13327
13327
13346
13362
13368
13379
13382
13383
13383
13385
13387
13389
13390
13414
13428
13440
13454
13455
13460
13483
13487
13490
13504
13519
13519
13528
13531
13532
13541
13562
13565
13572
13588
13601
13604
13641
13642
13645
13646
13674
13698
13710
13736
13748
13753
13755
13758
13765
13767
13768
13788
13792
13797
13818
13820
13825
13832
13842
13861
13900
13913
13913
13914
13938
13960
13970
13971
13980
13983
13991
14008
14023
14026
14027
14048
14067
14072
14084
14093
14096
14100
14104
14105
14108
14110
14117
14127
14127
14144
14149
14154
14161
14162
14169
14175
14179
14179
14191
14193
14200
14233
14237
14251
14253
14256
14266
14268
14276
14277
14280
14294
14301
14308
14308
14324
14327
14328
14328
14332
14336
14347
14349
14357
14360
14373
14378
14394
14395
14398
14416
14419
14428
14433
14443
14452
14453
14458
14463
14474
14482
14484
14491
14501
14507
14512
14531
14535
14562
14583
14586
14594
14601
14630
14633
14634
14634
14637
14637
14641
14654
14673
14694
14703
14708
14708
14715
14716
14728
14737
14745
14747
14752
14755
14768
14785
14787
14801
14806
14819
14826
14829
14830
14841
14844
14844
14848
14849
14856
14857
14878
14908
14911
14925
14927
14936
14954
14961
14964
14975
14988
14990
14995
14995
14996
15010
15011
15015
15016
15018
15029
15049
15073
15084
15087
15089
15100
15110
15112
15112
15114
15126
15134
15149
15166
15171
15176
15192
15195
15197
15202
15203
15207
15215
15219
15221
15246
15248
15260
15266
15271
15281
15296
15316
15326
15336
15338
15339
15341
15344
15370
15390
15396
15410
15426
15430
15430
15452
15487
15495
15519
15520
15520
15549
15556
15558
15558
15571
15573
15586
15608
15611
15611
15637
15639
15646
15656
15660
15663
15673
15679
15680
15686
15694
15706
15706
15710
15714
15719
15734
15752
15752
15756
15780
15781
15782
15794
15806
15814
15819
15823
15827
15834
15845
15848
15849
15850
15875
15877
15880
15881
15885
15907
15911
15918
15926
15942
15957
15959
15965
15966
15969
15969
15971
15972
15978
15989
15998
16000
16002
16018
16025
16030
16044
16057
16058
16061
16061
16081
16084
16086
16088
16106
16111
16112
16117
16130
16153
16154
16155
16160
16167
16167
16175
16184
16213
16225
16225
16227
16232
16246
16251
16252
16257
16259
16261
16267
16281
16286
16290
16295
16305
16311
16314
16327
16337
16345
16348
16365
16373
16378
16381
16387
16391
16397
16405
16410
16413
16413
16413
16413
16419
16432
16443
16453
16466
16498
16517
16519
16520
16521
16541
16549
16576
16595
16611
16612
16616
16639
16649
16658
16661
16662
16663
16690
16710
16725
16727
16749
16763
16778
16797
16803
16812
16823
16826
16828
16839
16846
16848
16848
16866
16874
16876
16890
16894
16902
16920
16926
16933
16936
16943
16949
16990
16996
16999
17004
17006
17026
17029
17029
17029
17045
17049
17054
17058
17061
17088
17092
17103
17104
17130
17174
17184
17188
17202
17205
17208
17210
17211
17214
17217
17222
17228
17254
17256
17261
17269
17273
17278
17284
17291
17302
17303
17304
17306
17311
17321
17326
17330
17331
17336
17351
17353
17359
17359
17366
17367
17374
17379
17402
17402
17406
17409
17418
17437
17442
17452
17461
17480
17489
17494
17509
17510
17516
17524
17528
17530
17567
17572
17577
17579
17592
17602
17689
17690
17692
17697
17701
17705
17708
17716
17722
17758
17763
17770
17771
17782
17794
17800
17815
17820
17841
17846
17847
17848
17849
17851
17854
17861
17861
17864
17865
17869
17882
17891
17896
17912
17919
17926
17927
17928
17928
17933
17941
17945
17958
17967
17967
17987
17998
18016
18017
18028
18045
18046
18063
18069
18071
18083
18089
18116
18117
18120
18125
18131
18132
18136
18170
18181
18206
18216
18216
18218
18236
18240
18243
18259
18266
18267
18289
18293
18294
18317
18331
18348
18350
18364
18374
18383
18419
18432
18432
18442
18448
18450
18456
18464
18467
18470
18473
18480
18497
18505
18506
18570
18573
18596
18597
18605
18627
18630
18638
18640
18650
18672
18674
18677
18679
18685
18714
18735
18739
18752
18757
18761
18763
18768
18769
18774
18785
18787
18787
18792
18795
18808
18819
18827
18841
18850
18864
18874
18876
18878
18882
18903
18906
18911
18930
18936
18937
18955
18989
19013
19024
19029
19034
19039
19040
19050
19057
19066
19097
19098
19146
19149
19149
19151
19153
19157
19158
19198
19202
19203
19206
19214
19221
19226
19228
19232
19234
19249
19252
19259
19259
19269
19275
19278
19288
19298
19307
19309
19312
19316
19328
19329
19341
19355
19358
19379
19384
19387
19396
19408
19416
19421
19429
19432
19436
19439
19455
19459
19472
19480
19482
19489
19505
19511
19512
19519
19522
19535
19546
19558
19596
19612
19618
19642
19649
19649
19656
19663
19665
19669
19693
19696
19708
19729
19734
19739
19739
19740
19742
19744
19746
19757
19765
19767
19768
19769
19773
19775
19775
19778
19779
19780
19786
19791
19792
19794
19799
19821
19828
19831
19835
19841
19852
19852
19853
19862
19868
19871
19873
19874
19918
19919
19920
19927
19939
19942
19949
19969
19995
20022
20031
20031
20038
20055
20058
20059
20075
20094
20098
20098
20106
20107
20109
20110
20112
20144
20156
20163
20166
20202
20204
20209
20210
20231
20247
20259
20294
20317
20319
20338
20345
20351
20380
20384
20390
20393
20401
20430
20433
20436
20437
20470
20474
20475
20478
20484
20489
20490
20502
20514
20529
20563
20579
20579
20579
20580
20581
20597
20599
20602
20613
20613
20639
20643
20643
20659
20673
20676
20680
20681
20695
20718
20721
20726
20753
20754
20758
20768
20775
20780
20782
20804
20820
20823
20826
20836
20852
20860
20871
20872
20883
20887
20899
20901
20907
20917
20921
20922
20928
20934
20950
20973
20973
20982
20992
20996
21016
21026
21035
21043
21049
21052
21055
21068
21072
21075
21087
21090
21091
21094
21114
21116
21122
21128
21132
21144
21149
21150
21154
21154
21156
21161
21163
21166
21167
21175
21191
21202
21213
21215
21262
21266
21266
21270
21278
21285
21305
21328
21342
21352
21358
21371
21372
21373
21376
21380
21397
21403
21405
21412
21413
21416
21418
21427
21429
21431
21435
21473
21480
21481
21486
21488
21496
21500
21511
21518
21527
21534
21535
21547
21576
21578
21597
21645
21658
21661
21669
21674
21693
21698
21723
21741
21745
21749
21754
21755
21757
21757
21763
21778
21798
21807
21809
21867
21868
21875
21916
21932
21933
21941
21946
21960
21965
21966
21977
21982
21985
21986
21986
21986
21995
21996
22000
22014
22032
22035
22045
22051
22057
22061
22068
22078
22085
22090
22102
22109
22113
22119
22120
22120
22126
22148
22156
22160
22162
22171
22186
22198
22200
22254
22254
22258
22261
22271
22287
22292
22305
22317
22338
22339
22357
22368
22374
22374
22376
22397
22397
22412
22424
22428
22437
22448
22450
22463
22463
22465
22477
22495
22496
22503
22509
22511
22511
22514
22516
22517
22533
22537
22539
22550
22556
22559
22560
22593
22604
22606
22606
22614
22621
22635
22655
22656
22670
22683
22687
22702
22732
22750
22754
22770
22775
22778
22786
22790
22790
22800
22821
22824
22830
22832
22836
22850
22860
22863
22871
22897
22897
22904
22908
22929
22932
22941
22974
22976
22987
23016
23018
23035
23037
23039
23040
23041
23042
23043
23059
23065
23065
23083
23093
23096
23102
23107
23112
23133
23140
23147
23156
23160
23172
23180
23190
23191
23195
23199
23201
23209
23214
23226
23238
23242
23243
23244
23254
23255
23257
23269
23272
23280
23282
23317
23318
23319
23320
23321
23321
23327
23343
23350
23379
23383
23393
23399
23409
23421
23440
23484
23492
23510
23523
23550
23555
23556
23557
23563
23579
23610
23632
23634
23641
23642
23642
23656
23663
23669
23679
23682
23684
23685
23693
23696
23706
23711
23742
23750
23752
23763
23777
23789
23799
23843
23849
23859
23879
23882
23887
23890
23892
23897
23907
23908
23909
23914
23923
23923
23930
23936
23946
23962
23962
23965
23969
23986
24000
24001
24007
24026
24029
24033
24054
24057
24067
24105
24118
24118
24125
24130
24140
24146
24151
24157
24164
24176
24194
24212
24214
24226
24236
24244
24250
24263
24295
24311
24330
24342
24343
24348
24368
24374
24383
24391
24392
24414
24439
24449
24452
24456
24471
24481
24488
24526
24535
24541
24549
24554
24557
24557
24570
24587
24591
24596
24612
24626
24626
24633
24636
24662
24672
24683
24696
24696
24701
24702
24702
24703
24717
24723
24742
24766
24784
24789
24799
24803
24804
24817
24839
24845
24850
24851
24866
24878
24878
24902
24921
24921
24940
24943
24954
24959
24965
24965
24974
24993
24997
25000
25004
25030
25030
25040
25052
25096
25119
25123
25147
25193
25197
25200
25214
25220
25223
25227
25232
25249
25272
25274
25279
25279
25291
25294
25303
25304
25306
25310
25313
25314
25339
25342
25347
25356
25384
25395
25412
25417
25421
25427
25431
25432
25434
25434
25441
25452
25455
25457
25460
25467
25473
25478
25480
25485
25492
25536
25542
25543
25550
25553
25559
25563
25568
25571
25574
25589
25592
25593
25598
25604
25607
25610
25634
25649
25649
25671
25674
25680
25702
25706
25716
25718
25719
25719
25721
25743
25746
25751
25751
25760
25767
25770
25775
25778
25783
25796
25813
25818
25837
25847
25851
25858
25881
25883
25888
25901
25912
25922
25931
25933
25943
25948
25954
25962
25964
25979
25998
26004
26012
26027
26042
26048
26064
26069
26079
26090
26090
26099
26116
26120
26122
26122
26143
26150
26164
26172
26188
26192
26200
26206
26212
26215
26223
26236
26242
26254
26272
26272
26284
26286
26293
26294
26296
26299
26306
26317
26317
26317
26319
26325
26363
26387
26387
26429
26434
26441
26442
26458
26468
26503
26506
26507
26515
26519
26522
26530
26536
26537
26542
26544
26545
26547
26549
26550
26556
26557
26572
26592
26595
26596
26606
26608
26613
26616
26617
26625
26629
26631
26640
26657
26669
26673
26674
26689
26691
26700
26701
26713
26721
26745
26747
26754
26764
26795
26815
26818
26821
26823
26829
26830
26836
26840
26844
26850
26870
26878
26880
26892
26901
26906
26914
26917
26924
26929
26932
26933
26947
26977
26978
26984
27004
27005
27018
27031
27043
27043
27048
27054
27066
27068
27078
27083
27109
27116
27117
27117
27118
27147
27155
27156
27211
27213
27235
27249
27249
27274
27275
27280
27291
27294
27300
27314
27315
27322
27324
27339
27346
27349
27351
27353
27365
27381
27382
27382
27399
27446
27455
27456
27459
27460
27466
27471
27483
27519
27531
27546
27549
27550
27576
27579
27585
27590
27592
27607
27610
27618
27628
27636
27664
27678
27691
27696
27701
27711
27714
27715
27719
27723
27730
27754
27763
27766
27767
27779
27787
27790
27791
27799
27825
27827
27844
27867
27877
27888
27904
27909
27909
27929
27945
27954
27973
27979
27979
28003
28025
28030
28038
28049
28057
28061
28120
28138
28144
28145
28146
28151
28152
28158
28167
28169
28170
28174
28176
28187
28191
28195
28196
28197
28201
28212
28212
28213
28228
28230
28244
28246
28249
28250
28251
28263
28271
28276
28283
28290
28342
28352
28369
28370
28374
28393
28405
28405
28412
28416
28423
28432
28442
28445
28450
28460
28466
28471
28495
28528
28552
28564
28572
28573
28605
28629
28632
28639
28649
28653
28670
28671
28689
28692
28749
28765
28767
28772
28775
28787
28788
28788
28793
28796
28807
28814
28817
28822
28823
28828
28860
28868
28904
28910
28911
28937
28943
28948
28948
28955
28963
28973
28978
28984
28986
29003
29010
29023
29033
29038
29040
29047
29050
29053
29060
29087
29091
29098
29098
29099
29100
29104
29109
29111
29124
29127
29145
29146
29146
29150
29160
29162
29163
29173
29174
29184
29188
29190
29191
29192
29201
29207
29211
29214
29216
29217
29220
29235
29249
29249
29258
29261
29263
29269
29276
29276
29276
29277
29287
29291
29316
29340
29364
29364
29367
29368
29371
29372
29377
29390
29403
29406
29435
29441
29446
29452
29472
29481
29507
29511
29515
29521
29539
29544
29555
29576
29583
29585
29590
29599
29614
29615
29649
29655
29662
29666
29675
29678
29682
29703
29705
29705
29710
29731
29736
29745
29759
29765
29769
29770
29772
29776
29781
29784
29797
29798
29801
29805
29810
29818
29832
29848
29854
29868
29869
29871
29879
29883
29891
29894
29901
29908
29920
29928
29928
29934
29937
29969
29974
29975
29983
29985
29988
29990
29994
30000
30002
30002
30024
30043
30044
30051
30056
30063
30076
30086
30088
30089
30094
30096
30103
30109
30112
30112
30116
30123
30132
30133
30150
30170
30175
30179
30199
30202
30204
30206
30231
30235
30250
30251
30264
30279
30285
30289
30303
30317
30318
30327
30330
30336
30357
30361
30365
30381
30385
30389
30392
30399
30413
30417
30431
30438
30440
30442
30445
30447
30460
30469
30470
30474
30474
30475
30481
30511
30512
30518
30565
30572
30573
30581
30596
30599
30614
30618
30620
30643
30644
30649
30651
30660
30692
30714
30715
30718
30720
30722
30740
30742
30742
30743
30755
30763
30778
30783
30793
30794
30831
30842
30860
30864
30889
30901
30901
30909
30919
30922
30942
30946
30965
30983
30984
30992
30996
31035
31039
31041
31041
31042
31047
31057
31061
31063
31076
31082
31090
31100
31107
31120
31124
31149
31157
31161
31165
31188
31201
31203
31243
31244
31253
31260
31280
31286
31295
31307
31309
31342
31353
31354
31359
31366
31373
31395
31396
31397
31422
31425
31438
31443
31446
31448
31451
31483
31483
31485
31492
31512
31527
31553
31554
31558
31570
31571
31574
31576
31597
31607
31609
31610
31611
31615
31616
31616
31626
31626
31627
31635
31650
31652
31653
31661
31668
31673
31682
31703
31727
31730
31750
31758
31786
31789
31813
31814
31814
31816
31837
31839
31857
31861
31863
31864
31865
31875
31881
31890
31895
31901
31917
31922
31941
31982
32009
32019
32020
32038
32038
32049
32051
32052
32056
32057
32089
32109
32135
32141
32152
32158
32161
32175
32178
32178
32183
32224
32229
32252
32262
32299
32305
32333
32343
32351
32354
32364
32369
32380
32384
32387
32389
32403
32417
32424
32455
32467
32474
32489
32495
32499
32512
32512
32518
32529
32532
32537
32544
32561
32569
32576
32577
32594
32598
32604
32607
32616
32620
32622
32629
32631
32638
32644
32646
32649
32684
32694
32720
32728
32744
32746
32748
32750
32752
32765
32767
32767
32781
32788
32796
32799
32802
32806
32808
32813
32816
32872
32879
32886
32898
32898
32903
32905
32910
32926
32932
32932
32945
32953
32953
32954
32969
32969
32974
32986
32998
32998
33001
33002
33004
33016
33017
33025
33046
33058
33067
33068
33076
33080
33095
33102
33112
33118
33127
33147
33151
33168
33170
33175
33181
33181
33182
33198
33211
33220
33240
33241
33242
33248
33249
33255
33265
33269
33272
33283
33289
33291
33301
33308
33318
33326
33345
33351
33353
33354
33390
33393
33434
33440
33447
33458
33473
33485
33503
33534
33541
33552
33558
33571
33577
33578
33579
33579
33596
33603
33613
33631
33641
33643
33653
33653
33655
33658
33672
33674
33675
33703
33704
33705
33712
33720
33721
33746
33747
33763
33784
33795
33800
33812
33817
33826
33827
33836
33852
33869
33898
33898
33904
33916
33918
33921
33927
33930
33945
33949
33950
33954
33986
33989
34016
34027
34027
34046
34047
34061
34064
34067
34072
34074
34078
34079
34088
34096
34114
34116
34116
34124
34126
34131
34136
34165
34165
34177
34188
34189
34189
34192
34194
34196
34204
34215
34225
34237
34240
34244
34246
34254
34259
34267
34271
34283
34287
34297
34312
34338
34346
34353
34379
34382
34393
34394
34404
34408
34409
34416
34426
34427
34433
34436
34445
34462
34466
34467
34473
34483
34501
34506
34506
34509
34524
34529
34532
34544
34548
34553
34566
34566
34569
34576
34578
34579
34585
34600
34612
34637
34654
34665
34677
34680
34681
34681
34705
34754
34777
34786
34789
34805
34827
34830
34838
34856
34858
34864
34871
34878
34884
34887
34891
34894
34894
34896
34932
34933
34939
34941
34945
34946
34950
34959
34960
34967
34974
34977
34977
34980
34987
34990
35008
35026
35034
35045
35047
35050
35059
35079
35081
35085
35097
35107
35108
35112
35114
35116
35128
35131
35150
35160
35189
35192
35195
35216
35218
35229
35247
35251
35273
35276
35290
35311
35314
35315
35316
35321
35322
35323
35341
35343
35351
35353
35356
35371
35396
35400
35422
35427
35438
35442
35442
35448
35453
35466
35474
35513
35518
35521
35543
35575
35575
35584
35585
35587
35590
35623
35626
35630
35631
35631
35638
35652
35663
35667
35681
35701
35707
35722
35722
35723
35734
35735
35735
35740
35742
35747
35753
35754
35764
35766
35767
35769
35770
35788
35790
35801
35813
35823
35826
35831
35840
35842
35848
35877
35899
35914
35946
35949
35953
35959
35962
35969
35982
35988
36006
36014
36020
36029
36029
36038
36063
36064
36075
36087
36091
36116
36128
36158
36165
36180
36190
36198
36219
36240
36245
36263
36274
36280
36291
36306
36317
36327
36335
36339
36357
36391
36394
36397
36399
36400
36401
36407
36413
36428
36432
36441
36447
36457
36471
36476
36481
36512
36519
36533
36549
36577
36580
36591
36598
36607
36608
36621
36633
36639
36641
36650
36656
36666
36670
36674
36689
36702
36705
36709
36713
36725
36729
36750
36752
36771
36773
36773
36777
36782
36785
36799
36799
36827
36835
36837
36843
36858
36861
36862
36880
36881
36894
36913
36930
36934
36940
36945
36968
36973
36987
36992
36994
36996
37000
37004
37021
37027
37034
37038
37043
37066
37068
37077
37085
37087
37091
37105
37112
37119
37121
37122
37155
37172
37176
37181
37189
37248
37263
37263
37271
37277
37288
37296
37307
37317
37338
37359
37369
37369
37369
37381
37417
37423
37429
37435
37442
37443
37488
37491
37491
37491
37494
37510
37510
37513
37520
37521
37527
37542
37551
37560
37562
37564
37572
37576
37579
37597
37601
37608
37613
37617
37621
37630
37644
37656
37695
37708
37712
37718
37734
37734
37739
37743
37761
37764
37768
37771
37782
37785
37786
37787
37787
37801
37805
37826
37833
37833
37844
37853
37858
37895
37895
37896
37898
37900
37909
37911
37911
37913
37923
37924
37924
37925
37946
37958
37968
37969
37970
37995
38003
38006
38013
38019
38055
38075
38078
38085
38091
38091
38111
38116
38122
38124
38129
38143
38149
38158
38189
38195
38195
38216
38227
38229
38236
38240
38257
38261
38261
38265
38302
38321
38327
38328
38329
38347
38351
38357
38368
38371
38374
38381
38382
38395
38415
38429
38433
38446
38463
38464
38472
38480
38480
38493
38495
38500
38509
38516
38546
38555
38557
38558
38559
38560
38560
38572
38574
38574
38588
38591
38593
38596
38600
38615
38629
38659
38681
38685
38692
38693
38696
38698
38716
38738
38742
38746
38752
38756
38764
38770
38785
38787
38788
38806
38820
38835
38841
38854
38854
38858
38863
38865
38868
38875
38878
38899
38908
38920
38931
38932
38932
38935
38942
38944
38950
38965
38972
38983
38991
38998
38999
39007
39018
39028
39039
39052
39059
39060
39060
39062
39063
39065
39065
39069
39069
39070
39078
39085
39088
39096
39098
39099
39109
39154
39161
39162
39163
39167
39190
39192
39197
39197
39203
39210
39243
39243
39298
39319
39335
39347
39363
39367
39369
39370
39405
39425
39436
39455
39456
39460
39460
39471
39474
39495
39518
39534
39545
39554
39558
39571
39576
39585
39595
39595
39605
39607
39622
39633
39644
39646
39657
39664
39681
39683
39690
39695
39695
39696
39713
39721
39743
39752
39757
39758
39781
39783
39787
39797
39800
39806
39807
39809
39813
39820
39820
39826
39842
39849
39852
39854
39855
39857
39880
39894
39901
39904
39904
39909
39935
39935
39938
39941
39948
39949
39953
39967
39988
40008
40012
40023
40031
40035
40040
40055
40067
40095
40096
40099
40108
40147
40147
40150
40162
40164
40182
40187
40188
40194
40196
40196
40218
40245
40249
40264
40265
40271
40287
40305
40321
40322
40331
40336
40359
40361
40365
40366
40369
40378
40379
40381
40386
40396
40413
40414
40430
40453
40458
40460
40472
40494
40512
40515
40518
40518
40519
40524
40528
40530
40531
40531
40544
40546
40551
40562
40566
40571
40584
40591
40591
40593
40600
40658
40667
40673
40674
40679
40709
40710
40715
40722
40727
40730
40752
40763
40763
40766
40779
40785
40785
40796
40797
40802
40815
40821
40822
40826
40826
40834
40838
40842
40842
40851
40874
40874
40876
40880
40890
40894
40895
40897
40906
40908
40938
40946
40953
40975
40985
40995
40998
41004
41021
41022
41026
41027
41035
41054
41063
41064
41081
41082
41085
41086
41089
41106
41109
41121
41122
41152
41154
41160
41167
41174
41198
41202
41203
41213
41226
41245
41258
41263
41269
41279
41292
41295
41297
41313
41325
41327
41350
41356
41358
41360
41365
41366
41378
41386
41392
41395
41412
41421
41425
41426
41436
41469
41474
41477
41481
41533
41535
41537
41538
41542
41552
41554
41558
41580
41600
41613
41633
41644
41648
41654
41656
41677
41685
41713
41713
41734
41736
41737
41756
41764
41785
41789
41820
41822
41844
41849
41851
41851
41852
41853
41863
41875
41902
41904
41914
41920
41923
41924
41926
41932
41973
41995
42008
42015
42015
42018
42041
42047
42047
42070
42070
42073
42083
42097
42098
42109
42115
42124
42130
42163
42169
42180
42183
42183
42187
42193
42202
42209
42221
42223
42223
42235
42239
42241
42252
42254
42261
42264
42264
42266
42286
42293
42302
42314
42321
42336
42339
42351
42360
42373
42380
42382
42394
42399
42400
42413
42417
42423
42430
42433
42452
42473
42475
42477
42490
42496
42499
42517
42521
42526
42528
42531
42546
42555
42567
42571
42575
42599
42603
42638
42682
42686
42687
42696
42698
42703
42710
42715
42721
42737
42739
42755
42755
42763
42770
42782
42800
42808
42814
42828
42829
42852
42858
42869
42874
42882
42885
42889
42892
42894
42913
42914
42918
42919
42928
42934
42937
42958
42966
42976
42995
43020
43037
43057
43057
43058
43061
43067
43075
43075
43097
43098
43101
43106
43113
43113
43122
43128
43138
43149
43176
43184
43200
43201
43241
43251
43278
43287
43294
43304
43323
43347
43350
43357
43396
43408
43412
43414
43418
43422
43423
43425
43442
43444
43447
43449
43453
43457
43462
43464
43478
43489
43494
43501
43513
43521
43562
43563
43567
43571
43586
43594
43595
43603
43612
43622
43629
43653
43655
43666
43673
43674
43681
43699
43706
43714
43727
43732
43737
43748
43751
43752
43753
43759
43764
43771
43781
43788
43793
43798
43809
43822
43823
43828
43835
43842
43845
43860
43869
43883
43891
43905
43913
43921
43939
43941
43942
43945
43968
43979
43983
43987
43998
44003
44021
44025
44027
44032
44038
44044
44058
44060
44071
44076
44081
44082
44083
44092
44101
44111
44124
44126
44132
44135
44149
44156
44157
44158
44158
44160
44178
44182
44190
44192
44193
44197
44199
44212
44222
44226
44239
44254
44260
44262
44263
44269
44282
44287
44289
44290
44300
44305
44314
44322
44322
44338
44343
44346
44349
44375
44376
44384
44394
44395
44439
44442
44446
44449
44468
44473
44492
44492
44496
44497
44500
44508
44510
44535
44537
44540
44542
44542
44549
44554
44556
44560
44568
44572
44573
44575
44577
44584
44600
44605
44606
44607
44615
44649
44663
44673
44686
44693
44699
44710
44714
44739
44748
44751
44756
44777
44796
44813
44814
44831
44837
44844
44846
44865
44872
44872
44880
44891
44892
44894
44904
44924
44925
44930
44937
44940
44954
44982
44985
44989
45006
45009
45013
45014
45023
45027
45032
45037
45066
45073
45103
45104
45122
45126
45135
45157
45158
45162
45163
45176
45181
45195
45201
45210
45249
45251
45258
45258
45262
45265
45270
45274
45292
45293
45294
45313
45320
45330
45331
45339
45340
45361
45364
45372
45376
45377
45397
45402
45416
45425
45431
45439
45441
45465
45474
45482
45494
45505
45544
45544
45556
45558
45590
45594
45598
45598
45605
45616
45624
45632
45664
45667
45675
45687
45690
45695
45696
45714
45720
45736
45738
45747
45749
45758
45758
45761
45779
45783
45785
45791
45801
45808
45822
45827
45829
45834
45843
45879
45895
45903
45904
45907
45924
45935
45940
45951
45956
45958
45970
45978
46001
46005
46005
46017
46022
46027
46043
46057
46068
46098
46107
46111
46114
46123
46130
46140
46150
46151
46152
46159
46168
46169
46185
46190
46193
46194
46208
46209
46216
46216
46219
46223
46231
46238
46241
46249
46264
46264
46265
46298
46309
46315
46316
46318
46330
46334
46341
46345
46355
46363
46365
46374
46375
46402
46403
46407
46424
46436
46442
46446
46453
46460
46468
46470
46475
46482
46492
46493
46499
46521
46539
46560
46586
46597
46600
46603
46604
46605
46610
46615
46618
46650
46662
46690
46693
46700
46717
46718
46730
46747
46748
46751
46766
46769
46777
46786
46790
46790
46795
46802
46803
46807
46816
46817
46834
46837
46841
46849
46853
46860
46878
46887
46907
46910
46927
46949
46961
46964
46967
46968
46975
46988
46995
47025
47034
47036
47036
47039
47047
47071
47074
47077
47077
47077
47078
47085
47091
47108
47120
47120
47123
47130
47130
47136
47144
47151
47157
47162
47162
47180
47188
47212
47220
47222
47233
47243
47255
47255
47261
47263
47267
47271
47284
47285
47294
47296
47323
47340
47352
47364
47365
47371
47383
47385
47394
47397
47403
47409
47410
47414
47414
47437
47442
47444
47464
47475
47478
47478
47499
47505
47532
47532
47537
47538
47538
47552
47553
47557
47575
47576
47583
47603
47604
47609
47612
47613
47616
47621
47624
47642
47652
47662
47664
47670
47671
47674
47679
47680
47683
47694
47696
47697
47700
47712
47714
47745
47748
47755
47784
47796
47802
47825
47851
47864
47865
47868
47869
47876
47889
47900
47929
47931
47941
47971
47982
47983
47987
47999
48001
48009
48010
48029
48030
48032
48046
48046
48062
48070
48076
48084
48092
48098
48112
48116
48141
48144
48146
48154
48159
48164
48174
48176
48184
48189
48199
48200
48217
48217
48222
48226
48227
48234
48241
48258
48275
48283
48284
48290
48297
48299
48303
48304
48323
48325
48344
48356
48372
48379
48386
48387
48390
48401
48425
48426
48436
48452
48480
48485
48492
48521
48534
48536
48541
48557
48587
48594
48595
48608
48628
48631
48666
48686
48692
48697
48701
48702
48718
48719
48722
48728
48728
48731
48734
48736
48744
48749
48754
48758
48768
48780
48789
48789
48790
48799
48828
48838
48842
48850
48906
48918
48919
48925
48935
48945
48950
48951
48952
48969
48972
48972
48976
48983
48986
48993
48995
49003
49007
49008
49017
49018
49024
49026
49042
49046
49050
49058
49070
49075
49095
49102
49111
49126
49135
49150
49163
49164
49170
49176
49178
49182
49184
49187
49187
49190
49191
49193
49198
49198
49198
49233
49235
49236
49243
49243
49248
49250
49256
49263
49266
49277
49282
49299
49301
49314
49337
49338
49357
49387
49392
49401
49409
49421
49431
49440
49441
49447
49470
49476
49484
49485
49500
49538
49549
49559
49567
49597
49608
49610
49621
49625
49626
49627
49629
49638
49639
49660
49670
49672
49675
49679
49681
49682
49702
49704
49706
49709
49731
49736
49739
49743
49756
49757
49761
49772
49773
49776
49790
49800
49802
49807
49807
49809
49825
49845
49863
49869
49876
49877
49883
49888
49894
49900
49906
49906
49918
49921
49923
49936
49956
49962
49964
49994
49994
