70
71
99
113
163
213
227
263
360
379
381
383
446
448
466
467
536
557
564
599
614
614
624
642
678
685
691
720
726
728
743
755
763
766
779
803
860
871
882
895
930
948
950
978
1050
1052
1060
1105
1132
1133
1169
1179
1218
1244
1251
1260
1283
1286
1303
1307
1325
1331
1345
1357
1381
1393
1422
1433
1459
1478
1482
1486
1488
1491
1500
1523
1557
1570
1616
1636
1645
1695
1709
1742
1781
1785
1807
1885
1894
1949
1991
2018
2019
2048
2125
2139
2189
2219
2236
2254
2288
2308
2324
2336
2352
2357
2372
2435
2458
2470
2484
2532
2539
2583
2590
2592
2598
2615
2642
2661
2664
2672
2674
2675
2683
2702
2708
2717
2760
2786
2809
2824
2869
2871
2871
2888
2893
2894
2905
2909
2973
2976
3054
3060
3090
3106
3132
3150
3163
3167
3238
3262
3289
3311
3386
3401
3428
3465
3472
3473
3477
3496
3513
3520
3541
3546
3585
3622
3669
3683
3735
3736
3782
3818
3843
3866
3875
3879
3879
3886
3958
4029
4032
4082
4087
4108
4109
4110
4116
4134
4167
4181
4210
4237
4267
4288
4307
4327
4333
4338
4351
4362
4366
4370
4408
4435
4444
4526
4528
4535
4562
4571
4612
4628
4630
4666
4703
4766
4786
4788
4816
4819
4820
4823
4843
4865
4875
4888
4892
4916
4920
4955
4959
4975
4991
5024
5081
5164
5178
5213
5249
5259
5282
5309
5314
5318
5318
5329
5346
5407
5444
5452
5457
5478
5501
5502
5516
5525
5528
5532
5551
5555
5589
5592
5593
5645
5662
5699
5701
5704
5709
5723
5744
5745
5827
5832
5866
5903
5937
5952
5984
6001
6025
6041
6134
6173
6211
6218
6219
6223
6229
6260
6274
6296
6326
6339
6366
6372
6379
6389
6458
6463
6497
6498
6503
6521
6554
6583
6619
6622
6631
6645
6645
6661
6671
6712
6731
6731
6751
6756
6766
6837
6895
6922
6926
6998
7010
7021
7038
7053
7061
7071
7076
7150
7152
7180
7184
7185
7190
7220
7222
7230
7241
7280
7305
7311
7344
7347
7364
7397
7422
7423
7441
7450
7495
7511
7549
7555
7570
7570
7571
7573
7583
7595
7595
7638
7699
7734
7764
7781
7791
7810
7812
7835
7848
7849
7865
7871
7909
7983
8001
8022
8026
8050
8050
8078
8087
8104
8128
8129
8138
8143
8226
8229
8320
8370
8427
8476
8529
8554
8559
8567
8676
8686
8712
8715
8741
8763
8780
8782
8808
8815
8844
8847
8861
8881
8902
8984
8988
9012
9028
9054
9068
9119
9158
9160
9167
9185
9270
9284
9331
9336
9345
9401
9413
9495
9589
9624
9651
9667
9707
9757
9778
9804
9829
9830
9844
9848
9890
9941
9948
9950
9961
9981
10018
10022
10025
10034
10051
10078
10091
10132
10137
10205
10228
10237
10249
10342
10348
10351
10395
10432
10452
10464
10465
10489
10495
10535
10556
10600
10609
10627
10642
10650
10653
10665
10683
10684
10690
10706
10757
10765
10773
10777
10788
10864
10891
10949
10982
11038
11066
11150
11176
11192
11261
11263
11349
11365
11366
11382
11425
11426
11457
11485
11535
11561
11577
11710
11733
11775
11789
11924
11943
11985
12017
12051
12078
12079
12082
12082
12098
12120
12138
12214
12219
12319
12335
12338
12352
12366
12437
12481
12488
12500
12503
12510
12519
12539
12552
12565
12590
12596
12603
12611
12638
12643
12682
12717
12739
12745
12749
12752
12771
12805
12808
12831
12845
12877
12978
12981
12983
13011
13020
13026
13046
13072
13091
13150
13161
13177
13195
13230
13274
13289
13292
13296
13305
13330
13361
13409
13420
13428
13440
13448
13457
13520
13527
13542
13568
13589
13589
13663
13665
13693
13751
13775
13780
13803
13814
13840
13851
13857
13863
13878
13880
13892
13909
13919
13987
13996
14000
14009
14010
14097
14106
14196
14221
14231
14252
14308
14333
14340
14345
14363
14382
14430
14452
14483
14537
14541
14555
14577
14586
14628
14656
14674
14675
14739
14743
14752
14772
14788
14797
14802
14821
14839
14844
14919
14945
14955
14969
14984
15052
15063
15076
15083
15095
15128
15137
15184
15186
15215
15223
15234
15241
15245
15247
15272
15289
15292
15308
15312
15328
15362
15384
15453
15467
15477
15490
15498
15503
15516
15547
15578
15615
15617
15653
15664
15693
15709
15730
15734
15734
15744
15767
15771
15796
15796
15797
15833
15854
15863
15871
15927
15931
15961
15968
15973
15975
16028
16031
16035
16068
16069
16072
16075
16076
16078
16102
16102
16109
16111
16191
16236
16238
16250
16261
16264
16275
16296
16329
16332
16351
16369
16375
16379
16427
16455
16479
16486
16489
16510
16530
16566
16586
16598
16605
16607
16620
16625
16630
16662
16667
16676
16692
16699
16703
16726
16729
16738
16759
16792
16805
16830
16834
16884
16888
16950
16964
16991
16998
17026
17069
17072
17103
17116
17146
17185
17220
17229
17273
17274
17307
17337
17353
17382
17400
17407
17425
17448
17466
17477
17491
17507
17526
17529
17577
17581
17593
17629
17638
17641
17653
17658
17681
17703
17758
17766
17780
17797
17805
17806
17817
17835
17850
17901
17929
17943
17972
18039
18077
18087
18175
18222
18249
18251
18260
18304
18311
18323
18343
18359
18416
18427
18430
18436
18441
18447
18448
18460
18474
18487
18534
18534
18542
18554
18571
18571
18583
18594
18597
18600
18608
18613
18637
18688
18695
18701
18762
18777
18858
18862
18867
18895
18968
19042
19049
19167
19189
19240
19244
19246
19258
19283
19314
19364
19373
19388
19396
19404
19411
19422
19427
19469
19476
19523
19548
19576
19615
19686
19696
19715
19743
19756
19789
19823
19829
19875
19901
19901
19907
19909
19922
19953
19978
19996
20040
20137
20142
20149
20176
20192
20249
20268
20305
20319
20326
20367
20380
20397
20413
20426
20522
20525
20539
20564
20568
20595
20603
20621
20630
20633
20640
20643
20649
20693
20693
20762
20767
20814
20817
20826
20833
20852
20915
20960
20961
20961
20976
21026
21026
21031
21047
21055
21070
21082
21119
21146
21175
21200
21359
21365
21377
21399
21399
21427
21498
21536
21540
21560
21587
21591
21701
21712
21714
21725
21730
21833
21850
21852
21855
21890
21895
21907
21931
21937
21946
21959
21978
21996
22082
22093
22101
22107
22140
22141
22152
22159
22186
22213
22217
22276
22292
22325
22363
22378
22393
22463
22475
22557
22576
22612
22633
22673
22701
22716
22841
22848
22945
22956
22979
22997
23009
23083
23140
23147
23163
23204
23210
23223
23238
23289
23323
23333
23334
23354
23422
23466
23499
23517
23546
23651
23700
23706
23718
23739
23742
23744
23771
23829
23833
23844
23855
23861
23904
23907
23947
23973
23991
23995
24041
24072
24170
24202
24235
24268
24274
24313
24327
24335
24336
24340
24340
24355
24387
24409
24422
24454
24455
24462
24474
24485
24487
24504
24564
24568
24574
24585
24592
24605
24630
24634
24643
24749
24766
24772
24786
24786
24814
24821
24852
24884
24890
24900
24955
24988
25011
25093
25114
25115
25174
25187
25191
25194
25203
25217
25238
25250
25254
25284
25295
25353
25355
25371
25371
25388
25390
25459
25503
25504
25515
25545
25566
25606
25640
25665
25669
25678
25696
25732
25734
25746
25764
25784
25808
25829
25859
25900
25904
25912
25921
25926
25939
25963
25964
25979
25990
25993
26009
26012
26058
26071
26072
26104
26116
26136
26138
26176
26208
26211
26241
26340
26341
26345
26348
26353
26355
26360
26378
26411
26464
26471
26517
26534
26535
26536
26561
26565
26582
26610
26624
26668
26736
26751
26751
26764
26772
26841
26903
26909
26925
26959
27053
27070
27073
27100
27106
27126
27129
27133
27141
27173
27190
27193
27210
27213
27266
27317
27317
27318
27336
27375
27385
27399
27405
27409
27429
27445
27454
27492
27523
27576
27589
27605
27622
27622
27631
27632
27732
27757
27794
27805
27809
27811
27834
27860
27876
27904
27938
27960
27968
28043
28073
28078
28082
28097
28099
28103
28111
28123
28137
28148
28168
28196
28200
28201
28209
28220
28228
28249
28261
28286
28314
28324
28324
28327
28344
28370
28382
28414
28428
28440
28449
28463
28482
28484
28527
28573
28586
28593
28601
28683
28705
28723
28727
28743
28754
28755
28792
28799
28811
28823
28832
28869
28878
28879
28885
28897
28915
28916
28920
28948
28948
28966
28980
28989
28998
29029
29039
29053
29067
29070
29073
29128
29142
29229
29260
29293
29299
29395
29396
29414
29435
29508
29524
29525
29530
29543
29561
29566
29581
29581
29582
29600
29609
29653
29668
29671
29694
29700
29710
29715
29723
29730
29750
29785
29794
29794
29808
29813
29815
29819
29874
29891
29909
29919
29947
30045
30054
30060
30081
30088
30098
30099
30110
30120
30151
30171
30191
30225
30254
30265
30298
30329
30378
30383
30390
30395
30406
30413
30428
30434
30448
30455
30508
30516
30517
30521
30559
30566
30570
30578
30582
30602
30607
30608
30633
30641
30657
30671
30671
30692
30708
30717
30775
30788
30789
30792
30800
30811
30835
30838
30850
30881
30890
30892
30954
30959
30973
30989
31019
31023
31047
31078
31160
31210
31213
31226
31227
31243
31243
31285
31299
31303
31335
31365
31367
31389
31396
31414
31455
31463
31521
31527
31549
31558
31558
31561
31566
31612
31617
31694
31705
31707
31729
31748
31753
31759
31819
31838
31855
31890
31897
32032
32092
32153
32200
32215
32216
32219
32239
32268
32276
32281
32283
32306
32310
32329
32337
32369
32379
32391
32417
32436
32453
32527
32537
32539
32577
32630
32637
32684
32753
32761
32768
32798
32822
32826
32827
32830
32831
32852
32916
32924
32996
33161
33242
33318
33322
33338
33343
33370
33431
33433
33468
33484
33524
33532
33573
33594
33645
33657
33663
33669
33675
33682
33684
33685
33726
33740
33806
33834
33863
33904
33946
33954
33984
33988
34033
34038
34060
34082
34084
34089
34098
34114
34121
34132
34159
34168
34178
34195
34239
34252
34254
34263
34265
34268
34272
34289
34319
34321
34340
34369
34377
34384
34385
34402
34426
34427
34453
34483
34488
34489
34492
34517
34519
34563
34630
34648
34681
34683
34683
34695
34726
34773
34820
34827
34860
34893
34895
34904
34913
34919
34932
34937
34940
34973
34979
35031
35049
35079
35150
35151
35154
35292
35295
35306
35314
35335
35344
35390
35403
35443
35446
35528
35557
35568
35615
35625
35665
35726
35734
35765
35769
35801
35843
35891
35912
35927
35946
35984
35997
36015
36015
36038
36047
36060
36114
36117
36126
36131
36143
36172
36242
36264
36274
36339
36349
36386
36410
36433
36457
36460
36464
36492
36532
36547
36569
36586
36590
36616
36646
36658
36711
36723
36734
36747
36881
36882
36891
36924
36938
36954
36959
36975
36979
36979
37019
37021
37046
37063
37115
37126
37251
37301
37310
37326
37379
37402
37434
37470
37557
37563
37571
37583
37587
37594
37608
37618
37644
37701
37769
37774
37787
37812
37812
37833
37894
37972
37977
38047
38058
38058
38068
38088
38154
38156
38171
38235
38251
38275
38304
38328
38332
38337
38350
38357
38382
38402
38426
38430
38460
38475
38512
38564
38621
38679
38683
38696
38750
38779
38819
38819
38852
38884
38899
38920
38920
38932
38942
38977
38977
39027
39032
39043
39056
39094
39115
39149
39163
39169
39178
39209
39217
39257
39260
39294
39303
39315
39341
39363
39371
39398
39401
39409
39438
39481
39509
39516
39519
39531
39558
39604
39615
39644
39661
39676
39692
39832
39851
39926
39928
39931
39967
39968
40034
40044
40055
40063
40083
40128
40153
40174
40176
40178
40233
40240
40254
40298
40313
40320
40367
40380
40395
40397
40398
40399
40399
40439
40454
40474
40477
40493
40509
40512
40513
40571
40604
40620
40649
40692
40737
40766
40775
40860
40860
40874
40881
40913
40921
40923
40928
40935
40941
40946
40972
40974
40975
40985
41015
41018
41018
41031
41048
41067
41084
41107
41108
41114
41166
41221
41246
41250
41255
41269
41273
41275
41289
41289
41292
41296
41312
41339
41352
41353
41369
41375
41383
41404
41424
41452
41492
41529
41544
41556
41573
41583
41617
41638
41660
41711
41714
41729
41747
41786
41871
41886
41921
41946
41972
41978
42000
42017
42062
42125
42131
42151
42167
42171
42177
42263
42281
42327
42355
42372
42385
42404
42429
42467
42485
42489
42511
42530
42568
42622
42643
42646
42747
42763
42798
42820
42857
42862
42864
42916
42940
42955
42960
43019
43034
43038
43043
43062
43100
43131
43172
43174
43216
43221
43244
43294
43302
43303
43361
43393
43402
43414
43447
43487
43520
43552
43561
43565
43573
43573
43625
43638
43658
43662
43724
43758
43765
43766
43828
43841
43848
43888
43893
43900
43925
43930
43938
43943
43950
43986
43988
43990
44018
44020
44058
44124
44139
44196
44212
44244
44245
44283
44315
44361
44382
44382
44393
44409
44423
44449
44454
44458
44515
44550
44574
44583
44600
44601
44615
44665
44694
44707
44726
44739
44751
44788
44811
44833
44839
44851
44871
44880
44901
44901
44908
44945
44962
44969
44982
45007
45077
45079
45101
45102
45125
45149
45152
45162
45184
45210
45269
45300
45345
45355
45356
45367
45385
45400
45429
45468
45473
45498
45501
45522
45524
45558
45565
45570
45622
45625
45631
45708
45789
45798
45805
45807
45913
45950
45977
45992
46001
46040
46076
46106
46122
46123
46132
46158
46242
46290
46311
46324
46378
46406
46433
46438
46460
46469
46471
46481
46495
46534
46536
46559
46600
46636
46643
46692
46734
46747
46818
46827
46837
46841
46852
46865
46875
46877
46885
46976
46978
47031
47116
47130
47135
47241
47244
47292
47299
47311
47337
47351
47352
47403
47459
47465
47546
47554
47580
47593
47623
47641
47642
47676
47718
47763
47815
47824
47824
47835
47860
47868
47897
47910
47914
47924
47942
47942
47950
47955
47980
48042
48055
48064
48078
48084
48106
48113
48267
48282
48323
48327
48357
48365
48374
48397
48435
48449
48470
48488
48492
48493
48502
48515
48525
48531
48537
48551
48553
48564
48577
48581
48585
48589
48602
48619
48621
48683
48705
48753
48796
48801
48817
48821
48862
48862
48887
48909
48937
49001
49018
49019
49041
49063
49080
49094
49101
49142
49157
49170
49219
49238
49243
49252
49270
49290
49323
49353
49355
49358
49360
49371
49419
49436
49442
49466
49482
49504
49529
49555
49573
49575
49578
49616
49651
49665
49743
49749
49791
49825
49858
49883
49903
49953
49969
49989
