1
17
24
28
38
38
41
43
46
49
51
71
73
77
79
79
85
92
100
101
112
127
127
134
143
152
154
156
156
164
165
166
200
205
208
214
226
227
227
236
241
243
253
267
273
290
298
313
315
325
338
340
371
377
378
395
396
409
409
413
419
424
427
429
444
448
458
467
468
479
479
483
488
501
513
515
531
535
540
555
574
588
590
595
607
613
624
628
629
637
644
665
669
673
676
677
682
693
697
699
699
710
713
714
727
730
731
743
750
757
758
769
795
811
817
827
840
845
846
859
860
878
895
902
919
919
921
923
926
932
934
938
939
947
947
950
955
961
962
966
978
981
982
992
993
1001
1009
1020
1021
1025
1029
1038
1048
1049
1049
1060
1062
1062
1067
1084
1085
1088
1095
1109
1110
1122
1124
1147
1151
1161
1162
1164
1170
1176
1192
1199
1201
1210
1211
1231
1238
1247
1272
1288
1292
1295
1303
1309
1318
1321
1342
1344
1345
1357
1363
1364
1381
1384
1388
1394
1407
1411
1417
1427
1431
1434
1437
1448
1450
1453
1454
1461
1472
1477
1482
1490
1499
1514
1524
1528
1530
1546
1547
1549
1554
1557
1568
1574
1580
1588
1622
1625
1626
1631
1635
1643
1652
1659
1659
1662
1672
1673
1674
1675
1681
1687
1687
1692
1694
1699
1707
1723
1723
1730
1737
1739
1748
1769
1770
1775
1780
1787
1790
1802
1820
1820
1831
1835
1838
1845
1851
1851
1854
1857
1871
1875
1875
1884
1897
1898
1900
1905
1906
1911
1916
1927
1932
1948
1957
1966
1967
1971
1977
1978
1987
1992
1993
1998
2003
2004
2007
2007
2026
2035
2040
2046
2047
2053
2067
2067
2070
2077
2080
2089
2101
2103
2118
2147
2147
2148
2151
2154
2163
2178
2202
2204
2210
2224
2228
2236
2237
2240
2251
2253
2275
2317
2318
2318
2324
2325
2339
2340
2344
2345
2360
2386
2394
2395
2397
2399
2400
2406
2413
2415
2416
2416
2420
2435
2443
2452
2479
2483
2484
2500
2518
2527
2530
2531
2537
2540
2542
2546
2554
2561
2561
2562
2563
2572
2581
2589
2589
2595
2599
2625
2627
2639
2649
2666
2687
2700
2702
2710
2712
2716
2726
2728
2731
2736
2738
2739
2752
2756
2759
2768
2776
2781
2786
2792
2796
2797
2803
2821
2823
2830
2830
2835
2838
2840
2841
2846
2864
2867
2871
2871
2873
2880
2882
2887
2894
2895
2896
2896
2914
2917
2922
2924
2931
2931
2939
2953
2977
2987
2993
2996
3001
3008
3011
3015
3023
3023
3024
3024
3028
3031
3035
3036
3071
3078
3084
3087
3110
3124
3134
3146
3153
3161
3203
3209
3213
3215
3216
3221
3228
3234
3237
3270
3271
3286
3288
3289
3300
3312
3322
3323
3324
3332
3339
3341
3349
3361
3362
3375
3382
3398
3399
3401
3409
3410
3418
3424
3428
3430
3450
3456
3461
3473
3474
3474
3487
3498
3511
3521
3527
3529
3534
3536
3536
3547
3548
3554
3563
3564
3570
3575
3579
3592
3595
3597
3604
3608
3626
3629
3641
3643
3652
3655
3660
3679
3684
3694
3711
3712
3728
3731
3737
3737
3751
3752
3754
3769
3774
3782
3783
3784
3785
3793
3795
3796
3809
3814
3823
3828
3831
3832
3833
3836
3839
3840
3843
3860
3863
3866
3869
3881
3890
3908
3910
3914
3916
3930
3933
3947
3949
3952
3953
3953
3961
3962
3963
3965
3965
3973
3986
3989
3993
3997
3999
4013
4017
4021
4025
4037
4039
4040
4043
4048
4055
4065
4076
4081
4094
4095
4096
4100
4103
4108
4111
4119
4122
4128
4141
4153
4158
4169
4171
4172
4173
4177
4177
4186
4212
4215
4219
4221
4231
4265
4269
4272
4278
4279
4281
4291
4291
4293
4315
4316
4317
4322
4323
4327
4328
4333
4335
4348
4360
4361
4366
4367
4370
4377
4382
4391
4401
4404
4413
4419
4423
4425
4428
4430
4441
4449
4451
4459
4480
4480
4480
4486
4486
4488
4504
4511
4513
4514
4518
4523
4540
4549
4550
4553
4558
4563
4569
4583
4585
4586
4590
4596
4607
4613
4614
4618
4619
4635
4636
4637
4642
4642
4651
4655
4665
4666
4667
4671
4676
4677
4684
4689
4691
4698
4699
4707
4717
4718
4719
4724
4732
4737
4750
4757
4766
4770
4777
4777
4798
4801
4808
4810
4817
4819
4819
4827
4834
4847
4848
4873
4881
4908
4918
4924
4929
4931
4934
4967
4973
4981
4983
4984
4990
4999
5008
5013
5014
5017
5022
5024
5031
5037
5037
5038
5041
5053
5069
5073
5079
5079
5081
5084
5088
5095
5106
5112
5121
5129
5133
5137
5145
5145
5150
5160
5169
5170
5172
5180
5187
5189
5194
5205
5205
5221
5228
5234
5250
5256
5264
5267
5272
5290
5297
5297
5313
5317
5317
5321
5340
5346
5359
5360
5365
5400
5405
5428
5440
5463
5468
5469
5477
5480
5496
5499
5506
5508
5508
5520
5524
5529
5532
5533
5535
5536
5545
5548
5563
5570
5585
5596
5601
5606
5611
5612
5612
5615
5625
5627
5628
5629
5634
5640
5654
5675
5695
5699
5700
5702
5706
5712
5716
5719
5726
5728
5749
5763
5770
5772
5775
5778
5787
5790
5796
5799
5805
5807
5809
5815
5826
5832
5844
5847
5847
5856
5856
5860
5874
5879
5884
5885
5902
5917
5927
5927
5941
5950
5967
5971
5973
5987
5993
5994
5994
6005
6007
6009
6011
6017
6029
6034
6035
6046
6049
6053
6058
6059
6063
6068
6069
6083
6086
6086
6093
6095
6102
6115
6121
6131
6133
6141
6150
6154
6163
6171
6187
6198
6199
6201
6203
6205
6229
6232
6239
6253
6271
6283
6290
6293
6295
6299
6299
6316
6316
6338
6346
6346
6348
6349
6356
6402
6407
6414
6417
6428
6430
6435
6435
6437
6444
6465
6466
6490
6504
6510
6510
6527
6534
6538
6541
6542
6544
6548
6552
6562
6564
6567
6577
6578
6582
6586
6599
6602
6603
6605
6611
6631
6634
6634
6640
6643
6647
6649
6661
6663
6672
6676
6678
6681
6687
6697
6709
6709
6713
6734
6740
6742
6746
6748
6764
6766
6791
6803
6834
6835
6836
6844
6848
6849
6853
6855
6858
6861
6864
6866
6869
6873
6880
6882
6910
6910
6911
6919
6921
6950
6963
6969
6973
6974
6977
6980
6986
6986
6986
6994
7006
7007
7015
7024
7030
7037
7054
7076
7080
7083
7088
7093
7100
7111
7118
7120
7125
7125
7140
7144
7157
7163
7165
7169
7174
7177
7184
7185
7185
7194
7210
7216
7222
7233
7233
7233
7242
7243
7253
7258
7258
7261
7267
7268
7280
7280
7282
7288
7291
7297
7309
7312
7319
7324
7331
7334
7341
7345
7351
7351
7354
7367
7377
7386
7405
7408
7423
7427
7432
7452
7453
7456
7471
7483
7486
7488
7493
7498
7503
7504
7513
7518
7527
7550
7551
7566
7569
7574
7578
7581
7582
7583
7592
7593
7597
7601
7613
7618
7633
7646
7651
7652
7655
7658
7659
7669
7671
7671
7671
7686
7691
7694
7696
7699
7699
7702
7719
7719
7721
7724
7726
7727
7729
7737
7738
7740
7764
7779
7783
7785
7785
7786
7791
7799
7800
7803
7804
7808
7819
7824
7847
7859
7861
7863
7871
7880
7881
7882
7888
7893
7897
7902
7923
7949
7958
7961
7968
7972
7994
7999
8000
8007
8017
8020
8023
8028
8033
8040
8041
8052
8054
8066
8071
8072
8073
8076
8078
8086
8086
8089
8090
8092
8093
8098
8101
8104
8106
8118
8123
8125
8128
8146
8150
8166
8178
8187
8187
8190
8208
8209
8216
8217
8220
8227
8237
8238
8241
8253
8267
8270
8284
8293
8294
8301
8303
8309
8322
8334
8338
8342
8343
8348
8364
8364
8372
8376
8384
8387
8388
8392
8396
8399
8405
8415
8415
8416
8421
8426
8434
8475
8480
8481
8494
8502
8506
8509
8511
8513
8514
8517
8520
8531
8541
8552
8554
8556
8556
8556
8564
8571
8573
8575
8578
8586
8597
8607
8614
8615
8615
8627
8628
8634
8634
8637
8637
8640
8658
8658
8663
8666
8670
8674
8687
8691
8693
8694
8701
8705
8710
8711
8713
8736
8737
8776
8778
8784
8789
8792
8795
8798
8814
8819
8821
8825
8826
8830
8838
8851
8876
8900
8910
8922
8925
8937
8946
8974
8974
8997
9011
9011
9028
9030
9035
9038
9040
9043
9047
9051
9057
9058
9075
9077
9077
9086
9090
9090
9093
9096
9104
9110
9112
9112
9117
9120
9121
9125
9128
9130
9132
9140
9147
9159
9160
9162
9170
9171
9182
9196
9209
9210
9220
9232
9233
9234
9240
9243
9255
9257
9269
9291
9301
9309
9310
9317
9323
9329
9335
9338
9343
9345
9348
9350
9351
9352
9355
9355
9362
9363
9367
9367
9370
9374
9381
9382
9387
9389
9390
9392
9394
9395
9398
9401
9401
9403
9403
9404
9404
9411
9429
9438
9439
9445
9473
9476
9487
9492
9510
9521
9527
9529
9529
9535
9538
9541
9546
9550
9563
9569
9575
9576
9587
9593
9594
9596
9599
9600
9611
9615
9639
9640
9645
9647
9678
9685
9704
9713
9714
9721
9739
9744
9744
9746
9750
9750
9758
9759
9765
9769
9774
9776
9781
9787
9787
9796
9798
9806
9811
9822
9830
9841
9862
9882
9889
9889
9891
9892
9893
9895
9913
9919
9920
9920
9930
9937
9947
9949
9971
9972
9975
9976
9977
9980
9981
9987
9995
9996
9997
10000
10010
10021
10022
10035
10042
10051
10089
10094
10101
10120
10125
10144
10149
10149
10152
10164
10169
10172
10176
10180
10192
10195
10201
10205
10206
10220
10225
10225
10228
10231
10232
10239
10244
10255
10259
10265
10267
10273
10276
10279
10290
10300
10306
10310
10311
10314
10332
10332
10335
10338
10345
10365
10368
10369
10369
10370
10370
10382
10384
10388
10405
10410
10435
10453
10460
10462
10465
10471
10504
10504
10510
10511
10518
10518
10524
10526
10528
10535
10535
10544
10548
10550
10598
10617
10617
10618
10634
10650
10652
10657
10662
10671
10679
10682
10684
10689
10694
10714
10716
10723
10724
10726
10727
10730
10733
10735
10738
10744
10746
10747
10753
10759
10764
10769
10774
10774
10786
10797
10800
10803
10810
10813
10822
10833
10834
10857
10859
10869
10878
10896
10896
10897
10897
10902
10903
10908
10910
10913
10914
10936
10937
10941
10946
10951
10958
10964
10972
10977
10991
10993
10996
11009
11010
11013
11014
11017
11024
11028
11028
11040
11055
11063
11066
11070
11072
11076
11078
11086
11090
11091
11099
11101
11117
11117
11120
11144
11169
11180
11182
11202
11204
11213
11215
11219
11222
11222
11224
11224
11230
11240
11243
11246
11248
11250
11252
11271
11280
11285
11285
11302
11303
11314
11318
11323
11325
11327
11336
11354
11354
11356
11357
11371
11372
11395
11398
11418
11425
11448
11475
11486
11492
11516
11519
11534
11554
11568
11579
11584
11605
11606
11609
11610
11610
11615
11617
11617
11617
11621
11622
11630
11641
11644
11648
11652
11668
11669
11671
11677
11682
11683
11690
11694
11696
11697
11698
11705
11711
11716
11716
11726
11733
11736
11736
11744
11768
11777
11779
11786
11790
11810
11840
11843
11846
11852
11855
11858
11860
11866
11871
11872
11876
11880
11885
11888
11889
11893
11898
11901
11902
11905
11905
11920
11929
11940
11945
11945
11958
11967
11974
11977
11990
12007
12032
12033
12039
12042
12043
12047
12048
12050
12054
12058
12067
12069
12073
12078
12092
12100
12110
12119
12141
12142
12149
12150
12154
12158
12159
12168
12173
12174
12197
12199
12200
12201
12202
12205
12208
12214
12234
12240
12241
12241
12243
12255
12256
12256
12262
12262
12281
12281
12292
12308
12309
12312
12326
12329
12337
12341
12346
12357
12368
12369
12372
12377
12380
12381
12383
12394
12395
12396
12407
12407
12418
12429
12429
12431
12434
12434
12447
12447
12456
12456
12456
12459
12464
12474
12485
12494
12498
12503
12503
12504
12508
12509
12510
12512
12513
12533
12538
12541
12545
12551
12555
12579
12581
12598
12598
12600
12609
12623
12630
12647
12650
12652
12652
12653
12654
12660
12670
12673
12674
12675
12680
12681
12682
12684
12689
12695
12699
12709
12727
12733
12735
12737
12749
12760
12775
12783
12786
12787
12805
12806
12816
12819
12832
12835
12835
12840
12844
12855
12866
12868
12885
12900
12902
12905
12915
12929
12931
12933
12947
12955
12955
12958
12963
12969
12974
12977
12979
12979
12983
12996
12999
13004
13005
13008
13011
13012
13024
13055
13062
13069
13073
13073
13086
13091
13096
13102
13104
13106
13107
13109
13123
13124
13146
13152
13159
13160
13161
13167
13170
13175
13176
13185
13194
13200
13202
13204
13204
13208
13217
13219
13220
13220
13229
13230
13247
13250
13251
13254
13257
13259
13268
13269
13272
13280
13282
13284
13287
13289
13297
13298
13299
13302
13304
13306
13327
13338
13344
13346
13354
13383
13406
13407
13412
13412
13413
13414
13429
13431
13445
13448
13469
13478
13480
13498
13508
13509
13511
13512
13520
13522
13527
13529
13530
13534
13535
13541
13545
13550
13555
13564
13569
13603
13629
13640
13646
13659
13662
13664
13664
13670
13672
13673
13676
13680
13695
13700
13707
13708
13712
13719
13721
13728
13729
13741
13748
13754
13759
13759
13759
13767
13770
13770
13771
13775
13775
13778
13789
13791
13805
13807
13808
13823
13833
13838
13838
13851
13853
13858
13872
13883
13905
13906
13907
13909
13919
13928
13935
13939
13943
13944
13946
13952
13955
13960
13983
13984
13985
13985
13993
13995
13996
14005
14008
14014
14019
14025
14033
14037
14042
14050
14064
14071
14085
14088
14093
14096
14101
14113
14115
14126
14137
14144
14148
14150
14161
14161
14163
14173
14175
14177
14202
14207
14214
14219
14220
14224
14230
14231
14238
14250
14253
14272
14275
14284
14286
14288
14301
14305
14311
14324
14334
14335
14341
14361
14364
14368
14368
14386
14398
14398
14399
14402
14403
14412
14416
14419
14420
14436
14455
14460
14484
14491
14498
14501
14506
14509
14513
14515
14517
14518
14528
14528
14548
14565
14566
14570
14571
14577
14601
14622
14622
14628
14632
14634
14638
14640
14643
14658
14660
14671
14687
14739
14741
14750
14763
14764
14777
14783
14790
14793
14796
14806
14811
14819
14820
14821
14822
14830
14836
14836
14853
14857
14858
14861
14867
14872
14885
14886
14887
14889
14890
14897
14903
14903
14907
14908
14911
14918
14922
14924
14928
14935
14944
14948
14950
14957
14967
14997
14999
15005
15025
15033
15037
15050
15060
15072
15080
15082
15085
15097
15099
15102
15104
15106
15110
15117
15119
15120
15130
15141
15143
15144
15149
15151
15160
15178
15181
15183
15187
15201
15203
15224
15233
15236
15247
15267
15287
15290
15302
15318
15323
15325
15328
15337
15340
15341
15348
15357
15359
15360
15362
15363
15368
15370
15371
15376
15379
15382
15410
15411
15411
15411
15417
15428
15437
15448
15452
15456
15459
15467
15469
15481
15482
15484
15493
15495
15502
15504
15506
15513
15520
15525
15526
15532
15533
15558
15571
15579
15585
15608
15618
15623
15627
15656
15661
15674
15674
15682
15683
15686
15692
15694
15695
15697
15697
15699
15701
15702
15704
15724
15727
15730
15732
15739
15744
15754
15755
15758
15758
15765
15771
15785
15808
15831
15834
15835
15843
15843
15850
15860
15864
15867
15874
15875
15892
15896
15900
15914
15929
15932
15935
15941
15948
15950
15955
15965
15988
15989
15991
16001
16011
16019
16034
16036
16039
16045
16046
16068
16070
16075
16089
16104
16110
16115
16125
16138
16139
16149
16152
16154
16172
16177
16182
16191
16197
16202
16205
16210
16214
16217
16219
16221
16222
16228
16229
16235
16240
16248
16251
16261
16262
16269
16285
16287
16290
16299
16303
16312
16333
16335
16347
16352
16359
16367
16375
16377
16380
16383
16391
16403
16406
16411
16423
16425
16429
16434
16436
16437
16441
16453
16463
16467
16477
16484
16502
16508
16510
16511
16514
16516
16524
16532
16533
16537
16546
16555
16557
16559
16565
16568
16604
16627
16636
16648
16651
16663
16667
16679
16689
16691
16692
16705
16717
16721
16728
16739
16742
16749
16754
16761
16763
16777
16783
16783
16787
16792
16796
16802
16807
16808
16809
16812
16812
16823
16831
16835
16839
16843
16851
16854
16854
16864
16868
16871
16878
16884
16887
16899
16904
16907
16913
16915
16918
16929
16933
16951
16972
16988
16989
16992
16993
16998
17011
17013
17019
17023
17033
17034
17040
17053
17054
17059
17085
17106
17106
17117
17126
17126
17127
17128
17130
17132
17142
17153
17158
17158
17170
17180
17184
17193
17195
17196
17200
17205
17218
17226
17230
17232
17234
17243
17249
17252
17258
17260
17263
17269
17279
17282
17291
17294
17301
17302
17307
17323
17338
17339
17342
17355
17360
17364
17364
17366
17367
17367
17377
17378
17380
17390
17400
17407
17416
17418
17418
17418
17439
17443
17449
17450
17451
17457
17460
17495
17497
17510
17513
17514
17520
17524
17526
17531
17546
17566
17566
17575
17622
17623
17641
17643
17645
17654
17675
17694
17700
17707
17708
17709
17710
17720
17722
17722
17728
17730
17731
17740
17747
17750
17753
17755
17760
17766
17775
17778
17780
17787
17799
17807
17811
17816
17817
17822
17824
17826
17832
17846
17849
17852
17853
17854
17858
17864
17878
17887
17892
17893
17902
17925
17931
17935
17938
17939
17939
17954
17966
17968
17973
17994
18011
18013
18017
18025
18035
18036
18040
18042
18048
18049
18052
18056
18060
18064
18075
18076
18080
18083
18095
18101
18110
18136
18139
18140
18146
18151
18158
18159
18164
18180
18181
18186
18186
18208
18216
18223
18240
18262
18272
18277
18280
18284
18285
18306
18319
18319
18320
18335
18338
18338
18355
18357
18359
18369
18379
18381
18383
18385
18404
18405
18409
18418
18427
18430
18434
18442
18446
18459
18488
18491
18503
18507
18513
18524
18548
18552
18555
18564
18565
18567
18570
18572
18572
18574
18578
18578
18591
18600
18602
18607
18635
18637
18638
18638
18640
18648
18654
18656
18659
18665
18667
18668
18668
18676
18685
18693
18694
18701
18704
18706
18711
18722
18725
18727
18727
18730
18734
18738
18740
18743
18752
18766
18767
18778
18785
18795
18800
18800
18804
18816
18819
18825
18840
18843
18867
18881
18883
18888
18889
18891
18893
18899
18912
18913
18914
18918
18927
18938
18943
18960
18977
18977
18979
18988
18993
18995
18995
19016
19021
19030
19036
19036
19045
19049
19054
19054
19058
19060
19063
19068
19072
19087
19090
19094
19125
19129
19133
19144
19157
19158
19165
19169
19170
19177
19178
19182
19189
19193
19193
19197
19199
19217
19221
19223
19243
19244
19251
19265
19268
19269
19273
19282
19344
19359
19367
19367
19368
19369
19373
19374
19380
19395
19398
19403
19413
19423
19433
19443
19445
19449
19450
19459
19471
19471
19479
19485
19488
19495
19509
19510
19521
19523
19527
19534
19536
19540
19550
19562
19565
19568
19571
19572
19572
19573
19573
19575
19627
19627
19633
19637
19638
19642
19646
19650
19690
19701
19703
19704
19731
19739
19739
19756
19772
19791
19794
19803
19804
19810
19810
19813
19820
19821
19829
19833
19836
19843
19845
19855
19855
19862
19863
19870
19874
19874
19875
19881
19881
19882
19884
19891
19895
19897
19897
19899
19900
19912
19916
19919
19920
19921
19922
19928
19928
19936
19938
19942
19942
19949
19955
19956
19970
19980
19981
19984
19987
19992
20005
20013
20019
20051
20053
20054
20057
20058
20063
20072
20072
20079
20081
20083
20085
20110
20117
20134
20136
20136
20138
20141
20148
20153
20197
20200
20200
20212
20234
20239
20239
20249
20249
20254
20258
20259
20263
20276
20281
20284
20284
20288
20296
20320
20323
20323
20333
20335
20335
20337
20357
20369
20371
20372
20400
20403
20409
20422
20431
20437
20440
20442
20448
20456
20460
20461
20469
20472
20489
20501
20503
20507
20520
20540
20550
20551
20558
20564
20569
20573
20574
20577
20583
20593
20597
20623
20624
20653
20653
20656
20658
20659
20660
20661
20664
20666
20676
20678
20690
20691
20700
20703
20725
20731
20738
20743
20744
20748
20751
20763
20766
20778
20779
20806
20808
20814
20819
20830
20836
20838
20846
20858
20865
20866
20871
20876
20891
20900
20901
20903
20912
20915
20922
20923
20930
20930
20934
20944
20952
20968
20979
20988
20994
21000
21022
21045
21070
21072
21083
21090
21094
21114
21119
21128
21136
21136
21140
21158
21185
21190
21192
21194
21208
21212
21215
21226
21230
21233
21239
21247
21262
21265
21269
21279
21283
21284
21284
21299
21303
21305
21306
21310
21338
21339
21349
21356
21372
21376
21382
21402
21407
21411
21420
21436
21437
21449
21449
21457
21473
21474
21479
21488
21490
21495
21499
21507
21509
21513
21519
21522
21526
21529
21542
21552
21556
21556
21559
21560
21577
21578
21579
21581
21585
21592
21602
21608
21611
21613
21634
21636
21647
21666
21667
21670
21678
21693
21697
21703
21708
21708
21716
21718
21725
21730
21738
21740
21741
21748
21753
21758
21763
21768
21769
21769
21771
21774
21781
21788
21791
21798
21800
21802
21825
21844
21865
21877
21877
21882
21885
21893
21901
21910
21910
21918
21920
21921
21922
21924
21936
21936
21938
21958
21969
21976
21980
21996
22000
22001
22003
22015
22015
22015
22016
22021
22026
22027
22030
22036
22053
22062
22077
22080
22082
22086
22092
22095
22095
22099
22104
22105
22120
22141
22150
22156
22165
22167
22176
22181
22185
22203
22214
22233
22251
22255
22257
22259
22265
22289
22290
22294
22302
22306
22310
22350
22367
22369
22382
22385
22387
22387
22395
22399
22416
22422
22426
22431
22431
22432
22433
22436
22438
22444
22445
22454
22462
22470
22477
22482
22483
22491
22504
22504
22514
22514
22523
22535
22539
22540
22558
22565
22572
22572
22578
22580
22583
22584
22588
22598
22603
22603
22609
22626
22632
22634
22639
22652
22658
22668
22676
22680
22683
22685
22688
22692
22694
22697
22703
22706
22715
22720
22727
22728
22728
22729
22732
22735
22744
22750
22764
22779
22782
22784
22789
22791
22798
22816
22830
22853
22862
22870
22872
22883
22889
22890
22893
22907
22909
22910
22921
22939
22942
22957
22985
22986
22989
22991
23000
23004
23007
23016
23018
23026
23029
23032
23034
23034
23049
23049
23060
23063
23068
23072
23077
23081
23084
23085
23087
23090
23097
23102
23107
23112
23136
23137
23141
23147
23154
23157
23165
23184
23199
23209
23222
23229
23232
23234
23250
23255
23271
23272
23289
23311
23312
23320
23321
23321
23321
23326
23328
23332
23349
23359
23361
23365
23381
23398
23417
23418
23424
23426
23432
23440
23455
23461
23472
23486
23487
23492
23492
23496
23498
23507
23511
23514
23519
23525
23529
23536
23538
23547
23569
23570
23586
23592
23624
23632
23633
23645
23647
23649
23655
23658
23659
23659
23678
23679
23687
23687
23695
23700
23704
23705
23708
23715
23727
23737
23752
23753
23755
23758
23759
23774
23784
23785
23793
23816
23818
23824
23836
23837
23843
23844
23846
23877
23887
23892
23894
23895
23906
23920
23921
23932
23939
23950
23955
23964
23965
23967
23979
23982
24001
24003
24004
24010
24013
24020
24028
24037
24038
24039
24062
24068
24070
24073
24074
24077
24080
24088
24092
24093
24111
24113
24125
24127
24129
24132
24136
24145
24158
24161
24169
24175
24182
24188
24189
24195
24195
24200
24202
24225
24225
24227
24233
24236
24251
24256
24262
24267
24267
24268
24273
24274
24281
24282
24282
24290
24292
24296
24311
24324
24324
24333
24339
24372
24373
24375
24378
24379
24384
24385
24394
24405
24411
24415
24418
24425
24426
24428
24433
24441
24453
24457
24462
24478
24486
24488
24501
24514
24514
24518
24523
24527
24538
24539
24541
24543
24546
24547
24558
24560
24561
24566
24570
24573
24575
24583
24591
24599
24617
24644
24645
24648
24649
24655
24657
24658
24667
24669
24672
24672
24684
24692
24693
24706
24711
24731
24735
24739
24745
24747
24765
24779
24784
24785
24790
24791
24798
24810
24811
24818
24824
24832
24838
24845
24856
24856
24862
24866
24870
24882
24890
24891
24901
24904
24905
24912
24946
24954
24956
24968
24972
24974
24979
24980
24980
24987
24992
24997
25012
25014
25017
25018
25038
25058
25082
25088
25092
25093
25106
25128
25130
25134
25136
25137
25146
25150
25151
25153
25160
25191
25191
25195
25198
25199
25204
25207
25208
25230
25230
25239
25243
25256
25260
25261
25272
25275
25275
25279
25285
25286
25288
25288
25292
25292
25294
25295
25315
25322
25326
25335
25335
25349
25350
25353
25355
25358
25359
25360
25363
25374
25379
25385
25394
25409
25422
25432
25438
25446
25447
25464
25464
25469
25470
25473
25475
25475
25477
25486
25490
25499
25505
25507
25509
25519
25519
25521
25524
25537
25541
25542
25543
25548
25558
25566
25569
25579
25589
25591
25593
25604
25604
25616
25618
25652
25653
25681
25708
25709
25717
25720
25723
25731
25731
25740
25746
25748
25753
25759
25762
25772
25774
25783
25793
25797
25813
25818
25821
25833
25838
25844
25874
25876
25881
25887
25891
25892
25901
25902
25911
25912
25913
25915
25919
25955
25955
25987
25991
25992
26011
26025
26027
26034
26034
26042
26063
26066
26074
26078
26079
26082
26091
26092
26093
26094
26100
26100
26106
26108
26112
26114
26115
26116
26117
26123
26134
26139
26154
26159
26166
26178
26181
26202
26203
26209
26210
26217
26218
26235
26235
26248
26264
26269
26272
26286
26296
26299
26300
26308
26311
26316
26317
26319
26323
26333
26363
26363
26368
26377
26380
26380
26394
26425
26439
26447
26451
26454
26464
26477
26484
26489
26492
26497
26501
26503
26504
26504
26508
26513
26526
26532
26536
26545
26551
26562
26563
26574
26583
26584
26590
26599
26599
26601
26603
26607
26608
26608
26610
26610
26617
26619
26627
26637
26641
26650
26650
26657
26662
26668
26675
26679
26682
26684
26698
26700
26700
26704
26708
26712
26725
26726
26729
26732
26736
26742
26756
26759
26760
26766
26778
26800
26802
26828
26828
26834
26841
26848
26856
26865
26870
26889
26890
26897
26899
26900
26920
26921
26921
26924
26924
26925
26927
26932
26935
26935
26945
26966
26992
27007
27008
27014
27021
27024
27029
27031
27032
27035
27038
27042
27048
27051
27052
27052
27065
27070
27078
27088
27091
27096
27115
27117
27118
27121
27128
27129
27130
27130
27135
27147
27151
27154
27154
27154
27160
27161
27162
27163
27167
27170
27173
27177
27183
27184
27184
27198
27201
27206
27209
27212
27216
27222
27224
27225
27226
27237
27237
27250
27259
27259
27262
27282
27283
27300
27327
27334
27337
27343
27346
27352
27368
27373
27375
27378
27378
27380
27391
27400
27400
27403
27412
27412
27414
27426
27432
27444
27445
27449
27485
27485
27486
27486
27490
27493
27510
27512
27515
27524
27550
27559
27560
27561
27574
27578
27603
27609
27612
27613
27613
27613
27615
27618
27625
27628
27639
27642
27650
27662
27668
27669
27675
27682
27687
27694
27699
27704
27706
27716
27718
27728
27736
27743
27754
27760
27761
27767
27792
27795
27797
27807
27828
27853
27860
27864
27867
27868
27874
27874
27879
27881
27881
27882
27899
27904
27908
27921
27925
27935
27939
27940
27942
27942
27944
27944
27959
27964
27968
27970
27980
27981
27985
27988
27997
28036
28041
28043
28048
28056
28057
28065
28075
28076
28093
28096
28099
28103
28114
28125
28140
28141
28141
28144
28155
28159
28170
28172
28184
28195
28200
28202
28203
28208
28210
28211
28214
28215
28220
28223
28226
28233
28234
28235
28237
28243
28245
28248
28257
28258
28288
28298
28298
28302
28305
28334
28341
28346
28354
28366
28373
28391
28393
28396
28398
28404
28419
28423
28427
28438
28438
28439
28447
28452
28453
28454
28459
28461
28462
28466
28475
28487
28492
28494
28496
28499
28500
28503
28509
28511
28511
28515
28519
28521
28527
28533
28540
28552
28553
28556
28561
28562
28568
28573
28574
28574
28579
28579
28605
28607
28608
28609
28610
28613
28618
28619
28620
28621
28622
28622
28624
28629
28630
28635
28639
28641
28647
28653
28662
28669
28691
28699
28730
28735
28739
28740
28745
28757
28759
28792
28793
28799
28816
28817
28821
28836
28848
28854
28854
28861
28864
28867
28872
28883
28887
28890
28897
28913
28921
28928
28932
28935
28944
28953
28967
28970
28971
28973
28983
28998
29008
29012
29012
29016
29020
29030
29035
29039
29039
29040
29047
29050
29052
29059
29077
29081
29087
29088
29098
29112
29118
29123
29127
29145
29150
29155
29186
29188
29194
29197
29206
29210
29215
29216
29219
29219
29221
29221
29230
29238
29266
29277
29279
29283
29286
29295
29304
29309
29312
29321
29328
29332
29336
29336
29338
29338
29340
29350
29353
29362
29377
29390
29398
29402
29403
29405
29406
29406
29407
29412
29416
29416
29423
29426
29440
29444
29453
29462
29463
29470
29474
29474
29485
29486
29505
29515
29517
29530
29532
29539
29541
29542
29548
29550
29553
29575
29577
29583
29584
29586
29590
29591
29593
29598
29608
29611
29612
29621
29629
29636
29646
29647
29654
29657
29658
29666
29670
29673
29673
29679
29681
29683
29689
29696
29698
29702
29705
29723
29734
29735
29736
29739
29746
29753
29755
29761
29761
29762
29776
29779
29782
29793
29793
29793
29794
29800
29804
29813
29822
29823
29837
29843
29850
29858
29860
29864
29873
29877
29885
29886
29897
29898
29901
29905
29912
29912
29921
29927
29927
29936
29937
29950
29955
29959
29966
29974
29975
29984
29987
29988
29991
30007
30017
30017
30019
30020
30021
30047
30049
30050
30060
30063
30065
30066
30072
30073
30082
30111
30111
30116
30116
30118
30124
30126
30141
30149
30185
30195
30197
30205
30210
30215
30236
30244
30252
30262
30279
30283
30290
30299
30303
30304
30308
30313
30323
30325
30336
30338
30339
30339
30340
30357
30358
30360
30373
30374
30374
30393
30395
30396
30398
30402
30403
30405
30411
30411
30416
30429
30434
30435
30437
30437
30437
30442
30454
30463
30491
30503
30504
30519
30519
30519
30522
30529
30530
30532
30556
30558
30565
30575
30587
30591
30597
30598
30604
30616
30620
30622
30628
30636
30636
30637
30662
30665
30668
30677
30684
30699
30704
30705
30706
30712
30715
30719
30738
30740
30753
30761
30764
30765
30766
30767
30777
30785
30786
30792
30798
30803
30805
30816
30824
30826
30836
30849
30857
30859
30861
30863
30868
30868
30871
30873
30881
30885
30890
30904
30909
30911
30915
30924
30924
30928
30928
30928
30929
30930
30934
30943
30944
30946
30951
30958
30971
30973
30977
30979
30980
30998
31032
31033
31034
31036
31040
31045
31051
31052
31061
31068
31071
31072
31088
31091
31093
31095
31099
31105
31110
31115
31119
31124
31129
31129
31131
31132
31135
31137
31137
31160
31160
31162
31182
31198
31206
31215
31240
31264
31272
31274
31274
31279
31284
31302
31305
31321
31329
31330
31333
31335
31339
31355
31358
31375
31383
31393
31402
31410
31410
31420
31420
31433
31439
31441
31442
31447
31459
31480
31483
31491
31497
31498
31514
31515
31519
31531
31532
31540
31551
31566
31575
31576
31578
31580
31592
31595
31595
31596
31599
31603
31604
31605
31606
31616
31616
31617
31644
31646
31650
31652
31656
31662
31662
31669
31673
31676
31680
31686
31690
31696
31705
31706
31713
31713
31715
31718
31722
31727
31731
31742
31747
31750
31756
31760
31761
31774
31782
31785
31785
31786
31793
31798
31802
31805
31808
31817
31817
31826
31831
31833
31833
31838
31849
31850
31864
31866
31880
31886
31889
31903
31929
31930
31931
31937
31946
31951
31955
31958
31959
31967
31974
31983
31986
31988
31997
32007
32009
32014
32018
32036
32042
32044
32051
32053
32076
32078
32087
32098
32105
32112
32113
32130
32136
32154
32156
32170
32186
32189
32198
32204
32221
32236
32243
32259
32261
32263
32275
32281
32318
32319
32323
32329
32336
32353
32354
32357
32366
32379
32386
32386
32389
32401
32405
32409
32411
32411
32417
32419
32419
32428
32432
32440
32445
32445
32446
32457
32462
32473
32474
32475
32477
32494
32515
32518
32535
32538
32542
32546
32556
32559
32565
32599
32600
32602
32612
32615
32616
32618
32619
32619
32625
32634
32642
32657
32663
32675
32682
32683
32693
32694
32696
32697
32705
32711
32723
32724
32734
32757
32765
32789
32791
32793
32795
32797
32810
32815
32851
32864
32868
32873
32873
32894
32910
32936
32938
32939
32940
32941
32945
32946
32949
32954
32956
32957
32963
32963
32968
32972
32976
32979
32990
32993
32998
33003
33013
33031
33033
33034
33035
33039
33044
33070
33077
33078
33086
33102
33104
33110
33111
33147
33153
33159
33160
33163
33172
33174
33195
33224
33226
33234
33235
33236
33237
33237
33238
33239
33261
33268
33272
33277
33283
33284
33284
33293
33295
33297
33347
33348
33361
33370
33372
33374
33376
33388
33400
33401
33427
33444
33455
33460
33461
33462
33465
33469
33473
33481
33482
33488
33490
33498
33507
33530
33533
33538
33586
33589
33599
33603
33605
33617
33628
33652
33657
33658
33662
33666
33668
33670
33684
33687
33690
33690
33692
33694
33706
33710
33711
33730
33731
33735
33736
33739
33747
33753
33758
33765
33765
33787
33790
33815
33826
33836
33847
33850
33857
33867
33871
33874
33882
33883
33886
33898
33905
33918
33925
33931
33940
33955
33976
33986
33998
34008
34020
34021
34032
34034
34036
34039
34048
34053
34054
34070
34092
34097
34105
34107
34110
34118
34124
34131
34138
34150
34153
34154
34166
34166
34171
34180
34194
34202
34204
34205
34225
34225
34226
34259
34269
34276
34282
34286
34287
34303
34319
34330
34332
34333
34333
34359
34360
34374
34377
34378
34379
34381
34387
34409
34410
34432
34440
34441
34442
34463
34466
34468
34470
34471
34472
34474
34483
34484
34484
34484
34486
34496
34503
34505
34506
34514
34515
34515
34525
34528
34530
34534
34538
34539
34541
34542
34556
34561
34563
34577
34586
34596
34601
34616
34623
34632
34638
34638
34638
34638
34640
34652
34659
34661
34663
34668
34670
34674
34682
34686
34692
34696
34700
34705
34713
34714
34714
34728
34735
34744
34757
34765
34768
34770
34784
34788
34792
34796
34801
34819
34823
34828
34840
34845
34845
34845
34847
34849
34860
34863
34874
34876
34879
34885
34890
34896
34897
34898
34899
34903
34910
34919
34924
34924
34928
34939
34954
34955
34958
34968
34976
34992
34994
34997
34998
35001
35015
35018
35023
35039
35045
35052
35053
35057
35083
35103
35106
35106
35114
35116
35125
35128
35145
35146
35167
35183
35184
35185
35185
35188
35190
35192
35194
35200
35205
35211
35214
35221
35230
35231
35233
35235
35242
35247
35248
35260
35266
35267
35270
35273
35285
35285
35334
35339
35345
35356
35363
35364
35382
35382
35383
35385
35386
35387
35391
35401
35402
35411
35413
35413
35418
35420
35426
35437
35444
35452
35453
35455
35456
35456
35466
35474
35479
35481
35489
35492
35497
35506
35508
35512
35512
35524
35531
35539
35541
35566
35583
35586
35592
35605
35605
35607
35612
35616
35629
35631
35636
35637
35638
35640
35640
35649
35649
35652
35659
35660
35662
35682
35705
35706
35712
35715
35728
35732
35733
35736
35748
35749
35750
35763
35767
35770
35770
35771
35772
35773
35791
35805
35812
35851
35852
35854
35860
35866
35866
35870
35872
35883
35886
35889
35897
35899
35905
35910
35915
35921
35922
35934
35939
35943
35946
35952
35957
35960
35961
35972
35989
35997
36002
36005
36017
36018
36024
36024
36033
36039
36044
36060
36061
36071
36072
36074
36079
36086
36087
36089
36094
36095
36112
36115
36123
36125
36126
36129
36143
36149
36150
36155
36159
36176
36176
36191
36203
36205
36208
36231
36233
36233
36245
36250
36267
36268
36277
36280
36284
36284
36301
36310
36315
36317
36318
36321
36322
36325
36329
36329
36334
36334
36344
36361
36363
36369
36378
36384
36386
36400
36403
36411
36425
36425
36428
36429
36430
36432
36434
36436
36441
36451
36469
36475
36477
36478
36492
36500
36506
36510
36512
36514
36523
36523
36524
36526
36526
36527
36534
36538
36556
36563
36581
36583
36586
36586
36597
36610
36613
36623
36624
36624
36629
36642
36643
36652
36652
36680
36685
36686
36691
36692
36696
36703
36704
36704
36705
36713
36716
36731
36757
36766
36772
36781
36782
36789
36791
36797
36797
36816
36816
36818
36819
36831
36836
36838
36845
36856
36860
36886
36890
36912
36913
36916
36917
36924
36925
36928
36931
36931
36932
36941
36943
36947
36954
36955
36956
36959
36977
36979
37006
37009
37011
37022
37028
37028
37043
37046
37056
37058
37061
37062
37064
37079
37093
37097
37099
37103
37119
37129
37142
37156
37165
37166
37170
37186
37200
37201
37211
37215
37217
37226
37230
37237
37252
37255
37291
37299
37311
37314
37314
37330
37341
37343
37351
37354
37360
37369
37385
37390
37401
37411
37412
37420
37438
37439
37440
37442
37443
37443
37445
37445
37451
37461
37461
37469
37484
37486
37487
37489
37504
37513
37528
37535
37539
37541
37552
37552
37553
37559
37562
37562
37566
37569
37576
37581
37583
37587
37592
37606
37607
37630
37646
37650
37654
37664
37679
37688
37690
37698
37699
37709
37712
37725
37737
37743
37751
37759
37766
37766
37773
37773
37798
37802
37805
37811
37817
37825
37827
37828
37843
37844
37845
37847
37849
37856
37859
37859
37860
37873
37877
37884
37889
37890
37894
37898
37898
37907
37912
37916
37923
37926
37929
37944
37948
37948
37948
37949
37950
37951
37961
37969
37975
37987
38010
38030
38034
38036
38039
38043
38046
38055
38058
38076
38096
38108
38117
38120
38122
38123
38127
38127
38131
38147
38147
38156
38158
38174
38175
38186
38186
38190
38208
38210
38221
38227
38234
38241
38255
38261
38273
38296
38298
38302
38309
38317
38319
38330
38335
38344
38344
38346
38347
38368
38384
38394
38396
38398
38404
38406
38410
38417
38418
38427
38429
38431
38436
38441
38454
38461
38473
38484
38509
38516
38530
38558
38561
38565
38572
38575
38579
38585
38590
38605
38611
38614
38639
38640
38647
38650
38652
38655
38661
38662
38667
38669
38678
38695
38703
38705
38709
38712
38715
38716
38722
38727
38732
38751
38759
38768
38780
38796
38808
38819
38822
38822
38824
38829
38845
38857
38861
38874
38879
38879
38881
38882
38884
38894
38903
38906
38910
38918
38919
38923
38924
38924
38937
38938
38939
38941
38947
38947
38962
38964
38995
39002
39009
39010
39017
39020
39022
39023
39032
39035
39040
39051
39055
39055
39056
39060
39060
39064
39068
39072
39073
39073
39089
39092
39092
39093
39098
39113
39118
39124
39127
39131
39132
39134
39137
39147
39149
39161
39163
39164
39166
39167
39184
39208
39209
39232
39240
39248
39253
39265
39273
39275
39275
39277
39280
39293
39297
39297
39303
39307
39320
39325
39331
39343
39345
39352
39353
39363
39363
39366
39388
39394
39400
39400
39400
39402
39405
39413
39419
39420
39420
39424
39427
39429
39431
39434
39440
39443
39445
39447
39448
39449
39453
39460
39475
39478
39480
39481
39497
39500
39503
39510
39544
39547
39553
39553
39571
39574
39576
39583
39583
39589
39592
39593
39599
39609
39613
39615
39629
39631
39637
39638
39638
39644
39646
39646
39664
39666
39669
39673
39686
39686
39689
39699
39709
39712
39720
39722
39728
39730
39730
39732
39733
39738
39745
39752
39761
39772
39783
39790
39790
39799
39805
39818
39825
39826
39828
39841
39842
39844
39849
39852
39865
39873
39881
39890
39894
39908
39914
39921
39926
39951
39962
39965
39970
39973
39981
39983
39986
39989
39993
40003
40009
40009
40015
40015
40020
40025
40026
40027
40034
40040
40056
40065
40071
40072
40077
40078
40083
40085
40097
40110
40113
40130
40131
40136
40141
40152
40164
40175
40176
40181
40182
40194
40196
40201
40204
40204
40206
40209
40215
40218
40221
40222
40227
40231
40232
40233
40244
40257
40259
40286
40290
40305
40313
40325
40327
40327
40328
40340
40344
40354
40357
40361
40367
40368
40385
40386
40386
40400
40404
40409
40410
40424
40428
40429
40438
40445
40448
40449
40453
40458
40459
40475
40480
40485
40490
40490
40493
40494
40501
40504
40518
40536
40539
40548
40554
40556
40560
40570
40579
40593
40595
40598
40600
40612
40619
40621
40628
40639
40642
40655
40661
40674
40674
40675
40686
40710
40712
40723
40728
40735
40737
40740
40741
40741
40744
40753
40755
40760
40762
40764
40772
40788
40794
40803
40804
40807
40808
40825
40830
40833
40843
40848
40852
40866
40867
40902
40908
40915
40921
40932
40935
40936
40944
40946
40961
40964
40972
41005
41010
41012
41018
41027
41028
41034
41034
41040
41045
41054
41065
41075
41080
41082
41098
41113
41123
41132
41138
41150
41168
41194
41195
41198
41201
41207
41207
41210
41211
41213
41221
41228
41237
41246
41246
41247
41265
41267
41275
41276
41287
41291
41293
41303
41309
41311
41323
41331
41340
41340
41341
41345
41361
41367
41378
41380
41402
41404
41406
41424
41427
41442
41445
41447
41457
41457
41465
41473
41478
41480
41480
41485
41491
41492
41498
41500
41502
41512
41524
41530
41533
41538
41539
41541
41542
41552
41557
41561
41563
41565
41568
41570
41579
41583
41583
41592
41592
41594
41605
41606
41615
41615
41619
41634
41638
41643
41646
41652
41663
41674
41678
41687
41689
41690
41691
41701
41704
41711
41717
41721
41725
41730
41743
41754
41756
41756
41757
41757
41759
41759
41771
41772
41791
41795
41803
41835
41838
41845
41863
41872
41876
41880
41884
41894
41906
41913
41916
41917
41924
41933
41936
41940
41946
41955
41958
41958
41971
41973
41974
41988
41990
41995
42028
42033
42034
42043
42044
42048
42053
42053
42053
42056
42057
42058
42061
42063
42069
42084
42084
42092
42095
42102
42109
42115
42115
42119
42127
42131
42143
42143
42178
42182
42183
42184
42184
42185
42186
42186
42191
42195
42198
42203
42205
42211
42216
42218
42234
42247
42250
42251
42254
42269
42272
42274
42285
42290
42295
42296
42301
42316
42318
42319
42333
42351
42355
42370
42377
42395
42398
42399
42403
42404
42404
42406
42412
42413
42417
42427
42428
42446
42447
42451
42451
42463
42471
42472
42476
42487
42495
42503
42505
42517
42529
42530
42532
42533
42539
42554
42559
42559
42584
42595
42596
42599
42603
42611
42612
42617
42626
42640
42644
42656
42667
42668
42668
42669
42670
42673
42688
42689
42691
42693
42695
42700
42704
42710
42711
42713
42723
42730
42731
42732
42737
42745
42753
42755
42756
42762
42768
42769
42778
42790
42799
42801
42802
42808
42810
42818
42827
42833
42841
42842
42843
42846
42848
42853
42855
42861
42876
42884
42890
42894
42895
42901
42909
42920
42936
42943
42945
42947
42948
42954
42955
42983
42995
43005
43008
43015
43016
43031
43035
43036
43041
43045
43050
43055
43068
43071
43078
43093
43094
43113
43115
43117
43118
43127
43131
43141
43145
43145
43149
43156
43160
43162
43163
43167
43171
43176
43187
43188
43193
43194
43195
43198
43214
43220
43224
43236
43237
43237
43288
43293
43305
43318
43350
43352
43352
43352
43357
43358
43382
43383
43383
43388
43391
43394
43400
43409
43411
43412
43428
43429
43443
43447
43448
43451
43459
43462
43468
43470
43476
43486
43486
43499
43501
43502
43503
43506
43514
43561
43568
43569
43572
43573
43574
43575
43583
43586
43601
43611
43624
43631
43633
43636
43645
43656
43656
43664
43676
43680
43696
43703
43711
43715
43731
43735
43738
43742
43744
43744
43757
43776
43780
43781
43782
43785
43790
43792
43793
43802
43803
43804
43805
43822
43825
43829
43831
43843
43846
43850
43860
43869
43880
43884
43888
43888
43889
43890
43894
43911
43920
43929
43954
43965
43977
43994
43999
44002
44037
44042
44050
44067
44069
44070
44071
44077
44078
44084
44098
44101
44107
44108
44112
44120
44125
44126
44138
44148
44157
44163
44172
44183
44185
44187
44191
44195
44196
44201
44203
44207
44218
44220
44232
44240
44243
44250
44254
44256
44259
44265
44281
44284
44293
44300
44308
44318
44324
44327
44328
44329
44341
44341
44344
44345
44347
44350
44354
44386
44398
44409
44413
44420
44424
44430
44430
44434
44445
44451
44452
44470
44473
44481
44505
44521
44525
44526
44530
44532
44539
44540
44548
44551
44554
44570
44581
44591
44593
44616
44632
44637
44640
44641
44648
44649
44654
44654
44656
44662
44664
44665
44671
44682
44683
44685
44689
44689
44695
44696
44701
44710
44710
44712
44728
44731
44736
44742
44755
44759
44762
44770
44776
44781
44787
44790
44793
44794
44798
44801
44811
44814
44829
44830
44834
44839
44842
44862
44868
44880
44881
44884
44900
44905
44911
44916
44926
44930
44935
44945
44979
44980
44987
44994
45034
45034
45060
45066
45074
45090
45096
45108
45118
45119
45119
45126
45130
45132
45141
45151
45155
45155
45166
45171
45173
45175
45178
45183
45191
45191
45192
45194
45196
45198
45201
45202
45206
45207
45210
45212
45212
45217
45226
45229
45252
45255
45261
45262
45271
45278
45280
45282
45282
45292
45293
45293
45297
45297
45300
45318
45324
45334
45348
45350
45354
45361
45361
45369
45392
45408
45410
45415
45416
45418
45426
45454
45463
45465
45474
45478
45487
45497
45498
45504
45506
45509
45520
45523
45524
45526
45528
45528
45539
45551
45555
45559
45562
45564
45571
45575
45579
45604
45613
45618
45621
45624
45637
45639
45640
45641
45651
45653
45653
45656
45660
45661
45666
45669
45677
45694
45696
45696
45705
45712
45717
45726
45735
45736
45738
45745
45751
45751
45763
45766
45767
45780
45783
45802
45806
45810
45814
45843
45860
45861
45861
45863
45866
45883
45884
45885
45900
45901
45906
45906
45929
45937
45957
45969
45969
45970
45973
45975
45980
45991
45991
45996
46001
46006
46010
46011
46011
46033
46041
46051
46066
46070
46075
46084
46090
46093
46104
46110
46112
46116
46152
46156
46170
46182
46190
46203
46213
46222
46223
46229
46231
46231
46242
46261
46263
46274
46274
46275
46276
46288
46299
46302
46308
46308
46309
46320
46325
46332
46338
46341
46346
46348
46358
46361
46364
46377
46385
46403
46404
46413
46416
46427
46431
46438
46442
46448
46451
46454
46457
46472
46474
46475
46487
46490
46490
46495
46499
46499
46500
46526
46528
46529
46534
46539
46541
46547
46559
46559
46573
46578
46587
46595
46606
46612
46623
46625
46638
46639
46643
46647
46647
46647
46650
46655
46655
46659
46662
46667
46668
46673
46677
46686
46693
46705
46707
46711
46729
46733
46742
46745
46754
46760
46777
46791
46804
46806
46815
46816
46826
46830
46835
46862
46862
46862
46865
46866
46883
46884
46890
46896
46902
46929
46930
46933
46934
46939
46944
46950
46951
46956
46975
46975
46984
46986
46987
47000
47008
47015
47017
47027
47030
47032
47033
47041
47041
47043
47053
47064
47068
47076
47077
47083
47111
47113
47137
47141
47144
47165
47168
47168
47174
47175
47178
47180
47185
47190
47191
47198
47200
47224
47230
47244
47245
47252
47255
47288
47304
47319
47321
47327
47331
47341
47343
47345
47348
47368
47379
47382
47382
47392
47393
47402
47410
47414
47422
47427
47432
47440
47441
47452
47454
47455
47461
47478
47493
47496
47498
47504
47518
47518
47526
47530
47542
47544
47545
47545
47549
47563
47563
47569
47569
47580
47582
47589
47593
47594
47599
47605
47606
47610
47614
47628
47628
47630
47636
47638
47639
47646
47661
47674
47675
47678
47678
47685
47686
47703
47710
47725
47732
47739
47744
47746
47761
47762
47771
47774
47776
47785
47787
47800
47804
47809
47814
47820
47831
47831
47842
47843
47845
47856
47856
47871
47879
47879
47884
47884
47889
47918
47918
47919
47919
47929
47947
47956
47990
47993
48009
48015
48017
48021
48047
48053
48054
48054
48057
48062
48065
48072
48075
48085
48090
48117
48130
48132
48138
48139
48143
48154
48157
48175
48176
48181
48184
48187
48195
48197
48199
48199
48201
48239
48251
48252
48256
48269
48284
48286
48288
48292
48299
48300
48322
48323
48329
48330
48336
48344
48347
48361
48365
48366
48370
48377
48387
48393
48395
48398
48404
48426
48428
48430
48437
48444
48447
48450
48456
48457
48467
48476
48488
48494
48495
48496
48499
48502
48508
48509
48509
48511
48515
48517
48523
48543
48555
48558
48559
48573
48578
48586
48587
48594
48599
48613
48621
48632
48634
48638
48639
48642
48650
48663
48700
48703
48707
48707
48713
48717
48717
48720
48725
48731
48745
48745
48750
48751
48754
48770
48774
48774
48786
48788
48789
48789
48792
48792
48794
48811
48814
48816
48818
48830
48838
48840
48843
48843
48845
48848
48848
48852
48853
48867
48870
48899
48908
48916
48924
48931
48934
48941
48952
48955
48957
48958
48963
48964
48971
48975
48982
48983
48989
48991
49015
49019
49020
49034
49036
49038
49044
49045
49052
49053
49055
49057
49061
49064
49066
49066
49072
49087
49096
49112
49119
49123
49129
49135
49163
49173
49175
49178
49181
49205
49219
49219
49220
49224
49235
49238
49243
49267
49273
49279
49300
49304
49309
49318
49320
49321
49333
49340
49351
49351
49370
49375
49385
49399
49404
49414
49417
49422
49424
49427
49431
49434
49437
49450
49455
49463
49465
49465
49466
49469
49470
49476
49494
49516
49537
49539
49539
49544
49549
49556
49591
49597
49604
49614
49616
49620
49627
49655
49664
49665
49668
49672
49673
49675
49683
49691
49692
49701
49703
49705
49707
49711
49711
49733
49742
49742
49742
49744
49746
49749
49750
49750
49754
49763
49765
49774
49775
49789
49796
49799
49817
49824
49826
49831
49837
49840
49844
49850
49852
49856
49863
49865
49879
49880
49897
49899
49900
49906
49922
49928
49930
49936
49937
49940
49948
49964
49967
49971
49973
49979
