36
38
52
53
61
87
104
115
121
122
142
152
153
168
196
198
219
223
247
250
251
260
288
288
309
313
360
376
387
394
403
409
413
441
446
457
461
461
477
497
506
534
540
567
591
607
610
630
640
651
652
675
685
708
709
735
764
765
806
812
829
830
845
845
876
898
901
911
937
945
947
952
969
982
986
990
1002
1012
1016
1020
1030
1043
1064
1071
1081
1091
1141
1143
1161
1197
1207
1215
1233
1281
1296
1321
1333
1343
1345
1353
1368
1393
1424
1435
1451
1459
1466
1482
1482
1486
1490
1490
1492
1497
1516
1520
1534
1560
1595
1605
1610
1614
1624
1630
1633
1645
1660
1686
1693
1712
1722
1726
1728
1750
1789
1795
1827
1843
1869
1877
1879
1891
1917
1924
1933
1937
1946
1957
1963
1976
1982
1990
1999
2004
2030
2041
2051
2069
2090
2100
2102
2108
2115
2129
2148
2181
2188
2190
2192
2195
2213
2219
2225
2262
2264
2266
2278
2280
2281
2309
2313
2319
2323
2369
2397
2403
2413
2424
2432
2457
2473
2477
2479
2511
2545
2561
2564
2579
2581
2590
2608
2610
2645
2693
2705
2710
2717
2737
2753
2758
2759
2785
2819
2826
2831
2841
2843
2850
2864
2868
2885
2899
2909
2934
2940
2961
2976
3009
3013
3017
3096
3096
3120
3141
3161
3168
3170
3174
3180
3186
3191
3198
3219
3265
3266
3266
3289
3296
3296
3299
3308
3332
3335
3336
3343
3356
3386
3392
3396
3417
3434
3442
3445
3478
3493
3501
3510
3510
3523
3525
3541
3543
3567
3567
3573
3593
3596
3598
3602
3616
3617
3621
3622
3627
3655
3675
3677
3705
3739
3754
3764
3778
3779
3786
3797
3807
3824
3825
3826
3835
3872
3876
3886
3893
3919
3936
3941
3941
3984
3986
4018
4030
4031
4044
4049
4053
4058
4059
4064
4064
4065
4093
4114
4116
4128
4145
4154
4158
4171
4180
4182
4185
4215
4220
4235
4245
4274
4280
4304
4307
4326
4332
4348
4350
4360
4375
4389
4417
4419
4437
4447
4465
4467
4469
4469
4494
4526
4527
4533
4550
4558
4558
4569
4571
4576
4599
4603
4606
4609
4625
4626
4640
4644
4649
4659
4669
4692
4699
4706
4722
4728
4737
4758
4764
4764
4772
4784
4842
4907
4914
4926
4947
4963
4964
4990
5003
5024
5051
5051
5052
5076
5093
5105
5109
5113
5124
5131
5133
5134
5135
5152
5166
5186
5187
5187
5190
5192
5194
5212
5218
5218
5251
5266
5272
5305
5333
5334
5358
5382
5383
5390
5397
5401
5431
5466
5472
5509
5511
5512
5519
5522
5522
5534
5540
5541
5554
5575
5585
5613
5631
5637
5659
5662
5666
5676
5688
5696
5697
5702
5707
5718
5727
5745
5758
5776
5783
5788
5789
5791
5809
5813
5816
5863
5867
5873
5877
5882
5898
5902
5911
5917
5957
5958
5983
5992
5996
5996
6035
6037
6047
6059
6089
6093
6125
6134
6139
6146
6149
6156
6174
6183
6186
6187
6192
6205
6216
6254
6261
6299
6305
6321
6340
6351
6373
6437
6443
6447
6452
6453
6457
6465
6476
6478
6478
6539
6573
6585
6597
6599
6601
6625
6628
6630
6638
6647
6656
6662
6671
6674
6679
6689
6712
6717
6732
6733
6737
6744
6746
6763
6769
6783
6800
6826
6842
6858
6861
6869
6876
6876
6882
6883
6924
6925
6940
6948
6957
6979
6979
7001
7021
7042
7049
7052
7053
7054
7079
7115
7128
7135
7142
7143
7145
7150
7159
7174
7206
7212
7224
7234
7255
7266
7273
7294
7297
7302
7303
7341
7353
7353
7368
7387
7426
7438
7449
7459
7461
7463
7513
7519
7532
7542
7562
7605
7615
7628
7633
7651
7670
7685
7689
7711
7711
7712
7713
7721
7736
7753
7754
7757
7771
7773
7778
7808
7812
7815
7816
7823
7827
7834
7845
7848
7856
7879
7893
7902
7904
7947
7959
7965
7969
7972
7973
7983
7985
7988
8006
8007
8049
8071
8081
8081
8089
8090
8091
8098
8114
8121
8129
8150
8153
8157
8171
8175
8175
8175
8189
8190
8220
8259
8264
8282
8286
8293
8304
8307
8317
8324
8327
8361
8369
8374
8386
8416
8416
8420
8432
8450
8479
8498
8498
8511
8516
8536
8578
8580
8582
8605
8649
8664
8665
8672
8688
8694
8708
8720
8729
8736
8739
8740
8757
8763
8783
8784
8814
8822
8845
8850
8851
8890
8924
8975
9003
9064
9077
9084
9094
9095
9102
9106
9112
9133
9140
9142
9157
9196
9205
9224
9240
9245
9246
9249
9278
9291
9301
9309
9318
9318
9318
9319
9323
9325
9328
9338
9340
9345
9376
9380
9387
9388
9388
9421
9433
9440
9575
9596
9622
9625
9626
9627
9658
9660
9666
9685
9700
9730
9763
9769
9791
9795
9801
9824
9825
9837
9841
9842
9849
9853
9854
9861
9873
9877
9878
9889
9898
9920
9944
9947
9970
9987
9993
10004
10005
10016
10022
10028
10061
10068
10074
10075
10097
10100
10104
10113
10136
10139
10145
10149
10153
10169
10170
10190
10230
10298
10301
10311
10312
10326
10339
10339
10354
10364
10373
10421
10435
10440
10440
10448
10464
10474
10479
10490
10510
10511
10514
10516
10541
10567
10614
10631
10631
10635
10710
10718
10720
10728
10742
10743
10749
10754
10766
10776
10789
10790
10796
10832
10855
10858
10862
10869
10878
10879
10911
10928
10948
10957
10961
10987
10988
11002
11006
11021
11031
11033
11040
11044
11045
11047
11056
11063
11081
11090
11096
11107
11144
11150
11164
11175
11179
11183
11202
11222
11244
11248
11296
11302
11311
11314
11335
11360
11382
11399
11415
11424
11450
11452
11486
11492
11507
11517
11522
11529
11531
11536
11542
11545
11550
11552
11556
11559
11583
11596
11616
11634
11644
11667
11671
11674
11703
11708
11714
11714
11780
11786
11816
11824
11843
11847
11854
11860
11873
11907
11930
11954
11954
11957
11963
11969
11995
12005
12007
12034
12053
12096
12099
12105
12119
12121
12121
12124
12152
12159
12174
12175
12207
12228
12243
12262
12273
12285
12301
12302
12304
12314
12382
12462
12502
12506
12510
12516
12536
12586
12589
12596
12644
12664
12666
12669
12673
12676
12682
12694
12708
12715
12728
12744
12749
12781
12789
12806
12812
12814
12815
12822
12826
12829
12839
12840
12854
12887
12890
12891
12906
12935
12967
12968
12992
13026
13030
13048
13070
13089
13101
13136
13189
13191
13204
13206
13208
13237
13266
13277
13281
13287
13292
13299
13312
13321
13321
13321
13332
13338
13348
13352
13357
13378
13386
13390
13413
13428
13429
13429
13432
13437
13439
13446
13458
13475
13490
13521
13537
13567
13593
13598
13603
13609
13614
13620
13623
13631
13636
13637
13647
13664
13667
13686
13696
13704
13727
13737
13742
13744
13756
13766
13782
13797
13798
13802
13803
13805
13811
13816
13828
13846
13856
13877
13903
13904
13907
13921
13926
13933
13945
13947
13949
13957
13957
13968
13987
13994
14000
14022
14060
14085
14092
14104
14112
14127
14134
14151
14155
14171
14181
14182
14199
14204
14223
14247
14252
14271
14287
14297
14297
14310
14315
14329
14346
14350
14380
14382
14392
14404
14405
14422
14441
14449
14464
14486
14487
14528
14546
14567
14570
14583
14584
14586
14602
14607
14629
14636
14638
14640
14654
14660
14684
14687
14697
14702
14714
14716
14726
14727
14736
14743
14747
14764
14769
14782
14791
14794
14812
14814
14820
14833
14838
14873
14892
14912
14927
14934
14967
14973
14991
14992
14995
14995
14998
15016
15019
15023
15036
15040
15045
15051
15053
15098
15163
15172
15176
15194
15208
15224
15229
15253
15253
15259
15260
15267
15269
15273
15277
15280
15287
15299
15300
15306
15315
15317
15324
15351
15355
15360
15364
15371
15397
15419
15426
15444
15459
15461
15474
15493
15515
15528
15530
15554
15555
15557
15562
15581
15581
15601
15611
15615
15665
15671
15683
15688
15693
15695
15724
15740
15753
15810
15833
15839
15845
15856
15864
15866
15874
15888
15888
15894
15898
15902
15914
15945
15950
15955
15961
15992
16006
16014
16017
16019
16028
16036
16046
16046
16061
16061
16062
16069
16070
16093
16096
16097
16098
16123
16136
16139
16143
16144
16163
16178
16197
16232
16235
16242
16276
16287
16311
16316
16350
16351
16352
16371
16382
16390
16397
16402
16409
16415
16431
16433
16433
16442
16451
16466
16474
16483
16484
16494
16499
16561
16583
16587
16602
16631
16635
16640
16655
16662
16674
16692
16712
16762
16772
16775
16786
16789
16865
16866
16872
16879
16887
16903
16904
16907
16915
16922
16925
16957
16963
16977
16979
16982
16983
17000
17003
17005
17024
17025
17034
17039
17043
17056
17061
17095
17129
17132
17138
17149
17156
17163
17166
17172
17177
17195
17195
17204
17219
17240
17244
17245
17255
17274
17275
17281
17290
17291
17298
17300
17311
17330
17359
17369
17376
17381
17417
17419
17469
17474
17493
17498
17498
17504
17506
17514
17537
17571
17574
17576
17581
17589
17606
17623
17637
17653
17661
17668
17670
17677
17681
17689
17697
17706
17730
17737
17758
17760
17806
17810
17811
17825
17837
17840
17920
17931
17958
17973
17990
17992
17999
18020
18034
18062
18076
18077
18079
18094
18094
18095
18128
18128
18140
18145
18191
18194
18207
18220
18224
18272
18275
18276
18281
18318
18329
18333
18368
18399
18403
18414
18421
18436
18442
18452
18467
18493
18513
18520
18540
18550
18557
18559
18576
18604
18607
18640
18649
18667
18672
18706
18708
18712
18714
18730
18736
18741
18749
18759
18786
18801
18806
18821
18836
18836
18839
18846
18860
18863
18878
18903
18911
18917
18918
18932
18934
18940
18956
18957
18967
18994
19005
19011
19031
19038
19045
19062
19072
19079
19094
19158
19169
19210
19226
19239
19252
19253
19264
19265
19281
19291
19294
19296
19307
19327
19337
19344
19344
19392
19412
19448
19453
19458
19460
19487
19508
19514
19516
19520
19530
19542
19571
19578
19580
19592
19619
19625
19631
19648
19649
19664
19671
19712
19714
19714
19715
19749
19761
19781
19788
19794
19805
19818
19827
19829
19860
19862
19878
19884
19893
19921
19958
19967
19976
19987
19999
20005
20010
20013
20015
20015
20026
20030
20041
20067
20101
20109
20109
20117
20131
20143
20174
20175
20184
20193
20203
20216
20253
20260
20278
20291
20296
20307
20313
20324
20327
20330
20344
20349
20373
20394
20405
20425
20429
20430
20431
20450
20457
20460
20466
20479
20483
20494
20500
20511
20538
20546
20558
20560
20606
20606
20615
20619
20632
20635
20644
20648
20650
20657
20659
20672
20692
20698
20705
20706
20732
20774
20789
20792
20794
20796
20804
20812
20813
20815
20826
20861
20862
20873
20875
20883
20895
20912
20914
20915
20928
20948
20954
20955
20957
20974
20989
21004
21009
21043
21046
21047
21066
21074
21078
21081
21091
21097
21101
21105
21136
21137
21149
21167
21176
21183
21201
21207
21207
21227
21241
21267
21274
21278
21278
21300
21316
21317
21351
21372
21383
21391
21392
21393
21409
21440
21444
21444
21445
21459
21487
21508
21567
21571
21573
21593
21617
21619
21670
21685
21738
21797
21802
21804
21816
21817
21818
21831
21852
21885
21888
21892
21898
21960
21975
22011
22022
22023
22032
22048
22071
22083
22091
22118
22123
22124
22138
22152
22157
22187
22218
22226
22227
22228
22242
22252
22260
22262
22272
22287
22301
22301
22319
22324
22346
22358
22377
22389
22391
22392
22427
22460
22468
22475
22515
22520
22524
22529
22532
22535
22542
22548
22553
22557
22565
22585
22591
22605
22609
22610
22610
22618
22646
22654
22673
22676
22676
22684
22686
22694
22703
22706
22710
22733
22734
22738
22739
22746
22757
22759
22780
22791
22800
22828
22862
22900
22905
22905
22924
22956
22973
22978
22989
22997
22999
23000
23025
23029
23042
23050
23057
23082
23100
23104
23105
23109
23138
23143
23193
23194
23196
23224
23225
23226
23259
23286
23289
23297
23299
23317
23322
23323
23344
23371
23376
23386
23410
23411
23422
23451
23473
23486
23519
23521
23523
23555
23561
23569
23576
23598
23614
23614
23629
23635
23638
23651
23663
23664
23667
23673
23689
23700
23703
23704
23712
23713
23717
23718
23720
23720
23723
23723
23728
23770
23788
23818
23832
23835
23847
23855
23861
23897
23916
23916
23917
23918
23933
23949
23984
23991
23994
24001
24008
24020
24037
24046
24048
24050
24072
24075
24083
24091
24092
24101
24121
24139
24144
24181
24183
24184
24189
24201
24237
24243
24246
24247
24248
24249
24277
24303
24303
24382
24390
24391
24396
24429
24431
24432
24456
24465
24477
24491
24493
24505
24549
24553
24562
24583
24598
24602
24621
24631
24647
24648
24657
24661
24663
24664
24670
24677
24679
24749
24766
24769
24776
24794
24805
24811
24826
24843
24844
24847
24864
24868
24884
24887
24896
24903
24910
24939
24955
24968
24969
24970
24974
24977
24982
24990
24997
25028
25042
25061
25082
25116
25125
25126
25134
25138
25148
25150
25156
25187
25209
25216
25227
25229
25255
25267
25275
25280
25286
25304
25318
25329
25363
25368
25382
25390
25394
25413
25414
25434
25440
25458
25467
25468
25484
25494
25513
25527
25528
25534
25546
25587
25587
25615
25618
25628
25636
25637
25657
25660
25683
25687
25687
25691
25697
25715
25750
25754
25762
25778
25795
25802
25818
25822
25835
25847
25858
25859
25874
25883
25904
25920
25966
25966
25985
25985
25995
26005
26008
26011
26012
26043
26077
26083
26101
26125
26127
26140
26151
26160
26231
26237
26241
26271
26272
26307
26310
26336
26349
26349
26352
26368
26396
26410
26424
26429
26449
26480
26486
26486
26489
26507
26508
26513
26518
26520
26528
26542
26555
26561
26563
26563
26570
26584
26593
26604
26608
26609
26626
26646
26652
26658
26658
26663
26675
26678
26681
26682
26685
26693
26693
26698
26701
26717
26724
26733
26743
26746
26754
26759
26785
26788
26796
26797
26798
26805
26831
26834
26836
26838
26840
26863
26882
26900
26902
26928
26935
26950
26981
26988
26999
27011
27031
27031
27031
27069
27074
27095
27102
27104
27105
27109
27121
27134
27140
27155
27156
27158
27203
27206
27207
27211
27243
27267
27270
27275
27302
27309
27319
27321
27323
27325
27326
27332
27345
27359
27364
27383
27388
27389
27401
27405
27409
27430
27436
27444
27449
27450
27451
27472
27480
27488
27491
27491
27493
27496
27511
27514
27554
27556
27558
27570
27584
27585
27591
27602
27614
27615
27633
27641
27646
27670
27678
27681
27699
27712
27721
27731
27747
27752
27773
27798
27799
27820
27837
27856
27864
27882
27894
27897
27900
27931
27943
27954
27957
27977
27981
28007
28011
28023
28038
28052
28077
28094
28096
28105
28108
28111
28114
28119
28136
28139
28141
28147
28169
28170
28176
28179
28190
28201
28213
28222
28227
28232
28246
28254
28278
28299
28308
28310
28324
28327
28334
28337
28340
28344
28359
28364
28365
28368
28380
28405
28406
28408
28413
28421
28426
28430
28437
28456
28458
28467
28476
28487
28491
28493
28515
28545
28558
28570
28574
28575
28587
28600
28620
28626
28628
28639
28677
28679
28684
28687
28691
28699
28704
28710
28771
28774
28777
28825
28844
28854
28857
28860
28861
28882
28885
28923
28927
28935
28951
28957
28979
28979
28985
28994
29041
29044
29102
29122
29136
29176
29189
29201
29202
29218
29254
29255
29267
29271
29281
29284
29301
29306
29317
29323
29367
29368
29370
29373
29374
29391
29394
29420
29446
29464
29471
29473
29483
29488
29508
29515
29521
29542
29551
29579
29580
29587
29593
29600
29612
29625
29629
29635
29635
29644
29661
29675
29704
29704
29712
29716
29723
29731
29737
29742
29743
29762
29769
29806
29808
29811
29818
29823
29846
29849
29853
29858
29866
29875
29882
29896
29901
29904
29912
29916
29930
29945
29978
29981
30002
30008
30021
30049
30052
30074
30082
30087
30092
30094
30106
30115
30131
30176
30191
30203
30212
30235
30238
30291
30298
30301
30314
30338
30353
30362
30373
30373
30375
30389
30390
30423
30445
30461
30469
30476
30487
30505
30512
30513
30521
30591
30598
30605
30612
30617
30625
30637
30640
30653
30668
30680
30681
30686
30704
30734
30735
30772
30789
30791
30814
30815
30818
30834
30874
30914
30914
30938
30965
30969
30977
30979
30981
30986
30989
30998
31010
31022
31038
31055
31057
31073
31084
31092
31098
31102
31128
31151
31154
31161
31214
31222
31223
31269
31271
31287
31294
31298
31299
31341
31367
31373
31378
31404
31406
31415
31421
31423
31428
31439
31450
31457
31458
31459
31468
31473
31477
31483
31486
31488
31520
31534
31543
31556
31563
31585
31595
31611
31615
31622
31626
31653
31673
31673
31678
31679
31688
31691
31695
31706
31722
31732
31734
31736
31741
31789
31797
31801
31815
31829
31853
31868
31882
31909
31926
31947
31956
31967
31969
31969
31975
31975
32028
32032
32039
32046
32070
32094
32103
32110
32112
32140
32207
32208
32242
32244
32256
32272
32319
32320
32324
32332
32349
32377
32405
32426
32432
32435
32437
32443
32454
32471
32493
32493
32504
32505
32526
32533
32546
32552
32574
32602
32616
32664
32680
32686
32690
32697
32704
32710
32723
32727
32729
32734
32773
32778
32815
32821
32849
32849
32879
32881
32891
32898
32898
32910
32912
32944
32972
32981
32984
32991
32992
32997
33007
33008
33054
33080
33087
33094
33099
33119
33130
33153
33161
33166
33203
33207
33215
33234
33291
33307
33312
33321
33338
33370
33378
33379
33379
33387
33388
33395
33415
33415
33464
33468
33474
33476
33477
33482
33525
33568
33593
33596
33606
33614
33618
33619
33643
33647
33648
33654
33663
33667
33669
33674
33674
33678
33679
33692
33727
33747
33772
33794
33795
33806
33813
33833
33836
33836
33854
33865
33881
33904
33906
33925
33930
33934
33945
33952
33958
33982
33984
33986
33992
33992
34005
34009
34028
34061
34070
34073
34077
34086
34098
34100
34107
34116
34119
34121
34124
34124
34126
34136
34136
34141
34157
34172
34177
34184
34184
34205
34213
34214
34228
34233
34241
34256
34264
34267
34275
34282
34309
34319
34334
34338
34346
34346
34351
34353
34357
34373
34374
34388
34391
34403
34420
34434
34462
34467
34476
34495
34499
34505
34532
34546
34581
34627
34629
34660
34667
34674
34698
34703
34710
34712
34734
34743
34747
34752
34768
34793
34808
34820
34822
34835
34845
34848
34853
34859
34866
34868
34870
34872
34879
34880
34901
34919
34938
34938
34943
34961
34966
34968
34968
34970
34973
34999
35024
35035
35051
35059
35067
35079
35082
35100
35107
35113
35114
35117
35146
35146
35162
35173
35181
35182
35182
35188
35254
35254
35271
35280
35359
35371
35372
35373
35378
35391
35404
35411
35433
35483
35489
35491
35507
35525
35535
35538
35544
35545
35566
35568
35573
35608
35623
35624
35635
35644
35646
35660
35672
35682
35685
35685
35695
35701
35726
35732
35751
35758
35760
35778
35782
35785
35823
35834
35841
35843
35870
35895
35904
35907
35956
35961
35963
35971
35976
35982
35984
35984
35985
35988
36004
36005
36015
36015
36027
36046
36051
36056
36058
36063
36073
36094
36103
36110
36123
36138
36148
36156
36166
36174
36178
36185
36212
36220
36289
36301
36302
36308
36327
36383
36392
36402
36423
36440
36450
36456
36459
36460
36465
36467
36471
36498
36519
36545
36559
36575
36577
36619
36632
36659
36686
36686
36691
36696
36734
36764
36782
36804
36821
36828
36836
36855
36868
36876
36880
36899
36912
36913
36916
36936
36946
36956
36965
36971
37001
37008
37026
37038
37040
37054
37071
37106
37149
37155
37169
37186
37203
37256
37262
37265
37307
37308
37333
37343
37376
37379
37397
37413
37515
37517
37528
37561
37562
37578
37594
37615
37617
37629
37630
37639
37640
37674
37679
37686
37689
37693
37700
37744
37790
37804
37827
37835
37836
37838
37857
37868
37881
37884
37885
37887
37890
37890
37982
37994
38039
38039
38045
38047
38049
38050
38050
38079
38083
38107
38116
38120
38150
38161
38169
38181
38190
38194
38260
38264
38267
38280
38297
38303
38320
38325
38344
38355
38386
38421
38429
38432
38454
38456
38469
38489
38496
38499
38506
38524
38528
38556
38577
38584
38603
38603
38621
38621
38624
38683
38686
38701
38725
38726
38729
38731
38733
38734
38771
38775
38782
38790
38799
38837
38844
38851
38853
38942
38943
38943
38969
38973
38977
38987
38993
39003
39011
39016
39032
39039
39051
39052
39097
39115
39139
39140
39145
39167
39169
39174
39192
39194
39200
39204
39222
39223
39233
39261
39262
39284
39298
39330
39332
39362
39369
39385
39392
39393
39413
39417
39422
39435
39437
39453
39457
39459
39493
39502
39511
39512
39551
39586
39621
39623
39631
39635
39642
39650
39689
39728
39732
39751
39753
39761
39768
39768
39776
39807
39824
39827
39845
39857
39863
39875
39883
39884
39932
39938
39941
39953
39970
39989
39994
40009
40013
40018
40028
40030
40039
40054
40066
40082
40103
40109
40109
40110
40121
40126
40126
40129
40140
40164
40164
40166
40187
40203
40203
40204
40211
40213
40234
40243
40249
40259
40268
40270
40278
40284
40290
40302
40316
40319
40352
40359
40371
40387
40396
40407
40427
40430
40442
40442
40446
40469
40472
40477
40483
40487
40496
40542
40543
40567
40578
40584
40589
40598
40623
40624
40628
40629
40629
40636
40668
40670
40686
40689
40699
40718
40719
40723
40733
40736
40747
40772
40778
40830
40859
40861
40863
40873
40882
40896
40924
40939
40948
40948
40950
40965
40966
40969
40997
41008
41050
41071
41080
41083
41095
41102
41107
41108
41111
41120
41120
41127
41129
41155
41201
41203
41220
41236
41241
41241
41264
41266
41267
41273
41283
41283
41301
41302
41308
41317
41318
41325
41330
41343
41344
41345
41349
41360
41382
41423
41428
41436
41441
41453
41461
41480
41494
41497
41530
41533
41534
41573
41597
41607
41619
41642
41645
41650
41669
41685
41702
41709
41719
41719
41720
41750
41750
41761
41764
41775
41806
41839
41843
41849
41858
41898
41904
41908
41912
41914
41917
41920
41933
41937
41939
41959
41964
41972
41997
41998
42035
42044
42045
42052
42063
42092
42094
42122
42146
42159
42171
42186
42197
42215
42220
42277
42289
42298
42317
42322
42332
42353
42363
42387
42399
42437
42444
42459
42460
42466
42476
42483
42497
42568
42573
42583
42613
42625
42627
42669
42677
42677
42677
42684
42710
42753
42790
42798
42815
42829
42835
42855
42890
42891
42939
42940
42946
42962
42981
43020
43022
43040
43045
43051
43063
43081
43089
43125
43132
43135
43140
43151
43154
43165
43180
43181
43189
43204
43236
43239
43247
43254
43258
43267
43299
43304
43320
43334
43348
43359
43380
43381
43396
43431
43434
43438
43458
43475
43477
43535
43546
43546
43546
43558
43569
43570
43574
43576
43586
43592
43606
43612
43618
43633
43635
43646
43658
43669
43688
43700
43713
43716
43725
43737
43739
43763
43804
43828
43835
43841
43843
43846
43849
43863
43870
43897
43959
43970
44003
44006
44006
44014
44057
44087
44111
44114
44120
44146
44155
44156
44196
44203
44230
44254
44265
44275
44284
44287
44294
44314
44335
44341
44347
44349
44374
44394
44438
44445
44472
44498
44514
44518
44541
44556
44559
44571
44590
44611
44643
44644
44664
44697
44713
44722
44725
44748
44752
44754
44794
44813
44818
44889
44892
44899
44901
44917
44922
44933
44934
44942
44972
44973
44993
45002
45013
45024
45031
45033
45046
45054
45054
45087
45115
45116
45120
45124
45135
45145
45163
45169
45202
45221
45233
45244
45252
45256
45273
45288
45291
45294
45298
45302
45307
45318
45331
45353
45366
45369
45377
45378
45394
45423
45440
45445
45448
45466
45479
45481
45499
45542
45543
45551
45575
45582
45589
45593
45607
45612
45615
45641
45653
45668
45672
45676
45679
45688
45704
45708
45732
45743
45754
45766
45776
45807
45830
45830
45843
45843
45844
45856
45862
45883
45895
45901
45906
45920
45931
45944
45950
45962
45974
45976
45983
45990
46031
46066
46071
46082
46098
46128
46138
46144
46162
46167
46171
46189
46205
46212
46229
46231
46237
46264
46268
46276
46288
46289
46292
46307
46324
46330
46337
46343
46383
46393
46395
46403
46410
46413
46418
46430
46439
46448
46467
46472
46481
46499
46510
46513
46518
46519
46543
46547
46570
46584
46590
46596
46637
46640
46652
46671
46677
46681
46708
46711
46727
46738
46738
46744
46744
46746
46765
46776
46778
46778
46787
46801
46802
46808
46849
46855
46876
46888
46897
46913
46923
46948
46957
46982
46984
46986
46990
47014
47034
47034
47056
47100
47101
47101
47121
47140
47148
47167
47184
47190
47211
47218
47221
47231
47235
47238
47239
47257
47268
47277
47286
47317
47328
47335
47352
47357
47357
47363
47371
47373
47374
47382
47451
47469
47474
47474
47487
47504
47513
47525
47533
47547
47548
47551
47599
47630
47639
47645
47673
47674
47683
47684
47699
47745
47768
47769
47772
47778
47795
47835
47838
47842
47845
47853
47866
47873
47880
47884
47885
47891
47911
47912
47923
47926
47944
47953
47960
47964
47966
47971
47973
47998
48007
48030
48035
48037
48047
48051
48053
48055
48065
48077
48090
48139
48143
48152
48162
48171
48176
48190
48203
48241
48299
48341
48355
48360
48391
48398
48407
48409
48463
48483
48487
48521
48522
48540
48555
48575
48627
48635
48644
48655
48661
48661
48663
48664
48667
48679
48692
48709
48719
48723
48727
48760
48760
48769
48775
48805
48854
48886
48900
48913
48914
48920
48947
48955
48958
48974
48989
48994
48997
49010
49014
49023
49040
49089
49092
49110
49123
49124
49125
49131
49136
49152
49155
49156
49183
49194
49199
49210
49216
49220
49259
49265
49294
49304
49319
49320
49338
49339
49342
49351
49358
49361
49373
49377
49384
49385
49400
49450
49455
49467
49477
49498
49508
49508
49522
49531
49534
49534
49550
49552
49562
49564
49581
49583
49589
49605
49609
49621
49621
49622
49624
49716
49716
49720
49728
49743
49750
49759
49767
49769
49769
49776
49784
49791
49801
49828
49839
49858
49859
49872
49876
49895
49905
49906
49939
49951
49971
49973
49978
49978
49979
49979
49991
49999
