1
1
7
9
26
65
67
67
72
74
79
98
101
113
117
123
124
127
128
140
174
213
222
223
227
227
231
234
255
270
270
273
275
287
288
296
308
319
321
330
350
352
354
359
362
372
376
382
392
397
401
451
451
456
466
468
472
483
492
516
518
526
526
530
540
551
569
573
600
601
612
646
646
649
660
669
670
671
689
691
698
699
702
705
706
710
712
723
724
732
764
765
783
785
791
792
800
810
824
827
867
877
887
892
929
957
972
983
1010
1017
1038
1049
1072
1119
1134
1153
1159
1183
1184
1201
1214
1233
1237
1239
1243
1261
1282
1286
1292
1308
1322
1325
1330
1339
1351
1363
1364
1366
1411
1425
1436
1467
1481
1492
1536
1542
1572
1573
1585
1591
1600
1607
1611
1615
1636
1639
1648
1650
1662
1670
1685
1690
1691
1707
1725
1736
1767
1771
1778
1785
1815
1820
1839
1840
1871
1874
1881
1905
1906
1913
1924
1937
1938
1939
1955
1966
1972
1982
2000
2001
2023
2028
2034
2041
2045
2056
2058
2115
2124
2140
2141
2156
2162
2172
2186
2214
2275
2285
2304
2307
2318
2331
2332
2333
2339
2341
2348
2364
2365
2420
2426
2438
2441
2458
2472
2482
2483
2491
2493
2509
2514
2530
2534
2538
2543
2553
2566
2567
2572
2573
2592
2594
2603
2634
2656
2660
2663
2672
2701
2704
2712
2730
2736
2739
2739
2743
2775
2781
2790
2802
2817
2817
2817
2835
2848
2854
2872
2882
2899
2901
2905
2925
2961
2967
2971
2999
3000
3004
3029
3032
3033
3045
3055
3060
3060
3091
3153
3163
3168
3175
3186
3222
3227
3247
3248
3263
3277
3304
3317
3322
3335
3347
3349
3368
3375
3387
3409
3425
3428
3440
3448
3449
3456
3460
3478
3480
3487
3494
3527
3528
3533
3540
3545
3558
3578
3587
3590
3625
3632
3635
3669
3673
3684
3714
3717
3724
3724
3734
3751
3775
3782
3798
3811
3818
3842
3856
3863
3907
3917
3929
3934
3965
3985
4001
4002
4005
4009
4009
4035
4048
4074
4075
4085
4091
4099
4102
4141
4143
4154
4164
4197
4239
4266
4283
4289
4306
4306
4332
4340
4377
4379
4394
4400
4418
4425
4425
4439
4478
4480
4523
4524
4529
4532
4567
4586
4591
4603
4603
4604
4605
4620
4647
4650
4657
4663
4685
4690
4703
4752
4755
4760
4767
4770
4783
4795
4800
4803
4807
4814
4825
4833
4847
4879
4888
4896
4922
4933
4973
4985
4990
5039
5040
5050
5062
5066
5090
5093
5128
5153
5164
5178
5209
5210
5215
5215
5239
5247
5254
5255
5257
5259
5289
5299
5309
5310
5317
5341
5353
5363
5376
5384
5400
5409
5414
5420
5433
5437
5493
5504
5507
5534
5572
5577
5594
5602
5602
5612
5615
5620
5634
5668
5670
5678
5711
5724
5727
5733
5733
5735
5742
5756
5760
5773
5780
5808
5835
5853
5886
5893
5894
5900
5931
5932
5936
5946
5949
5950
5952
5955
5976
5991
6005
6006
6026
6033
6040
6052
6069
6130
6151
6164
6174
6179
6201
6219
6241
6251
6265
6284
6298
6309
6321
6343
6356
6356
6359
6360
6375
6384
6387
6396
6425
6441
6445
6457
6473
6477
6480
6493
6508
6509
6512
6536
6546
6553
6556
6613
6614
6614
6617
6626
6656
6690
6721
6721
6724
6746
6755
6761
6791
6798
6816
6819
6839
6841
6859
6889
6900
6912
6913
6934
6937
6960
6962
6988
6993
6994
6995
7008
7008
7016
7042
7048
7086
7094
7099
7110
7123
7193
7196
7201
7202
7249
7258
7273
7276
7283
7289
7305
7330
7340
7343
7353
7365
7385
7385
7389
7398
7423
7423
7428
7442
7452
7466
7488
7510
7573
7583
7596
7600
7608
7612
7614
7624
7628
7628
7648
7660
7662
7667
7680
7683
7687
7692
7693
7722
7755
7775
7818
7826
7834
7834
7841
7859
7884
7922
7963
7968
7972
7992
7995
8001
8017
8024
8059
8064
8076
8087
8103
8105
8128
8131
8138
8142
8151
8154
8165
8169
8185
8242
8259
8262
8270
8270
8281
8289
8301
8310
8312
8319
8377
8386
8394
8400
8410
8446
8460
8477
8501
8507
8525
8529
8542
8555
8607
8611
8625
8638
8649
8652
8670
8695
8724
8727
8735
8782
8784
8795
8797
8806
8843
8844
8854
8858
8859
8887
8905
8950
8952
8955
8961
8975
9024
9027
9037
9044
9044
9061
9071
9080
9096
9120
9133
9162
9170
9171
9202
9211
9238
9253
9295
9302
9315
9332
9346
9357
9401
9404
9409
9412
9413
9417
9419
9420
9427
9431
9438
9447
9464
9477
9510
9513
9536
9578
9599
9606
9620
9625
9651
9667
9672
9679
9693
9702
9720
9720
9721
9723
9742
9783
9793
9793
9814
9828
9834
9842
9842
9852
9873
9886
9925
9941
9944
9945
9954
9960
9971
9997
10011
10021
10022
10023
10031
10052
10070
10121
10130
10143
10154
10162
10177
10194
10196
10220
10228
10261
10282
10287
10289
10309
10311
10336
10339
10351
10351
10362
10368
10379
10382
10419
10447
10448
10450
10466
10498
10527
10561
10591
10597
10598
10649
10651
10666
10670
10724
10724
10738
10750
10752
10767
10783
10810
10818
10832
10867
10875
10907
10932
10952
10959
10961
10968
10977
11001
11008
11038
11040
11040
11044
11070
11082
11097
11109
11113
11141
11145
11158
11170
11171
11171
11197
11208
11219
11225
11233
11273
11299
11307
11312
11323
11334
11335
11339
11362
11366
11369
11397
11403
11408
11417
11422
11481
11484
11501
11509
11526
11526
11551
11566
11568
11581
11583
11599
11602
11618
11634
11642
11648
11648
11661
11676
11749
11752
11762
11780
11797
11806
11807
11807
11833
11835
11863
11891
11892
11910
11926
11961
11965
11969
12005
12019
12079
12087
12100
12106
12107
12117
12127
12148
12154
12156
12174
12215
12229
12240
12256
12264
12285
12309
12347
12350
12362
12393
12415
12441
12481
12488
12502
12531
12541
12556
12557
12565
12566
12573
12598
12614
12620
12657
12657
12666
12669
12675
12688
12704
12704
12722
12729
12761
12774
12778
12787
12826
12827
12836
12839
12873
12882
12886
12895
12902
12909
12911
12927
12963
12990
12991
12994
13002
13003
13023
13034
13035
13043
13088
13122
13129
13137
13142
13171
13190
13218
13235
13237
13240
13253
13260
13280
13290
13297
13300
13305
13314
13319
13320
13339
13345
13362
13386
13411
13411
13413
13425
13426
13431
13448
13454
13454
13462
13498
13498
13533
13535
13538
13542
13547
13570
13576
13580
13584
13584
13586
13624
13634
13640
13660
13670
13676
13700
13703
13723
13725
13735
13735
13778
13781
13786
13798
13830
13856
13862
13867
13873
13879
13883
13892
13900
13937
13940
13941
13944
13948
13952
13967
13983
13985
13995
13997
13998
14005
14013
14019
14058
14078
14090
14101
14108
14123
14131
14133
14136
14145
14145
14147
14151
14196
14211
14225
14225
14228
14245
14252
14299
14324
14336
14373
14394
14407
14408
14426
14429
14461
14463
14466
14470
14488
14489
14512
14531
14531
14537
14541
14551
14560
14584
14586
14593
14603
14606
14607
14614
14620
14662
14671
14678
14684
14689
14696
14716
14800
14815
14835
14839
14873
14876
14890
14902
14903
14922
14942
14944
14981
14985
14993
15029
15035
15035
15039
15047
15058
15067
15077
15087
15114
15119
15163
15171
15180
15183
15188
15209
15236
15237
15273
15309
15313
15330
15333
15343
15355
15357
15365
15380
15391
15394
15398
15399
15411
15434
15451
15460
15486
15503
15512
15536
15540
15565
15578
15578
15581
15586
15587
15587
15590
15593
15636
15667
15674
15676
15689
15689
15694
15709
15722
15724
15733
15756
15758
15772
15779
15783
15792
15793
15798
15808
15810
15825
15847
15852
15855
15859
15862
15867
15888
15894
15908
15909
15912
15937
15943
15957
15977
15985
15991
16000
16010
16028
16043
16045
16066
16092
16097
16134
16152
16154
16169
16191
16197
16201
16202
16233
16244
16246
16252
16293
16302
16309
16322
16327
16358
16360
16361
16366
16368
16370
16373
16400
16403
16457
16463
16486
16502
16504
16514
16541
16541
16546
16549
16564
16590
16648
16661
16669
16697
16701
16707
16725
16742
16746
16756
16759
16760
16764
16771
16783
16784
16785
16802
16802
16808
16854
16866
16868
16870
16879
16889
16894
16898
16930
16931
16955
16955
16957
16986
16992
16992
17001
17033
17047
17061
17066
17081
17103
17105
17162
17162
17168
17178
17219
17227
17228
17265
17272
17273
17287
17291
17292
17298
17303
17322
17372
17381
17400
17426
17430
17444
17516
17517
17528
17529
17546
17563
17594
17599
17606
17608
17615
17618
17618
17637
17644
17645
17645
17653
17660
17665
17669
17675
17677
17684
17689
17690
17710
17716
17724
17748
17751
17751
17775
17780
17804
17815
17865
17882
17913
17916
17934
17938
17943
17954
17982
17987
17996
18005
18034
18037
18048
18067
18081
18091
18094
18094
18100
18104
18115
18139
18141
18149
18151
18182
18182
18184
18185
18190
18208
18216
18219
18232
18239
18269
18283
18290
18298
18305
18306
18327
18332
18375
18381
18408
18408
18417
18431
18432
18444
18458
18463
18480
18496
18497
18512
18518
18527
18548
18562
18574
18576
18589
18592
18599
18618
18622
18641
18651
18663
18668
18689
18706
18707
18732
18733
18737
18745
18747
18769
18769
18812
18815
18816
18849
18851
18874
18896
18909
18915
18918
18919
18927
18944
18946
18961
18989
19035
19070
19084
19096
19127
19141
19164
19165
19177
19179
19197
19197
19202
19206
19208
19213
19224
19236
19243
19262
19263
19268
19277
19286
19300
19310
19325
19340
19347
19359
19361
19379
19385
19413
19414
19426
19431
19438
19442
19454
19454
19458
19460
19474
19483
19489
19490
19500
19514
19522
19548
19559
19562
19565
19595
19601
19623
19656
19671
19672
19672
19698
19740
19788
19790
19799
19812
19813
19816
19833
19843
19859
19859
19863
19890
19893
19940
19953
19974
19990
19996
19999
20031
20038
20040
20055
20078
20081
20085
20095
20111
20114
20124
20137
20164
20168
20174
20201
20202
20222
20225
20228
20233
20256
20273
20297
20312
20331
20346
20367
20372
20380
20381
20400
20410
20414
20426
20428
20432
20441
20451
20463
20499
20518
20519
20540
20551
20574
20575
20577
20577
20583
20592
20605
20616
20651
20668
20676
20702
20708
20784
20785
20812
20814
20829
20830
20830
20841
20852
20865
20874
20877
20878
20900
20904
20923
20940
20944
20949
20953
20977
20985
20991
21022
21030
21048
21055
21073
21087
21090
21110
21119
21180
21185
21214
21249
21251
21264
21266
21270
21281
21282
21301
21302
21307
21312
21344
21366
21379
21384
21412
21417
21424
21428
21481
21488
21504
21508
21538
21548
21552
21568
21572
21575
21578
21581
21590
21626
21679
21741
21754
21764
21788
21807
21824
21828
21861
21898
21910
21913
21918
21928
21934
21942
21954
21981
21994
22024
22031
22032
22044
22045
22045
22054
22058
22064
22085
22109
22117
22145
22149
22156
22174
22183
22199
22221
22247
22259
22267
22296
22309
22341
22363
22376
22389
22392
22410
22411
22414
22418
22418
22420
22473
22489
22516
22538
22538
22543
22559
22587
22592
22603
22630
22636
22643
22672
22680
22681
22696
22703
22722
22722
22740
22745
22749
22755
22770
22795
22796
22837
22842
22860
22863
22868
22871
22885
22891
22914
22916
22925
22936
22943
22964
22967
22989
22990
23001
23002
23007
23010
23021
23025
23045
23046
23059
23090
23092
23096
23104
23120
23127
23149
23150
23153
23160
23200
23206
23210
23229
23240
23243
23281
23297
23351
23367
23388
23393
23394
23404
23413
23414
23418
23434
23435
23447
23449
23457
23464
23469
23472
23485
23493
23497
23501
23543
23563
23572
23639
23659
23669
23670
23675
23695
23704
23711
23712
23722
23723
23730
23736
23739
23740
23746
23763
23777
23790
23808
23815
23828
23828
23833
23837
23844
23844
23866
23879
23900
23910
23927
23927
23936
23955
23992
24001
24007
24013
24021
24028
24038
24060
24076
24088
24088
24105
24106
24113
24115
24115
24149
24153
24167
24189
24248
24274
24289
24292
24308
24333
24334
24337
24338
24344
24351
24382
24397
24406
24429
24435
24442
24509
24544
24568
24584
24593
24609
24612
24639
24649
24659
24668
24697
24741
24741
24750
24752
24753
24756
24789
24808
24808
24815
24825
24848
24855
24857
24881
24883
24907
24923
24937
24958
24960
24965
24974
24980
24994
24997
25009
25029
25035
25046
25088
25088
25091
25117
25120
25130
25138
25139
25140
25203
25204
25242
25273
25281
25285
25310
25316
25317
25330
25331
25332
25346
25347
25363
25375
25423
25426
25429
25433
25438
25463
25468
25507
25510
25513
25522
25523
25536
25553
25576
25578
25614
25620
25625
25642
25663
25663
25666
25694
25712
25733
25740
25756
25774
25800
25836
25837
25862
25871
25874
25890
25927
25954
25954
25961
25974
25993
26016
26017
26022
26024
26050
26056
26075
26077
26079
26093
26103
26107
26122
26122
26124
26126
26139
26150
26159
26161
26161
26179
26180
26202
26219
26261
26269
26304
26322
26340
26343
26344
26363
26369
26376
26379
26381
26386
26392
26402
26411
26412
26421
26454
26464
26467
26470
26488
26491
26500
26523
26523
26525
26562
26578
26590
26606
26619
26621
26622
26624
26627
26629
26635
26652
26691
26696
26703
26724
26725
26732
26737
26754
26766
26791
26794
26810
26842
26843
26853
26862
26866
26868
26902
26904
26910
26913
26921
26938
26954
26958
26973
26997
27004
27006
27009
27033
27070
27072
27073
27074
27087
27095
27110
27120
27139
27143
27170
27173
27182
27183
27186
27212
27221
27223
27227
27246
27248
27252
27290
27291
27338
27348
27369
27380
27396
27405
27410
27425
27439
27479
27483
27486
27495
27504
27506
27507
27540
27554
27566
27566
27584
27609
27613
27631
27638
27646
27658
27680
27681
27695
27711
27747
27775
27799
27852
27858
27865
27906
27924
27930
27931
27932
27937
27945
27966
27966
27975
27987
27993
28004
28015
28018
28052
28063
28070
28106
28109
28110
28121
28154
28201
28216
28221
28222
28229
28248
28259
28261
28262
28262
28284
28293
28301
28311
28311
28313
28317
28324
28335
28360
28371
28381
28382
28421
28428
28436
28440
28460
28461
28482
28483
28490
28515
28523
28523
28537
28600
28618
28619
28630
28639
28640
28662
28673
28697
28706
28707
28736
28737
28765
28769
28779
28790
28800
28813
28813
28858
28869
28872
28877
28890
28918
28962
28970
28975
28982
28986
28989
28990
29000
29018
29025
29029
29044
29054
29054
29055
29062
29072
29080
29081
29086
29089
29092
29104
29133
29140
29142
29170
29180
29184
29194
29200
29230
29244
29302
29313
29319
29325
29340
29348
29373
29395
29413
29420
29440
29460
29461
29470
29476
29480
29481
29511
29511
29518
29523
29526
29530
29547
29625
29638
29665
29683
29719
29739
29745
29751
29761
29779
29786
29840
29846
29856
29860
29863
29900
29904
29910
29916
29918
29941
29948
29965
29977
29980
29991
30035
30048
30054
30065
30084
30116
30118
30119
30138
30167
30195
30203
30211
30212
30286
30295
30309
30312
30326
30332
30338
30363
30381
30384
30392
30424
30433
30454
30455
30461
30474
30488
30492
30494
30499
30501
30501
30505
30522
30522
30540
30548
30549
30554
30591
30598
30608
30609
30631
30631
30634
30641
30649
30679
30688
30692
30697
30723
30739
30745
30752
30753
30756
30777
30778
30801
30802
30805
30814
30840
30857
30862
30868
30892
30892
30903
30909
30912
30918
30927
30929
30944
30948
30999
31006
31018
31019
31035
31103
31130
31147
31149
31151
31217
31234
31258
31263
31263
31267
31291
31307
31308
31320
31324
31332
31348
31361
31365
31366
31366
31369
31370
31373
31378
31383
31385
31395
31422
31427
31433
31450
31486
31500
31519
31520
31532
31539
31544
31597
31600
31610
31611
31615
31623
31627
31629
31631
31634
31643
31660
31678
31694
31696
31711
31752
31761
31771
31784
31793
31863
31908
31909
31919
31922
31927
31928
31931
31946
31948
31967
31982
31998
32001
32034
32061
32070
32079
32080
32092
32092
32130
32154
32166
32194
32211
32216
32222
32240
32244
32261
32261
32262
32269
32271
32275
32275
32281
32283
32297
32332
32341
32359
32365
32386
32395
32405
32477
32480
32501
32504
32506
32508
32516
32521
32526
32529
32539
32550
32571
32575
32576
32611
32612
32615
32667
32687
32697
32698
32712
32756
32772
32776
32790
32794
32795
32799
32805
32851
32854
32869
32908
32918
32937
32950
32975
32981
32982
32999
33018
33025
33047
33053
33062
33069
33132
33150
33164
33180
33181
33185
33194
33207
33209
33221
33228
33237
33241
33308
33311
33333
33346
33366
33376
33378
33409
33420
33429
33436
33443
33447
33468
33485
33502
33544
33575
33578
33580
33611
33618
33665
33685
33686
33710
33710
33714
33736
33745
33749
33752
33760
33763
33766
33789
33799
33828
33832
33839
33859
33859
33885
33898
33909
33916
33923
33930
33935
33936
33936
33945
33960
33998
34017
34018
34019
34020
34067
34084
34096
34107
34189
34228
34229
34291
34315
34342
34365
34366
34390
34398
34426
34438
34449
34456
34462
34464
34475
34485
34485
34489
34490
34497
34506
34513
34545
34567
34590
34592
34613
34617
34647
34650
34700
34702
34735
34776
34778
34780
34803
34811
34820
34833
34839
34873
34878
34892
34907
34933
34968
34972
34995
35021
35023
35026
35033
35054
35070
35085
35106
35108
35123
35133
35146
35181
35189
35191
35202
35205
35205
35209
35230
35235
35239
35261
35270
35273
35278
35287
35300
35313
35320
35331
35333
35344
35359
35365
35379
35390
35423
35461
35508
35528
35540
35544
35577
35579
35595
35612
35622
35632
35641
35655
35670
35675
35681
35682
35704
35721
35725
35728
35742
35751
35757
35793
35794
35812
35823
35828
35854
35865
35874
35879
35881
35882
35907
35916
35919
35944
35945
35956
35961
35963
35976
36008
36027
36059
36084
36085
36085
36095
36098
36113
36121
36124
36141
36169
36188
36189
36195
36212
36214
36227
36276
36281
36315
36316
36341
36365
36401
36424
36426
36431
36435
36447
36466
36532
36536
36547
36550
36553
36560
36564
36585
36599
36646
36657
36665
36690
36691
36696
36716
36716
36717
36729
36769
36783
36784
36825
36834
36863
36883
36901
36929
36954
36959
36962
36973
36976
36987
36987
36990
37024
37041
37053
37073
37080
37081
37082
37093
37099
37147
37158
37184
37192
37195
37196
37226
37230
37234
37244
37272
37272
37276
37285
37287
37308
37334
37345
37369
37384
37384
37387
37402
37412
37416
37427
37441
37454
37476
37478
37484
37492
37498
37503
37504
37509
37520
37524
37540
37541
37564
37567
37583
37583
37594
37601
37607
37671
37674
37693
37703
37705
37707
37716
37735
37737
37743
37773
37790
37796
37797
37808
37808
37812
37822
37826
37837
37899
37911
37917
37940
37945
37951
37958
37959
37973
37981
37988
38028
38038
38038
38054
38058
38064
38067
38094
38103
38112
38142
38151
38193
38194
38200
38220
38223
38224
38227
38227
38234
38238
38241
38249
38250
38260
38292
38293
38344
38345
38346
38367
38372
38390
38400
38401
38419
38422
38428
38439
38463
38467
38476
38483
38493
38495
38521
38525
38543
38547
38560
38569
38570
38581
38582
38601
38628
38638
38650
38676
38678
38687
38691
38730
38738
38769
38771
38798
38810
38811
38812
38837
38868
38870
38871
38888
38896
38904
38914
38923
38934
38936
38939
38962
38964
38982
38992
39006
39012
39017
39027
39036
39037
39073
39076
39086
39088
39109
39126
39133
39143
39155
39171
39187
39191
39194
39205
39220
39220
39258
39271
39276
39282
39286
39301
39355
39363
39375
39378
39399
39411
39428
39429
39429
39440
39449
39462
39481
39485
39497
39504
39506
39508
39514
39521
39533
39563
39566
39574
39581
39590
39595
39597
39603
39610
39613
39623
39660
39663
39684
39687
39689
39690
39703
39719
39746
39762
39767
39801
39803
39808
39809
39820
39865
39872
39917
39921
39929
39931
39947
39949
39965
39972
39976
40010
40010
40018
40029
40067
40076
40098
40145
40157
40181
40201
40212
40221
40238
40251
40252
40256
40259
40289
40319
40320
40337
40341
40353
40376
40412
40414
40421
40423
40431
40458
40463
40506
40534
40556
40562
40567
40578
40605
40630
40633
40654
40659
40659
40677
40681
40681
40725
40744
40747
40765
40766
40784
40796
40806
40814
40823
40828
40839
40849
40862
40884
40893
40901
40907
40931
40963
40965
40972
40983
40996
41003
41026
41027
41038
41056
41063
41079
41096
41105
41109
41120
41149
41173
41174
41178
41185
41190
41193
41216
41229
41245
41255
41281
41296
41297
41325
41331
41334
41339
41347
41360
41373
41376
41412
41464
41478
41482
41492
41526
41540
41543
41555
41563
41572
41581
41608
41610
41613
41628
41636
41640
41659
41660
41668
41669
41679
41716
41740
41775
41775
41775
41777
41801
41807
41809
41811
41836
41868
41884
41901
41923
41928
41935
41968
42007
42008
42026
42028
42065
42096
42096
42105
42130
42138
42171
42183
42186
42215
42217
42234
42245
42258
42268
42286
42293
42300
42312
42335
42363
42373
42374
42391
42427
42443
42461
42491
42513
42517
42528
42543
42545
42552
42562
42563
42564
42570
42571
42576
42590
42617
42621
42621
42625
42629
42639
42649
42663
42666
42668
42671
42690
42695
42709
42716
42724
42742
42751
42757
42771
42773
42813
42814
42825
42844
42874
42885
42886
42910
42929
42938
42944
42955
42967
42968
42984
43017
43017
43071
43082
43087
43117
43125
43137
43144
43145
43145
43155
43165
43167
43177
43180
43181
43181
43183
43202
43216
43226
43237
43248
43257
43283
43290
43291
43300
43309
43323
43331
43336
43336
43349
43360
43398
43413
43414
43415
43432
43458
43471
43471
43475
43501
43516
43520
43531
43537
43538
43540
43547
43584
43588
43620
43643
43648
43663
43664
43668
43685
43692
43695
43701
43714
43724
43740
43774
43805
43830
43838
43853
43855
43875
43881
43883
43886
43941
43959
43962
43978
43981
43988
43996
44007
44016
44024
44026
44036
44039
44042
44070
44087
44099
44110
44142
44173
44177
44194
44198
44202
44215
44242
44260
44275
44285
44287
44295
44309
44309
44315
44322
44399
44410
44433
44451
44454
44484
44506
44518
44519
44530
44562
44571
44574
44578
44586
44607
44614
44619
44622
44622
44626
44645
44648
44656
44686
44687
44699
44704
44705
44708
44727
44730
44738
44739
44740
44782
44799
44816
44829
44845
44848
44856
44865
44866
44883
44888
44895
44905
44910
44919
44938
44943
44953
44957
44961
44970
44983
44991
44995
45003
45006
45019
45024
45025
45037
45058
45059
45065
45090
45091
45121
45131
45141
45157
45162
45171
45172
45178
45180
45188
45191
45202
45206
45207
45210
45225
45228
45239
45241
45259
45279
45281
45312
45326
45335
45346
45352
45361
45380
45383
45388
45413
45420
45444
45453
45461
45464
45487
45489
45496
45501
45513
45518
45521
45529
45539
45556
45571
45597
45597
45605
45608
45622
45622
45638
45647
45696
45716
45722
45723
45730
45738
45740
45752
45755
45757
45760
45796
45826
45831
45831
45861
45897
45899
45919
45944
45946
45947
45956
45966
45978
46022
46028
46030
46043
46046
46051
46083
46087
46088
46096
46106
46127
46132
46132
46135
46142
46164
46173
46181
46201
46214
46215
46221
46233
46234
46240
46276
46298
46299
46323
46334
46336
46366
46367
46387
46387
46408
46410
46415
46423
46424
46425
46426
46431
46448
46469
46473
46503
46526
46553
46559
46581
46584
46600
46600
46602
46609
46617
46628
46660
46672
46736
46794
46804
46813
46854
46864
46870
46876
46891
46917
46925
46930
46941
46951
46972
46983
46984
47017
47021
47027
47053
47057
47060
47062
47104
47126
47141
47142
47160
47162
47170
47184
47205
47207
47211
47223
47230
47231
47235
47235
47270
47283
47293
47310
47321
47333
47354
47355
47385
47396
47400
47443
47448
47456
47460
47461
47500
47510
47511
47520
47526
47527
47541
47542
47589
47606
47606
47615
47627
47646
47656
47661
47673
47687
47688
47727
47739
47748
47759
47767
47790
47791
47811
47835
47836
47841
47886
47887
47888
47890
47893
47904
47905
47909
47916
47933
47933
47953
47954
47963
47964
47992
48030
48050
48054
48087
48161
48165
48173
48183
48203
48207
48208
48213
48215
48220
48225
48225
48232
48242
48256
48262
48284
48360
48360
48378
48380
48386
48390
48422
48426
48439
48465
48477
48488
48523
48556
48567
48569
48627
48627
48631
48631
48648
48649
48654
48664
48664
48668
48680
48687
48697
48704
48729
48735
48764
48768
48770
48789
48800
48829
48835
48844
48853
48860
48860
48861
48872
48875
48883
48884
48891
48898
48908
48944
48948
48950
48966
48967
48978
49023
49028
49031
49040
49067
49075
49083
49085
49088
49095
49102
49114
49145
49148
49174
49189
49206
49229
49235
49246
49250
49254
49256
49267
49307
49327
49349
49356
49365
49375
49404
49427
49429
49430
49449
49458
49503
49504
49531
49536
49562
49567
49572
49576
49589
49590
49606
49611
49644
49666
49682
49686
49696
49703
49709
49752
49793
49806
49813
49820
49823
49833
49842
49847
49853
49900
49913
49915
49936
49956
49964
49969
49972
