3
4
4
20
21
43
75
79
95
96
106
116
116
122
139
146
156
158
178
184
188
189
200
211
217
219
226
236
237
237
244
246
251
258
271
278
301
308
312
344
352
354
364
381
397
408
412
424
432
441
460
486
491
493
494
537
558
586
594
612
628
630
631
640
645
666
667
675
685
685
703
705
707
721
741
744
744
762
763
768
794
804
818
824
825
828
829
830
834
838
840
841
851
858
878
916
916
919
937
974
981
987
989
995
996
1019
1029
1060
1063
1071
1076
1086
1092
1102
1103
1116
1117
1144
1146
1152
1165
1178
1187
1188
1189
1197
1222
1229
1229
1230
1233
1234
1242
1246
1255
1256
1257
1258
1261
1266
1268
1288
1290
1307
1309
1317
1335
1337
1340
1372
1378
1402
1422
1432
1436
1438
1445
1445
1449
1452
1475
1488
1489
1492
1505
1506
1526
1530
1541
1547
1548
1556
1562
1574
1575
1576
1594
1600
1604
1604
1604
1630
1631
1639
1647
1654
1682
1701
1703
1719
1737
1747
1778
1789
1793
1796
1799
1801
1810
1819
1834
1848
1852
1855
1860
1862
1868
1871
1886
1888
1901
1913
1925
1935
1955
1969
1977
1980
1982
1985
1985
1989
1989
1989
1996
2003
2005
2007
2017
2017
2019
2022
2022
2038
2042
2045
2049
2067
2069
2069
2072
2080
2088
2100
2113
2135
2136
2146
2159
2160
2181
2202
2204
2204
2206
2225
2233
2239
2242
2262
2267
2282
2283
2288
2289
2299
2302
2302
2302
2317
2335
2346
2362
2363
2392
2415
2418
2418
2425
2432
2433
2440
2445
2459
2477
2480
2486
2506
2529
2534
2548
2559
2562
2575
2584
2599
2605
2613
2614
2616
2632
2632
2634
2640
2640
2647
2654
2667
2675
2686
2688
2690
2712
2716
2720
2743
2749
2751
2752
2773
2776
2786
2793
2794
2801
2808
2811
2813
2813
2829
2830
2842
2849
2850
2861
2870
2888
2890
2902
2906
2915
2918
2920
2935
2937
2939
2946
2947
2949
2957
2975
2985
3001
3013
3014
3049
3050
3061
3066
3081
3090
3090
3090
3105
3105
3118
3123
3128
3129
3135
3136
3137
3152
3162
3177
3189
3208
3222
3226
3230
3233
3247
3255
3258
3272
3298
3316
3320
3341
3345
3365
3368
3378
3378
3387
3400
3405
3409
3426
3435
3439
3441
3455
3456
3470
3473
3484
3485
3488
3491
3507
3514
3517
3518
3535
3546
3549
3555
3568
3580
3581
3584
3590
3600
3608
3619
3626
3630
3634
3636
3644
3670
3681
3685
3693
3713
3714
3736
3736
3740
3748
3776
3794
3800
3809
3816
3817
3819
3821
3835
3839
3840
3842
3846
3847
3872
3876
3888
3891
3914
3916
3918
3919
3932
3945
3954
3970
3976
3991
3993
4008
4013
4017
4018
4033
4035
4038
4042
4046
4060
4064
4073
4085
4121
4134
4139
4153
4163
4167
4177
4178
4180
4186
4189
4191
4206
4209
4214
4215
4238
4252
4252
4253
4276
4291
4299
4308
4316
4324
4330
4344
4352
4370
4414
4433
4436
4448
4453
4461
4462
4469
4473
4479
4481
4484
4490
4496
4502
4513
4517
4519
4522
4533
4535
4577
4579
4579
4595
4601
4609
4615
4617
4620
4621
4632
4639
4639
4658
4667
4672
4681
4687
4699
4703
4709
4718
4718
4723
4735
4744
4746
4751
4772
4778
4785
4789
4789
4796
4802
4823
4828
4847
4857
4858
4860
4881
4882
4886
4887
4892
4905
4910
4913
4916
4921
4929
4941
4942
4944
4951
4953
4958
4962
4969
4969
4983
5008
5009
5011
5012
5013
5015
5024
5047
5048
5073
5078
5081
5086
5096
5096
5107
5149
5150
5161
5180
5192
5198
5198
5205
5221
5247
5253
5277
5284
5285
5299
5300
5308
5308
5337
5340
5344
5372
5405
5416
5416
5417
5446
5461
5462
5464
5470
5481
5489
5494
5495
5497
5497
5510
5517
5523
5534
5546
5552
5553
5555
5567
5571
5606
5608
5620
5639
5639
5651
5654
5659
5660
5662
5682
5689
5700
5717
5717
5749
5749
5767
5767
5772
5799
5806
5813
5813
5814
5824
5825
5849
5861
5870
5871
5886
5887
5888
5909
5916
5920
5935
5935
5938
5938
5940
5941
5960
5964
5968
5979
5983
5989
5990
6005
6007
6008
6020
6021
6036
6040
6042
6119
6131
6134
6161
6164
6165
6173
6175
6186
6188
6191
6220
6221
6225
6234
6253
6258
6265
6266
6270
6286
6288
6308
6316
6326
6329
6332
6335
6337
6361
6368
6394
6405
6408
6410
6412
6413
6431
6443
6445
6446
6449
6452
6455
6459
6460
6468
6479
6479
6484
6488
6490
6505
6508
6520
6529
6541
6547
6552
6553
6554
6562
6563
6563
6565
6568
6574
6579
6581
6588
6593
6635
6657
6661
6671
6688
6700
6716
6729
6732
6734
6738
6760
6771
6781
6797
6807
6815
6829
6850
6863
6890
6891
6900
6915
6922
6935
6945
6947
6961
6962
6976
6982
6985
7007
7009
7020
7043
7047
7053
7063
7066
7089
7095
7100
7121
7132
7134
7147
7154
7161
7161
7163
7165
7214
7218
7234
7258
7258
7259
7261
7268
7283
7284
7294
7298
7307
7317
7328
7334
7350
7363
7377
7384
7391
7400
7400
7401
7448
7474
7480
7495
7498
7502
7521
7521
7523
7528
7535
7544
7547
7549
7551
7553
7561
7566
7570
7571
7575
7577
7600
7607
7607
7610
7620
7633
7649
7651
7657
7672
7674
7686
7688
7691
7712
7714
7718
7735
7735
7745
7750
7779
7791
7793
7827
7830
7835
7845
7847
7851
7879
7905
7911
7920
7928
7951
7958
7969
7974
7984
7984
7987
7987
7991
7995
8009
8032
8044
8045
8063
8090
8110
8119
8125
8130
8149
8163
8167
8199
8211
8214
8219
8227
8235
8248
8251
8256
8268
8288
8289
8297
8344
8345
8351
8352
8357
8362
8373
8379
8382
8403
8409
8424
8426
8426
8433
8436
8437
8446
8461
8467
8472
8486
8496
8497
8503
8506
8509
8533
8538
8544
8549
8561
8568
8573
8584
8594
8600
8600
8602
8602
8603
8605
8609
8617
8637
8642
8647
8650
8659
8665
8669
8670
8671
8672
8681
8683
8684
8689
8702
8710
8726
8727
8740
8741
8751
8772
8773
8789
8790
8809
8810
8820
8830
8848
8848
8861
8862
8865
8865
8873
8876
8893
8899
8911
8913
8918
8933
8943
8943
8973
8991
9006
9010
9033
9050
9051
9053
9070
9081
9081
9093
9095
9102
9105
9106
9108
9113
9115
9118
9119
9124
9135
9161
9161
9175
9182
9184
9186
9188
9196
9221
9229
9230
9240
9252
9264
9266
9281
9294
9295
9313
9323
9336
9340
9341
9358
9363
9365
9366
9390
9392
9393
9429
9432
9439
9447
9450
9469
9471
9477
9486
9486
9491
9494
9514
9523
9531
9537
9542
9560
9570
9577
9583
9584
9607
9621
9635
9661
9678
9683
9684
9688
9693
9699
9727
9733
9740
9745
9767
9769
9781
9785
9789
9809
9813
9823
9833
9834
9835
9836
9862
9864
9872
9872
9890
9901
9902
9929
9932
9937
9941
9957
9958
9970
9976
10003
10007
10016
10020
10023
10023
10024
10039
10075
10082
10085
10093
10106
10109
10113
10115
10116
10127
10139
10154
10171
10183
10189
10191
10195
10195
10198
10219
10225
10229
10241
10257
10260
10265
10270
10271
10272
10273
10282
10283
10288
10291
10310
10311
10312
10334
10338
10338
10339
10343
10349
10355
10359
10361
10383
10384
10400
10415
10425
10425
10425
10432
10432
10439
10439
10455
10477
10478
10482
10488
10489
10489
10493
10499
10506
10509
10521
10522
10524
10537
10546
10558
10561
10562
10605
10622
10630
10640
10640
10646
10664
10666
10666
10697
10711
10722
10734
10738
10741
10750
10752
10756
10786
10805
10825
10849
10867
10875
10900
10915
10916
10930
10942
10967
10973
10975
10987
10990
11008
11020
11045
11050
11057
11058
11060
11079
11091
11091
11094
11096
11099
11111
11123
11127
11132
11132
11136
11137
11146
11155
11180
11187
11193
11196
11211
11229
11237
11239
11249
11252
11258
11259
11267
11276
11278
11290
11291
11295
11308
11315
11333
11353
11357
11358
11366
11368
11372
11381
11382
11392
11396
11419
11434
11439
11449
11471
11475
11481
11483
11486
11486
11497
11498
11509
11513
11516
11520
11541
11554
11557
11563
11573
11585
11600
11602
11636
11636
11639
11646
11649
11651
11666
11667
11673
11689
11693
11710
11712
11714
11719
11728
11749
11750
11763
11772
11782
11785
11785
11787
11802
11808
11823
11826
11832
11833
11843
11845
11846
11859
11861
11861
11868
11870
11903
11911
11916
11919
11921
11926
11936
11953
11954
11999
12012
12019
12024
12040
12043
12046
12058
12071
12076
12091
12103
12121
12129
12139
12140
12143
12163
12172
12199
12203
12208
12212
12234
12271
12278
12278
12279
12280
12284
12290
12290
12299
12344
12349
12354
12354
12354
12355
12370
12378
12393
12397
12402
12424
12435
12447
12450
12451
12455
12480
12492
12502
12527
12529
12533
12539
12544
12560
12564
12568
12570
12584
12603
12604
12609
12613
12622
12625
12627
12646
12646
12650
12652
12655
12662
12678
12720
12720
12723
12728
12730
12741
12743
12756
12762
12780
12786
12788
12814
12820
12826
12832
12838
12840
12854
12858
12863
12879
12885
12888
12890
12928
12935
12937
12942
12946
12956
12957
12962
12977
12978
12992
12995
13005
13009
13014
13041
13049
13051
13051
13053
13056
13074
13079
13082
13087
13114
13127
13129
13146
13156
13162
13163
13163
13166
13171
13172
13175
13187
13192
13209
13210
13228
13235
13246
13246
13266
13272
13283
13284
13302
13328
13350
13357
13373
13377
13379
13388
13396
13396
13412
13416
13418
13450
13451
13466
13475
13483
13485
13501
13503
13524
13527
13532
13537
13542
13544
13551
13556
13566
13589
13592
13592
13592
13603
13609
13616
13618
13630
13632
13646
13646
13652
13667
13675
13680
13697
13715
13725
13725
13728
13742
13763
13784
13785
13802
13815
13817
13820
13826
13854
13875
13883
13885
13892
13892
13903
13912
13916
13921
13923
13923
13931
13933
13937
13950
13954
13958
13958
13959
13964
13965
13969
13976
14000
14020
14038
14045
14064
14087
14092
14124
14129
14134
14134
14139
14144
14147
14170
14182
14195
14208
14208
14208
14241
14264
14273
14275
14286
14292
14298
14322
14330
14343
14362
14364
14367
14372
14374
14376
14383
14385
14389
14396
14407
14420
14422
14436
14449
14456
14463
14481
14485
14493
14494
14504
14510
14511
14530
14536
14550
14569
14575
14626
14635
14636
14669
14671
14676
14680
14684
14688
14708
14729
14747
14748
14749
14751
14753
14756
14775
14802
14811
14823
14829
14855
14861
14869
14871
14872
14876
14883
14889
14900
14907
14909
14918
14926
14976
14981
14982
14985
14992
14998
15001
15001
15003
15008
15009
15029
15031
15057
15077
15090
15096
15106
15125
15130
15156
15171
15188
15192
15217
15219
15226
15231
15233
15239
15242
15252
15253
15256
15270
15275
15302
15308
15310
15328
15347
15355
15356
15364
15371
15382
15423
15429
15437
15450
15469
15472
15474
15500
15510
15517
15522
15526
15531
15533
15544
15553
15574
15576
15603
15604
15608
15609
15620
15638
15646
15673
15675
15677
15678
15683
15689
15691
15706
15724
15729
15783
15791
15792
15792
15836
15854
15865
15874
15879
15899
15922
15955
15965
15989
15997
16005
16012
16019
16024
16038
16041
16041
16041
16043
16047
16058
16060
16063
16074
16078
16085
16113
16126
16127
16136
16143
16150
16157
16157
16158
16160
16160
16166
16190
16211
16223
16236
16246
16248
16253
16264
16270
16279
16282
16291
16294
16310
16331
16335
16343
16349
16352
16364
16375
16380
16396
16405
16428
16430
16444
16458
16468
16476
16479
16481
16487
16488
16501
16526
16532
16536
16546
16558
16561
16562
16562
16563
16563
16567
16617
16632
16633
16640
16645
16664
16667
16677
16687
16694
16714
16722
16724
16727
16755
16757
16762
16770
16772
16778
16795
16804
16807
16823
16833
16836
16837
16838
16852
16857
16859
16878
16881
16887
16890
16890
16896
16896
16908
16918
16919
16929
16967
16979
16979
17003
17012
17014
17015
17020
17034
17036
17051
17060
17061
17064
17066
17069
17070
17083
17101
17115
17152
17157
17160
17167
17186
17200
17206
17210
17215
17221
17226
17240
17246
17262
17264
17267
17268
17274
17276
17284
17286
17296
17303
17305
17318
17320
17331
17340
17355
17362
17365
17366
17376
17381
17394
17399
17404
17418
17419
17424
17429
17429
17430
17437
17448
17449
17453
17468
17489
17501
17518
17521
17530
17536
17543
17563
17564
17603
17606
17636
17636
17637
17637
17649
17649
17657
17660
17662
17665
17668
17678
17681
17701
17705
17718
17723
17726
17728
17732
17734
17738
17738
17742
17750
17752
17768
17778
17780
17832
17836
17874
17883
17915
17972
17975
17980
17984
18018
18023
18046
18055
18069
18069
18072
18074
18088
18089
18114
18119
18138
18153
18153
18160
18161
18162
18176
18210
18223
18224
18231
18244
18248
18248
18250
18267
18269
18275
18286
18294
18294
18300
18302
18311
18319
18319
18332
18354
18371
18374
18387
18388
18388
18411
18418
18427
18446
18450
18454
18454
18467
18482
18510
18516
18518
18521
18533
18547
18550
18573
18577
18579
18602
18605
18614
18626
18637
18647
18647
18648
18653
18657
18727
18728
18729
18738
18743
18752
18756
18771
18774
18810
18814
18829
18833
18848
18851
18851
18855
18862
18865
18865
18882
18890
18890
18907
18909
18920
18920
18933
18959
18980
18997
19001
19003
19009
19016
19024
19033
19037
19042
19059
19065
19068
19070
19073
19082
19088
19100
19100
19113
19122
19134
19140
19150
19169
19176
19181
19188
19200
19213
19235
19251
19251
19260
19268
19277
19282
19292
19296
19304
19346
19356
19358
19366
19371
19375
19375
19380
19381
19383
19394
19400
19408
19410
19413
19434
19451
19455
19455
19458
19463
19464
19466
19475
19493
19493
19506
19514
19524
19524
19525
19525
19527
19538
19553
19554
19557
19557
19564
19581
19583
19584
19593
19595
19596
19602
19609
19664
19668
19671
19683
19687
19705
19707
19712
19720
19725
19761
19762
19785
19788
19789
19793
19793
19803
19817
19823
19825
19841
19844
19853
19858
19865
19877
19900
19906
19914
19919
19925
19937
19940
19949
19963
19966
19981
20007
20008
20014
20017
20020
20023
20026
20031
20037
20050
20056
20077
20085
20089
20095
20111
20118
20185
20187
20198
20224
20228
20276
20279
20300
20307
20314
20325
20331
20345
20352
20353
20357
20366
20387
20398
20403
20417
20418
20428
20440
20454
20459
20462
20464
20467
20470
20476
20477
20481
20497
20510
20513
20515
20516
20518
20521
20565
20575
20585
20586
20597
20619
20655
20657
20658
20665
20666
20679
20680
20690
20692
20714
20717
20722
20733
20744
20747
20769
20797
20808
20814
20822
20825
20834
20856
20866
20871
20872
20876
20879
20882
20903
20913
20929
20935
20952
20986
20999
21014
21025
21028
21031
21033
21036
21045
21049
21064
21085
21087
21093
21096
21105
21109
21114
21132
21137
21143
21145
21149
21160
21161
21162
21176
21194
21197
21201
21206
21209
21210
21244
21247
21261
21269
21273
21287
21297
21309
21328
21329
21330
21345
21354
21360
21368
21372
21379
21386
21393
21395
21408
21409
21412
21420
21433
21438
21445
21446
21480
21485
21496
21504
21517
21518
21524
21532
21563
21573
21576
21589
21589
21599
21629
21632
21634
21639
21640
21645
21652
21658
21671
21709
21711
21717
21721
21732
21747
21789
21796
21805
21831
21856
21857
21875
21886
21899
21901
21906
21934
21936
21936
21937
21942
21943
21948
21950
21969
21976
21991
21995
22004
22018
22022
22030
22037
22046
22056
22064
22070
22073
22115
22123
22125
22128
22130
22164
22169
22174
22222
22222
22225
22234
22236
22240
22243
22250
22258
22259
22261
22272
22294
22302
22306
22312
22315
22317
22323
22330
22335
22336
22341
22345
22358
22364
22372
22377
22381
22418
22428
22436
22436
22438
22445
22465
22475
22483
22486
22492
22494
22508
22510
22520
22522
22539
22550
22557
22558
22563
22589
22592
22622
22630
22630
22652
22657
22660
22677
22678
22713
22720
22749
22751
22764
22778
22782
22788
22818
22821
22821
22826
22833
22856
22868
22869
22876
22905
22911
22912
22937
22940
22946
22949
22956
22968
22969
22970
22994
22995
23001
23033
23033
23062
23086
23120
23130
23137
23147
23151
23170
23185
23187
23192
23198
23214
23215
23222
23222
23228
23240
23278
23281
23284
23292
23302
23302
23308
23314
23321
23364
23369
23381
23398
23404
23406
23418
23424
23434
23449
23458
23459
23463
23471
23474
23474
23477
23494
23497
23502
23504
23525
23527
23529
23549
23554
23579
23582
23591
23592
23594
23599
23611
23617
23627
23630
23632
23637
23645
23651
23663
23686
23694
23703
23707
23717
23722
23726
23783
23786
23795
23808
23838
23852
23856
23857
23910
23929
23931
23932
23933
23941
23953
23954
23957
23978
23981
23992
24012
24018
24035
24041
24046
24055
24067
24078
24081
24082
24106
24119
24125
24134
24140
24150
24153
24155
24155
24157
24158
24160
24170
24174
24179
24180
24188
24217
24219
24228
24232
24244
24245
24245
24247
24253
24257
24261
24262
24265
24286
24323
24335
24346
24365
24368
24381
24385
24388
24432
24441
24442
24448
24450
24455
24465
24478
24501
24507
24520
24524
24525
24535
24549
24549
24552
24554
24563
24563
24573
24590
24595
24604
24619
24626
24629
24629
24651
24667
24671
24673
24683
24687
24694
24695
24709
24715
24739
24739
24745
24753
24757
24785
24791
24792
24815
24847
24854
24874
24881
24882
24893
24918
24924
24946
24961
24961
24966
24969
24976
24993
24994
24997
24997
25015
25020
25037
25043
25049
25052
25057
25061
25083
25087
25090
25095
25100
25106
25109
25118
25118
25119
25144
25160
25161
25173
25187
25188
25197
25197
25198
25204
25211
25221
25226
25245
25245
25252
25283
25287
25295
25296
25309
25326
25336
25341
25351
25365
25374
25375
25410
25419
25419
25420
25423
25450
25458
25461
25480
25487
25496
25499
25502
25519
25532
25548
25555
25569
25591
25596
25650
25652
25655
25664
25689
25694
25714
25725
25725
25734
25734
25743
25745
25756
25761
25773
25779
25787
25801
25818
25821
25822
25824
25827
25831
25832
25882
25886
25895
25911
25914
25919
25931
25931
25938
25939
25947
25960
25961
25970
25985
26001
26017
26027
26030
26043
26044
26068
26075
26079
26084
26088
26119
26124
26130
26140
26141
26168
26174
26175
26179
26179
26182
26187
26199
26202
26221
26233
26272
26276
26278
26283
26287
26291
26300
26313
26320
26325
26329
26330
26331
26332
26343
26350
26351
26367
26371
26375
26376
26384
26387
26387
26394
26398
26408
26408
26418
26423
26425
26434
26495
26506
26508
26510
26527
26532
26537
26538
26538
26556
26569
26574
26589
26594
26613
26621
26632
26651
26661
26671
26677
26678
26684
26690
26694
26705
26709
26711
26721
26737
26738
26747
26748
26758
26762
26768
26784
26785
26788
26813
26820
26821
26828
26832
26842
26846
26866
26877
26881
26889
26891
26897
26900
26964
26969
26972
26977
26983
26985
27005
27016
27020
27024
27029
27057
27074
27076
27076
27091
27091
27120
27126
27131
27155
27163
27166
27181
27194
27215
27218
27228
27229
27242
27249
27266
27269
27280
27282
27306
27323
27326
27333
27357
27364
27366
27379
27382
27384
27406
27409
27415
27421
27451
27462
27470
27472
27479
27483
27486
27487
27491
27507
27522
27526
27528
27535
27551
27559
27559
27561
27569
27601
27606
27615
27626
27637
27637
27656
27656
27660
27663
27671
27687
27687
27697
27707
27710
27721
27724
27724
27728
27738
27740
27741
27742
27744
27748
27762
27795
27801
27808
27814
27816
27820
27822
27837
27841
27842
27850
27851
27853
27893
27894
27894
27896
27903
27919
27926
27937
27943
27943
27952
27954
27969
27978
27984
27985
27986
28000
28012
28013
28042
28042
28055
28086
28090
28097
28097
28115
28138
28149
28153
28153
28155
28158
28165
28170
28170
28171
28195
28203
28205
28208
28212
28213
28221
28221
28246
28259
28266
28291
28332
28332
28332
28334
28335
28339
28341
28354
28354
28359
28363
28385
28392
28398
28399
28414
28419
28422
28436
28439
28447
28448
28457
28466
28469
28470
28475
28483
28486
28487
28488
28502
28508
28510
28527
28559
28573
28574
28597
28602
28605
28606
28618
28619
28631
28636
28643
28646
28648
28650
28671
28701
28720
28730
28735
28738
28751
28759
28771
28785
28786
28791
28809
28811
28821
28822
28823
28830
28832
28838
28839
28841
28850
28855
28858
28859
28861
28885
28887
28898
28898
28902
28913
28919
28922
28931
28932
28937
28948
28957
28970
28976
29003
29011
29016
29019
29019
29024
29034
29037
29050
29057
29075
29097
29112
29124
29126
29148
29178
29189
29194
29211
29211
29216
29224
29224
29239
29240
29241
29243
29245
29255
29266
29267
29267
29283
29294
29297
29304
29307
29313
29326
29329
29357
29372
29373
29386
29391
29398
29402
29419
29422
29434
29435
29435
29451
29463
29483
29490
29499
29504
29509
29557
29567
29573
29574
29587
29591
29605
29608
29621
29629
29649
29660
29663
29665
29665
29666
29678
29682
29683
29699
29722
29749
29754
29761
29770
29773
29802
29807
29812
29835
29844
29852
29860
29877
29878
29881
29883
29884
29901
29902
29905
29920
29922
29929
29938
29942
29944
29945
29954
29980
29983
30004
30008
30017
30026
30043
30051
30069
30073
30077
30081
30093
30094
30098
30105
30113
30115
30124
30126
30132
30134
30151
30162
30164
30166
30179
30201
30214
30220
30224
30237
30244
30247
30262
30265
30274
30278
30288
30298
30318
30322
30348
30353
30372
30387
30394
30397
30406
30410
30411
30417
30421
30427
30448
30448
30449
30461
30466
30483
30486
30493
30493
30496
30498
30509
30512
30514
30520
30526
30529
30531
30545
30548
30549
30565
30565
30574
30585
30604
30605
30607
30613
30613
30619
30626
30637
30642
30648
30652
30684
30698
30700
30734
30735
30739
30755
30756
30760
30762
30779
30802
30817
30821
30824
30825
30830
30856
30861
30863
30869
30871
30875
30878
30895
30915
30915
30921
30923
30925
30927
30943
30947
30965
30973
30979
30988
30991
31009
31024
31028
31062
31068
31069
31080
31081
31086
31117
31129
31137
31151
31153
31155
31162
31171
31204
31225
31231
31254
31275
31277
31280
31294
31297
31298
31309
31316
31340
31354
31354
31376
31382
31392
31407
31409
31410
31427
31434
31439
31441
31446
31447
31460
31473
31479
31483
31483
31486
31492
31512
31523
31528
31529
31531
31531
31533
31542
31543
31546
31557
31570
31577
31578
31594
31606
31616
31625
31626
31657
31673
31691
31692
31693
31702
31711
31712
31713
31734
31745
31748
31771
31786
31793
31793
31802
31803
31820
31820
31821
31825
31838
31860
31860
31865
31865
31874
31879
31889
31893
31896
31900
31920
31948
31956
31963
31967
31975
31978
31981
31984
31994
32010
32012
32017
32037
32038
32054
32056
32059
32070
32080
32097
32098
32103
32115
32153
32155
32159
32161
32164
32183
32191
32194
32205
32206
32211
32238
32241
32266
32290
32297
32307
32309
32310
32310
32318
32321
32322
32341
32344
32350
32362
32363
32398
32401
32406
32410
32412
32415
32438
32447
32451
32451
32477
32478
32478
32492
32499
32513
32528
32545
32559
32563
32573
32581
32602
32607
32616
32622
32633
32635
32645
32667
32669
32677
32679
32700
32700
32708
32713
32723
32725
32736
32741
32759
32760
32779
32798
32801
32807
32821
32837
32847
32895
32901
32903
32909
32910
32913
32925
32927
32932
32936
32945
32945
32948
32991
33015
33025
33027
33027
33028
33053
33054
33061
33094
33109
33126
33130
33153
33170
33184
33189
33189
33216
33229
33231
33249
33268
33286
33289
33294
33296
33309
33317
33321
33336
33356
33394
33398
33411
33435
33452
33458
33461
33465
33474
33481
33483
33489
33507
33507
33537
33541
33548
33553
33559
33562
33574
33576
33583
33594
33608
33611
33617
33621
33633
33634
33635
33635
33639
33642
33653
33659
33665
33670
33681
33683
33685
33689
33697
33709
33715
33717
33737
33771
33775
33780
33805
33811
33816
33824
33828
33829
33844
33865
33871
33900
33907
33909
33931
33960
33979
34007
34031
34035
34050
34064
34071
34086
34090
34090
34102
34103
34140
34154
34163
34166
34185
34186
34200
34204
34206
34212
34223
34242
34247
34253
34268
34275
34278
34280
34294
34296
34300
34302
34303
34307
34314
34315
34320
34334
34346
34354
34360
34366
34376
34408
34411
34416
34423
34427
34430
34477
34483
34488
34496
34505
34508
34520
34541
34543
34547
34552
34564
34579
34591
34613
34613
34617
34624
34641
34644
34647
34648
34655
34658
34659
34660
34669
34670
34673
34696
34701
34715
34744
34744
34745
34770
34777
34781
34797
34812
34814
34826
34846
34860
34876
34878
34880
34896
34898
34899
34915
34918
34941
34951
34951
34955
34970
34977
34982
35000
35007
35008
35010
35015
35031
35045
35051
35051
35063
35082
35088
35092
35094
35106
35125
35126
35126
35130
35146
35155
35165
35182
35217
35229
35230
35246
35317
35339
35354
35356
35375
35382
35399
35402
35403
35406
35433
35433
35436
35438
35454
35462
35471
35474
35497
35530
35547
35547
35560
35568
35568
35573
35578
35581
35594
35600
35616
35648
35652
35654
35672
35678
35688
35705
35711
35724
35738
35746
35758
35763
35767
35781
35785
35791
35791
35806
35815
35821
35822
35825
35828
35854
35863
35864
35894
35899
35903
35904
35912
35917
35925
35942
35945
35951
35953
35954
35954
35970
35974
35979
35983
36007
36008
36009
36010
36010
36039
36052
36052
36061
36064
36068
36072
36102
36114
36129
36139
36151
36169
36187
36196
36201
36226
36226
36238
36248
36250
36251
36252
36253
36257
36263
36263
36268
36272
36286
36296
36301
36306
36333
36339
36351
36356
36361
36370
36376
36385
36415
36432
36447
36455
36456
36459
36461
36465
36493
36500
36502
36523
36525
36527
36529
36542
36553
36567
36571
36587
36611
36613
36614
36625
36644
36707
36718
36718
36749
36750
36754
36760
36768
36769
36770
36789
36794
36797
36799
36802
36811
36813
36815
36837
36837
36837
36842
36852
36857
36860
36866
36912
36940
36950
36965
37010
37012
37016
37019
37021
37024
37026
37027
37030
37031
37033
37034
37053
37058
37060
37063
37065
37082
37090
37097
37099
37099
37103
37104
37156
37164
37164
37165
37174
37174
37177
37178
37179
37187
37189
37202
37217
37227
37228
37229
37250
37250
37252
37273
37290
37290
37314
37314
37331
37334
37336
37339
37341
37359
37366
37372
37384
37403
37406
37430
37445
37445
37454
37470
37472
37502
37522
37541
37543
37550
37559
37564
37573
37575
37578
37588
37592
37621
37626
37629
37637
37639
37649
37669
37671
37674
37674
37683
37683
37685
37706
37713
37717
37719
37728
37731
37740
37748
37774
37778
37786
37801
37801
37806
37809
37816
37832
37840
37843
37844
37866
37875
37891
37919
37924
37928
37935
37940
37948
37949
37957
37981
38007
38009
38016
38018
38028
38035
38037
38038
38041
38090
38095
38108
38127
38127
38128
38139
38142
38143
38148
38155
38173
38175
38179
38189
38201
38201
38266
38307
38329
38331
38335
38353
38357
38362
38364
38365
38380
38383
38390
38395
38408
38423
38441
38444
38449
38449
38450
38453
38453
38457
38483
38486
38503
38512
38515
38535
38542
38550
38564
38569
38573
38574
38580
38582
38587
38591
38605
38621
38624
38624
38639
38647
38651
38652
38666
38669
38682
38689
38710
38710
38725
38726
38733
38734
38745
38747
38747
38761
38765
38770
38776
38777
38778
38782
38782
38801
38802
38805
38814
38818
38825
38831
38866
38870
38873
38879
38886
38902
38903
38909
38910
38918
38957
38962
38975
38988
38994
39003
39018
39071
39073
39081
39087
39087
39088
39091
39094
39097
39102
39110
39128
39154
39157
39172
39179
39209
39223
39236
39242
39246
39252
39282
39294
39297
39308
39322
39332
39332
39332
39334
39343
39346
39353
39354
39357
39373
39382
39382
39388
39420
39421
39425
39437
39486
39507
39518
39532
39544
39552
39555
39562
39569
39570
39576
39585
39587
39601
39630
39641
39659
39666
39670
39671
39685
39695
39698
39700
39711
39713
39714
39726
39740
39741
39786
39817
39827
39869
39876
39893
39894
39902
39911
39916
39929
39953
39957
39963
39971
39994
39997
40003
40007
40013
40017
40019
40023
40027
40041
40053
40078
40082
40084
40089
40098
40107
40119
40126
40131
40138
40152
40153
40175
40176
40184
40192
40198
40224
40234
40241
40252
40267
40285
40287
40291
40296
40303
40305
40313
40317
40317
40320
40328
40328
40331
40339
40361
40373
40390
40392
40402
40411
40412
40413
40419
40440
40471
40476
40489
40492
40521
40539
40558
40561
40561
40586
40586
40591
40601
40605
40612
40620
40622
40628
40645
40659
40668
40674
40692
40699
40706
40709
40719
40720
40721
40732
40736
40757
40773
40779
40800
40819
40820
40822
40840
40855
40869
40873
40878
40890
40894
40894
40898
40899
40907
40912
40929
40939
40941
40953
40957
40962
40994
41015
41015
41018
41020
41026
41035
41042
41050
41054
41076
41085
41099
41109
41118
41121
41128
41140
41146
41151
41161
41162
41178
41188
41188
41207
41229
41230
41231
41235
41242
41244
41257
41273
41274
41276
41278
41295
41301
41304
41306
41309
41319
41322
41325
41357
41372
41381
41398
41400
41418
41428
41433
41438
41444
41454
41458
41459
41460
41460
41466
41482
41502
41507
41507
41508
41512
41565
41566
41574
41579
41585
41586
41588
41590
41596
41598
41603
41610
41614
41616
41637
41673
41688
41694
41695
41704
41710
41715
41723
41726
41749
41765
41765
41769
41776
41778
41785
41800
41802
41810
41812
41842
41857
41858
41877
41878
41890
41915
41938
41939
41964
41967
41972
41996
42013
42041
42052
42052
42073
42076
42097
42139
42140
42147
42162
42163
42180
42187
42187
42196
42204
42209
42209
42214
42214
42218
42223
42234
42250
42264
42268
42273
42282
42288
42299
42304
42312
42320
42329
42333
42362
42372
42392
42402
42402
42411
42413
42417
42417
42431
42437
42444
42449
42450
42470
42509
42531
42540
42546
42565
42585
42597
42608
42615
42619
42632
42638
42644
42645
42646
42647
42656
42673
42675
42677
42677
42683
42692
42705
42718
42723
42731
42744
42754
42761
42762
42769
42770
42775
42777
42790
42807
42819
42825
42846
42847
42906
42910
42920
42928
42943
42944
42955
42958
42964
42986
42989
42998
43006
43013
43026
43031
43032
43051
43057
43070
43071
43078
43079
43086
43097
43152
43164
43172
43193
43200
43211
43212
43224
43238
43244
43266
43267
43272
43280
43285
43285
43286
43288
43289
43304
43314
43314
43320
43346
43349
43357
43359
43361
43372
43406
43414
43420
43421
43423
43423
43430
43438
43443
43451
43455
43458
43474
43497
43501
43502
43542
43547
43552
43560
43566
43574
43577
43582
43586
43587
43605
43626
43646
43679
43680
43682
43709
43735
43736
43745
43746
43748
43755
43769
43771
43782
43789
43796
43796
43797
43809
43811
43814
43816
43818
43827
43836
43841
43855
43859
43859
43859
43867
43869
43876
43889
43890
43891
43905
43906
43928
43949
43963
43984
43986
43989
43992
43995
44001
44012
44023
44045
44052
44055
44106
44107
44109
44118
44122
44133
44147
44153
44156
44170
44172
44175
44185
44192
44204
44210
44214
44244
44269
44269
44272
44274
44289
44290
44294
44294
44301
44324
44334
44336
44342
44365
44369
44372
44377
44381
44391
44396
44396
44418
44420
44481
44492
44517
44522
44561
44570
44581
44588
44595
44598
44618
44657
44659
44668
44675
44688
44726
44734
44761
44783
44783
44794
44795
44798
44822
44822
44836
44851
44857
44857
44859
44876
44889
44890
44925
44936
44941
44960
44964
44967
44967
44999
45000
45009
45012
45017
45038
45044
45048
45048
45051
45059
45067
45069
45084
45085
45090
45090
45090
45104
45142
45151
45172
45173
45191
45192
45195
45201
45203
45205
45208
45221
45227
45242
45254
45262
45269
45272
45274
45284
45286
45287
45288
45292
45294
45332
45346
45354
45364
45372
45402
45425
45448
45452
45468
45473
45473
45473
45482
45483
45487
45512
45528
45529
45530
45546
45547
45550
45565
45583
45588
45593
45625
45636
45656
45657
45657
45666
45676
45681
45689
45705
45706
45707
45716
45726
45732
45746
45748
45777
45786
45789
45791
45794
45800
45807
45810
45823
45841
45851
45852
45853
45862
45873
45890
45908
45912
45938
45945
45973
45983
45990
46006
46026
46053
46055
46072
46104
46110
46114
46120
46133
46151
46156
46169
46169
46177
46180
46209
46211
46227
46233
46234
46244
46253
46282
46307
46313
46322
46325
46327
46328
46330
46333
46354
46383
46386
46387
46411
46413
46428
46436
46446
46458
46475
46479
46489
46492
46496
46503
46511
46519
46519
46522
46529
46561
46569
46572
46578
46590
46592
46610
46617
46628
46638
46643
46648
46649
46666
46676
46689
46700
46712
46714
46721
46742
46746
46771
46782
46795
46839
46849
46858
46866
46870
46896
46898
46906
46913
46925
46927
46931
46933
46955
46970
46986
46986
47004
47021
47031
47055
47055
47069
47076
47091
47098
47104
47106
47134
47136
47145
47150
47162
47178
47207
47220
47221
47222
47224
47250
47258
47263
47271
47309
47322
47323
47356
47368
47368
47373
47376
47400
47407
47415
47420
47421
47442
47444
47451
47451
47453
47456
47469
47487
47487
47487
47496
47512
47526
47538
47558
47561
47564
47574
47574
47580
47589
47590
47593
47599
47599
47601
47612
47613
47633
47635
47638
47655
47656
47659
47661
47669
47678
47682
47707
47721
47723
47729
47735
47748
47774
47783
47797
47801
47803
47822
47823
47843
47870
47892
47923
47926
47941
47942
47951
47971
47975
47978
47988
47993
47994
47996
48009
48029
48033
48042
48043
48044
48051
48055
48058
48059
48062
48064
48070
48071
48088
48102
48103
48103
48106
48113
48118
48124
48128
48133
48142
48148
48155
48157
48161
48170
48178
48193
48201
48203
48208
48209
48216
48223
48229
48230
48234
48234
48237
48256
48256
48267
48279
48281
48288
48291
48296
48305
48310
48313
48314
48316
48325
48338
48351
48352
48354
48362
48369
48378
48389
48404
48425
48432
48439
48440
48441
48451
48464
48472
48477
48485
48503
48507
48507
48516
48518
48520
48532
48533
48537
48550
48555
48557
48570
48582
48584
48602
48610
48624
48640
48648
48670
48672
48749
48751
48759
48776
48791
48805
48809
48827
48830
48837
48846
48852
48864
48880
48889
48902
48910
48918
48925
48938
48943
48966
48972
48988
48996
49000
49015
49025
49027
49039
49045
49093
49093
49097
49101
49108
49110
49122
49124
49127
49149
49161
49162
49182
49201
49209
49229
49236
49245
49257
49268
49286
49294
49321
49354
49365
49366
49371
49406
49408
49412
49417
49433
49452
49453
49453
49457
49462
49482
49497
49506
49507
49512
49524
49531
49535
49544
49544
49550
49564
49566
49580
49594
49612
49619
49621
49622
49624
49626
49627
49650
49654
49662
49669
49708
49717
49724
49730
49734
49780
49783
49789
49792
49797
49808
49813
49825
49833
49839
49850
49874
49896
49900
49902
49918
49928
49929
49958
49960
49961
49970
49991
