2
6
7
15
21
27
28
34
36
44
44
57
65
74
80
82
94
96
96
108
109
110
119
122
144
152
155
160
181
183
188
191
191
199
204
205
215
227
232
239
252
255
264
266
271
277
289
291
295
296
299
300
311
314
316
330
339
340
348
350
368
370
373
374
376
378
380
412
429
432
432
433
433
440
445
447
458
463
464
470
496
504
516
517
519
527
538
560
561
567
567
569
583
595
596
597
602
609
634
635
643
652
659
674
684
696
704
705
713
717
717
733
735
741
760
769
770
772
797
812
818
831
833
834
849
858
859
863
864
873
890
896
897
897
905
907
917
930
931
932
932
942
944
950
971
978
984
990
997
1011
1015
1019
1019
1024
1026
1028
1032
1040
1041
1052
1069
1087
1096
1104
1117
1120
1124
1129
1156
1162
1168
1172
1178
1198
1212
1219
1220
1226
1234
1251
1254
1259
1285
1296
1305
1309
1313
1316
1323
1330
1330
1354
1355
1356
1359
1361
1363
1373
1385
1391
1401
1412
1428
1431
1451
1456
1459
1464
1465
1480
1508
1530
1538
1545
1545
1568
1602
1607
1625
1632
1644
1646
1655
1661
1663
1690
1693
1706
1712
1719
1727
1730
1731
1752
1757
1758
1767
1772
1779
1780
1789
1796
1803
1806
1814
1815
1826
1826
1829
1829
1832
1839
1840
1841
1842
1845
1848
1848
1851
1862
1865
1867
1873
1874
1875
1880
1882
1886
1893
1898
1899
1914
1915
1916
1927
1938
1947
1960
1974
1974
1977
1981
1983
1984
1989
1998
2000
2004
2024
2025
2034
2035
2048
2051
2057
2079
2079
2079
2083
2083
2091
2106
2107
2109
2111
2119
2125
2127
2128
2139
2147
2160
2166
2171
2175
2180
2185
2197
2228
2235
2258
2266
2268
2268
2273
2279
2300
2305
2332
2333
2333
2338
2343
2347
2349
2356
2368
2369
2379
2407
2425
2430
2433
2438
2450
2456
2459
2478
2479
2486
2533
2545
2546
2546
2553
2556
2561
2567
2571
2575
2577
2585
2605
2608
2609
2636
2643
2655
2656
2657
2662
2665
2666
2667
2667
2670
2674
2676
2681
2690
2699
2713
2718
2741
2745
2750
2764
2768
2777
2778
2786
2789
2789
2827
2837
2839
2862
2888
2896
2909
2920
2926
2947
2951
2953
2960
2981
2998
3049
3065
3077
3081
3088
3092
3107
3113
3130
3137
3144
3146
3160
3170
3176
3182
3186
3189
3194
3203
3205
3220
3226
3248
3251
3253
3264
3267
3278
3282
3288
3295
3304
3312
3319
3321
3332
3339
3350
3350
3356
3375
3378
3381
3382
3391
3395
3409
3410
3425
3429
3437
3439
3456
3473
3474
3476
3477
3481
3481
3498
3505
3508
3511
3512
3513
3525
3534
3534
3546
3555
3562
3564
3567
3584
3601
3602
3611
3632
3643
3658
3660
3675
3678
3684
3690
3692
3700
3701
3702
3703
3706
3712
3716
3730
3732
3733
3738
3738
3740
3749
3753
3758
3771
3788
3794
3800
3801
3829
3829
3836
3841
3846
3849
3850
3853
3855
3864
3879
3887
3890
3896
3896
3897
3898
3903
3908
3913
3919
3930
3936
3940
3941
3953
3954
3969
3989
3991
4013
4014
4016
4021
4023
4024
4035
4049
4052
4052
4054
4064
4073
4076
4076
4085
4087
4089
4110
4120
4151
4152
4180
4191
4192
4210
4215
4238
4239
4274
4277
4284
4286
4292
4302
4305
4310
4315
4325
4325
4327
4337
4339
4340
4356
4382
4384
4390
4398
4408
4411
4415
4417
4431
4433
4446
4465
4488
4489
4490
4490
4497
4507
4523
4527
4534
4535
4549
4551
4555
4563
4566
4568
4579
4581
4583
4586
4596
4601
4606
4609
4623
4639
4645
4649
4672
4676
4678
4689
4716
4717
4722
4725
4774
4774
4782
4784
4787
4789
4790
4793
4796
4808
4812
4815
4833
4839
4848
4855
4859
4860
4872
4873
4879
4891
4904
4908
4922
4936
4959
4960
4997
5008
5017
5019
5025
5052
5052
5077
5084
5092
5100
5108
5110
5119
5135
5154
5159
5175
5193
5194
5196
5197
5210
5213
5217
5244
5246
5247
5263
5286
5289
5292
5327
5328
5329
5331
5337
5338
5350
5360
5385
5391
5391
5406
5445
5448
5450
5474
5477
5478
5505
5506
5507
5520
5522
5527
5547
5562
5564
5566
5581
5597
5597
5603
5626
5632
5638
5640
5644
5644
5646
5647
5656
5664
5678
5682
5686
5692
5695
5707
5707
5713
5713
5717
5718
5721
5725
5737
5738
5742
5745
5770
5782
5783
5811
5812
5814
5817
5832
5834
5836
5843
5870
5880
5881
5890
5902
5923
5931
5932
5936
5943
5948
5972
5974
5982
5985
5995
6026
6029
6030
6031
6041
6047
6056
6064
6072
6076
6077
6081
6096
6098
6101
6103
6108
6110
6110
6113
6114
6115
6116
6116
6135
6157
6176
6182
6190
6221
6233
6240
6248
6263
6265
6267
6273
6347
6361
6363
6363
6372
6382
6384
6388
6393
6402
6415
6416
6420
6426
6436
6438
6445
6446
6448
6449
6450
6458
6460
6475
6482
6535
6542
6573
6574
6584
6600
6601
6620
6621
6624
6625
6635
6644
6651
6655
6656
6681
6681
6684
6693
6696
6699
6707
6712
6733
6736
6741
6741
6745
6747
6748
6773
6807
6820
6824
6841
6842
6845
6848
6883
6895
6908
6929
6929
6930
6938
6966
6968
6985
6985
6988
6989
7009
7038
7056
7058
7063
7065
7070
7071
7105
7107
7115
7126
7140
7143
7152
7179
7190
7195
7203
7210
7215
7215
7220
7227
7232
7234
7238
7241
7245
7251
7256
7264
7268
7281
7301
7318
7324
7350
7353
7364
7370
7375
7391
7391
7396
7414
7420
7444
7453
7456
7459
7470
7502
7502
7514
7516
7536
7539
7539
7549
7553
7556
7563
7572
7579
7594
7598
7605
7606
7638
7649
7652
7661
7673
7683
7686
7690
7693
7694
7706
7707
7715
7716
7730
7739
7744
7748
7758
7765
7776
7789
7818
7841
7851
7853
7859
7859
7864
7875
7876
7884
7896
7897
7903
7903
7907
7911
7922
7926
7928
7935
7940
7943
7949
7955
7958
7964
7970
7971
7983
7989
8002
8011
8012
8018
8019
8026
8043
8043
8056
8056
8060
8104
8104
8114
8127
8129
8130
8148
8155
8170
8173
8175
8183
8183
8191
8200
8221
8234
8249
8253
8258
8273
8282
8287
8290
8291
8292
8296
8304
8306
8307
8308
8309
8311
8315
8327
8328
8343
8347
8348
8352
8356
8372
8381
8400
8411
8423
8424
8441
8445
8457
8463
8468
8471
8488
8500
8516
8518
8520
8524
8527
8549
8552
8558
8559
8560
8569
8571
8587
8603
8604
8605
8606
8614
8621
8628
8659
8659
8665
8670
8674
8676
8682
8704
8710
8715
8717
8726
8727
8739
8743
8752
8757
8764
8765
8778
8781
8787
8800
8801
8806
8807
8810
8833
8841
8853
8855
8856
8858
8861
8867
8869
8870
8872
8884
8886
8889
8899
8902
8913
8915
8925
8933
8943
8949
8952
8965
8967
8974
8983
8994
9007
9016
9018
9022
9039
9041
9054
9060
9067
9068
9068
9087
9089
9090
9093
9096
9100
9109
9123
9150
9155
9156
9156
9160
9163
9163
9175
9177
9178
9215
9216
9221
9229
9231
9275
9282
9284
9288
9292
9293
9294
9296
9305
9308
9312
9321
9326
9343
9349
9360
9368
9385
9388
9389
9390
9392
9408
9431
9443
9457
9472
9480
9483
9486
9489
9490
9503
9503
9515
9520
9523
9527
9550
9551
9562
9572
9593
9594
9615
9623
9626
9636
9636
9640
9640
9650
9652
9664
9671
9673
9680
9681
9683
9688
9691
9700
9713
9718
9739
9744
9752
9753
9757
9766
9767
9768
9801
9805
9810
9830
9838
9839
9850
9852
9857
9861
9869
9869
9872
9877
9884
9886
9913
9920
9925
9929
9936
9938
9946
9947
9954
9978
9984
9990
10014
10031
10031
10043
10044
10047
10047
10048
10059
10061
10071
10078
10096
10098
10108
10114
10121
10123
10130
10139
10152
10163
10178
10182
10186
10208
10212
10216
10251
10268
10273
10273
10278
10280
10285
10304
10311
10314
10329
10330
10335
10343
10355
10375
10394
10403
10405
10410
10422
10423
10443
10455
10459
10473
10479
10487
10495
10495
10495
10496
10513
10525
10526
10527
10527
10537
10557
10562
10563
10573
10577
10591
10607
10627
10674
10689
10710
10719
10735
10740
10745
10756
10756
10758
10766
10769
10777
10777
10790
10792
10794
10797
10801
10803
10841
10847
10857
10861
10862
10887
10889
10901
10904
10921
10954
10965
10970
10973
10976
10990
10992
10999
11000
11001
11007
11010
11023
11033
11033
11033
11033
11043
11046
11065
11066
11073
11073
11084
11090
11095
11096
11100
11104
11106
11111
11114
11116
11116
11117
11127
11165
11175
11183
11186
11197
11206
11210
11214
11248
11251
11272
11273
11276
11283
11285
11302
11303
11304
11310
11310
11311
11311
11316
11318
11334
11345
11360
11363
11373
11377
11392
11398
11430
11446
11449
11450
11459
11460
11466
11474
11476
11478
11483
11496
11499
11501
11508
11511
11512
11514
11515
11519
11526
11535
11553
11556
11562
11604
11617
11618
11633
11636
11647
11660
11664
11665
11680
11700
11704
11708
11716
11727
11727
11730
11736
11752
11769
11776
11779
11779
11786
11786
11791
11796
11796
11805
11806
11808
11823
11824
11828
11842
11844
11864
11869
11880
11883
11894
11895
11903
11903
11912
11918
11927
11929
11954
11960
11962
11971
11998
12000
12003
12003
12009
12021
12027
12039
12040
12062
12071
12071
12074
12080
12088
12089
12089
12112
12125
12128
12145
12148
12149
12176
12177
12178
12183
12184
12188
12188
12195
12215
12219
12220
12224
12226
12227
12238
12242
12255
12258
12260
12260
12268
12273
12283
12300
12315
12322
12325
12332
12332
12355
12358
12360
12361
12372
12372
12378
12379
12408
12414
12420
12421
12440
12460
12466
12480
12481
12481
12502
12523
12524
12549
12575
12581
12584
12587
12608
12618
12634
12641
12660
12679
12704
12707
12720
12725
12733
12754
12758
12784
12805
12810
12826
12856
12862
12862
12862
12865
12867
12874
12878
12879
12884
12887
12898
12937
12946
12948
12956
12968
12970
12997
13004
13008
13035
13058
13063
13072
13073
13102
13102
13110
13115
13125
13136
13146
13166
13173
13174
13176
13183
13184
13193
13227
13247
13255
13270
13271
13295
13305
13310
13313
13315
13342
13342
13343
13343
13370
13375
13379
13385
13387
13399
13405
13407
13407
13412
13419
13421
13459
13462
13464
13464
13484
13491
13495
13497
13502
13508
13550
13558
13578
13588
13591
13596
13611
13616
13619
13622
13625
13645
13648
13655
13663
13663
13666
13670
13677
13679
13680
13690
13701
13703
13705
13705
13707
13708
13710
13713
13729
13776
13777
13777
13784
13785
13793
13809
13813
13815
13825
13832
13832
13836
13849
13858
13866
13869
13877
13890
13892
13905
13918
13923
13929
13932
13936
13946
13956
13980
13986
13996
14008
14013
14019
14029
14031
14038
14043
14046
14052
14054
14062
14073
14075
14079
14091
14093
14095
14111
14111
14111
14112
14116
14129
14135
14151
14161
14165
14165
14186
14192
14201
14210
14216
14242
14246
14256
14263
14271
14284
14289
14292
14293
14301
14315
14321
14325
14326
14353
14359
14366
14387
14392
14393
14397
14404
14418
14427
14428
14434
14447
14473
14473
14474
14474
14475
14487
14501
14547
14552
14568
14576
14588
14602
14602
14603
14618
14636
14637
14644
14656
14660
14670
14676
14679
14685
14688
14688
14729
14734
14742
14753
14753
14754
14767
14773
14785
14792
14793
14794
14811
14816
14829
14833
14842
14851
14879
14883
14890
14896
14900
14914
14917
14921
14922
14923
14933
14943
14948
14948
14981
14983
14986
14991
14996
15020
15036
15046
15056
15065
15068
15071
15076
15090
15112
15116
15118
15124
15128
15134
15155
15156
15162
15166
15172
15174
15174
15176
15194
15198
15208
15213
15226
15232
15233
15236
15240
15241
15260
15286
15303
15334
15347
15351
15355
15365
15373
15378
15393
15393
15394
15395
15403
15413
15416
15440
15440
15442
15445
15446
15446
15461
15462
15468
15475
15477
15479
15488
15494
15513
15517
15521
15525
15543
15554
15559
15560
15564
15575
15578
15586
15621
15639
15640
15642
15646
15654
15659
15676
15679
15681
15682
15683
15686
15688
15690
15696
15713
15719
15725
15744
15757
15759
15760
15764
15780
15784
15810
15814
15825
15837
15847
15848
15858
15865
15883
15893
15919
15927
15949
15954
15987
15990
16014
16027
16037
16041
16049
16054
16060
16062
16069
16078
16084
16103
16114
16114
16115
16136
16137
16157
16171
16180
16181
16183
16183
16199
16227
16228
16253
16260
16264
16272
16274
16276
16289
16297
16317
16319
16328
16336
16351
16352
16385
16390
16391
16392
16403
16410
16415
16418
16424
16425
16426
16436
16445
16447
16449
16460
16480
16489
16495
16500
16502
16508
16521
16533
16540
16549
16551
16555
16567
16569
16579
16581
16584
16585
16587
16596
16611
16619
16628
16630
16639
16646
16646
16646
16648
16653
16663
16668
16696
16705
16714
16723
16732
16738
16745
16759
16813
16822
16831
16835
16856
16862
16889
16894
16896
16896
16900
16902
16908
16914
16916
16917
16925
16928
16932
16935
16936
16940
16941
16947
16948
16954
16973
16976
16982
16993
17000
17015
17028
17041
17053
17053
17054
17078
17080
17089
17097
17100
17101
17104
17108
17117
17128
17131
17131
17134
17142
17143
17160
17187
17189
17189
17205
17207
17210
17220
17226
17236
17236
17245
17246
17247
17248
17258
17271
17285
17319
17323
17330
17342
17354
17359
17362
17371
17377
17377
17378
17387
17390
17394
17408
17414
17417
17418
17418
17421
17425
17431
17433
17437
17444
17447
17455
17472
17480
17481
17494
17503
17512
17520
17532
17536
17546
17561
17574
17578
17582
17589
17628
17630
17635
17639
17661
17662
17667
17669
17670
17679
17688
17706
17708
17713
17717
17723
17750
17753
17755
17757
17773
17774
17788
17799
17810
17816
17832
17840
17848
17850
17863
17867
17868
17871
17890
17900
17922
17923
17925
17930
17931
17936
17957
17957
17958
17963
17964
17964
17966
17967
17970
17976
17985
18023
18027
18042
18049
18052
18060
18069
18073
18078
18080
18099
18116
18123
18126
18174
18181
18185
18187
18189
18190
18204
18214
18220
18227
18247
18256
18262
18263
18269
18270
18283
18289
18297
18309
18320
18323
18327
18345
18348
18369
18376
18398
18405
18407
18409
18411
18432
18463
18467
18470
18483
18502
18504
18509
18510
18531
18535
18537
18549
18550
18550
18551
18551
18562
18569
18583
18586
18596
18596
18604
18605
18609
18620
18636
18636
18636
18646
18651
18675
18685
18707
18728
18743
18754
18763
18768
18782
18787
18794
18804
18805
18807
18812
18823
18830
18832
18873
18876
18890
18909
18915
18946
18954
18957
18959
18970
18973
18981
18981
19007
19016
19017
19021
19023
19031
19034
19042
19056
19066
19076
19079
19079
19100
19105
19114
19116
19123
19126
19132
19138
19146
19146
19147
19152
19153
19154
19156
19170
19172
19203
19206
19216
19216
19220
19226
19226
19229
19256
19263
19277
19283
19288
19294
19320
19323
19345
19353
19365
19367
19408
19415
19427
19430
19433
19437
19460
19463
19474
19475
19479
19491
19499
19500
19506
19507
19507
19513
19523
19526
19527
19529
19548
19548
19549
19567
19605
19607
19622
19632
19638
19654
19661
19662
19663
19664
19664
19670
19675
19677
19687
19688
19693
19698
19701
19719
19725
19726
19735
19737
19739
19750
19765
19767
19768
19775
19783
19788
19797
19801
19808
19817
19821
19821
19825
19831
19833
19835
19842
19849
19857
19859
19861
19863
19869
19887
19893
19904
19909
19915
19928
19928
19938
19939
19940
19954
19956
19958
19960
19966
19966
19966
19972
19977
19980
19981
19997
20006
20010
20020
20030
20033
20041
20047
20056
20071
20087
20108
20108
20113
20122
20122
20137
20155
20162
20168
20181
20188
20193
20194
20215
20218
20242
20244
20244
20248
20248
20251
20254
20283
20292
20324
20351
20356
20360
20363
20369
20376
20378
20383
20395
20402
20413
20426
20448
20453
20454
20468
20476
20477
20479
20481
20485
20507
20510
20512
20514
20520
20522
20524
20545
20552
20567
20575
20583
20584
20594
20598
20600
20604
20621
20628
20630
20635
20638
20672
20686
20706
20707
20733
20737
20738
20747
20765
20781
20800
20810
20815
20817
20817
20859
20861
20865
20894
20918
20927
20939
20941
20950
20966
20967
20969
20972
20980
20983
20986
20987
20992
20993
21003
21016
21022
21025
21026
21037
21050
21053
21080
21084
21084
21097
21099
21129
21148
21149
21152
21152
21179
21194
21195
21198
21204
21213
21213
21221
21229
21240
21242
21244
21247
21277
21279
21306
21310
21311
21314
21341
21352
21354
21365
21371
21379
21383
21392
21392
21399
21407
21409
21410
21417
21430
21450
21451
21451
21454
21455
21457
21458
21472
21489
21491
21524
21542
21546
21604
21604
21606
21616
21632
21642
21643
21647
21651
21659
21675
21697
21699
21700
21719
21725
21729
21729
21731
21752
21766
21769
21775
21783
21783
21795
21802
21805
21810
21816
21819
21821
21836
21841
21850
21853
21887
21893
21894
21905
21905
21914
21926
21943
21957
21959
21960
21961
21974
21982
21995
22001
22008
22009
22011
22014
22014
22025
22025
22034
22038
22038
22050
22056
22057
22062
22087
22105
22121
22125
22126
22129
22130
22131
22133
22133
22139
22166
22170
22175
22180
22182
22187
22202
22206
22208
22223
22232
22268
22276
22277
22290
22304
22325
22333
22340
22343
22354
22354
22359
22367
22368
22373
22382
22383
22387
22394
22405
22408
22410
22441
22442
22445
22455
22455
22457
22461
22464
22465
22469
22489
22524
22527
22538
22545
22546
22548
22553
22560
22566
22583
22585
22589
22591
22595
22597
22599
22605
22608
22632
22645
22665
22672
22675
22681
22681
22684
22695
22707
22712
22713
22728
22742
22742
22747
22749
22759
22765
22772
22773
22776
22799
22805
22811
22811
22811
22813
22815
22819
22832
22838
22842
22844
22851
22854
22860
22881
22883
22890
22900
22905
22916
22920
22924
22931
22943
22950
22964
22967
22975
22978
22985
22991
23013
23019
23030
23033
23040
23042
23049
23076
23082
23094
23105
23106
23112
23112
23116
23120
23138
23143
23145
23145
23151
23153
23171
23193
23200
23201
23215
23224
23225
23230
23232
23233
23238
23238
23246
23258
23261
23263
23264
23266
23267
23279
23284
23288
23293
23303
23317
23323
23326
23328
23329
23336
23341
23350
23351
23365
23381
23384
23386
23388
23391
23394
23394
23396
23405
23405
23407
23412
23415
23418
23420
23425
23426
23434
23444
23450
23461
23472
23473
23477
23508
23520
23522
23536
23542
23543
23554
23557
23565
23569
23575
23577
23606
23608
23612
23613
23616
23624
23632
23639
23654
23670
23694
23721
23737
23744
23749
23753
23769
23772
23806
23808
23809
23811
23836
23843
23853
23856
23865
23869
23872
23887
23888
23894
23894
23908
23909
23932
23950
23961
23968
23968
23975
23990
24000
24015
24031
24044
24053
24056
24076
24089
24095
24114
24123
24132
24144
24152
24158
24178
24183
24190
24199
24205
24208
24231
24235
24247
24247
24264
24285
24286
24303
24326
24327
24330
24356
24358
24376
24382
24386
24397
24399
24400
24414
24424
24429
24433
24435
24441
24444
24465
24465
24473
24477
24482
24484
24495
24497
24511
24512
24522
24532
24549
24551
24555
24555
24558
24576
24597
24607
24613
24613
24616
24618
24625
24626
24633
24636
24640
24654
24666
24671
24675
24677
24687
24688
24688
24693
24697
24708
24724
24727
24730
24741
24741
24760
24762
24766
24771
24776
24780
24783
24786
24794
24806
24814
24836
24849
24856
24858
24863
24868
24887
24893
24895
24895
24900
24900
24913
24918
24918
24925
24947
24958
24960
24965
24972
24989
25012
25012
25022
25033
25033
25037
25070
25091
25095
25096
25097
25101
25106
25106
25108
25117
25122
25127
25128
25132
25135
25136
25158
25159
25168
25183
25196
25204
25207
25223
25224
25237
25240
25243
25249
25251
25251
25252
25254
25255
25288
25295
25305
25310
25312
25332
25336
25340
25356
25357
25372
25382
25384
25391
25397
25402
25417
25424
25438
25443
25444
25469
25491
25503
25512
25520
25525
25525
25527
25529
25534
25538
25541
25556
25559
25561
25561
25580
25581
25581
25581
25588
25590
25604
25606
25611
25611
25630
25631
25633
25639
25643
25643
25647
25652
25662
25663
25686
25700
25704
25718
25729
25742
25743
25746
25748
25754
25762
25770
25781
25784
25815
25818
25821
25822
25825
25830
25831
25833
25858
25866
25872
25874
25892
25897
25903
25903
25906
25917
25930
25948
25955
25956
25973
25979
25991
25992
26017
26019
26039
26061
26064
26065
26070
26088
26104
26108
26109
26110
26127
26141
26146
26169
26175
26185
26198
26209
26223
26235
26242
26248
26248
26248
26248
26262
26270
26274
26294
26298
26299
26303
26304
26308
26338
26352
26356
26361
26363
26377
26381
26385
26388
26391
26403
26409
26413
26414
26420
26427
26437
26441
26453
26463
26468
26474
26479
26483
26485
26489
26489
26490
26499
26513
26519
26527
26533
26566
26586
26588
26591
26597
26611
26628
26630
26631
26647
26652
26672
26680
26681
26688
26690
26703
26706
26706
26707
26710
26721
26728
26729
26732
26755
26760
26789
26794
26808
26809
26814
26820
26822
26826
26832
26838
26838
26848
26848
26849
26854
26867
26869
26873
26874
26889
26897
26901
26903
26925
26934
26934
26935
26950
26957
26962
26970
26973
26976
26981
26988
26993
27008
27013
27014
27027
27029
27031
27049
27053
27061
27077
27081
27091
27094
27105
27117
27124
27131
27132
27155
27158
27167
27174
27174
27174
27184
27207
27212
27249
27269
27272
27278
27280
27282
27283
27286
27286
27290
27300
27305
27310
27315
27318
27320
27339
27346
27349
27350
27355
27375
27382
27393
27401
27404
27407
27420
27424
27426
27438
27438
27441
27443
27449
27462
27463
27464
27477
27483
27491
27508
27527
27533
27533
27540
27544
27550
27554
27555
27562
27565
27567
27569
27577
27577
27579
27591
27613
27614
27627
27640
27642
27650
27656
27658
27665
27666
27669
27692
27693
27701
27707
27723
27726
27727
27729
27744
27748
27784
27795
27803
27807
27812
27836
27850
27863
27867
27870
27874
27882
27884
27887
27889
27892
27895
27916
27916
27918
27921
27938
27940
27949
27955
27956
27962
27965
27978
27981
27983
28016
28026
28030
28042
28043
28045
28046
28047
28054
28062
28076
28077
28083
28092
28097
28123
28125
28126
28135
28137
28151
28159
28164
28169
28169
28171
28176
28188
28194
28196
28196
28199
28210
28214
28223
28224
28225
28229
28232
28235
28243
28245
28272
28276
28290
28294
28296
28297
28313
28319
28336
28340
28357
28388
28392
28395
28411
28413
28416
28431
28460
28466
28470
28472
28481
28500
28500
28503
28513
28525
28527
28541
28548
28549
28551
28557
28561
28568
28580
28581
28594
28597
28619
28622
28632
28651
28661
28683
28687
28689
28692
28696
28706
28714
28736
28753
28753
28772
28773
28778
28788
28790
28800
28805
28806
28806
28806
28811
28825
28833
28837
28837
28843
28847
28854
28863
28867
28868
28877
28888
28895
28902
28904
28921
28923
28942
28950
28954
28954
28959
28959
28963
28973
28975
28982
28987
28991
28992
28996
28997
28999
29010
29013
29013
29017
29038
29039
29043
29048
29051
29061
29065
29071
29087
29088
29108
29118
29127
29130
29134
29150
29155
29169
29194
29194
29205
29209
29217
29222
29225
29226
29260
29263
29269
29271
29275
29281
29284
29284
29290
29298
29309
29309
29314
29314
29318
29322
29328
29336
29344
29355
29356
29376
29378
29380
29385
29414
29415
29429
29440
29449
29457
29457
29477
29481
29486
29490
29501
29509
29536
29541
29551
29551
29559
29560
29561
29565
29568
29574
29581
29594
29597
29598
29606
29629
29643
29645
29646
29652
29668
29695
29721
29732
29736
29740
29742
29745
29754
29758
29766
29768
29769
29773
29776
29781
29790
29796
29798
29800
29821
29832
29839
29843
29850
29870
29877
29879
29881
29905
29937
29942
29943
29950
29958
29961
29967
29977
29978
29978
29994
29996
29997
29999
30002
30018
30039
30047
30048
30049
30060
30064
30078
30080
30081
30090
30091
30110
30115
30118
30119
30123
30137
30137
30142
30147
30147
30149
30158
30162
30167
30176
30195
30196
30202
30228
30229
30230
30246
30248
30252
30261
30266
30267
30272
30274
30284
30285
30285
30289
30290
30290
30304
30321
30322
30344
30352
30354
30355
30382
30388
30402
30425
30444
30447
30448
30452
30452
30455
30461
30465
30470
30470
30472
30473
30475
30492
30493
30496
30520
30526
30532
30533
30537
30546
30555
30559
30572
30575
30590
30601
30607
30608
30610
30623
30629
30633
30639
30646
30647
30689
30696
30715
30722
30729
30773
30774
30775
30810
30818
30818
30823
30824
30824
30863
30866
30868
30872
30883
30894
30896
30898
30906
30915
30931
30940
30957
30957
30985
30993
31000
31006
31009
31009
31012
31022
31025
31031
31035
31040
31043
31044
31046
31058
31059
31066
31071
31094
31097
31136
31176
31180
31181
31183
31184
31186
31190
31199
31207
31208
31226
31228
31237
31240
31246
31267
31292
31305
31306
31309
31310
31323
31325
31327
31329
31334
31334
31345
31361
31368
31385
31386
31394
31401
31402
31411
31422
31433
31444
31448
31457
31468
31469
31472
31481
31504
31505
31507
31512
31519
31520
31524
31534
31539
31545
31546
31547
31554
31555
31557
31565
31569
31583
31611
31628
31632
31637
31649
31658
31689
31690
31703
31706
31709
31713
31729
31737
31738
31738
31745
31755
31787
31797
31799
31805
31809
31836
31850
31851
31853
31853
31855
31862
31864
31881
31892
31903
31908
31910
31917
31936
31952
31965
31966
31967
31975
31985
31997
32003
32009
32012
32015
32029
32037
32058
32063
32064
32097
32116
32116
32117
32124
32143
32146
32150
32177
32183
32184
32202
32219
32238
32244
32253
32256
32257
32257
32281
32287
32289
32291
32297
32299
32299
32331
32333
32336
32341
32349
32358
32369
32374
32385
32395
32404
32408
32423
32433
32434
32454
32461
32467
32475
32483
32485
32486
32488
32490
32493
32501
32501
32537
32538
32539
32554
32598
32603
32629
32632
32635
32640
32647
32660
32660
32661
32663
32664
32678
32690
32690
32693
32694
32695
32708
32712
32731
32734
32754
32758
32763
32786
32786
32790
32796
32810
32825
32832
32836
32837
32844
32864
32867
32869
32882
32904
32910
32918
32929
32930
32941
32943
32949
32951
32953
32955
32963
32977
32999
33001
33005
33010
33012
33015
33026
33029
33033
33038
33050
33057
33060
33073
33082
33107
33116
33125
33135
33137
33144
33152
33153
33163
33169
33197
33199
33206
33214
33215
33215
33219
33219
33222
33224
33231
33240
33247
33247
33249
33252
33272
33280
33295
33299
33305
33332
33347
33359
33362
33386
33390
33393
33393
33399
33419
33426
33432
33439
33463
33467
33474
33481
33500
33507
33515
33520
33529
33535
33544
33545
33549
33556
33565
33583
33587
33591
33592
33594
33594
33595
33618
33619
33629
33636
33689
33701
33706
33723
33730
33741
33748
33765
33776
33787
33793
33795
33801
33801
33804
33807
33810
33817
33818
33828
33832
33834
33836
33846
33849
33856
33858
33859
33861
33868
33874
33880
33883
33890
33891
33899
33924
33939
33943
33949
33949
33965
33966
33984
33994
33999
34001
34010
34027
34039
34049
34067
34073
34075
34081
34089
34098
34099
34102
34115
34120
34124
34131
34133
34134
34141
34146
34167
34170
34173
34178
34183
34199
34205
34228
34230
34230
34231
34232
34243
34251
34254
34267
34268
34271
34277
34278
34284
34304
34308
34312
34313
34314
34341
34352
34352
34355
34355
34364
34379
34389
34390
34400
34403
34406
34409
34416
34418
34421
34429
34433
34438
34442
34451
34455
34459
34476
34480
34524
34528
34535
34547
34556
34560
34565
34576
34581
34581
34601
34610
34617
34636
34643
34644
34645
34647
34661
34669
34692
34707
34711
34713
34724
34731
34736
34753
34755
34757
34768
34777
34780
34784
34788
34795
34804
34829
34830
34833
34839
34846
34857
34859
34869
34869
34870
34871
34876
34881
34882
34887
34890
34895
34898
34904
34909
34910
34917
34921
34921
34921
34922
34930
34945
34949
34949
34951
34952
34953
35001
35006
35008
35015
35042
35056
35074
35090
35092
35094
35095
35096
35103
35121
35127
35127
35148
35169
35190
35196
35198
35204
35220
35227
35231
35237
35240
35261
35261
35266
35268
35282
35286
35288
35305
35311
35311
35311
35315
35324
35325
35330
35331
35332
35332
35345
35362
35375
35377
35380
35386
35395
35453
35456
35461
35462
35464
35471
35475
35475
35478
35485
35487
35500
35501
35510
35513
35517
35534
35550
35561
35565
35585
35590
35609
35619
35619
35620
35621
35628
35629
35631
35639
35642
35645
35654
35683
35684
35685
35701
35703
35714
35733
35737
35743
35744
35746
35758
35766
35767
35773
35774
35785
35786
35807
35824
35846
35851
35862
35872
35874
35887
35901
35907
35928
35935
35959
35999
36015
36018
36022
36023
36025
36028
36054
36060
36066
36071
36072
36087
36111
36139
36146
36150
36155
36158
36164
36173
36185
36191
36194
36196
36221
36221
36224
36230
36230
36231
36232
36237
36249
36252
36274
36277
36277
36285
36307
36312
36313
36313
36318
36327
36337
36339
36342
36345
36354
36374
36377
36378
36379
36387
36387
36388
36405
36413
36416
36423
36447
36457
36457
36483
36493
36494
36499
36503
36503
36508
36513
36517
36520
36524
36532
36533
36546
36548
36581
36581
36582
36588
36590
36598
36603
36605
36613
36616
36630
36632
36633
36643
36649
36661
36664
36666
36676
36683
36687
36698
36715
36720
36722
36725
36730
36734
36740
36741
36744
36765
36765
36768
36774
36777
36782
36789
36791
36799
36804
36808
36826
36828
36839
36840
36852
36861
36863
36864
36868
36875
36876
36878
36891
36915
36918
36922
36925
36932
36938
36941
36941
36947
36989
37014
37020
37024
37039
37052
37072
37106
37109
37112
37139
37139
37166
37166
37184
37196
37198
37206
37222
37234
37238
37244
37261
37272
37275
37279
37281
37284
37288
37290
37300
37305
37307
37311
37315
37327
37329
37345
37347
37360
37363
37373
37379
37388
37392
37392
37410
37416
37418
37429
37430
37449
37458
37461
37464
37470
37475
37495
37501
37510
37546
37551
37556
37562
37567
37585
37587
37589
37590
37590
37597
37602
37609
37620
37623
37628
37628
37628
37649
37659
37663
37672
37699
37700
37722
37746
37746
37753
37761
37774
37795
37799
37806
37809
37809
37815
37828
37834
37835
37839
37848
37858
37859
37879
37880
37889
37908
37910
37910
37912
37915
37943
37946
37952
37953
37953
37954
37961
37962
37976
37981
37982
37986
37986
37997
38000
38005
38007
38011
38020
38027
38033
38039
38044
38046
38047
38057
38058
38062
38067
38072
38082
38087
38089
38090
38099
38104
38107
38112
38119
38122
38127
38139
38145
38151
38168
38171
38174
38186
38192
38195
38202
38204
38216
38217
38218
38219
38226
38232
38249
38250
38254
38256
38273
38292
38301
38338
38338
38341
38345
38351
38357
38358
38364
38385
38388
38392
38397
38427
38445
38448
38452
38467
38490
38516
38522
38545
38549
38552
38555
38557
38561
38563
38579
38582
38590
38633
38635
38651
38666
38673
38675
38677
38677
38678
38679
38685
38690
38697
38700
38702
38718
38726
38729
38742
38744
38752
38763
38764
38771
38776
38783
38789
38789
38790
38793
38796
38809
38809
38836
38838
38846
38849
38854
38857
38872
38903
38912
38921
38942
38949
38966
38967
38980
38987
38989
39005
39008
39009
39014
39034
39038
39048
39060
39062
39063
39089
39089
39098
39108
39115
39116
39118
39121
39121
39141
39143
39143
39147
39156
39170
39175
39189
39202
39210
39214
39220
39221
39223
39223
39223
39242
39252
39252
39258
39259
39272
39277
39285
39327
39328
39331
39332
39337
39338
39344
39345
39345
39347
39348
39351
39357
39363
39373
39395
39397
39405
39417
39421
39424
39424
39430
39442
39448
39461
39474
39491
39494
39496
39502
39519
39528
39529
39535
39541
39543
39544
39562
39574
39576
39579
39614
39628
39639
39644
39664
39671
39680
39683
39695
39697
39711
39716
39718
39720
39738
39740
39741
39748
39758
39765
39766
39779
39783
39791
39794
39808
39815
39818
39826
39834
39846
39846
39849
39852
39862
39872
39882
39884
39887
39893
39900
39923
39946
39960
39961
39968
39968
39974
39984
39990
39995
39996
39998
40012
40020
40026
40030
40030
40038
40046
40054
40062
40068
40069
40074
40091
40093
40100
40102
40116
40125
40127
40127
40145
40148
40149
40156
40157
40160
40171
40182
40187
40206
40221
40224
40225
40230
40261
40269
40285
40286
40290
40338
40342
40348
40351
40364
40367
40370
40383
40385
40400
40408
40414
40415
40423
40440
40442
40442
40445
40449
40460
40466
40472
40487
40492
40506
40521
40522
40523
40527
40527
40528
40545
40567
40575
40581
40590
40601
40607
40636
40636
40647
40664
40665
40673
40678
40705
40712
40717
40717
40721
40721
40728
40750
40754
40755
40765
40773
40793
40796
40804
40811
40814
40815
40844
40847
40853
40855
40874
40895
40897
40899
40900
40902
40902
40920
40920
40928
40936
40947
40957
40961
40976
40978
40982
41005
41010
41011
41030
41031
41035
41035
41035
41057
41057
41062
41068
41068
41070
41072
41085
41085
41088
41095
41099
41127
41139
41144
41155
41167
41171
41185
41186
41202
41217
41217
41239
41242
41249
41256
41259
41264
41266
41267
41269
41286
41309
41315
41323
41343
41348
41349
41366
41366
41375
41383
41390
41399
41416
41425
41428
41439
41450
41459
41462
41467
41473
41492
41494
41497
41499
41502
41502
41504
41516
41521
41523
41525
41526
41529
41532
41534
41555
41562
41568
41572
41575
41602
41604
41631
41632
41634
41634
41638
41646
41655
41668
41670
41675
41687
41689
41692
41705
41731
41735
41740
41770
41779
41781
41793
41800
41818
41852
41853
41856
41859
41862
41866
41876
41884
41889
41901
41907
41912
41916
41918
41923
41936
41938
41942
41946
41953
41955
41968
41994
41996
41997
42000
42006
42014
42020
42025
42027
42029
42035
42037
42045
42053
42055
42061
42061
42062
42067
42068
42074
42083
42084
42102
42117
42121
42122
42133
42136
42164
42166
42175
42177
42187
42190
42193
42195
42212
42222
42226
42233
42237
42249
42252
42261
42263
42274
42287
42288
42298
42300
42304
42305
42314
42315
42324
42331
42343
42358
42360
42370
42374
42381
42400
42401
42416
42429
42429
42444
42450
42457
42481
42489
42504
42505
42513
42514
42518
42520
42523
42539
42540
42544
42546
42558
42562
42566
42574
42586
42595
42599
42612
42612
42622
42626
42628
42637
42637
42637
42638
42650
42651
42663
42664
42677
42687
42694
42707
42707
42710
42713
42719
42743
42764
42766
42772
42776
42781
42782
42793
42797
42798
42798
42833
42853
42860
42862
42882
42900
42909
42925
42928
42931
42932
42938
42951
42954
42999
43002
43011
43015
43016
43018
43024
43027
43027
43045
43053
43062
43083
43092
43114
43118
43129
43136
43140
43142
43151
43156
43158
43168
43173
43182
43182
43197
43198
43203
43216
43231
43235
43235
43240
43245
43250
43266
43276
43278
43284
43290
43292
43300
43314
43349
43356
43359
43368
43373
43377
43379
43389
43392
43393
43407
43429
43438
43439
43446
43460
43462
43469
43476
43477
43486
43487
43488
43497
43499
43505
43506
43507
43512
43518
43519
43524
43526
43527
43528
43540
43544
43548
43558
43566
43578
43579
43581
43586
43607
43619
43620
43629
43634
43660
43660
43674
43684
43685
43693
43698
43705
43711
43720
43725
43727
43729
43730
43736
43738
43739
43746
43753
43756
43757
43785
43787
43789
43790
43794
43807
43825
43826
43835
43837
43857
43859
43866
43874
43881
43887
43887
43890
43905
43912
43925
43937
43941
43943
43970
43983
43985
43993
43999
44002
44020
44028
44033
44050
44056
44086
44109
44118
44125
44139
44155
44155
44166
44179
44180
44200
44229
44232
44234
44247
44263
44266
44267
44281
44295
44297
44305
44312
44312
44326
44330
44331
44333
44334
44338
44344
44353
44360
44365
44365
44371
44373
44383
44385
44387
44390
44395
44403
44407
44416
44417
44417
44421
44425
44428
44434
44436
44441
44444
44444
44450
44451
44451
44468
44478
44484
44492
44509
44513
44519
44526
44528
44543
44544
44551
44556
44557
44562
44566
44572
44600
44603
44608
44618
44620
44629
44641
44649
44649
44652
44658
44661
44661
44661
44664
44681
44681
44686
44712
44718
44730
44744
44756
44775
44780
44790
44793
44800
44807
44810
44828
44839
44843
44846
44853
44856
44858
44859
44879
44880
44920
44928
44929
44935
44969
44972
44977
44987
44992
44993
45002
45002
45006
45008
45009
45020
45023
45035
45047
45052
45055
45062
45065
45074
45088
45103
45105
45107
45116
45124
45126
45149
45163
45172
45180
45217
45219
45231
45237
45240
45249
45256
45270
45271
45271
45281
45283
45299
45311
45315
45315
45324
45333
45341
45356
45362
45362
45393
45394
45400
45418
45423
45427
45441
45446
45476
45484
45492
45497
45500
45501
45503
45511
45511
45520
45522
45523
45526
45533
45534
45542
45542
45543
45545
45552
45582
45601
45606
45606
45614
45624
45627
45631
45643
45649
45654
45655
45657
45669
45694
45695
45696
45702
45705
45709
45729
45733
45733
45758
45768
45785
45800
45802
45821
45826
45826
45829
45846
45849
45868
45869
45870
45874
45879
45912
45916
45929
45932
45936
45943
45963
45972
45977
45990
46009
46012
46043
46050
46080
46105
46115
46122
46122
46122
46136
46142
46144
46152
46168
46170
46171
46181
46202
46206
46211
46217
46230
46231
46233
46239
46242
46249
46271
46275
46285
46289
46296
46333
46348
46355
46356
46356
46360
46372
46400
46404
46408
46423
46423
46432
46440
46449
46461
46463
46469
46484
46485
46489
46493
46494
46509
46510
46511
46531
46553
46558
46564
46577
46580
46619
46619
46632
46633
46638
46639
46641
46644
46646
46650
46650
46663
46668
46670
46676
46690
46692
46696
46726
46727
46729
46734
46735
46735
46737
46738
46739
46750
46751
46758
46762
46764
46773
46775
46781
46784
46786
46786
46789
46792
46799
46805
46816
46818
46848
46853
46863
46866
46867
46868
46869
46878
46879
46880
46881
46881
46889
46892
46892
46894
46895
46907
46913
46913
46924
46931
46936
46937
46951
46953
46960
46970
46976
46982
46995
47002
47011
47020
47029
47053
47056
47064
47072
47084
47087
47094
47099
47105
47109
47127
47130
47135
47141
47144
47146
47155
47158
47177
47191
47204
47209
47210
47220
47222
47224
47231
47231
47232
47235
47244
47245
47248
47249
47274
47274
47281
47284
47290
47291
47294
47299
47299
47304
47314
47328
47345
47347
47367
47378
47379
47380
47389
47399
47416
47418
47428
47428
47433
47444
47450
47452
47454
47456
47462
47473
47476
47480
47485
47501
47510
47513
47524
47536
47541
47555
47560
47561
47567
47571
47572
47574
47575
47594
47599
47606
47619
47621
47622
47623
47636
47639
47642
47649
47656
47682
47693
47694
47708
47710
47717
47731
47731
47737
47756
47758
47759
47759
47794
47796
47799
47802
47805
47805
47806
47820
47840
47841
47841
47850
47851
47856
47861
47866
47868
47879
47888
47909
47909
47910
47913
47917
47920
47924
47947
47950
47966
47971
47987
48001
48025
48029
48036
48067
48086
48099
48103
48113
48116
48121
48127
48127
48131
48150
48154
48155
48161
48164
48170
48170
48171
48177
48178
48182
48185
48190
48201
48201
48208
48217
48218
48224
48231
48231
48255
48273
48274
48281
48285
48299
48348
48352
48363
48364
48369
48376
48386
48387
48389
48405
48416
48422
48425
48426
48427
48441
48452
48467
48470
48473
48474
48495
48511
48512
48514
48527
48528
48535
48537
48540
48546
48548
48553
48560
48562
48573
48582
48584
48599
48603
48619
48646
48648
48667
48668
48669
48679
48679
48692
48696
48696
48703
48703
48705
48721
48721
48731
48739
48740
48741
48744
48759
48762
48770
48786
48789
48790
48801
48803
48803
48807
48819
48843
48863
48864
48864
48876
48877
48890
48891
48899
48903
48904
48907
48926
48935
48958
48961
48973
48976
48990
48990
48996
49000
49043
49059
49084
49093
49096
49098
49114
49117
49127
49139
49160
49162
49170
49172
49184
49184
49188
49191
49195
49200
49212
49215
49220
49230
49238
49242
49249
49261
49272
49276
49277
49288
49295
49312
49325
49328
49332
49333
49338
49342
49343
49351
49377
49392
49394
49422
49428
49433
49480
49480
49498
49499
49508
49511
49513
49518
49519
49525
49538
49539
49558
49560
49568
49591
49601
49616
49620
49627
49634
49641
49651
49654
49655
49656
49664
49672
49687
49693
49706
49712
49718
49724
49724
49727
49731
49747
49759
49772
49775
49778
49799
49806
49808
49814
49814
49820
49824
49836
49842
49859
49885
49901
49911
49912
49924
49932
49933
49951
49953
49955
49956
49986
49996
49998
