5
5
8
8
10
10
13
16
23
35
42
46
49
49
50
59
98
107
109
109
110
123
129
152
177
178
185
188
193
196
199
200
201
207
220
220
245
258
263
273
285
299
301
303
305
315
317
329
338
340
343
343
375
380
396
402
410
413
414
418
424
437
437
448
456
459
460
470
471
471
481
482
483
487
488
498
498
500
509
514
517
517
522
524
530
531
533
536
545
579
579
580
587
590
593
599
606
612
615
616
618
619
622
624
630
634
644
662
674
690
695
699
703
705
707
712
715
733
735
741
744
747
765
773
776
790
819
855
868
870
873
875
878
896
902
907
912
916
920
922
955
961
967
973
976
978
993
995
999
1000
1002
1003
1011
1013
1040
1045
1050
1059
1076
1082
1083
1090
1099
1101
1103
1117
1119
1124
1124
1134
1138
1156
1174
1193
1197
1224
1235
1236
1237
1241
1242
1257
1268
1289
1290
1291
1299
1302
1319
1328
1338
1342
1347
1353
1358
1359
1362
1363
1372
1374
1376
1379
1391
1411
1422
1429
1435
1436
1437
1448
1456
1457
1458
1459
1460
1478
1480
1480
1482
1500
1504
1513
1515
1520
1521
1523
1525
1538
1561
1567
1569
1573
1574
1599
1607
1607
1608
1616
1634
1638
1666
1668
1681
1701
1710
1713
1718
1721
1727
1737
1744
1748
1758
1759
1764
1764
1771
1775
1775
1776
1784
1795
1830
1832
1837
1842
1845
1853
1860
1869
1875
1876
1890
1894
1898
1903
1921
1922
1925
1927
1932
1937
1939
1945
1946
1950
1955
1956
1957
1958
1977
1980
1996
1997
2004
2016
2023
2033
2050
2053
2057
2058
2058
2060
2073
2077
2083
2090
2091
2096
2118
2125
2129
2130
2132
2144
2145
2154
2155
2159
2161
2164
2176
2179
2199
2209
2212
2217
2217
2230
2231
2250
2261
2264
2283
2286
2300
2321
2323
2327
2328
2329
2330
2330
2331
2332
2347
2359
2362
2384
2385
2407
2408
2410
2418
2419
2421
2426
2439
2464
2465
2468
2470
2479
2490
2504
2507
2515
2526
2535
2537
2546
2560
2575
2583
2583
2588
2589
2597
2601
2609
2615
2617
2652
2658
2663
2673
2682
2684
2692
2693
2695
2700
2707
2709
2710
2717
2731
2732
2751
2778
2782
2800
2804
2805
2805
2808
2810
2819
2828
2832
2844
2853
2860
2861
2868
2884
2890
2893
2906
2916
2919
2922
2922
2931
2939
2944
2946
2960
2962
2980
2982
2993
3004
3010
3019
3023
3043
3044
3044
3046
3053
3054
3062
3062
3064
3075
3078
3086
3087
3093
3098
3111
3114
3115
3119
3126
3128
3129
3131
3135
3135
3140
3141
3150
3151
3180
3181
3188
3188
3189
3199
3203
3206
3220
3223
3225
3242
3246
3250
3251
3255
3258
3271
3276
3282
3289
3302
3304
3310
3320
3333
3341
3349
3351
3353
3355
3363
3374
3378
3389
3396
3400
3401
3408
3412
3426
3437
3441
3465
3470
3472
3476
3477
3492
3505
3510
3530
3531
3553
3554
3560
3570
3572
3575
3591
3592
3599
3600
3603
3606
3613
3615
3618
3630
3654
3667
3683
3685
3691
3695
3703
3706
3715
3722
3743
3753
3766
3779
3779
3783
3786
3794
3795
3796
3797
3808
3813
3829
3832
3833
3854
3855
3856
3857
3866
3870
3895
3896
3904
3905
3924
3943
3944
3948
3952
3961
3962
3966
3989
4036
4051
4058
4064
4079
4081
4088
4094
4094
4116
4117
4121
4125
4138
4140
4148
4152
4158
4160
4165
4166
4168
4178
4179
4180
4185
4190
4223
4225
4227
4230
4239
4257
4267
4282
4282
4286
4294
4297
4302
4302
4308
4308
4314
4329
4330
4346
4351
4352
4354
4359
4364
4367
4370
4378
4379
4381
4388
4414
4415
4420
4427
4433
4434
4459
4474
4486
4488
4503
4516
4522
4532
4539
4544
4546
4554
4559
4563
4581
4584
4584
4589
4610
4617
4621
4636
4642
4645
4649
4650
4657
4658
4659
4660
4660
4669
4670
4671
4673
4675
4695
4700
4700
4709
4718
4720
4745
4746
4761
4786
4786
4799
4800
4808
4821
4823
4824
4829
4831
4832
4839
4839
4840
4843
4843
4857
4878
4887
4888
4916
4922
4925
4940
4952
4955
4959
4961
4979
4987
4988
4998
5004
5025
5026
5026
5029
5032
5033
5035
5039
5048
5058
5063
5064
5070
5084
5091
5094
5096
5099
5103
5109
5122
5125
5128
5129
5131
5132
5138
5141
5144
5155
5158
5160
5172
5176
5177
5181
5185
5234
5239
5240
5245
5248
5248
5250
5250
5268
5271
5273
5294
5301
5302
5316
5319
5338
5340
5341
5343
5345
5346
5347
5347
5347
5351
5356
5371
5373
5383
5393
5394
5416
5423
5440
5441
5450
5452
5453
5455
5473
5487
5501
5507
5509
5530
5533
5538
5544
5561
5566
5592
5597
5618
5621
5623
5631
5641
5647
5653
5662
5690
5693
5702
5709
5715
5721
5727
5735
5750
5757
5760
5762
5766
5783
5787
5799
5800
5809
5823
5830
5831
5839
5840
5841
5851
5853
5863
5894
5922
5937
5944
5948
5965
5975
5977
5998
6001
6003
6009
6019
6020
6025
6041
6047
6052
6060
6067
6069
6069
6083
6088
6090
6102
6105
6115
6116
6117
6127
6133
6134
6155
6160
6167
6173
6175
6176
6178
6199
6217
6219
6220
6220
6223
6229
6231
6232
6234
6245
6245
6250
6254
6265
6270
6275
6284
6288
6297
6299
6312
6317
6333
6340
6354
6368
6368
6372
6385
6387
6388
6395
6397
6398
6399
6404
6406
6420
6429
6434
6440
6446
6454
6465
6466
6473
6478
6480
6501
6504
6521
6530
6542
6549
6550
6555
6572
6573
6574
6580
6581
6598
6601
6607
6614
6624
6640
6650
6656
6662
6675
6676
6680
6683
6700
6721
6741
6749
6768
6770
6771
6785
6792
6804
6818
6836
6851
6854
6860
6872
6874
6887
6891
6895
6897
6903
6909
6916
6919
6922
6929
6932
6933
6937
6937
6940
6949
6960
6978
6981
6983
6990
6994
6996
7012
7019
7019
7032
7039
7039
7045
7051
7061
7088
7094
7100
7104
7104
7109
7122
7127
7131
7135
7145
7145
7151
7158
7172
7175
7178
7182
7191
7192
7200
7207
7210
7213
7223
7230
7254
7256
7274
7282
7291
7297
7300
7301
7304
7312
7321
7323
7327
7327
7328
7329
7332
7365
7373
7376
7392
7396
7396
7409
7409
7416
7427
7430
7434
7437
7438
7440
7445
7446
7447
7447
7448
7454
7482
7494
7504
7511
7512
7525
7528
7529
7530
7538
7549
7563
7564
7564
7566
7574
7578
7589
7602
7603
7619
7623
7633
7636
7638
7648
7652
7652
7670
7674
7682
7688
7688
7699
7706
7712
7727
7733
7745
7746
7749
7750
7755
7761
7766
7770
7777
7779
7792
7796
7797
7802
7811
7815
7820
7822
7828
7839
7843
7844
7849
7855
7857
7862
7879
7882
7882
7894
7896
7900
7905
7920
7922
7926
7930
7930
7934
7949
7955
7960
7961
7962
7976
7998
8000
8001
8004
8004
8007
8014
8014
8016
8023
8030
8037
8040
8051
8052
8067
8071
8076
8078
8099
8135
8141
8141
8143
8154
8157
8167
8168
8176
8184
8190
8195
8197
8198
8203
8205
8210
8214
8222
8230
8236
8238
8242
8246
8261
8261
8265
8266
8268
8277
8282
8285
8287
8288
8301
8309
8309
8310
8313
8321
8334
8342
8342
8347
8350
8361
8364
8389
8389
8406
8407
8408
8416
8418
8425
8431
8449
8463
8467
8474
8483
8490
8494
8497
8507
8510
8534
8540
8542
8549
8555
8557
8566
8570
8579
8581
8623
8631
8638
8638
8639
8648
8650
8654
8657
8663
8663
8666
8673
8674
8681
8685
8720
8729
8729
8740
8741
8747
8749
8775
8776
8778
8781
8784
8793
8799
8806
8814
8817
8825
8832
8845
8869
8872
8873
8886
8892
8899
8907
8914
8915
8925
8927
8931
8932
8933
8934
8937
8938
8939
8952
8960
8969
8987
8988
8988
8991
8993
8995
9001
9003
9014
9023
9024
9025
9028
9029
9032
9034
9040
9044
9050
9055
9070
9073
9092
9094
9094
9102
9110
9114
9143
9143
9152
9160
9167
9169
9174
9182
9183
9193
9193
9201
9203
9219
9220
9231
9235
9261
9273
9282
9283
9286
9289
9292
9297
9300
9306
9306
9310
9323
9329
9333
9338
9356
9358
9378
9385
9400
9400
9402
9411
9416
9417
9423
9430
9436
9451
9452
9458
9463
9464
9464
9469
9474
9476
9482
9496
9497
9520
9521
9522
9532
9536
9537
9556
9567
9568
9574
9580
9595
9595
9595
9605
9609
9615
9624
9645
9648
9651
9672
9675
9684
9686
9692
9710
9715
9718
9718
9731
9736
9743
9745
9750
9755
9765
9783
9789
9802
9807
9810
9818
9820
9840
9843
9854
9859
9874
9878
9880
9880
9891
9893
9893
9899
9908
9914
9917
9933
9933
9945
9957
9959
9960
9961
9962
9967
9979
9983
9991
9996
10004
10007
10019
10026
10032
10040
10040
10051
10060
10065
10067
10069
10073
10080
10094
10099
10102
10119
10121
10122
10130
10131
10133
10135
10140
10146
10154
10155
10158
10161
10173
10173
10174
10195
10203
10208
10225
10233
10240
10241
10243
10246
10253
10266
10273
10273
10275
10280
10285
10309
10309
10310
10312
10316
10320
10320
10320
10322
10323
10338
10352
10355
10358
10365
10369
10393
10408
10425
10432
10433
10441
10451
10455
10480
10497
10506
10508
10508
10511
10515
10516
10521
10523
10524
10528
10533
10539
10543
10556
10562
10569
10571
10573
10594
10603
10609
10617
10628
10631
10638
10642
10642
10653
10654
10655
10658
10658
10667
10669
10670
10674
10688
10698
10699
10702
10703
10707
10716
10720
10737
10747
10748
10754
10759
10770
10772
10787
10798
10799
10801
10806
10812
10825
10834
10838
10845
10871
10872
10875
10884
10885
10886
10887
10899
10899
10914
10917
10925
10927
10935
10935
10942
10947
10955
10971
10974
10977
10981
10988
10991
11012
11013
11030
11034
11039
11041
11067
11069
11075
11081
11108
11127
11133
11150
11160
11162
11180
11186
11194
11198
11198
11203
11207
11215
11233
11243
11246
11261
11273
11275
11277
11280
11290
11295
11299
11301
11304
11318
11321
11328
11330
11331
11337
11342
11354
11359
11373
11377
11387
11388
11394
11394
11406
11406
11418
11422
11426
11430
11452
11453
11465
11473
11480
11481
11487
11490
11503
11513
11521
11524
11527
11534
11536
11539
11543
11544
11552
11553
11573
11581
11584
11599
11600
11612
11645
11646
11653
11655
11658
11662
11668
11687
11692
11695
11706
11707
11721
11725
11732
11734
11738
11768
11780
11785
11786
11808
11819
11826
11847
11854
11867
11870
11874
11882
11885
11887
11894
11902
11922
11931
11935
11950
11974
11979
11979
11981
12001
12006
12014
12019
12030
12035
12037
12043
12046
12047
12050
12054
12070
12078
12108
12118
12120
12126
12127
12135
12142
12144
12147
12165
12178
12187
12192
12201
12204
12209
12213
12215
12219
12221
12226
12227
12234
12250
12251
12257
12257
12260
12270
12278
12281
12285
12286
12298
12305
12313
12316
12346
12349
12351
12376
12377
12381
12392
12405
12406
12408
12410
12412
12414
12417
12438
12444
12452
12454
12465
12481
12491
12492
12497
12501
12511
12517
12527
12528
12543
12548
12572
12575
12576
12600
12642
12648
12650
12651
12655
12656
12660
12675
12676
12678
12683
12685
12689
12699
12704
12720
12731
12734
12750
12757
12758
12760
12771
12788
12793
12794
12794
12795
12801
12810
12815
12818
12819
12824
12834
12835
12837
12856
12859
12864
12869
12869
12871
12874
12874
12875
12878
12889
12890
12894
12924
12930
12932
12933
12941
12942
12956
12966
12979
12983
12985
12988
12990
12994
12999
13002
13021
13041
13048
13050
13051
13066
13067
13076
13077
13081
13095
13109
13112
13138
13139
13140
13147
13163
13166
13171
13186
13197
13202
13205
13222
13242
13250
13252
13267
13271
13292
13293
13295
13297
13301
13304
13309
13321
13337
13358
13363
13364
13365
13380
13380
13383
13385
13388
13396
13414
13420
13420
13421
13421
13422
13443
13460
13482
13486
13501
13509
13512
13513
13526
13532
13533
13538
13544
13553
13564
13586
13587
13587
13588
13590
13608
13609
13617
13620
13622
13645
13645
13654
13668
13680
13691
13692
13696
13706
13731
13733
13736
13741
13745
13753
13754
13767
13772
13779
13790
13811
13825
13845
13846
13851
13863
13885
13910
13913
13915
13920
13920
13924
13924
13948
13949
13964
13970
13986
14009
14012
14035
14036
14038
14038
14039
14041
14057
14057
14060
14062
14065
14071
14105
14115
14126
14127
14129
14131
14132
14134
14146
14150
14158
14161
14166
14170
14171
14182
14190
14204
14227
14252
14252
14254
14256
14281
14290
14330
14334
14357
14361
14363
14364
14365
14371
14374
14378
14385
14385
14413
14414
14423
14424
14429
14432
14435
14438
14451
14458
14462
14466
14472
14474
14477
14499
14501
14502
14513
14524
14527
14542
14544
14553
14561
14597
14605
14606
14607
14614
14617
14619
14634
14657
14657
14662
14683
14685
14690
14699
14701
14703
14708
14716
14733
14750
14751
14752
14755
14756
14760
14761
14766
14768
14776
14779
14781
14786
14789
14795
14798
14801
14804
14811
14815
14828
14835
14837
14839
14840
14853
14855
14863
14867
14868
14870
14885
14898
14912
14919
14930
14935
14950
14966
14968
14976
14994
15007
15011
15018
15029
15038
15040
15054
15063
15067
15090
15090
15107
15109
15110
15111
15113
15120
15131
15132
15146
15166
15170
15175
15186
15194
15198
15205
15249
15264
15268
15278
15279
15284
15299
15303
15304
15315
15323
15327
15343
15347
15384
15413
15414
15424
15435
15440
15442
15449
15452
15455
15457
15463
15470
15472
15481
15490
15501
15506
15529
15531
15539
15540
15541
15548
15553
15557
15560
15563
15563
15576
15577
15582
15590
15595
15599
15603
15607
15609
15615
15629
15632
15634
15637
15640
15658
15661
15662
15664
15680
15681
15682
15695
15705
15708
15713
15721
15723
15731
15733
15742
15751
15757
15760
15764
15765
15772
15773
15792
15794
15797
15797
15802
15810
15811
15819
15821
15827
15831
15834
15846
15851
15863
15878
15885
15894
15894
15897
15900
15902
15907
15914
15914
15926
15928
15930
15932
15936
15937
15941
15948
15957
15976
15982
15982
15990
16010
16031
16032
16038
16044
16048
16059
16061
16062
16070
16071
16071
16071
16086
16089
16100
16108
16116
16126
16128
16128
16132
16134
16140
16145
16160
16178
16181
16199
16208
16218
16223
16227
16229
16232
16235
16242
16257
16275
16287
16290
16291
16308
16310
16320
16324
16329
16337
16341
16344
16350
16360
16381
16386
16389
16395
16415
16425
16425
16429
16431
16432
16434
16454
16455
16481
16485
16489
16493
16497
16502
16511
16514
16515
16517
16518
16519
16525
16536
16544
16549
16557
16560
16561
16570
16576
16588
16589
16597
16601
16612
16630
16645
16652
16664
16680
16686
16691
16698
16703
16706
16713
16717
16719
16719
16725
16737
16737
16737
16745
16746
16756
16757
16763
16769
16773
16783
16793
16800
16808
16820
16835
16835
16841
16844
16850
16859
16881
16883
16891
16892
16898
16904
16913
16926
16927
16940
16952
16960
16962
16979
16996
17007
17009
17014
17020
17021
17023
17028
17036
17045
17046
17046
17048
17049
17058
17059
17061
17077
17092
17095
17119
17125
17127
17129
17146
17150
17152
17155
17162
17176
17184
17192
17205
17206
17216
17235
17237
17241
17244
17253
17256
17261
17262
17265
17265
17275
17283
17288
17289
17291
17302
17302
17304
17315
17317
17323
17333
17338
17358
17363
17364
17386
17387
17387
17397
17398
17431
17434
17436
17445
17446
17453
17456
17458
17467
17479
17482
17485
17490
17511
17513
17517
17520
17537
17539
17549
17551
17553
17555
17566
17583
17588
17594
17610
17624
17629
17641
17646
17664
17673
17675
17683
17684
17686
17695
17702
17708
17713
17714
17716
17731
17737
17784
17802
17808
17817
17826
17860
17867
17882
17889
17902
17907
17907
17946
17953
17964
17974
17974
17977
17982
17984
17984
17989
17996
18009
18010
18013
18016
18020
18025
18030
18034
18039
18058
18077
18079
18093
18106
18115
18128
18130
18133
18134
18142
18144
18146
18150
18153
18161
18167
18169
18181
18183
18200
18206
18207
18210
18210
18221
18236
18238
18252
18254
18260
18265
18266
18278
18280
18286
18294
18301
18327
18327
18332
18332
18335
18343
18349
18355
18356
18363
18373
18375
18375
18376
18383
18385
18392
18398
18400
18405
18414
18417
18419
18422
18429
18437
18439
18459
18476
18492
18499
18508
18519
18524
18525
18529
18539
18539
18539
18557
18560
18571
18572
18579
18579
18579
18580
18591
18595
18596
18599
18600
18601
18601
18602
18610
18610
18615
18622
18625
18628
18643
18660
18670
18680
18687
18687
18693
18699
18710
18711
18719
18729
18739
18749
18753
18763
18772
18773
18775
18776
18782
18795
18796
18801
18803
18806
18812
18812
18827
18832
18838
18845
18849
18866
18873
18885
18896
18915
18919
18923
18954
18955
18963
18966
18968
18973
18976
18980
18988
19001
19003
19009
19017
19020
19021
19024
19026
19038
19040
19050
19053
19057
19060
19064
19066
19071
19072
19078
19082
19100
19105
19108
19112
19113
19121
19128
19130
19130
19130
19132
19133
19149
19150
19151
19152
19155
19169
19171
19171
19175
19187
19205
19228
19232
19245
19245
19245
19250
19258
19275
19287
19312
19313
19320
19330
19330
19330
19330
19331
19331
19335
19339
19345
19348
19363
19382
19387
19388
19394
19394
19395
19396
19401
19402
19402
19414
19423
19426
19427
19430
19431
19432
19435
19441
19442
19448
19457
19464
19509
19520
19526
19548
19554
19560
19567
19576
19577
19579
19604
19613
19625
19625
19625
19626
19639
19639
19643
19664
19666
19668
19669
19676
19680
19686
19694
19702
19712
19716
19719
19723
19732
19735
19737
19747
19747
19749
19750
19755
19772
19792
19793
19798
19810
19828
19830
19836
19843
19846
19849
19850
19859
19859
19860
19861
19863
19865
19869
19871
19872
19905
19913
19913
19923
19924
19926
19926
19934
19936
19938
19943
19948
19954
19955
19955
19966
19973
19977
19984
19995
19999
20016
20022
20047
20048
20051
20052
20056
20061
20063
20064
20068
20077
20082
20086
20097
20097
20098
20108
20109
20113
20114
20118
20120
20122
20123
20132
20143
20147
20147
20162
20164
20172
20175
20179
20181
20187
20197
20215
20224
20224
20233
20235
20249
20251
20252
20278
20292
20299
20331
20333
20333
20333
20335
20347
20350
20352
20362
20368
20381
20382
20385
20413
20425
20432
20432
20448
20450
20456
20467
20475
20475
20476
20476
20482
20484
20511
20520
20527
20531
20531
20536
20540
20547
20559
20577
20595
20604
20620
20621
20625
20627
20632
20636
20639
20641
20651
20654
20679
20683
20687
20687
20705
20727
20731
20733
20734
20737
20740
20764
20768
20785
20787
20795
20802
20808
20819
20822
20824
20834
20844
20847
20849
20860
20866
20870
20879
20885
20890
20893
20895
20897
20911
20914
20917
20931
20937
20943
20945
20949
20962
20972
20980
20989
20989
21008
21016
21018
21021
21023
21035
21036
21038
21041
21046
21048
21070
21070
21072
21072
21077
21080
21091
21095
21100
21100
21112
21112
21138
21142
21152
21157
21159
21168
21181
21182
21185
21191
21194
21208
21218
21218
21219
21220
21222
21225
21227
21236
21243
21254
21261
21262
21285
21289
21294
21304
21307
21308
21311
21320
21329
21330
21331
21332
21345
21363
21364
21376
21376
21381
21381
21384
21397
21398
21402
21408
21424
21429
21435
21441
21447
21449
21452
21458
21488
21490
21490
21496
21500
21501
21527
21529
21532
21555
21561
21562
21562
21574
21575
21575
21598
21599
21602
21605
21619
21621
21638
21639
21652
21655
21661
21663
21663
21671
21675
21694
21697
21703
21718
21719
21727
21731
21735
21739
21746
21757
21758
21760
21760
21771
21777
21780
21796
21801
21803
21805
21813
21824
21824
21832
21834
21839
21842
21850
21860
21875
21879
21890
21900
21909
21914
21915
21917
21919
21927
21936
21937
21937
21944
21946
21973
21974
21978
21978
22000
22007
22011
22012
22016
22018
22024
22024
22032
22034
22042
22053
22053
22054
22054
22062
22062
22072
22079
22080
22082
22091
22109
22120
22121
22131
22135
22142
22148
22155
22162
22170
22173
22178
22186
22197
22200
22202
22204
22206
22211
22215
22217
22225
22234
22243
22247
22263
22275
22287
22290
22294
22298
22303
22303
22309
22310
22318
22318
22324
22334
22348
22351
22360
22372
22386
22387
22391
22391
22426
22431
22433
22448
22450
22462
22471
22477
22511
22512
22513
22531
22533
22536
22555
22560
22581
22597
22600
22601
22606
22622
22627
22630
22631
22640
22654
22659
22663
22672
22697
22722
22729
22730
22762
22768
22772
22775
22801
22810
22813
22819
22829
22833
22838
22852
22857
22874
22880
22883
22883
22892
22895
22897
22899
22901
22903
22908
22910
22917
22931
22936
22936
22940
22949
22980
22983
22987
22994
23004
23004
23006
23010
23024
23028
23029
23036
23046
23072
23089
23100
23105
23106
23107
23109
23115
23131
23136
23137
23138
23140
23148
23148
23156
23165
23173
23173
23200
23217
23228
23236
23243
23246
23252
23255
23258
23258
23259
23272
23277
23284
23285
23286
23310
23324
23329
23331
23335
23336
23348
23353
23360
23366
23383
23391
23412
23413
23424
23434
23438
23441
23446
23461
23462
23463
23471
23500
23520
23527
23528
23532
23540
23547
23549
23575
23586
23594
23603
23628
23634
23636
23638
23658
23659
23669
23673
23680
23680
23686
23690
23695
23736
23739
23742
23746
23747
23780
23786
23788
23792
23798
23800
23803
23808
23819
23825
23828
23829
23830
23840
23846
23847
23848
23864
23873
23880
23893
23895
23896
23898
23906
23917
23934
23959
23962
23979
23982
23983
23984
23997
24001
24012
24018
24024
24027
24028
24029
24034
24054
24054
24055
24101
24108
24130
24145
24146
24157
24159
24167
24176
24192
24199
24199
24202
24203
24232
24251
24256
24258
24259
24263
24270
24285
24285
24301
24306
24311
24323
24328
24333
24349
24352
24357
24366
24367
24377
24386
24399
24404
24405
24414
24417
24421
24430
24435
24444
24445
24446
24453
24460
24476
24485
24491
24498
24501
24502
24509
24518
24520
24523
24525
24528
24531
24563
24582
24597
24609
24611
24612
24616
24618
24620
24624
24625
24627
24630
24635
24638
24639
24646
24650
24654
24654
24663
24663
24671
24672
24683
24705
24718
24723
24723
24727
24746
24750
24751
24760
24765
24769
24770
24773
24774
24778
24780
24790
24797
24823
24829
24834
24837
24838
24856
24856
24869
24883
24884
24886
24889
24920
24928
24933
24934
24937
24942
24944
24947
24947
24976
24988
24998
24998
25006
25007
25027
25034
25036
25036
25036
25039
25045
25049
25050
25059
25066
25084
25086
25088
25093
25103
25105
25113
25118
25125
25126
25132
25133
25141
25171
25173
25183
25187
25194
25206
25208
25230
25238
25248
25273
25278
25281
25286
25293
25295
25304
25304
25310
25310
25325
25329
25332
25340
25340
25342
25344
25345
25361
25369
25377
25381
25388
25391
25395
25402
25409
25431
25433
25440
25444
25449
25454
25462
25464
25465
25470
25476
25488
25492
25502
25509
25515
25518
25518
25518
25529
25530
25534
25542
25550
25552
25554
25556
25561
25569
25614
25615
25616
25628
25635
25642
25668
25671
25678
25698
25700
25705
25713
25717
25723
25737
25741
25744
25763
25776
25783
25785
25791
25795
25807
25820
25824
25835
25850
25855
25857
25863
25864
25867
25869
25870
25875
25882
25898
25898
25913
25921
25925
25926
25942
25945
25952
25952
25957
25958
25958
25974
25975
25976
25978
25982
25984
25988
25991
26000
26002
26004
26011
26017
26026
26028
26029
26031
26035
26043
26048
26050
26053
26086
26099
26108
26124
26125
26136
26140
26147
26148
26165
26169
26174
26177
26192
26203
26208
26208
26222
26228
26239
26241
26244
26263
26265
26265
26270
26297
26301
26315
26319
26331
26336
26367
26381
26386
26397
26398
26406
26406
26408
26414
26417
26426
26439
26469
26475
26480
26487
26521
26547
26550
26557
26568
26568
26571
26575
26579
26592
26596
26607
26612
26612
26615
26621
26622
26626
26633
26665
26666
26670
26689
26693
26695
26696
26699
26704
26718
26726
26729
26729
26741
26760
26767
26779
26781
26785
26829
26834
26838
26847
26857
26860
26869
26886
26891
26893
26910
26918
26933
26935
26948
26956
26974
26977
26979
26982
26983
26985
26986
26992
26993
27000
27024
27029
27029
27031
27040
27046
27046
27046
27049
27084
27085
27089
27120
27125
27126
27126
27144
27153
27153
27157
27168
27189
27203
27245
27250
27255
27256
27258
27264
27272
27306
27306
27315
27327
27330
27341
27350
27351
27353
27354
27355
27356
27357
27362
27371
27373
27374
27386
27391
27430
27432
27449
27454
27458
27460
27464
27467
27486
27490
27497
27506
27506
27509
27515
27516
27517
27518
27519
27524
27528
27541
27541
27553
27586
27589
27590
27592
27595
27596
27597
27598
27599
27600
27612
27616
27633
27635
27640
27641
27659
27660
27670
27671
27679
27681
27683
27683
27690
27697
27708
27709
27714
27714
27726
27773
27777
27786
27792
27796
27802
27804
27804
27814
27834
27834
27837
27839
27851
27861
27897
27899
27904
27905
27917
27935
27943
27943
27956
27965
27985
27996
27999
28005
28007
28015
28017
28017
28018
28021
28025
28037
28053
28053
28055
28055
28059
28071
28072
28077
28078
28079
28087
28093
28106
28109
28135
28141
28152
28156
28172
28183
28203
28204
28218
28224
28225
28226
28228
28232
28235
28237
28238
28242
28244
28245
28261
28262
28275
28282
28285
28292
28299
28299
28312
28319
28330
28331
28335
28342
28350
28355
28356
28361
28363
28373
28393
28394
28394
28395
28422
28434
28437
28438
28441
28444
28445
28452
28459
28461
28467
28467
28482
28487
28489
28494
28495
28500
28509
28513
28526
28549
28558
28559
28573
28587
28589
28589
28590
28596
28597
28617
28618
28634
28635
28642
28646
28647
28666
28667
28675
28677
28680
28684
28688
28688
28704
28708
28725
28732
28733
28737
28739
28744
28747
28747
28762
28769
28778
28789
28803
28812
28813
28823
28824
28838
28839
28845
28847
28849
28857
28869
28875
28876
28892
28893
28903
28914
28946
28954
28956
28957
28959
28967
28968
28973
28981
28983
28989
28989
28990
29021
29024
29030
29040
29049
29050
29052
29060
29062
29065
29088
29106
29110
29111
29120
29130
29135
29136
29141
29145
29146
29155
29163
29166
29175
29176
29176
29186
29186
29195
29195
29205
29213
29219
29225
29240
29242
29247
29253
29256
29258
29261
29275
29282
29284
29287
29296
29297
29305
29315
29316
29323
29332
29336
29340
29344
29357
29363
29368
29370
29375
29375
29384
29390
29391
29402
29411
29412
29419
29430
29438
29444
29447
29450
29453
29453
29458
29461
29461
29463
29477
29481
29487
29490
29494
29500
29507
29511
29516
29518
29548
29551
29556
29561
29570
29575
29587
29592
29594
29594
29596
29601
29606
29608
29611
29613
29615
29618
29627
29631
29634
29656
29658
29668
29677
29679
29681
29681
29686
29687
29694
29699
29713
29713
29721
29730
29747
29748
29756
29762
29767
29769
29788
29789
29803
29812
29823
29840
29850
29859
29861
29864
29876
29892
29899
29904
29905
29923
29927
29933
29936
29941
29946
29955
29957
29964
29965
29968
29975
29978
29987
30003
30004
30008
30021
30026
30036
30036
30041
30056
30071
30075
30078
30088
30089
30090
30094
30096
30101
30105
30108
30129
30129
30135
30140
30143
30143
30161
30168
30169
30170
30172
30180
30188
30189
30191
30191
30198
30198
30204
30208
30214
30214
30214
30239
30240
30275
30286
30288
30304
30305
30306
30309
30319
30337
30358
30382
30395
30420
30433
30438
30457
30460
30464
30465
30467
30473
30474
30477
30506
30512
30527
30529
30530
30532
30532
30536
30538
30547
30548
30551
30557
30564
30565
30575
30576
30580
30583
30617
30621
30622
30628
30634
30638
30645
30667
30667
30668
30669
30676
30676
30687
30688
30692
30694
30696
30703
30705
30715
30717
30735
30737
30748
30755
30757
30762
30778
30788
30794
30805
30805
30811
30828
30835
30851
30857
30857
30862
30863
30869
30872
30884
30889
30905
30906
30908
30911
30924
30937
30952
30953
30959
30962
30963
30966
30972
30981
30983
30986
31003
31006
31006
31006
31008
31012
31014
31023
31026
31029
31037
31037
31083
31095
31101
31129
31139
31142
31149
31153
31181
31182
31183
31199
31211
31213
31220
31222
31223
31225
31226
31228
31242
31257
31259
31263
31270
31274
31279
31279
31286
31291
31293
31322
31331
31335
31355
31358
31381
31402
31404
31409
31430
31434
31435
31438
31445
31453
31459
31463
31478
31480
31485
31491
31512
31515
31519
31527
31537
31552
31559
31566
31570
31570
31572
31576
31590
31599
31613
31614
31631
31643
31653
31663
31667
31669
31669
31673
31674
31676
31679
31688
31695
31697
31699
31717
31717
31720
31744
31752
31774
31778
31783
31789
31794
31802
31803
31806
31830
31835
31836
31847
31859
31866
31872
31896
31907
31913
31921
31932
31933
31936
31938
31940
31941
31941
31945
31947
31953
31954
31954
31956
31959
31975
31976
31981
31986
31990
32007
32024
32028
32028
32038
32047
32052
32055
32056
32070
32072
32074
32075
32076
32082
32083
32083
32094
32096
32100
32112
32115
32125
32129
32137
32145
32145
32147
32151
32175
32182
32189
32203
32203
32209
32213
32236
32246
32249
32267
32270
32274
32287
32299
32301
32309
32311
32317
32318
32320
32329
32367
32370
32374
32377
32394
32395
32403
32414
32419
32421
32427
32444
32445
32451
32453
32455
32464
32474
32486
32490
32490
32491
32492
32497
32507
32515
32518
32529
32542
32544
32548
32558
32563
32571
32577
32590
32591
32606
32610
32622
32625
32630
32638
32642
32644
32646
32653
32654
32656
32659
32660
32662
32663
32668
32676
32688
32693
32696
32701
32703
32704
32717
32720
32721
32729
32730
32732
32736
32739
32740
32746
32758
32759
32763
32782
32784
32788
32792
32800
32805
32806
32812
32826
32839
32841
32846
32855
32859
32864
32867
32871
32883
32893
32906
32911
32918
32922
32924
32935
32941
32952
32955
32959
32967
32972
32976
32978
32981
32984
32985
32987
32994
32997
33004
33006
33041
33043
33050
33055
33059
33060
33065
33067
33076
33086
33091
33092
33107
33113
33143
33146
33161
33170
33183
33185
33192
33200
33206
33206
33215
33219
33223
33255
33256
33261
33264
33267
33274
33275
33278
33282
33283
33316
33319
33324
33336
33336
33336
33341
33343
33354
33364
33366
33379
33380
33380
33385
33387
33394
33399
33410
33422
33433
33436
33445
33446
33450
33455
33467
33474
33481
33481
33483
33484
33488
33489
33492
33498
33505
33509
33520
33526
33529
33532
33546
33549
33551
33558
33558
33561
33574
33576
33579
33579
33582
33583
33601
33605
33609
33612
33618
33634
33638
33646
33650
33654
33655
33670
33671
33673
33674
33682
33694
33699
33703
33706
33710
33721
33742
33754
33759
33759
33761
33767
33772
33776
33781
33785
33785
33785
33796
33801
33809
33816
33816
33820
33822
33831
33837
33839
33843
33848
33850
33851
33858
33862
33876
33877
33879
33888
33889
33893
33900
33902
33905
33910
33912
33917
33921
33928
33934
33941
33943
33944
33966
33979
33991
34004
34009
34009
34023
34029
34031
34051
34058
34066
34067
34070
34085
34087
34093
34094
34096
34101
34104
34124
34132
34133
34134
34137
34147
34152
34154
34155
34177
34186
34190
34190
34205
34208
34223
34230
34231
34231
34231
34234
34237
34243
34257
34275
34281
34284
34286
34291
34303
34308
34309
34326
34331
34334
34338
34349
34351
34352
34361
34365
34374
34379
34388
34391
34398
34400
34402
34416
34417
34424
34430
34439
34444
34450
34454
34456
34474
34479
34482
34488
34494
34497
34499
34501
34513
34523
34531
34539
34540
34541
34545
34546
34550
34562
34562
34575
34581
34592
34611
34616
34643
34662
34668
34675
34679
34683
34690
34698
34698
34700
34710
34712
34713
34726
34729
34747
34751
34757
34759
34767
34767
34769
34792
34794
34803
34808
34810
34818
34821
34825
34826
34836
34865
34870
34876
34876
34877
34877
34878
34887
34898
34907
34918
34923
34929
34936
34948
34964
34970
34971
34972
34977
34982
34986
34989
34993
34994
35003
35013
35015
35023
35038
35053
35076
35084
35085
35100
35108
35113
35118
35121
35122
35123
35124
35136
35137
35148
35148
35153
35154
35154
35158
35159
35161
35162
35173
35185
35188
35211
35212
35213
35214
35216
35221
35228
35241
35244
35254
35265
35266
35268
35271
35277
35285
35290
35311
35316
35317
35324
35326
35331
35334
35337
35339
35342
35344
35364
35365
35368
35370
35371
35394
35396
35396
35399
35415
35418
35423
35434
35437
35448
35449
35458
35467
35469
35469
35470
35471
35472
35475
35476
35476
35480
35483
35500
35525
35537
35541
35549
35560
35561
35564
35564
35565
35569
35576
35586
35592
35592
35595
35595
35602
35606
35606
35611
35620
35634
35640
35656
35662
35675
35675
35677
35684
35690
35715
35717
35734
35734
35754
35755
35759
35770
35779
35779
35780
35792
35798
35801
35806
35810
35837
35844
35855
35865
35869
35889
35893
35894
35895
35901
35927
35942
35948
35949
35961
35991
35995
35998
36008
36023
36034
36037
36038
36043
36044
36046
36057
36060
36061
36065
36066
36067
36074
36086
36090
36098
36101
36108
36115
36115
36120
36120
36123
36137
36140
36146
36159
36159
36174
36175
36176
36180
36182
36204
36208
36226
36247
36262
36275
36278
36281
36305
36310
36316
36326
36328
36341
36347
36366
36373
36378
36387
36397
36409
36417
36425
36429
36444
36449
36449
36461
36465
36467
36473
36475
36498
36499
36500
36504
36506
36521
36533
36537
36537
36546
36553
36553
36557
36558
36570
36572
36584
36586
36588
36591
36605
36613
36644
36649
36651
36656
36662
36665
36691
36701
36705
36705
36716
36722
36732
36740
36743
36745
36745
36747
36752
36762
36766
36770
36770
36771
36773
36774
36788
36811
36822
36827
36833
36833
36836
36838
36839
36839
36842
36845
36854
36870
36875
36877
36878
36883
36896
36900
36929
36929
36939
36940
36944
36945
36949
36950
36961
36969
36969
36972
36982
36989
36989
36994
36999
37008
37027
37029
37048
37049
37050
37054
37056
37057
37062
37062
37080
37090
37092
37093
37099
37100
37103
37105
37109
37109
37112
37113
37122
37127
37134
37136
37137
37144
37151
37154
37155
37168
37168
37169
37197
37201
37203
37206
37215
37216
37231
37233
37242
37249
37249
37249
37250
37254
37258
37266
37284
37286
37286
37311
37318
37328
37328
37329
37338
37342
37343
37356
37357
37363
37387
37394
37398
37399
37406
37418
37435
37441
37472
37488
37502
37502
37520
37520
37527
37538
37549
37549
37565
37578
37579
37581
37581
37581
37584
37613
37627
37635
37642
37651
37651
37664
37664
37665
37669
37671
37675
37683
37705
37707
37709
37711
37713
37730
37744
37752
37753
37773
37773
37787
37789
37791
37794
37797
37801
37812
37814
37814
37817
37818
37822
37831
37833
37835
37836
37838
37838
37845
37846
37849
37860
37876
37887
37895
37898
37903
37909
37945
37954
37957
37961
37969
37970
37973
37975
37980
37987
37988
37991
38014
38018
38021
38022
38034
38037
38041
38060
38061
38072
38074
38094
38113
38122
38122
38124
38131
38131
38141
38149
38155
38161
38172
38192
38201
38208
38214
38217
38220
38227
38238
38240
38269
38271
38283
38298
38301
38313
38315
38319
38322
38323
38326
38337
38344
38346
38380
38383
38396
38400
38412
38437
38445
38468
38477
38493
38495
38500
38505
38507
38509
38524
38527
38531
38532
38535
38543
38544
38566
38569
38578
38585
38586
38591
38595
38609
38619
38620
38622
38624
38627
38677
38684
38695
38700
38711
38722
38737
38742
38755
38767
38773
38780
38789
38800
38812
38839
38868
38881
38886
38895
38900
38923
38930
38936
38947
38961
38963
38964
38976
38986
38988
38994
38998
38999
39015
39020
39024
39039
39046
39049
39065
39083
39094
39096
39100
39106
39116
39128
39139
39141
39145
39147
39148
39151
39152
39158
39167
39168
39169
39178
39183
39191
39196
39198
39205
39218
39221
39249
39254
39259
39276
39279
39284
39290
39306
39317
39324
39326
39328
39346
39351
39368
39368
39402
39403
39406
39424
39425
39425
39426
39440
39444
39450
39457
39459
39460
39462
39477
39481
39483
39496
39511
39523
39543
39544
39545
39551
39557
39564
39566
39570
39574
39583
39589
39607
39629
39638
39638
39648
39657
39661
39666
39668
39668
39676
39682
39688
39702
39705
39711
39716
39719
39723
39740
39747
39750
39750
39755
39758
39769
39775
39784
39793
39799
39800
39809
39809
39811
39825
39848
39856
39863
39871
39875
39880
39884
39890
39901
39903
39909
39912
39916
39922
39923
39924
39927
39928
39949
39967
39969
39975
39978
39982
39992
40001
40003
40019
40020
40028
40043
40046
40052
40059
40060
40068
40088
40090
40092
40110
40110
40114
40118
40125
40129
40153
40163
40172
40173
40173
40175
40177
40186
40200
40213
40214
40215
40219
40224
40225
40232
40240
40241
40242
40242
40243
40252
40254
40256
40276
40279
40281
40285
40287
40291
40294
40294
40298
40300
40320
40323
40346
40348
40354
40355
40356
40365
40368
40380
40402
40402
40408
40411
40424
40427
40443
40464
40472
40478
40494
40502
40506
40511
40516
40518
40520
40529
40534
40542
40556
40559
40561
40570
40573
40588
40603
40604
40622
40628
40643
40649
40652
40663
40663
40666
40671
40691
40705
40709
40715
40716
40721
40721
40743
40748
40751
40753
40759
40760
40780
40782
40786
40787
40795
40796
40797
40798
40801
40813
40818
40821
40828
40838
40838
40840
40847
40851
40856
40866
40869
40881
40889
40891
40892
40900
40926
40935
40938
40949
40964
40995
41003
41004
41007
41007
41019
41023
41031
41052
41071
41087
41090
41094
41096
41103
41108
41109
41122
41126
41162
41182
41194
41198
41202
41204
41205
41215
41226
41241
41241
41246
41248
41255
41257
41273
41273
41279
41279
41291
41328
41333
41344
41345
41346
41347
41348
41350
41350
41383
41389
41391
41399
41404
41407
41413
41477
41481
41489
41491
41511
41515
41519
41522
41526
41535
41551
41553
41556
41560
41565
41570
41573
41588
41592
41600
41601
41603
41605
41607
41624
41628
41648
41654
41658
41659
41660
41671
41678
41679
41684
41706
41708
41712
41724
41735
41742
41746
41758
41758
41764
41767
41769
41770
41771
41779
41780
41784
41838
41850
41855
41859
41867
41879
41885
41895
41897
41900
41916
41919
41924
41928
41929
41932
41934
41955
41963
41969
41977
41981
41981
42009
42022
42034
42039
42047
42057
42060
42112
42112
42130
42141
42148
42170
42172
42174
42180
42184
42190
42192
42196
42210
42224
42242
42245
42247
42258
42269
42277
42278
42289
42290
42296
42318
42321
42333
42338
42345
42353
42354
42378
42385
42389
42393
42400
42407
42408
42411
42411
42418
42425
42443
42444
42446
42453
42454
42459
42460
42460
42463
42463
42464
42464
42467
42470
42477
42499
42502
42508
42512
42514
42545
42556
42564
42572
42583
42590
42598
42603
42605
42607
42612
42626
42643
42688
42693
42698
42709
42728
42746
42747
42749
42751
42754
42759
42760
42761
42761
42765
42767
42775
42783
42785
42788
42799
42799
42802
42821
42828
42836
42837
42872
42873
42901
42909
42927
42931
42941
42943
42950
42977
42977
43007
43014
43032
43042
43042
43051
43052
43064
43073
43082
43088
43089
43103
43106
43106
43111
43117
43122
43122
43127
43131
43137
43143
43150
43159
43165
43173
43173
43176
43192
43212
43215
43228
43229
43260
43261
43261
43262
43270
43272
43306
43306
43310
43313
43314
43318
43319
43320
43322
43326
43328
43331
43340
43342
43343
43369
43384
43401
43406
43412
43414
43417
43423
43427
43430
43431
43433
43466
43471
43473
43475
43475
43476
43524
43525
43530
43542
43554
43558
43559
43565
43570
43571
43574
43590
43611
43614
43619
43624
43633
43636
43645
43650
43660
43662
43668
43672
43707
43710
43710
43723
43751
43757
43767
43769
43771
43773
43773
43775
43792
43796
43804
43809
43815
43858
43859
43885
43886
43889
43892
43897
43899
43903
43911
43924
43927
43937
43945
43949
43951
43954
43956
43959
43962
43969
43974
43981
43984
43988
43989
43991
44014
44020
44024
44025
44027
44038
44038
44045
44048
44048
44051
44064
44065
44084
44092
44092
44128
44139
44145
44145
44159
44164
44173
44177
44178
44205
44209
44213
44218
44224
44224
44227
44234
44245
44265
44267
44272
44274
44279
44281
44287
44289
44292
44310
44315
44318
44326
44329
44332
44339
44350
44357
44368
44373
44381
44384
44386
44388
44397
44400
44404
44410
44412
44421
44431
44436
44443
44444
44450
44456
44462
44464
44470
44474
44476
44488
44489
44499
44509
44510
44532
44564
44576
44583
44584
44585
44593
44605
44610
44620
44621
44630
44646
44658
44660
44667
44669
44669
44699
44703
44704
44704
44704
44705
44707
44715
44716
44718
44721
44726
44733
44736
44742
44747
44748
44759
44763
44765
44774
44775
44780
44796
44799
44800
44806
44812
44816
44827
44831
44839
44847
44857
44860
44869
44890
44910
44912
44913
44919
44924
44938
44945
44952
44958
44960
44963
44980
44986
44988
44990
44995
44995
44995
45003
45008
45008
45020
45025
45026
45036
45042
45053
45054
45078
45085
45087
45094
45095
45099
45101
45114
45118
45142
45157
45164
45171
45184
45188
45197
45206
45208
45212
45212
45216
45231
45239
45243
45248
45258
45262
45280
45284
45290
45303
45308
45309
45312
45315
45315
45316
45319
45320
45336
45337
45353
45363
45365
45377
45379
45379
45388
45389
45401
45401
45402
45403
45412
45419
45423
45442
45447
45453
45456
45471
45475
45476
45482
45508
45511
45512
45523
45523
45528
45538
45548
45556
45573
45583
45587
45591
45605
45611
45619
45620
45623
45623
45645
45648
45663
45672
45678
45692
45696
45698
45699
45700
45715
45716
45729
45744
45748
45760
45760
45760
45761
45763
45769
45770
45775
45780
45780
45792
45802
45802
45804
45818
45822
45829
45830
45842
45850
45855
45871
45878
45880
45881
45893
45894
45895
45898
45900
45907
45914
45915
45921
45923
45936
45937
45941
45946
45949
45963
45963
45976
45989
45992
45992
45995
45996
45996
46002
46003
46009
46010
46012
46041
46047
46049
46050
46058
46066
46091
46102
46109
46116
46123
46123
46124
46130
46130
46131
46135
46140
46144
46149
46153
46157
46163
46166
46167
46168
46169
46174
46187
46198
46199
46201
46202
46202
46203
46219
46220
46222
46228
46229
46229
46234
46244
46246
46280
46283
46285
46295
46295
46298
46310
46330
46331
46337
46340
46344
46345
46350
46352
46358
46366
46376
46385
46390
46392
46395
46404
46414
46420
46421
46427
46448
46452
46457
46463
46463
46464
46471
46471
46480
46494
46499
46503
46504
46517
46522
46534
46534
46539
46543
46546
46553
46555
46556
46559
46560
46560
46561
46563
46565
46569
46580
46581
46583
46591
46599
46610
46617
46621
46626
46634
46636
46637
46667
46667
46669
46671
46672
46674
46676
46676
46687
46689
46696
46714
46748
46761
46762
46763
46764
46766
46774
46774
46776
46777
46780
46783
46793
46802
46808
46837
46845
46851
46869
46878
46885
46898
46911
46918
46922
46956
46956
46965
46968
46978
46981
46998
47006
47017
47018
47020
47026
47034
47034
47037
47045
47046
47051
47051
47064
47065
47073
47085
47091
47100
47131
47132
47136
47138
47146
47155
47158
47162
47165
47175
47178
47185
47190
47193
47195
47197
47203
47205
47206
47211
47218
47222
47244
47250
47254
47255
47260
47261
47261
47265
47270
47280
47280
47300
47304
47308
47311
47312
47320
47328
47339
47340
47342
47346
47347
47348
47350
47353
47366
47369
47377
47381
47386
47395
47395
47399
47406
47407
47412
47422
47422
47427
47440
47452
47452
47453
47465
47467
47467
47473
47479
47480
47481
47485
47494
47496
47524
47526
47536
47539
47539
47562
47572
47589
47596
47599
47603
47608
47624
47650
47657
47661
47674
47680
47691
47692
47695
47700
47701
47702
47708
47715
47722
47734
47743
47745
47748
47755
47759
47760
47761
47764
47765
47771
47771
47798
47801
47808
47819
47826
47826
47836
47856
47860
47864
47865
47867
47877
47877
47888
47889
47898
47909
47913
47946
47950
47960
47961
47966
47967
47971
47971
47981
47989
47993
47994
48002
48015
48016
48017
48025
48026
48039
48050
48052
48053
48056
48057
48065
48076
48081
48090
48108
48109
48110
48136
48137
48141
48141
48143
48146
48147
48150
48157
48162
48166
48167
48167
48171
48176
48187
48194
48202
48210
48212
48235
48238
48239
48242
48245
48272
48282
48285
48286
48290
48303
48304
48312
48313
48338
48346
48348
48354
48357
48362
48370
48381
48382
48382
48384
48391
48404
48418
48419
48422
48424
48429
48437
48440
48449
48453
48461
48471
48478
48482
48484
48487
48487
48488
48490
48501
48501
48510
48514
48521
48529
48533
48534
48537
48538
48558
48572
48580
48582
48583
48593
48596
48599
48602
48604
48605
48609
48633
48640
48643
48651
48655
48662
48663
48670
48673
48691
48696
48703
48703
48707
48710
48721
48728
48732
48754
48763
48767
48768
48778
48782
48790
48793
48797
48799
48804
48813
48815
48817
48824
48832
48836
48849
48855
48858
48881
48889
48895
48896
48896
48915
48925
48933
48946
48962
48967
48971
48995
48998
48999
49003
49005
49020
49025
49036
49042
49046
49069
49072
49074
49077
49079
49083
49091
49091
49097
49103
49103
49107
49110
49111
49113
49129
49130
49134
49143
49144
49166
49167
49172
49190
49191
49203
49206
49227
49230
49249
49252
49270
49270
49270
49276
49287
49287
49288
49304
49305
49305
49308
49309
49314
49318
49320
49326
49328
49335
49336
49339
49346
49347
49352
49368
49383
49383
49387
49388
49401
49410
49418
49422
49423
49428
49430
49443
49447
49448
49452
49466
49476
49491
49506
49521
49537
49548
49561
49563
49568
49569
49581
49590
49593
49599
49602
49613
49634
49643
49654
49655
49659
49663
49664
49693
49706
49708
49709
49715
49715
49717
49722
49724
49732
49734
49746
49753
49761
49775
49777
49795
49795
49807
49811
49815
49817
49823
49824
49827
49850
49856
49878
49879
49879
49887
49897
49897
49903
49905
49932
49933
49937
49938
49941
49951
49956
49957
49968
49969
49987
49988
49988
