2
6
7
14
15
30
41
47
62
67
72
82
85
98
102
109
113
126
127
138
151
156
170
178
182
189
192
198
207
211
220
224
231
234
245
261
263
264
266
281
290
293
316
319
321
323
330
334
338
347
351
353
367
369
372
388
390
406
411
424
429
444
448
454
455
462
473
498
509
512
513
539
539
565
572
578
581
584
591
592
592
598
606
628
631
634
641
642
651
676
677
682
716
719
719
736
742
756
773
774
783
785
786
796
808
811
817
823
825
842
846
847
851
851
860
871
877
904
907
909
910
912
915
919
921
930
935
956
993
994
1000
1000
1017
1018
1032
1037
1039
1052
1060
1086
1114
1130
1138
1149
1156
1160
1180
1187
1207
1209
1215
1225
1230
1237
1241
1244
1249
1257
1274
1283
1292
1292
1316
1319
1323
1329
1333
1345
1378
1381
1390
1402
1406
1411
1413
1417
1418
1429
1436
1445
1449
1452
1458
1470
1485
1486
1492
1495
1502
1504
1527
1533
1544
1545
1548
1567
1572
1582
1583
1597
1599
1602
1629
1631
1644
1646
1648
1664
1669
1678
1679
1681
1686
1688
1689
1696
1704
1709
1710
1728
1750
1752
1753
1757
1760
1768
1782
1791
1803
1804
1819
1820
1822
1827
1828
1831
1835
1859
1861
1863
1881
1883
1887
1892
1905
1914
1945
1946
1955
1961
1963
1963
1966
1971
1983
1998
2002
2010
2029
2041
2044
2067
2069
2075
2075
2081
2084
2087
2087
2091
2094
2101
2114
2127
2139
2162
2162
2165
2167
2172
2192
2198
2200
2208
2271
2274
2301
2302
2313
2314
2323
2325
2335
2343
2348
2349
2362
2363
2366
2371
2373
2388
2393
2403
2441
2472
2480
2519
2524
2530
2541
2543
2545
2549
2574
2612
2618
2632
2636
2650
2672
2675
2687
2700
2715
2727
2730
2730
2738
2739
2743
2744
2745
2747
2769
2769
2770
2790
2794
2802
2816
2820
2828
2838
2862
2864
2872
2892
2902
2908
2908
2915
2920
2926
2985
2988
3007
3021
3031
3039
3042
3044
3050
3051
3052
3064
3085
3086
3090
3113
3121
3132
3147
3150
3156
3167
3175
3189
3197
3201
3207
3212
3218
3231
3243
3246
3250
3261
3264
3268
3282
3296
3315
3322
3341
3341
3350
3354
3354
3359
3360
3371
3383
3383
3412
3416
3422
3424
3426
3431
3443
3463
3464
3488
3506
3508
3509
3519
3548
3551
3557
3583
3585
3589
3623
3639
3669
3671
3672
3681
3703
3710
3729
3746
3765
3768
3771
3791
3797
3815
3836
3839
3842
3847
3860
3863
3864
3876
3879
3893
3895
3900
3906
3920
3921
3931
3933
3937
3941
3946
3958
3966
3967
3979
3985
3986
3988
3988
4002
4010
4018
4021
4022
4034
4038
4041
4051
4052
4074
4089
4108
4142
4148
4150
4153
4157
4159
4163
4167
4178
4216
4217
4220
4225
4228
4249
4251
4256
4259
4266
4267
4268
4279
4299
4300
4302
4304
4305
4309
4320
4327
4327
4330
4339
4343
4345
4353
4353
4355
4356
4375
4378
4394
4402
4426
4470
4472
4475
4475
4476
4501
4515
4521
4538
4546
4549
4556
4581
4589
4596
4596
4600
4601
4612
4617
4620
4633
4660
4666
4667
4671
4674
4690
4690
4695
4696
4720
4730
4739
4743
4750
4762
4776
4791
4813
4813
4819
4822
4827
4840
4850
4850
4863
4879
4889
4901
4925
4927
4948
4965
4969
4974
4991
4993
5017
5026
5032
5040
5046
5049
5090
5101
5101
5114
5137
5154
5156
5169
5181
5188
5192
5202
5223
5223
5285
5308
5311
5311
5327
5330
5331
5334
5337
5348
5349
5357
5365
5369
5381
5385
5390
5390
5392
5400
5411
5433
5434
5460
5474
5485
5493
5497
5506
5508
5518
5524
5525
5534
5535
5538
5559
5572
5627
5643
5644
5652
5659
5665
5683
5729
5733
5753
5755
5755
5764
5769
5770
5780
5799
5801
5802
5820
5823
5834
5836
5836
5840
5844
5847
5849
5851
5868
5870
5884
5888
5897
5907
5916
5927
5930
5933
5934
5943
5945
5957
5973
5993
6002
6004
6011
6023
6024
6025
6031
6039
6050
6066
6072
6075
6078
6081
6102
6104
6112
6144
6156
6163
6204
6205
6209
6211
6212
6212
6223
6226
6227
6229
6256
6262
6270
6275
6277
6304
6306
6312
6322
6357
6357
6367
6400
6401
6407
6408
6414
6420
6440
6450
6454
6457
6458
6476
6485
6485
6486
6504
6506
6512
6540
6566
6571
6574
6577
6593
6601
6608
6618
6620
6635
6659
6670
6679
6680
6716
6719
6733
6737
6748
6749
6758
6776
6790
6793
6804
6818
6828
6835
6841
6843
6854
6882
6897
6902
6902
6913
6944
6945
6946
6970
6974
7000
7004
7004
7029
7031
7037
7040
7041
7045
7047
7055
7060
7064
7065
7072
7076
7090
7093
7121
7122
7134
7168
7184
7194
7201
7230
7231
7257
7274
7276
7280
7287
7288
7297
7298
7319
7323
7324
7332
7334
7347
7348
7349
7367
7371
7379
7393
7416
7426
7450
7456
7483
7486
7492
7508
7547
7585
7586
7591
7593
7598
7600
7601
7611
7615
7622
7623
7651
7673
7676
7677
7681
7682
7684
7692
7702
7711
7718
7735
7738
7746
7751
7758
7770
7780
7780
7798
7801
7806
7816
7820
7837
7839
7869
7888
7893
7897
7917
7918
7920
7922
7923
7926
7935
7939
7943
7967
7971
7992
7993
7997
7998
7998
8006
8030
8042
8071
8077
8077
8093
8117
8125
8127
8148
8152
8154
8172
8183
8188
8215
8216
8233
8242
8249
8267
8272
8286
8287
8299
8317
8334
8344
8362
8367
8379
8391
8403
8414
8432
8436
8453
8476
8496
8505
8505
8522
8542
8544
8548
8562
8569
8576
8580
8587
8612
8636
8647
8652
8659
8664
8667
8674
8681
8708
8712
8718
8719
8735
8744
8749
8753
8757
8758
8761
8764
8769
8769
8774
8785
8792
8796
8803
8804
8805
8808
8830
8845
8869
8870
8875
8887
8894
8896
8906
8928
8960
8964
8993
9011
9025
9029
9030
9031
9033
9041
9045
9045
9047
9072
9128
9132
9134
9146
9151
9168
9175
9180
9190
9190
9194
9200
9228
9241
9245
9254
9256
9257
9257
9278
9288
9306
9341
9344
9370
9373
9385
9390
9406
9409
9416
9416
9425
9427
9428
9430
9435
9450
9457
9457
9471
9471
9488
9489
9495
9499
9502
9517
9526
9538
9567
9583
9584
9594
9628
9631
9691
9713
9721
9725
9734
9739
9748
9755
9757
9771
9786
9792
9801
9809
9819
9820
9820
9821
9826
9828
9844
9845
9845
9856
9858
9863
9874
9876
9888
9888
9891
9893
9901
9919
9947
9950
9951
9952
9955
9956
9963
9970
9977
9981
9985
9987
10003
10007
10013
10026
10030
10035
10057
10060
10061
10093
10095
10109
10118
10121
10124
10132
10134
10145
10157
10161
10168
10172
10188
10191
10216
10218
10226
10228
10233
10240
10272
10295
10300
10314
10320
10321
10341
10344
10364
10381
10386
10391
10393
10421
10430
10431
10474
10515
10519
10527
10530
10553
10561
10562
10564
10568
10576
10601
10607
10608
10632
10637
10639
10668
10676
10676
10693
10700
10733
10750
10755
10760
10768
10768
10795
10797
10800
10802
10807
10817
10827
10847
10848
10858
10859
10862
10863
10866
10866
10873
10877
10903
10910
10920
10922
10927
10935
10942
10949
10953
10956
10957
10961
10962
10974
10990
10993
11024
11031
11032
11047
11054
11063
11089
11091
11097
11103
11116
11121
11126
11146
11150
11166
11173
11174
11192
11212
11214
11219
11221
11222
11223
11248
11271
11274
11280
11293
11346
11355
11356
11360
11362
11370
11372
11381
11404
11433
11434
11442
11447
11448
11457
11462
11468
11469
11478
11496
11507
11507
11515
11536
11536
11540
11555
11557
11568
11570
11579
11582
11593
11596
11617
11629
11639
11655
11661
11670
11678
11685
11694
11700
11706
11712
11732
11737
11745
11755
11757
11764
11774
11786
11797
11836
11842
11851
11853
11856
11863
11867
11876
11896
11906
11907
11911
11915
11923
11932
11941
11954
11955
11971
11974
11996
11997
12005
12008
12015
12031
12044
12060
12067
12077
12077
12084
12087
12101
12103
12103
12107
12124
12127
12131
12147
12154
12156
12158
12161
12169
12170
12185
12189
12196
12198
12199
12212
12217
12225
12238
12239
12246
12253
12260
12261
12262
12281
12286
12287
12297
12319
12325
12327
12329
12334
12337
12344
12348
12361
12385
12386
12392
12393
12394
12395
12415
12416
12421
12437
12439
12443
12452
12454
12495
12497
12503
12510
12513
12519
12530
12547
12550
12568
12578
12599
12603
12604
12626
12628
12632
12645
12685
12694
12694
12698
12730
12731
12781
12791
12799
12802
12828
12830
12843
12868
12875
12898
12904
12929
12944
12945
12946
12949
12957
12958
12966
12967
12984
12993
12997
13002
13006
13011
13020
13035
13056
13057
13066
13067
13089
13095
13117
13118
13132
13135
13140
13141
13186
13198
13208
13210
13214
13238
13249
13253
13266
13272
13282
13284
13285
13287
13289
13289
13342
13346
13353
13355
13365
13374
13380
13385
13385
13390
13432
13443
13458
13468
13469
13470
13487
13500
13508
13512
13518
13519
13520
13538
13550
13554
13557
13557
13561
13586
13649
13663
13687
13690
13690
13695
13712
13714
13722
13731
13734
13741
13744
13745
13752
13758
13760
13781
13794
13795
13804
13804
13809
13821
13824
13826
13829
13830
13834
13840
13854
13863
13867
13877
13887
13936
13938
13939
13981
14019
14019
14031
14041
14043
14054
14067
14084
14086
14100
14120
14125
14160
14166
14178
14180
14186
14199
14205
14210
14215
14231
14249
14283
14289
14315
14315
14318
14323
14323
14340
14341
14344
14358
14375
14400
14402
14407
14409
14416
14420
14441
14456
14459
14463
14488
14490
14503
14531
14536
14539
14547
14579
14588
14589
14606
14613
14648
14653
14656
14672
14689
14698
14733
14737
14738
14751
14761
14772
14778
14778
14779
14782
14804
14818
14827
14846
14865
14871
14886
14892
14899
14899
14906
14920
14920
14928
14930
14956
14960
14969
14972
14982
15020
15038
15039
15045
15053
15055
15057
15065
15067
15083
15087
15111
15117
15124
15127
15128
15132
15138
15161
15192
15196
15197
15214
15215
15218
15223
15233
15235
15239
15245
15248
15250
15250
15267
15270
15285
15314
15319
15336
15361
15407
15419
15421
15423
15430
15436
15437
15443
15448
15455
15461
15482
15494
15496
15504
15508
15529
15566
15582
15582
15596
15620
15644
15646
15650
15666
15681
15702
15714
15715
15720
15738
15742
15744
15762
15769
15780
15800
15810
15819
15821
15824
15830
15835
15858
15859
15880
15888
15899
15905
15916
15929
15936
15941
15943
15951
15964
15990
15994
15996
16013
16021
16030
16031
16033
16037
16042
16046
16054
16085
16085
16095
16110
16111
16141
16147
16147
16153
16154
16158
16172
16173
16173
16174
16174
16182
16185
16190
16193
16215
16215
16217
16222
16229
16253
16266
16268
16288
16290
16291
16301
16307
16329
16330
16343
16346
16356
16357
16374
16382
16386
16408
16414
16435
16436
16456
16462
16469
16527
16532
16542
16542
16553
16565
16567
16582
16586
16593
16634
16636
16646
16650
16653
16678
16681
16687
16719
16727
16730
16738
16764
16766
16769
16770
16792
16795
16805
16810
16821
16822
16850
16863
16872
16873
16873
16877
16886
16890
16896
16899
16901
16915
16923
16966
16974
16982
16986
16990
17005
17008
17012
17020
17036
17038
17062
17071
17092
17147
17150
17168
17172
17186
17227
17239
17261
17266
17266
17267
17277
17289
17298
17328
17339
17344
17348
17355
17357
17360
17361
17362
17371
17372
17384
17392
17416
17427
17430
17448
17467
17469
17487
17488
17492
17494
17507
17520
17538
17539
17542
17549
17562
17564
17565
17567
17569
17575
17576
17584
17600
17622
17644
17646
17652
17663
17666
17670
17675
17676
17688
17728
17735
17740
17743
17748
17779
17782
17786
17800
17807
17808
17814
17821
17832
17844
17854
17858
17862
17865
17866
17868
17880
17881
17884
17885
17916
17916
17919
17924
17926
17927
17936
17937
17944
17948
17955
17957
17977
17980
17982
17990
17994
18000
18002
18004
18013
18017
18030
18038
18063
18076
18084
18096
18142
18144
18145
18147
18148
18152
18157
18161
18176
18181
18187
18195
18195
18223
18226
18242
18261
18270
18270
18287
18312
18317
18320
18327
18328
18350
18360
18374
18380
18382
18387
18397
18404
18406
18419
18430
18431
18466
18470
18486
18521
18524
18525
18528
18528
18563
18566
18582
18591
18592
18601
18605
18619
18624
18625
18629
18649
18654
18665
18673
18674
18722
18730
18730
18733
18741
18743
18752
18757
18761
18788
18788
18788
18805
18806
18808
18808
18810
18838
18859
18876
18899
18900
18917
18920
18951
18952
18957
18991
19004
19049
19050
19063
19066
19067
19067
19114
19116
19117
19133
19157
19184
19186
19191
19203
19209
19210
19211
19225
19245
19249
19250
19267
19277
19292
19294
19310
19314
19316
19317
19318
19330
19334
19337
19371
19380
19394
19409
19424
19444
19490
19493
19523
19526
19555
19563
19568
19599
19600
19608
19610
19620
19630
19645
19647
19650
19651
19652
19696
19698
19708
19717
19745
19759
19760
19772
19779
19783
19799
19812
19838
19840
19854
19868
19896
19910
19931
19944
19961
19971
19985
19997
20015
20018
20020
20043
20075
20077
20082
20088
20100
20101
20106
20122
20123
20128
20136
20136
20141
20163
20169
20173
20176
20185
20203
20205
20215
20231
20252
20253
20271
20282
20288
20300
20329
20329
20353
20354
20357
20358
20359
20368
20375
20378
20379
20385
20386
20406
20406
20415
20418
20418
20423
20435
20470
20472
20474
20488
20494
20498
20508
20512
20523
20543
20550
20558
20560
20644
20671
20691
20695
20699
20710
20711
20723
20737
20737
20738
20773
20774
20790
20805
20810
20824
20827
20840
20878
20891
20893
20900
20922
20922
20968
20971
20972
20976
20978
20978
20986
21004
21006
21009
21016
21031
21036
21054
21089
21097
21109
21110
21113
21121
21128
21148
21157
21158
21162
21170
21177
21178
21179
21183
21216
21234
21234
21235
21237
21238
21253
21254
21261
21280
21281
21287
21303
21307
21311
21314
21329
21343
21345
21350
21384
21411
21423
21427
21436
21445
21454
21457
21458
21464
21469
21474
21502
21510
21544
21562
21563
21571
21573
21580
21610
21616
21624
21624
21637
21653
21654
21662
21675
21675
21683
21702
21703
21711
21712
21714
21728
21739
21753
21770
21772
21772
21791
21792
21797
21809
21810
21812
21813
21817
21822
21837
21837
21847
21856
21859
21860
21865
21871
21875
21939
21943
21946
21947
21953
21953
21969
21969
21973
21978
21985
22003
22021
22028
22032
22037
22043
22050
22072
22077
22107
22108
22112
22121
22123
22160
22171
22217
22237
22237
22260
22263
22263
22272
22275
22276
22304
22321
22324
22367
22368
22387
22426
22427
22432
22440
22441
22468
22471
22472
22474
22478
22485
22494
22498
22500
22512
22521
22543
22545
22547
22604
22606
22609
22613
22631
22664
22664
22665
22685
22689
22698
22706
22707
22721
22730
22735
22761
22765
22781
22793
22804
22815
22820
22827
22829
22847
22848
22848
22855
22859
22863
22866
22877
22896
22900
22903
22936
22946
22950
22953
22954
22958
22959
22965
23000
23016
23017
23019
23025
23051
23068
23110
23117
23125
23147
23150
23158
23162
23170
23185
23197
23221
23252
23253
23275
23278
23287
23295
23300
23307
23309
23310
23311
23320
23329
23361
23361
23362
23368
23382
23386
23391
23393
23396
23422
23433
23439
23444
23444
23456
23474
23484
23490
23492
23499
23501
23512
23513
23514
23524
23524
23527
23531
23535
23545
23546
23547
23554
23557
23564
23602
23604
23608
23614
23637
23641
23656
23663
23669
23685
23691
23698
23702
23704
23714
23715
23720
23729
23750
23754
23769
23773
23793
23794
23803
23804
23829
23836
23851
23854
23860
23860
23867
23870
23874
23884
23895
23905
23914
23920
23926
23935
23938
23941
23942
23954
23956
23957
23969
23981
23982
23988
23999
24007
24012
24019
24043
24045
24076
24084
24098
24130
24133
24149
24152
24161
24165
24169
24171
24184
24187
24197
24218
24228
24229
24236
24237
24267
24282
24284
24285
24294
24314
24323
24332
24350
24359
24366
24367
24369
24375
24388
24416
24421
24429
24433
24433
24466
24469
24469
24485
24490
24502
24507
24507
24531
24590
24591
24606
24614
24634
24644
24654
24679
24701
24718
24742
24746
24747
24749
24751
24755
24764
24770
24775
24784
24797
24797
24801
24813
24821
24824
24828
24830
24832
24832
24855
24856
24857
24877
24877
24884
24922
24927
24936
24952
24959
24964
24975
24982
25007
25017
25023
25036
25045
25047
25049
25063
25064
25065
25073
25074
25079
25097
25109
25111
25122
25131
25138
25144
25155
25167
25170
25177
25186
25203
25205
25208
25218
25234
25257
25257
25288
25308
25319
25334
25344
25356
25402
25417
25430
25434
25434
25444
25445
25447
25452
25456
25474
25475
25506
25519
25528
25546
25552
25565
25574
25575
25585
25595
25602
25609
25615
25622
25627
25633
25636
25638
25638
25646
25649
25672
25688
25688
25708
25738
25741
25751
25751
25765
25768
25780
25784
25797
25804
25815
25816
25825
25829
25843
25857
25890
25929
25940
25941
25948
25950
25964
26003
26005
26028
26036
26044
26076
26077
26079
26080
26085
26091
26092
26104
26106
26110
26114
26122
26122
26125
26139
26176
26187
26189
26201
26213
26214
26215
26218
26220
26264
26290
26296
26304
26315
26333
26343
26399
26408
26415
26426
26437
26452
26472
26490
26496
26511
26518
26526
26532
26546
26550
26559
26570
26572
26572
26574
26580
26587
26592
26597
26601
26602
26614
26649
26652
26655
26659
26661
26668
26681
26704
26722
26749
26769
26770
26781
26782
26810
26825
26840
26848
26849
26862
26866
26893
26903
26907
26907
26925
26927
26937
26956
26958
26972
26981
26983
26993
26997
27026
27051
27063
27064
27065
27066
27089
27112
27133
27137
27152
27164
27171
27174
27175
27177
27184
27193
27215
27216
27247
27271
27275
27281
27284
27287
27305
27308
27316
27337
27353
27361
27445
27454
27459
27467
27470
27512
27518
27535
27546
27554
27557
27571
27573
27584
27588
27594
27595
27613
27627
27643
27652
27653
27657
27659
27669
27670
27671
27691
27699
27701
27712
27719
27766
27766
27770
27778
27779
27785
27790
27793
27794
27814
27841
27864
27864
27882
27885
27886
27897
27899
27907
27907
27940
27943
27951
27956
27959
27973
27977
28015
28030
28059
28064
28095
28096
28103
28109
28116
28127
28127
28147
28168
28169
28188
28193
28213
28218
28224
28224
28226
28228
28229
28237
28249
28253
28259
28265
28265
28275
28279
28282
28283
28290
28294
28315
28329
28331
28339
28385
28387
28396
28396
28402
28404
28412
28413
28414
28414
28419
28424
28433
28434
28453
28459
28460
28460
28464
28471
28475
28484
28493
28495
28501
28503
28507
28520
28520
28532
28538
28543
28581
28583
28585
28586
28592
28599
28606
28613
28618
28619
28623
28624
28634
28650
28665
28680
28684
28694
28714
28724
28726
28729
28736
28737
28742
28743
28746
28756
28761
28771
28773
28785
28809
28815
28827
28837
28861
28889
28892
28894
28899
28924
28945
28960
28970
28997
28998
29012
29045
29068
29069
29081
29091
29112
29153
29171
29182
29187
29188
29198
29199
29199
29210
29216
29221
29240
29248
29250
29255
29258
29259
29262
29263
29283
29288
29311
29312
29318
29325
29327
29334
29337
29358
29361
29375
29376
29382
29390
29407
29436
29441
29449
29449
29472
29476
29491
29492
29500
29501
29506
29511
29537
29541
29542
29569
29575
29602
29607
29627
29629
29637
29652
29655
29692
29697
29701
29705
29705
29707
29730
29756
29760
29772
29788
29803
29806
29810
29810
29842
29843
29864
29887
29898
29907
29914
29916
29918
29936
29937
29939
29943
29943
29946
29950
29956
29961
29962
30003
30010
30010
30040
30042
30064
30066
30068
30071
30075
30083
30089
30109
30111
30123
30131
30134
30142
30153
30164
30166
30175
30192
30196
30204
30209
30211
30214
30214
30221
30245
30252
30277
30279
30291
30313
30322
30330
30330
30340
30341
30347
30350
30378
30382
30399
30401
30417
30431
30436
30448
30459
30485
30488
30503
30527
30532
30535
30536
30562
30583
30592
30598
30604
30605
30623
30647
30649
30652
30652
30654
30658
30661
30664
30684
30690
30692
30696
30710
30712
30746
30751
30760
30767
30777
30810
30811
30815
30816
30826
30827
30828
30830
30831
30834
30848
30848
30867
30877
30877
30879
30888
30902
30905
30916
30931
30938
30945
30948
30950
30954
30957
30970
30983
30998
31010
31013
31013
31025
31032
31033
31036
31038
31040
31056
31066
31069
31073
31092
31095
31096
31126
31134
31148
31172
31200
31202
31231
31233
31258
31281
31309
31322
31324
31326
31327
31330
31349
31352
31354
31355
31359
31360
31365
31378
31402
31406
31406
31412
31415
31431
31446
31461
31470
31471
31533
31533
31534
31535
31537
31539
31544
31548
31552
31557
31564
31573
31573
31605
31609
31614
31619
31644
31648
31654
31663
31686
31686
31714
31715
31716
31723
31739
31739
31756
31757
31761
31776
31798
31819
31823
31829
31830
31834
31872
31878
31904
31907
31907
31908
31918
31942
31948
31949
31951
31954
31965
31973
31976
31989
31993
31999
32011
32012
32027
32029
32033
32072
32111
32115
32116
32119
32120
32173
32187
32209
32222
32228
32232
32233
32248
32258
32265
32273
32288
32292
32306
32313
32324
32325
32340
32359
32382
32408
32411
32411
32411
32433
32463
32467
32472
32499
32506
32511
32521
32524
32524
32538
32548
32554
32557
32568
32572
32575
32580
32599
32608
32610
32643
32649
32650
32675
32676
32729
32732
32760
32764
32771
32816
32840
32841
32859
32860
32867
32878
32884
32885
32889
32899
32905
32920
32933
32936
32937
32939
32951
32955
32964
32974
32982
32992
32993
32999
33026
33031
33037
33043
33043
33050
33051
33068
33075
33092
33093
33104
33110
33118
33123
33135
33136
33149
33149
33161
33177
33178
33180
33186
33190
33207
33207
33212
33227
33233
33238
33244
33255
33270
33292
33292
33296
33299
33301
33335
33353
33362
33365
33367
33371
33376
33402
33403
33405
33408
33412
33414
33419
33421
33422
33427
33448
33449
33450
33462
33465
33470
33477
33481
33483
33495
33508
33514
33523
33538
33555
33560
33565
33572
33575
33577
33584
33586
33592
33595
33597
33629
33630
33634
33639
33649
33668
33671
33674
33692
33705
33727
33733
33736
33738
33750
33758
33763
33765
33777
33786
33786
33789
33792
33793
33795
33797
33807
33816
33841
33855
33857
33869
33870
33873
33880
33890
33897
33918
33923
33928
33929
33932
33934
33940
33941
33948
33951
33952
33960
33968
33999
33999
34006
34043
34050
34054
34081
34081
34101
34125
34127
34131
34135
34146
34156
34157
34158
34160
34160
34162
34191
34216
34217
34218
34231
34245
34259
34260
34287
34304
34324
34324
34331
34337
34372
34380
34386
34396
34406
34408
34408
34413
34422
34430
34432
34443
34457
34475
34476
34476
34476
34497
34507
34509
34531
34536
34540
34558
34567
34604
34604
34616
34622
34628
34635
34638
34640
34686
34693
34721
34730
34731
34749
34750
34757
34761
34766
34820
34829
34833
34841
34845
34845
34858
34877
34885
34889
34912
34930
34931
34932
34934
34975
34977
34977
35000
35001
35014
35017
35019
35037
35039
35047
35056
35069
35082
35097
35104
35106
35114
35123
35138
35144
35146
35163
35190
35198
35220
35246
35256
35269
35270
35286
35291
35301
35308
35312
35336
35345
35356
35362
35375
35379
35422
35438
35446
35451
35455
35498
35502
35509
35526
35540
35548
35555
35557
35569
35579
35583
35601
35612
35618
35621
35624
35626
35643
35652
35652
35653
35655
35665
35674
35675
35687
35697
35717
35719
35723
35724
35732
35743
35748
35772
35784
35786
35790
35795
35819
35821
35837
35844
35844
35856
35857
35865
35874
35881
35889
35891
35893
35896
35897
35898
35898
35916
35927
35932
35934
35936
35952
35959
35961
35973
35989
36018
36035
36042
36049
36067
36075
36079
36118
36119
36121
36142
36174
36177
36185
36188
36196
36201
36207
36207
36232
36240
36241
36245
36251
36276
36280
36295
36298
36301
36306
36329
36370
36376
36387
36387
36391
36394
36396
36405
36408
36417
36417
36420
36448
36448
36469
36471
36503
36504
36514
36554
36554
36563
36578
36621
36624
36628
36631
36633
36651
36658
36662
36666
36683
36691
36693
36709
36716
36725
36728
36729
36754
36779
36782
36818
36822
36826
36828
36828
36834
36838
36839
36844
36855
36855
36864
36868
36887
36901
36906
36915
36933
36937
36942
36973
37012
37050
37054
37062
37063
37071
37077
37094
37104
37113
37121
37122
37131
37131
37134
37146
37171
37173
37181
37197
37210
37216
37220
37241
37243
37252
37281
37284
37307
37310
37320
37324
37342
37353
37376
37381
37385
37390
37399
37403
37405
37431
37432
37433
37434
37439
37440
37441
37442
37444
37450
37451
37461
37462
37465
37470
37475
37485
37486
37504
37505
37530
37559
37566
37602
37614
37624
37657
37659
37669
37685
37709
37710
37710
37710
37713
37713
37728
37749
37754
37769
37786
37794
37820
37846
37847
37848
37866
37876
37883
37890
37893
37904
37924
37925
37943
37946
37959
37990
37995
37999
38005
38005
38015
38022
38023
38034
38036
38040
38045
38054
38057
38057
38065
38083
38094
38094
38094
38100
38104
38108
38119
38124
38127
38127
38139
38158
38175
38179
38208
38215
38225
38236
38237
38250
38271
38292
38301
38330
38337
38351
38354
38361
38377
38404
38404
38406
38407
38410
38422
38426
38453
38453
38457
38467
38479
38495
38500
38510
38526
38527
38532
38543
38553
38558
38565
38577
38591
38608
38609
38626
38629
38632
38650
38654
38658
38660
38664
38668
38674
38700
38723
38735
38736
38737
38738
38753
38760
38765
38765
38779
38787
38802
38830
38842
38847
38849
38851
38856
38872
38893
38897
38914
38921
38922
38927
38929
38936
38936
38954
38958
38961
38972
38992
39008
39013
39024
39031
39032
39036
39038
39039
39043
39049
39051
39052
39060
39062
39066
39068
39083
39095
39100
39101
39104
39117
39121
39123
39143
39148
39150
39166
39178
39189
39190
39199
39201
39211
39212
39214
39215
39218
39224
39229
39259
39261
39263
39269
39271
39287
39289
39290
39295
39298
39318
39323
39325
39336
39346
39356
39357
39370
39376
39377
39378
39399
39403
39404
39407
39418
39429
39431
39433
39447
39472
39473
39492
39492
39495
39518
39531
39533
39576
39583
39614
39626
39630
39639
39644
39669
39684
39705
39708
39709
39709
39732
39750
39752
39765
39772
39785
39791
39828
39830
39834
39860
39861
39871
39873
39873
39879
39886
39902
39902
39903
39915
39916
39939
39939
39942
39947
39950
39956
39956
39961
39965
39984
39988
39991
39993
40002
40008
40030
40041
40062
40065
40086
40116
40135
40137
40165
40169
40172
40173
40204
40211
40220
40223
40229
40253
40262
40267
40282
40283
40285
40289
40295
40297
40334
40335
40346
40364
40374
40380
40395
40404
40413
40424
40432
40435
40453
40472
40484
40500
40521
40522
40541
40546
40546
40558
40564
40573
40595
40602
40608
40615
40627
40643
40650
40665
40681
40682
40684
40695
40700
40700
40702
40703
40705
40713
40727
40728
40737
40761
40771
40784
40798
40804
40813
40815
40820
40837
40863
40877
40878
40878
40884
40886
40900
40912
40928
40940
40947
40950
40959
40963
40964
40966
40969
40973
40978
41009
41012
41013
41017
41052
41056
41060
41071
41080
41085
41087
41087
41096
41099
41112
41113
41121
41125
41134
41143
41144
41148
41154
41154
41162
41163
41184
41193
41195
41210
41217
41240
41255
41255
41256
41258
41263
41280
41280
41291
41296
41297
41305
41309
41320
41337
41368
41379
41388
41391
41392
41395
41397
41399
41405
41427
41432
41462
41466
41479
41493
41494
41505
41507
41512
41512
41539
41541
41546
41552
41552
41554
41565
41574
41615
41618
41627
41665
41677
41697
41723
41751
41778
41785
41793
41811
41829
41829
41831
41849
41863
41865
41873
41897
41906
41919
41921
41952
41953
42000
42004
42025
42036
42036
42039
42043
42047
42048
42058
42071
42101
42103
42112
42124
42128
42130
42142
42146
42165
42185
42195
42202
42214
42217
42234
42237
42259
42262
42263
42263
42269
42270
42304
42322
42331
42339
42341
42345
42349
42353
42361
42370
42375
42380
42403
42406
42411
42414
42414
42420
42421
42430
42448
42489
42511
42519
42520
42523
42527
42530
42535
42538
42540
42552
42554
42562
42566
42573
42604
42618
42641
42647
42657
42658
42664
42665
42668
42676
42685
42688
42717
42718
42724
42738
42738
42741
42754
42762
42768
42777
42789
42802
42809
42809
42814
42820
42843
42848
42852
42875
42886
42887
42890
42892
42892
42893
42898
42900
42902
42923
42923
42927
42929
42950
42954
42967
42972
43000
43001
43008
43030
43045
43064
43064
43072
43073
43078
43085
43089
43107
43111
43124
43130
43134
43144
43163
43165
43172
43179
43180
43181
43181
43210
43230
43235
43241
43248
43249
43249
43249
43259
43260
43263
43271
43282
43290
43298
43308
43318
43328
43330
43345
43351
43362
43375
43378
43386
43388
43392
43394
43406
43417
43424
43428
43429
43440
43454
43466
43485
43486
43489
43498
43510
43527
43533
43534
43534
43542
43546
43551
43564
43566
43569
43575
43582
43591
43599
43600
43606
43658
43666
43676
43676
43678
43687
43693
43709
43730
43731
43733
43750
43767
43769
43783
43785
43798
43799
43803
43809
43814
43826
43828
43841
43843
43845
43847
43860
43863
43870
43894
43895
43923
43923
43928
43946
43948
43961
43971
43972
43972
43991
44004
44029
44031
44041
44047
44077
44091
44101
44102
44105
44108
44112
44122
44129
44130
44131
44138
44147
44153
44161
44165
44175
44192
44194
44202
44212
44218
44223
44234
44239
44246
44250
44255
44259
44271
44304
44311
44312
44323
44332
44334
44350
44363
44376
44393
44414
44418
44420
44427
44458
44463
44469
44471
44492
44509
44520
44520
44526
44533
44541
44549
44551
44551
44559
44571
44587
44593
44594
44595
44610
44611
44617
44623
44627
44652
44661
44669
44677
44678
44680
44704
44707
44708
44711
44735
44741
44747
44757
44758
44758
44783
44798
44825
44831
44842
44859
44864
44870
44870
44879
44881
44897
44901
44902
44908
44912
44914
44928
44948
44951
44980
44994
44995
45027
45036
45036
45039
45050
45078
45082
45098
45103
45110
45120
45133
45164
45166
45179
45183
45215
45232
45238
45250
45252
45258
45259
45264
45308
45312
45319
45329
45331
45348
45363
45364
45380
45381
45388
45397
45411
45414
45426
45427
45439
45449
45451
45458
45469
45475
45476
45480
45498
45505
45505
45512
45530
45530
45531
45531
45534
45538
45539
45595
45611
45632
45633
45642
45653
45669
45689
45693
45701
45703
45707
45709
45719
45733
45753
45758
45762
45774
45783
45793
45793
45797
45810
45813
45830
45837
45842
45843
45890
45906
45931
45940
45951
45961
45973
46002
46015
46019
46022
46027
46027
46039
46039
46040
46040
46052
46054
46063
46067
46087
46101
46106
46115
46124
46132
46141
46162
46172
46174
46185
46188
46190
46200
46210
46212
46219
46222
46224
46237
46241
46242
46246
46255
46266
46286
46286
46294
46303
46307
46312
46322
46341
46342
46356
46370
46373
46373
46386
46388
46391
46402
46406
46411
46425
46427
46440
46454
46460
46463
46476
46479
46493
46497
46501
46504
46535
46547
46558
46566
46574
46579
46586
46596
46600
46602
46608
46611
46626
46630
46635
46651
46657
46659
46679
46680
46682
46688
46696
46705
46706
46709
46717
46734
46736
46745
46780
46790
46804
46820
46829
46829
46833
46852
46855
46859
46875
46898
46910
46911
46926
46932
46951
46953
46966
46977
46981
47002
47022
47027
47042
47081
47084
47104
47110
47123
47132
47145
47151
47154
47166
47166
47171
47172
47172
47175
47189
47193
47194
47198
47199
47203
47210
47225
47228
47241
47243
47247
47265
47277
47278
47290
47309
47314
47346
47394
47428
47442
47447
47448
47450
47450
47467
47475
47478
47495
47495
47495
47521
47536
47539
47542
47549
47552
47563
47565
47569
47572
47578
47604
47604
47608
47610
47614
47618
47622
47624
47638
47643
47648
47654
47657
47665
47677
47706
47732
47747
47748
47755
47769
47772
47780
47780
47792
47796
47803
47804
47804
47808
47856
47872
47888
47889
47892
47907
47908
47922
47932
47935
47940
47948
47958
47983
47983
48014
48015
48016
48017
48019
48024
48052
48057
48057
48076
48118
48133
48139
48144
48161
48168
48179
48182
48200
48202
48213
48247
48249
48258
48266
48266
48266
48270
48275
48282
48283
48292
48305
48311
48311
48334
48340
48350
48359
48362
48374
48388
48390
48390
48405
48410
48428
48444
48456
48458
48460
48469
48486
48491
48498
48519
48537
48543
48547
48548
48565
48570
48572
48576
48582
48583
48587
48601
48606
48615
48623
48631
48634
48662
48669
48685
48706
48707
48716
48718
48722
48724
48726
48736
48738
48744
48746
48758
48761
48766
48768
48776
48785
48791
48813
48834
48836
48847
48848
48854
48872
48902
48904
48913
48915
48936
48948
48961
48961
48973
48980
48989
49003
49017
49027
49035
49038
49046
49053
49061
49072
49078
49082
49101
49109
49120
49122
49135
49138
49169
49171
49172
49182
49206
49209
49215
49229
49237
49239
49242
49248
49305
49311
49316
49330
49331
49345
49356
49357
49361
49363
49372
49374
49376
49378
49390
49400
49407
49414
49425
49435
49436
49458
49468
49474
49474
49477
49496
49507
49521
49542
49549
49566
49579
49586
49601
49621
49623
49626
49647
49655
49659
49692
49700
49705
49707
49719
49730
49744
49753
49771
49787
49803
49819
49824
49830
49852
49853
49879
49879
49883
49883
49886
49892
49893
49901
49904
49905
49906
49911
49938
49948
49950
49957
49966
49977
49982
