13
16
22
24
33
37
40
63
69
71
76
78
83
83
86
98
103
111
122
126
137
141
144
156
157
183
184
188
193
193
194
211
214
222
226
228
228
232
236
239
274
286
309
312
322
324
343
346
360
361
366
374
380
384
387
392
395
409
410
414
426
430
434
437
438
446
449
484
490
494
495
514
524
526
534
543
552
554
571
575
584
586
587
601
609
612
616
616
627
635
637
640
645
654
671
677
678
679
690
700
703
707
708
710
717
719
750
764
783
794
795
796
806
816
818
839
843
846
849
867
875
877
878
890
901
909
909
918
920
936
937
941
943
946
962
965
968
970
975
979
990
990
998
1007
1015
1018
1043
1043
1052
1064
1066
1070
1082
1097
1130
1141
1142
1147
1162
1164
1172
1186
1189
1189
1197
1198
1198
1202
1208
1220
1221
1222
1231
1246
1257
1280
1287
1289
1294
1299
1306
1313
1327
1337
1342
1347
1352
1355
1359
1381
1396
1425
1430
1440
1450
1458
1469
1475
1481
1487
1504
1513
1515
1516
1518
1528
1536
1537
1557
1558
1566
1581
1585
1592
1594
1595
1606
1612
1614
1623
1631
1636
1647
1660
1666
1670
1677
1680
1687
1696
1706
1711
1711
1718
1730
1731
1737
1739
1744
1746
1754
1764
1769
1781
1782
1783
1786
1789
1792
1793
1817
1824
1831
1833
1844
1851
1865
1867
1868
1872
1875
1892
1901
1918
1920
1932
1940
1964
1981
1988
2004
2027
2029
2038
2049
2055
2056
2065
2074
2086
2101
2108
2116
2116
2120
2127
2137
2137
2141
2146
2146
2154
2165
2177
2190
2191
2191
2197
2202
2208
2210
2213
2222
2227
2250
2261
2262
2263
2264
2266
2287
2291
2299
2308
2309
2310
2316
2322
2323
2323
2326
2329
2336
2336
2351
2360
2362
2365
2375
2380
2409
2420
2426
2435
2439
2440
2443
2447
2478
2483
2483
2485
2487
2489
2504
2517
2521
2524
2537
2543
2543
2559
2563
2564
2566
2569
2569
2585
2600
2601
2609
2616
2625
2634
2648
2659
2661
2663
2665
2665
2672
2678
2688
2691
2702
2702
2707
2708
2712
2714
2716
2723
2725
2728
2732
2742
2758
2761
2766
2770
2772
2780
2783
2787
2792
2796
2801
2807
2810
2815
2831
2837
2850
2856
2859
2871
2874
2874
2880
2881
2882
2883
2884
2884
2885
2890
2896
2899
2906
2916
2930
2934
2946
2948
2954
2958
2966
2971
2979
2993
2995
3013
3032
3043
3046
3051
3062
3073
3074
3081
3082
3084
3093
3121
3125
3127
3129
3132
3141
3162
3172
3174
3175
3175
3180
3194
3199
3200
3200
3204
3205
3215
3220
3228
3229
3232
3274
3277
3280
3283
3283
3298
3309
3316
3317
3324
3334
3339
3347
3351
3360
3378
3378
3380
3380
3382
3390
3396
3411
3416
3418
3422
3422
3429
3430
3430
3445
3456
3457
3460
3463
3470
3473
3489
3495
3505
3514
3528
3539
3543
3558
3562
3566
3578
3580
3591
3591
3607
3608
3608
3617
3626
3630
3634
3636
3642
3644
3650
3653
3658
3659
3662
3671
3685
3685
3686
3705
3707
3722
3729
3741
3742
3745
3759
3770
3779
3780
3789
3798
3799
3803
3814
3818
3820
3823
3831
3834
3838
3840
3862
3865
3870
3881
3892
3892
3917
3925
3927
3932
3951
3975
3983
3987
4007
4010
4014
4030
4039
4041
4041
4043
4051
4058
4076
4088
4089
4091
4092
4097
4097
4108
4109
4111
4124
4133
4135
4136
4140
4149
4149
4178
4204
4211
4212
4216
4235
4249
4254
4259
4266
4266
4267
4291
4292
4307
4322
4322
4330
4333
4336
4340
4351
4352
4356
4358
4360
4372
4376
4380
4385
4390
4392
4398
4418
4426
4452
4474
4480
4484
4486
4493
4494
4501
4505
4508
4508
4516
4516
4519
4521
4530
4536
4537
4545
4549
4555
4562
4563
4563
4566
4569
4579
4586
4600
4607
4617
4617
4620
4624
4625
4628
4630
4633
4636
4647
4655
4662
4662
4665
4673
4678
4690
4697
4704
4708
4713
4726
4726
4743
4750
4751
4759
4770
4777
4782
4797
4800
4803
4807
4808
4809
4811
4816
4827
4845
4848
4852
4854
4855
4857
4859
4862
4866
4870
4878
4885
4896
4901
4910
4911
4912
4923
4932
4933
4934
4939
4948
4961
4962
4981
4984
4991
5003
5016
5019
5021
5024
5031
5032
5043
5045
5051
5055
5072
5072
5074
5077
5081
5081
5088
5088
5101
5103
5104
5107
5129
5133
5134
5139
5146
5160
5168
5190
5208
5213
5228
5233
5237
5249
5252
5264
5271
5275
5298
5305
5307
5308
5308
5318
5322
5325
5330
5358
5363
5370
5377
5404
5423
5428
5430
5444
5451
5455
5462
5469
5479
5485
5490
5497
5503
5510
5515
5516
5536
5538
5544
5550
5551
5556
5561
5566
5587
5589
5590
5591
5613
5617
5624
5624
5634
5635
5657
5661
5662
5665
5675
5677
5677
5682
5699
5699
5701
5708
5711
5712
5714
5728
5747
5748
5761
5784
5805
5807
5819
5826
5832
5841
5848
5851
5870
5892
5894
5901
5901
5916
5942
5948
5951
5974
5975
5976
5980
5981
5984
5993
5999
6007
6007
6019
6021
6023
6028
6037
6040
6045
6049
6069
6072
6075
6078
6082
6086
6094
6118
6119
6120
6137
6144
6151
6158
6160
6175
6180
6183
6198
6205
6211
6214
6245
6246
6246
6250
6250
6252
6254
6270
6298
6321
6325
6328
6331
6332
6333
6340
6386
6404
6421
6424
6440
6454
6454
6467
6475
6478
6478
6483
6483
6484
6489
6496
6498
6516
6516
6530
6542
6551
6564
6565
6572
6581
6588
6591
6600
6635
6635
6642
6646
6655
6665
6669
6672
6674
6675
6676
6680
6686
6689
6693
6699
6701
6715
6719
6724
6726
6731
6739
6744
6745
6748
6754
6755
6768
6772
6777
6780
6780
6788
6794
6799
6813
6815
6820
6837
6846
6848
6854
6864
6865
6871
6885
6891
6896
6897
6902
6909
6911
6914
6915
6922
6923
6927
6928
6935
6936
6954
6958
6959
6963
6966
6993
6995
6995
7001
7004
7031
7034
7036
7039
7042
7054
7093
7096
7096
7103
7106
7131
7136
7137
7142
7146
7155
7173
7180
7187
7187
7191
7193
7195
7203
7212
7213
7226
7231
7243
7249
7259
7265
7275
7279
7282
7286
7288
7303
7316
7317
7324
7325
7330
7338
7339
7347
7352
7356
7359
7363
7375
7381
7386
7387
7402
7407
7418
7418
7420
7433
7443
7446
7469
7477
7478
7478
7481
7483
7495
7513
7526
7526
7537
7551
7563
7575
7578
7582
7592
7598
7605
7628
7633
7634
7635
7636
7647
7654
7655
7657
7661
7674
7680
7693
7700
7717
7718
7727
7728
7733
7747
7761
7768
7774
7783
7786
7799
7802
7807
7826
7827
7836
7845
7858
7864
7875
7876
7886
7908
7916
7929
7936
7938
7942
7945
7948
7962
7967
7967
7970
7970
7975
7984
8020
8034
8043
8047
8051
8054
8064
8066
8068
8078
8082
8090
8092
8095
8116
8120
8134
8134
8135
8137
8144
8148
8148
8150
8156
8159
8165
8170
8182
8182
8195
8203
8209
8209
8214
8216
8216
8223
8226
8258
8260
8260
8270
8270
8276
8288
8289
8293
8295
8296
8297
8300
8301
8305
8308
8309
8316
8321
8325
8353
8353
8355
8357
8366
8367
8370
8380
8383
8393
8398
8404
8405
8412
8417
8422
8426
8427
8428
8443
8444
8448
8458
8468
8475
8489
8493
8494
8505
8515
8519
8519
8520
8523
8539
8539
8546
8559
8563
8568
8591
8604
8606
8608
8608
8610
8613
8626
8634
8661
8662
8665
8685
8698
8702
8706
8726
8736
8751
8760
8761
8762
8763
8766
8775
8776
8791
8792
8821
8828
8830
8835
8837
8838
8838
8868
8869
8869
8881
8882
8885
8894
8902
8904
8910
8924
8927
8945
8950
8950
8958
8961
8964
8966
8982
8986
8986
8991
8995
8996
9019
9021
9024
9033
9040
9077
9100
9106
9107
9110
9117
9117
9123
9126
9141
9144
9144
9153
9160
9162
9166
9168
9181
9190
9205
9207
9216
9219
9222
9228
9229
9230
9240
9242
9246
9257
9269
9277
9296
9302
9303
9306
9316
9317
9317
9318
9331
9336
9339
9347
9365
9369
9390
9409
9410
9417
9419
9439
9451
9463
9477
9486
9486
9504
9505
9506
9527
9527
9528
9529
9531
9541
9550
9566
9578
9580
9605
9623
9647
9652
9661
9662
9664
9688
9692
9692
9712
9716
9729
9739
9742
9755
9759
9764
9765
9774
9782
9791
9829
9829
9840
9852
9862
9864
9865
9865
9894
9900
9903
9908
9914
9914
9915
9928
9929
9944
9947
9949
9951
9952
9960
9965
9978
9983
9999
10015
10017
10019
10023
10033
10035
10042
10045
10067
10069
10069
10071
10080
10081
10087
10094
10112
10115
10126
10152
10155
10158
10179
10180
10201
10203
10205
10229
10234
10240
10246
10255
10268
10278
10289
10301
10302
10304
10307
10319
10333
10334
10340
10345
10346
10349
10350
10358
10358
10372
10373
10376
10396
10403
10417
10423
10424
10426
10438
10444
10449
10449
10452
10453
10468
10472
10472
10473
10480
10481
10494
10501
10508
10508
10515
10518
10526
10533
10534
10540
10545
10549
10551
10561
10570
10573
10573
10579
10580
10583
10590
10595
10597
10599
10603
10606
10609
10641
10655
10657
10661
10662
10663
10673
10674
10680
10681
10683
10692
10696
10706
10706
10715
10722
10736
10746
10773
10774
10778
10784
10788
10805
10806
10813
10827
10830
10831
10834
10843
10845
10849
10849
10851
10879
10886
10893
10895
10899
10906
10906
10906
10926
10929
10944
10946
10946
10950
10954
10954
10956
10956
10965
10965
10966
10967
10973
10974
10974
10979
10983
10990
10997
11003
11004
11005
11033
11054
11056
11060
11071
11078
11081
11082
11086
11095
11101
11102
11105
11110
11124
11127
11147
11155
11171
11182
11187
11207
11237
11244
11246
11253
11263
11273
11286
11288
11295
11300
11301
11308
11322
11323
11340
11341
11349
11357
11360
11362
11369
11374
11377
11393
11393
11400
11404
11406
11412
11412
11414
11429
11433
11433
11434
11443
11456
11462
11464
11471
11487
11495
11497
11499
11502
11503
11505
11518
11519
11526
11528
11535
11537
11539
11559
11575
11580
11580
11582
11582
11589
11590
11590
11591
11600
11602
11613
11622
11625
11629
11630
11633
11638
11644
11644
11646
11650
11675
11677
11683
11685
11687
11700
11715
11716
11718
11723
11726
11733
11756
11770
11775
11779
11785
11796
11812
11820
11824
11827
11827
11834
11845
11850
11862
11865
11875
11916
11938
11947
11950
11958
11970
11983
12001
12015
12017
12021
12025
12033
12033
12034
12037
12045
12049
12051
12052
12057
12069
12074
12077
12077
12078
12085
12092
12092
12094
12099
12099
12107
12109
12110
12112
12128
12149
12154
12157
12173
12173
12175
12178
12184
12187
12200
12214
12214
12250
12250
12256
12266
12269
12275
12275
12280
12281
12285
12305
12315
12316
12317
12330
12332
12368
12371
12391
12396
12409
12412
12418
12421
12421
12424
12436
12437
12445
12451
12461
12463
12467
12487
12492
12493
12498
12500
12504
12510
12512
12522
12527
12529
12539
12571
12572
12597
12602
12607
12621
12622
12626
12626
12627
12638
12639
12641
12642
12647
12657
12666
12670
12671
12671
12673
12674
12676
12686
12694
12697
12701
12701
12704
12710
12712
12716
12716
12720
12732
12739
12745
12750
12764
12771
12780
12795
12804
12822
12830
12840
12841
12872
12873
12880
12880
12884
12892
12893
12902
12907
12921
12923
12924
12935
12944
12949
12977
13004
13006
13020
13022
13024
13030
13049
13051
13057
13076
13081
13097
13133
13139
13145
13147
13159
13163
13164
13176
13185
13189
13193
13205
13213
13214
13217
13222
13248
13259
13264
13268
13270
13278
13285
13287
13296
13303
13308
13313
13323
13334
13344
13349
13363
13363
13364
13371
13386
13387
13390
13397
13398
13399
13402
13410
13412
13415
13424
13427
13429
13432
13433
13439
13447
13447
13488
13495
13515
13517
13518
13518
13524
13532
13537
13542
13542
13546
13548
13556
13575
13576
13579
13587
13594
13621
13632
13633
13634
13635
13645
13650
13651
13674
13698
13702
13702
13702
13724
13724
13735
13735
13738
13744
13746
13747
13748
13756
13757
13765
13769
13773
13775
13776
13803
13805
13806
13808
13808
13812
13821
13859
13862
13903
13903
13906
13907
13908
13919
13936
13940
13951
13961
13969
13969
13973
13974
13987
13991
13993
13997
14015
14017
14017
14051
14086
14091
14108
14109
14110
14112
14134
14135
14137
14148
14160
14162
14166
14180
14191
14231
14233
14237
14247
14257
14257
14258
14259
14269
14272
14275
14284
14286
14288
14289
14290
14291
14300
14321
14322
14324
14339
14347
14354
14357
14368
14378
14380
14383
14384
14389
14392
14398
14399
14409
14418
14419
14422
14424
14427
14439
14448
14455
14458
14459
14483
14486
14488
14492
14494
14495
14511
14513
14514
14535
14535
14540
14545
14547
14547
14548
14552
14558
14564
14584
14585
14598
14600
14605
14610
14612
14616
14618
14625
14627
14630
14630
14643
14644
14648
14669
14675
14712
14723
14733
14741
14745
14746
14748
14750
14764
14766
14772
14784
14789
14792
14800
14813
14823
14827
14830
14850
14854
14856
14874
14882
14883
14921
14926
14946
14954
14961
14967
14975
14979
14996
14998
15007
15012
15015
15027
15033
15037
15051
15082
15089
15092
15098
15106
15118
15130
15153
15155
15160
15165
15181
15187
15204
15208
15216
15230
15233
15244
15245
15247
15262
15263
15263
15292
15292
15299
15301
15309
15309
15310
15310
15315
15319
15320
15326
15331
15337
15341
15343
15343
15346
15352
15364
15367
15382
15382
15403
15405
15416
15437
15449
15452
15457
15463
15481
15483
15490
15495
15509
15512
15518
15524
15524
15524
15528
15538
15552
15557
15578
15579
15584
15594
15596
15600
15608
15613
15627
15634
15639
15641
15649
15655
15658
15676
15678
15686
15689
15695
15700
15701
15703
15703
15707
15713
15716
15725
15735
15738
15752
15804
15805
15809
15828
15834
15838
15841
15841
15841
15849
15849
15854
15868
15876
15878
15883
15892
15894
15904
15914
15920
15923
15935
15935
15936
15941
15945
15950
15951
15957
15966
15966
15970
15978
15993
16000
16000
16002
16008
16009
16013
16019
16034
16049
16060
16067
16071
16072
16075
16078
16085
16090
16109
16110
16112
16118
16121
16121
16132
16133
16136
16138
16145
16147
16149
16149
16150
16151
16158
16162
16185
16191
16191
16192
16196
16206
16228
16231
16248
16255
16259
16273
16288
16324
16327
16328
16328
16329
16331
16343
16346
16356
16361
16364
16375
16391
16391
16393
16394
16409
16410
16416
16420
16430
16434
16437
16467
16470
16473
16473
16486
16504
16510
16519
16523
16540
16553
16557
16558
16566
16577
16578
16606
16608
16608
16616
16620
16626
16631
16659
16665
16694
16699
16699
16704
16706
16712
16712
16713
16723
16731
16737
16746
16786
16793
16805
16808
16812
16815
16816
16830
16838
16839
16840
16848
16851
16865
16885
16893
16900
16903
16904
16908
16909
16916
16918
16923
16930
16933
16942
16952
16966
16979
16987
16992
16994
16995
17000
17017
17021
17035
17041
17044
17045
17055
17069
17069
17070
17084
17087
17098
17111
17114
17121
17123
17123
17129
17129
17134
17140
17140
17144
17146
17147
17149
17173
17175
17182
17189
17195
17196
17218
17228
17231
17237
17264
17271
17277
17282
17285
17295
17318
17322
17327
17329
17331
17332
17334
17341
17353
17354
17359
17361
17378
17379
17402
17406
17407
17422
17428
17429
17437
17438
17438
17458
17470
17479
17485
17485
17491
17511
17514
17530
17531
17531
17534
17534
17542
17546
17553
17575
17575
17592
17593
17606
17607
17613
17622
17639
17657
17669
17669
17673
17681
17684
17690
17711
17715
17721
17722
17723
17729
17738
17740
17745
17753
17760
17763
17764
17766
17770
17773
17786
17789
17791
17792
17798
17810
17817
17835
17847
17853
17856
17858
17859
17859
17859
17863
17871
17880
17895
17905
17916
17917
17919
17922
17938
17968
17970
17971
17971
17972
17977
17985
17985
17986
18012
18014
18019
18020
18021
18025
18034
18035
18038
18040
18041
18044
18053
18054
18070
18082
18092
18092
18097
18098
18098
18108
18109
18113
18122
18125
18132
18134
18142
18145
18158
18190
18198
18208
18216
18220
18220
18242
18246
18250
18254
18255
18256
18257
18260
18272
18281
18293
18298
18301
18304
18309
18317
18322
18336
18339
18341
18354
18372
18377
18383
18401
18403
18406
18414
18421
18422
18451
18458
18466
18478
18478
18480
18483
18484
18488
18507
18507
18530
18530
18537
18563
18565
18566
18567
18570
18575
18583
18595
18599
18606
18610
18616
18628
18642
18646
18648
18669
18673
18679
18685
18698
18704
18712
18717
18717
18724
18745
18750
18752
18756
18765
18768
18775
18780
18780
18782
18795
18797
18803
18804
18806
18812
18818
18821
18836
18837
18852
18860
18865
18868
18880
18889
18890
18893
18907
18915
18939
18941
18941
18950
18960
18983
18987
18987
18996
19007
19021
19030
19030
19034
19035
19037
19037
19041
19044
19054
19064
19070
19075
19085
19094
19121
19126
19129
19134
19142
19152
19168
19175
19188
19191
19191
19196
19206
19225
19233
19246
19250
19252
19265
19267
19280
19300
19307
19319
19333
19337
19345
19346
19351
19354
19358
19360
19360
19371
19373
19380
19382
19392
19400
19403
19410
19415
19419
19429
19429
19435
19438
19451
19453
19466
19471
19476
19491
19495
19497
19502
19506
19509
19509
19511
19513
19528
19531
19534
19534
19538
19539
19545
19568
19578
19586
19586
19591
19591
19598
19621
19624
19626
19632
19632
19634
19641
19642
19645
19654
19659
19671
19682
19688
19691
19702
19712
19724
19733
19757
19758
19760
19761
19765
19794
19797
19805
19819
19823
19826
19827
19830
19852
19853
19854
19873
19886
19894
19894
19902
19906
19921
19921
19925
19936
19936
19939
19940
19949
19949
19962
19969
19970
19975
19976
19980
19981
19991
19994
19995
19997
20003
20007
20008
20025
20029
20033
20036
20037
20041
20049
20052
20058
20066
20077
20094
20097
20099
20107
20112
20118
20123
20124
20125
20134
20147
20149
20161
20172
20173
20182
20182
20210
20234
20252
20259
20265
20284
20288
20293
20299
20303
20320
20322
20350
20356
20356
20357
20364
20370
20371
20380
20387
20388
20397
20400
20412
20420
20431
20440
20443
20443
20454
20459
20461
20466
20467
20467
20483
20491
20499
20501
20508
20510
20527
20527
20530
20531
20540
20559
20559
20564
20568
20568
20577
20588
20608
20608
20615
20616
20619
20624
20626
20632
20632
20639
20643
20645
20656
20659
20663
20677
20682
20686
20702
20713
20715
20735
20737
20757
20764
20771
20794
20803
20819
20820
20824
20830
20834
20839
20845
20858
20866
20870
20871
20877
20897
20898
20898
20913
20921
20930
20936
20946
20948
20956
20957
20962
20964
20967
20967
20976
20983
20986
20989
21015
21039
21054
21064
21065
21066
21068
21069
21075
21076
21077
21078
21080
21084
21095
21110
21129
21133
21138
21142
21153
21164
21167
21173
21185
21220
21246
21263
21265
21278
21280
21301
21302
21305
21310
21314
21320
21321
21326
21327
21333
21334
21338
21338
21347
21350
21356
21372
21378
21378
21383
21383
21389
21392
21400
21404
21413
21419
21424
21429
21433
21433
21442
21449
21449
21461
21462
21464
21470
21475
21479
21484
21487
21491
21496
21515
21522
21523
21530
21531
21545
21548
21548
21561
21565
21565
21565
21568
21581
21581
21581
21591
21600
21604
21605
21618
21628
21641
21647
21649
21651
21658
21665
21672
21680
21683
21696
21698
21702
21711
21717
21718
21722
21733
21736
21743
21743
21745
21753
21755
21757
21760
21761
21765
21784
21785
21796
21804
21832
21856
21859
21862
21865
21866
21866
21867
21881
21906
21909
21912
21925
21926
21955
21956
21956
21959
21961
21966
22008
22015
22015
22030
22038
22043
22045
22049
22067
22080
22082
22085
22085
22087
22087
22092
22094
22098
22100
22100
22118
22134
22138
22155
22156
22158
22163
22164
22169
22174
22185
22210
22212
22221
22222
22224
22237
22246
22247
22251
22256
22258
22269
22290
22318
22330
22331
22343
22344
22351
22354
22355
22356
22360
22386
22389
22394
22399
22405
22406
22408
22413
22428
22435
22439
22443
22459
22464
22464
22467
22479
22499
22503
22508
22512
22518
22526
22545
22555
22557
22560
22579
22581
22583
22593
22610
22618
22623
22625
22637
22644
22654
22661
22663
22684
22701
22710
22713
22714
22718
22725
22726
22730
22738
22741
22773
22776
22781
22790
22792
22819
22835
22835
22838
22845
22852
22862
22874
22878
22884
22885
22887
22901
22904
22906
22915
22931
22943
22950
22954
22961
22963
22966
22970
22978
22981
22985
22992
22993
23002
23018
23021
23023
23049
23049
23054
23057
23057
23064
23093
23095
23096
23103
23104
23106
23108
23118
23126
23130
23145
23153
23160
23165
23165
23165
23175
23182
23191
23196
23204
23215
23216
23235
23242
23249
23254
23256
23277
23279
23289
23290
23295
23299
23300
23302
23321
23330
23334
23342
23350
23362
23364
23367
23377
23382
23388
23401
23420
23438
23446
23459
23465
23470
23472
23482
23500
23526
23528
23533
23547
23547
23552
23555
23567
23569
23586
23590
23590
23592
23595
23602
23608
23631
23631
23633
23642
23653
23653
23665
23666
23673
23676
23689
23697
23697
23697
23714
23732
23739
23749
23760
23763
23766
23768
23776
23797
23828
23830
23832
23834
23842
23847
23850
23856
23861
23864
23872
23878
23888
23894
23899
23901
23913
23921
23921
23939
23942
23955
23965
23966
23978
23984
23991
23992
23994
24001
24003
24016
24037
24060
24061
24069
24070
24070
24071
24073
24088
24094
24094
24114
24116
24122
24123
24124
24129
24130
24172
24180
24185
24205
24214
24215
24215
24218
24227
24231
24234
24240
24246
24249
24254
24266
24267
24272
24272
24273
24275
24282
24288
24288
24297
24302
24313
24314
24335
24335
24347
24357
24361
24365
24369
24380
24380
24389
24390
24398
24399
24410
24413
24437
24461
24461
24466
24467
24469
24476
24494
24518
24535
24537
24541
24549
24550
24551
24557
24575
24578
24583
24589
24604
24605
24609
24620
24621
24622
24626
24629
24664
24670
24673
24680
24686
24687
24713
24718
24753
24755
24766
24800
24804
24818
24821
24833
24842
24843
24853
24872
24886
24887
24889
24894
24910
24913
24920
24926
24928
24936
24948
24950
24966
24980
24989
24990
24995
24998
24998
25008
25014
25030
25037
25037
25038
25039
25040
25047
25066
25070
25081
25082
25085
25098
25123
25123
25126
25144
25148
25164
25186
25188
25190
25193
25195
25196
25201
25206
25207
25209
25210
25218
25225
25229
25231
25235
25239
25243
25245
25256
25294
25328
25328
25346
25361
25383
25387
25398
25399
25426
25430
25432
25436
25455
25456
25457
25462
25465
25477
25482
25482
25484
25492
25505
25509
25513
25518
25526
25530
25568
25575
25575
25576
25584
25585
25586
25595
25600
25602
25620
25627
25629
25630
25640
25660
25667
25667
25676
25705
25714
25719
25753
25755
25775
25782
25799
25799
25813
25823
25827
25841
25847
25848
25850
25896
25903
25904
25910
25921
25929
25940
25942
25955
25961
25968
25970
25971
25997
25999
26010
26017
26025
26032
26043
26062
26066
26083
26086
26088
26097
26106
26112
26119
26124
26129
26135
26146
26148
26149
26157
26159
26171
26185
26208
26208
26227
26231
26232
26238
26240
26247
26258
26260
26273
26280
26284
26298
26317
26322
26323
26334
26342
26344
26345
26359
26373
26375
26376
26391
26401
26407
26421
26428
26428
26445
26464
26467
26469
26469
26472
26490
26511
26518
26526
26547
26566
26568
26569
26569
26574
26575
26577
26579
26585
26603
26630
26641
26642
26651
26672
26674
26677
26688
26691
26692
26712
26712
26717
26718
26721
26741
26743
26763
26764
26776
26783
26791
26795
26817
26817
26818
26821
26836
26843
26844
26848
26854
26881
26882
26894
26898
26905
26908
26912
26919
26926
26930
26939
26954
26957
26959
26962
26967
26981
26991
27009
27026
27027
27035
27043
27052
27055
27055
27057
27083
27094
27105
27109
27113
27117
27122
27130
27132
27134
27134
27138
27145
27161
27163
27163
27164
27197
27199
27200
27201
27202
27225
27240
27245
27246
27260
27262
27266
27287
27293
27297
27304
27311
27317
27317
27319
27327
27329
27330
27332
27333
27335
27337
27350
27352
27356
27356
27362
27369
27369
27369
27381
27391
27430
27440
27471
27472
27476
27477
27489
27502
27526
27527
27536
27549
27552
27560
27565
27573
27574
27585
27607
27611
27612
27616
27626
27634
27641
27657
27678
27693
27693
27694
27701
27712
27714
27726
27728
27757
27763
27770
27773
27780
27793
27808
27819
27826
27831
27859
27866
27880
27883
27894
27897
27900
27910
27911
27926
27931
27941
27976
27978
27978
27982
27990
27999
28001
28003
28003
28014
28017
28023
28035
28038
28043
28057
28057
28058
28059
28061
28061
28082
28088
28101
28101
28137
28137
28145
28150
28158
28184
28186
28187
28191
28195
28213
28230
28230
28237
28247
28248
28248
28259
28259
28264
28272
28278
28282
28284
28288
28289
28290
28299
28305
28309
28313
28323
28324
28326
28335
28336
28337
28348
28349
28352
28367
28381
28393
28394
28395
28401
28408
28417
28426
28433
28450
28453
28466
28466
28474
28481
28484
28485
28487
28494
28525
28528
28534
28541
28542
28546
28551
28563
28566
28574
28587
28595
28602
28608
28617
28623
28649
28700
28702
28739
28750
28755
28761
28762
28762
28764
28786
28803
28812
28813
28823
28839
28849
28859
28860
28861
28862
28874
28878
28883
28885
28887
28889
28895
28899
28933
28934
28934
28946
28946
28957
28970
28974
28987
28990
28993
28994
28994
28998
28999
29001
29002
29011
29012
29012
29014
29026
29032
29044
29050
29052
29057
29066
29074
29082
29086
29086
29087
29092
29094
29096
29098
29118
29120
29126
29136
29140
29141
29158
29159
29165
29173
29191
29202
29205
29207
29207
29208
29209
29215
29217
29224
29236
29251
29253
29254
29254
29261
29272
29274
29280
29282
29286
29302
29305
29319
29327
29329
29349
29354
29354
29355
29372
29387
29400
29407
29425
29433
29434
29441
29444
29455
29458
29474
29488
29490
29501
29502
29503
29508
29508
29509
29512
29515
29518
29525
29529
29545
29561
29569
29604
29622
29623
29627
29639
29644
29649
29649
29652
29652
29659
29662
29663
29666
29694
29694
29697
29698
29700
29703
29709
29722
29723
29744
29744
29765
29767
29769
29770
29780
29780
29783
29785
29798
29800
29804
29817
29821
29829
29831
29833
29844
29868
29877
29884
29884
29885
29890
29897
29912
29916
29918
29927
29947
29955
29989
30001
30001
30005
30015
30027
30031
30040
30056
30060
30065
30068
30083
30088
30100
30107
30109
30114
30118
30126
30126
30127
30132
30136
30152
30155
30161
30161
30169
30190
30205
30205
30214
30216
30218
30222
30227
30237
30241
30244
30245
30251
30252
30252
30255
30263
30269
30272
30282
30284
30285
30290
30294
30297
30297
30305
30312
30314
30342
30364
30365
30383
30388
30405
30420
30424
30426
30439
30448
30449
30451
30459
30461
30476
30484
30486
30506
30510
30520
30520
30530
30540
30551
30572
30574
30578
30613
30614
30619
30629
30639
30641
30652
30658
30659
30674
30682
30682
30688
30695
30698
30699
30701
30707
30708
30712
30740
30742
30752
30758
30759
30763
30769
30788
30789
30800
30805
30825
30848
30859
30863
30865
30867
30868
30885
30901
30904
30909
30913
30918
30929
30943
30955
30956
30959
30960
30969
30970
30975
30977
30985
30987
31004
31007
31015
31017
31023
31031
31035
31037
31045
31047
31052
31057
31069
31071
31082
31102
31115
31124
31132
31134
31137
31138
31153
31160
31164
31169
31169
31169
31173
31177
31180
31180
31185
31187
31189
31192
31194
31200
31207
31207
31212
31226
31255
31264
31265
31266
31267
31271
31286
31289
31289
31295
31296
31296
31305
31310
31312
31326
31331
31334
31339
31342
31343
31349
31356
31364
31365
31367
31373
31381
31400
31410
31411
31415
31417
31424
31430
31438
31438
31440
31444
31446
31459
31460
31463
31466
31471
31499
31517
31523
31541
31549
31556
31559
31573
31578
31586
31601
31607
31608
31609
31611
31617
31620
31624
31626
31630
31635
31642
31648
31649
31652
31653
31654
31660
31675
31690
31708
31723
31729
31753
31803
31813
31834
31867
31868
31878
31886
31890
31913
31914
31918
31926
31941
31943
31950
31956
31957
31973
31990
31993
31995
32030
32030
32034
32049
32051
32055
32068
32109
32128
32139
32149
32151
32169
32171
32181
32185
32190
32192
32193
32207
32211
32214
32226
32227
32237
32239
32245
32251
32270
32278
32287
32294
32295
32296
32298
32299
32299
32314
32315
32316
32319
32321
32328
32328
32332
32344
32348
32362
32369
32376
32383
32384
32389
32399
32400
32405
32406
32422
32430
32431
32432
32441
32453
32486
32488
32501
32504
32530
32543
32549
32562
32565
32567
32580
32588
32592
32592
32600
32603
32617
32617
32630
32630
32634
32637
32642
32645
32653
32660
32666
32686
32693
32696
32698
32705
32715
32721
32722
32730
32731
32732
32768
32771
32774
32777
32778
32782
32789
32795
32802
32811
32825
32835
32841
32851
32859
32869
32875
32877
32884
32888
32888
32890
32892
32896
32899
32907
32921
32924
32928
32930
32931
32935
32957
32963
32978
32983
33005
33007
33008
33017
33021
33022
33045
33065
33080
33083
33099
33124
33141
33155
33174
33184
33224
33232
33237
33249
33250
33263
33263
33278
33286
33289
33298
33307
33312
33316
33327
33328
33341
33363
33373
33381
33385
33393
33409
33424
33429
33429
33432
33435
33437
33442
33464
33478
33482
33493
33493
33495
33495
33497
33501
33512
33515
33544
33548
33549
33558
33573
33575
33583
33596
33603
33605
33611
33633
33637
33658
33668
33671
33674
33681
33683
33698
33724
33734
33735
33748
33757
33762
33765
33769
33785
33788
33793
33800
33805
33810
33819
33832
33833
33836
33839
33844
33852
33852
33856
33883
33889
33891
33906
33923
33923
33926
33933
33937
33954
33956
33961
33972
33981
33984
33991
33996
33999
34021
34028
34029
34036
34036
34037
34040
34052
34057
34061
34067
34077
34077
34082
34082
34088
34088
34104
34108
34110
34116
34133
34133
34139
34141
34149
34150
34172
34190
34195
34199
34200
34210
34212
34218
34230
34240
34247
34257
34263
34268
34284
34291
34302
34303
34308
34311
34313
34313
34318
34322
34324
34328
34340
34344
34345
34355
34362
34369
34369
34375
34379
34380
34381
34397
34401
34403
34410
34421
34431
34433
34437
34443
34447
34457
34460
34499
34502
34507
34524
34524
34537
34543
34545
34547
34558
34560
34563
34570
34573
34576
34579
34582
34595
34596
34597
34604
34610
34630
34631
34638
34640
34649
34652
34653
34655
34667
34683
34697
34698
34705
34711
34719
34728
34730
34733
34733
34737
34745
34754
34757
34766
34768
34783
34785
34799
34811
34818
34820
34820
34828
34829
34839
34848
34849
34850
34852
34853
34856
34877
34877
34908
34909
34924
34928
34936
34942
34953
34959
34966
34978
34982
34988
34996
35001
35016
35021
35044
35056
35075
35083
35084
35095
35102
35109
35110
35115
35117
35119
35125
35131
35137
35147
35157
35163
35167
35174
35191
35192
35193
35213
35221
35229
35229
35235
35237
35240
35248
35250
35255
35275
35277
35281
35298
35300
35307
35309
35316
35322
35343
35347
35350
35356
35357
35361
35365
35375
35376
35382
35390
35410
35411
35412
35418
35419
35423
35424
35440
35445
35450
35450
35462
35475
35482
35492
35499
35509
35512
35532
35533
35534
35541
35543
35548
35549
35552
35558
35563
35563
35572
35575
35592
35595
35597
35603
35606
35607
35611
35618
35621
35622
35625
35654
35671
35674
35682
35684
35693
35710
35718
35730
35750
35775
35779
35791
35806
35815
35818
35820
35822
35824
35832
35852
35857
35866
35870
35871
35883
35891
35892
35892
35893
35894
35897
35900
35915
35923
35924
35928
35935
35949
35963
35975
35986
35989
35990
35995
35996
36012
36017
36033
36050
36055
36056
36059
36066
36083
36091
36100
36103
36116
36116
36135
36144
36148
36149
36151
36169
36189
36189
36202
36204
36208
36221
36221
36224
36233
36250
36251
36274
36279
36284
36293
36300
36301
36301
36304
36309
36341
36346
36348
36361
36366
36367
36370
36372
36380
36383
36385
36389
36394
36395
36397
36406
36417
36422
36434
36435
36440
36446
36446
36455
36457
36462
36473
36489
36499
36509
36511
36516
36532
36533
36537
36547
36549
36549
36551
36553
36554
36571
36579
36581
36593
36595
36603
36605
36610
36617
36640
36642
36660
36662
36664
36670
36676
36692
36692
36701
36706
36730
36731
36741
36741
36748
36756
36760
36760
36776
36784
36784
36793
36808
36818
36825
36830
36838
36839
36854
36860
36866
36869
36871
36874
36875
36875
36876
36905
36906
36909
36911
36944
36946
36946
36956
36961
36964
36991
37007
37012
37019
37023
37026
37032
37032
37034
37035
37042
37043
37045
37053
37069
37079
37090
37098
37102
37108
37128
37142
37143
37147
37165
37165
37174
37180
37200
37201
37211
37215
37223
37228
37232
37240
37249
37257
37258
37265
37275
37279
37280
37288
37301
37301
37316
37318
37321
37324
37331
37332
37336
37346
37350
37361
37372
37386
37408
37419
37422
37436
37440
37453
37457
37459
37460
37473
37476
37490
37491
37494
37498
37499
37506
37512
37512
37516
37517
37521
37546
37547
37550
37563
37573
37574
37576
37594
37595
37597
37597
37600
37606
37615
37623
37636
37638
37641
37645
37650
37655
37659
37672
37695
37699
37702
37723
37723
37731
37735
37735
37742
37761
37764
37772
37773
37775
37781
37789
37809
37834
37840
37846
37847
37861
37864
37875
37875
37879
37884
37885
37908
37916
37920
37923
37925
37926
37949
37950
37950
37965
37994
38011
38014
38027
38044
38044
38074
38083
38094
38095
38098
38107
38109
38121
38121
38131
38143
38147
38159
38162
38165
38175
38185
38192
38205
38207
38209
38214
38215
38245
38250
38251
38256
38261
38262
38266
38277
38279
38288
38289
38293
38294
38295
38306
38309
38317
38318
38319
38331
38333
38334
38336
38343
38350
38356
38363
38365
38403
38404
38424
38429
38440
38444
38447
38451
38452
38454
38457
38464
38466
38472
38475
38487
38490
38493
38495
38497
38498
38504
38518
38523
38526
38531
38541
38544
38554
38560
38562
38569
38572
38572
38578
38589
38590
38614
38627
38633
38634
38641
38645
38648
38656
38657
38660
38663
38676
38679
38680
38684
38686
38693
38694
38703
38714
38715
38723
38724
38728
38758
38773
38774
38783
38794
38798
38798
38805
38811
38825
38834
38845
38852
38858
38870
38872
38875
38883
38885
38886
38887
38896
38914
38915
38921
38927
38931
38932
38955
38970
38972
38979
38980
38981
38994
38995
38996
39005
39005
39008
39009
39009
39011
39017
39019
39056
39058
39070
39076
39081
39090
39095
39098
39104
39106
39114
39122
39128
39128
39132
39154
39161
39174
39175
39184
39186
39196
39208
39215
39225
39229
39241
39245
39249
39253
39281
39294
39296
39297
39306
39307
39310
39325
39333
39335
39338
39341
39355
39357
39357
39357
39362
39367
39367
39367
39370
39375
39381
39383
39394
39404
39414
39416
39422
39428
39437
39453
39457
39491
39501
39503
39504
39505
39507
39517
39524
39529
39540
39542
39544
39570
39573
39576
39583
39583
39586
39587
39615
39622
39628
39628
39634
39640
39646
39652
39660
39690
39699
39703
39709
39722
39727
39727
39727
39747
39750
39762
39768
39812
39833
39840
39844
39848
39854
39873
39881
39916
39917
39918
39934
39939
39947
39948
39949
39960
39975
39983
39994
39994
40012
40017
40021
40033
40037
40037
40054
40056
40063
40066
40087
40089
40091
40093
40093
40098
40104
40117
40129
40154
40162
40166
40167
40170
40178
40183
40199
40200
40202
40204
40209
40211
40214
40232
40244
40255
40266
40272
40284
40289
40299
40307
40316
40319
40319
40323
40339
40360
40368
40375
40383
40397
40400
40401
40410
40413
40423
40428
40434
40439
40445
40445
40449
40460
40488
40489
40495
40496
40496
40505
40514
40514
40520
40522
40525
40526
40532
40542
40547
40559
40578
40579
40580
40588
40589
40592
40593
40594
40615
40618
40619
40639
40647
40651
40655
40657
40662
40676
40689
40693
40703
40705
40709
40713
40723
40740
40742
40742
40744
40747
40748
40749
40781
40781
40790
40792
40794
40801
40809
40815
40833
40847
40858
40859
40902
40905
40910
40911
40922
40936
40937
40941
40950
40955
40968
40970
40980
40988
41022
41028
41031
41040
41045
41064
41069
41070
41087
41093
41097
41103
41125
41134
41135
41144
41145
41148
41150
41154
41158
41172
41172
41184
41193
41204
41204
41205
41212
41214
41217
41223
41226
41231
41252
41254
41284
41286
41294
41303
41305
41309
41309
41318
41319
41325
41343
41345
41347
41347
41354
41362
41374
41379
41381
41384
41389
41394
41400
41400
41406
41411
41412
41418
41426
41426
41426
41436
41439
41441
41446
41451
41469
41479
41481
41484
41485
41508
41516
41518
41525
41545
41546
41554
41565
41566
41569
41575
41580
41593
41595
41606
41612
41641
41667
41671
41683
41683
41688
41695
41707
41708
41720
41728
41761
41764
41766
41768
41768
41769
41771
41776
41800
41802
41806
41807
41811
41817
41819
41837
41846
41853
41857
41877
41879
41890
41897
41899
41909
41910
41918
41921
41929
41932
41939
41945
41952
41954
41967
41969
41972
41977
41987
41987
41990
41993
41995
41995
41995
42005
42009
42012
42019
42020
42024
42036
42037
42041
42105
42143
42168
42177
42178
42183
42185
42193
42211
42212
42221
42231
42267
42276
42282
42284
42285
42286
42287
42290
42297
42308
42309
42312
42324
42338
42338
42368
42369
42373
42373
42383
42388
42399
42402
42409
42422
42424
42430
42440
42445
42445
42459
42461
42468
42475
42490
42491
42500
42504
42508
42520
42531
42535
42545
42555
42557
42562
42567
42572
42573
42582
42583
42586
42588
42595
42597
42610
42622
42662
42666
42700
42702
42712
42719
42719
42749
42760
42768
42820
42829
42835
42840
42849
42851
42852
42853
42872
42873
42876
42877
42881
42893
42893
42894
42895
42909
42922
42922
42924
42930
42932
42936
42938
42939
42943
42943
42946
42954
42982
42994
43011
43026
43028
43034
43042
43047
43048
43052
43060
43071
43084
43089
43093
43097
43104
43112
43125
43129
43135
43138
43144
43146
43148
43181
43198
43208
43209
43222
43238
43246
43249
43254
43254
43263
43265
43277
43282
43288
43293
43303
43306
43312
43319
43322
43343
43349
43357
43378
43392
43394
43404
43423
43423
43427
43430
43434
43435
43447
43465
43465
43466
43469
43473
43479
43485
43496
43500
43511
43513
43535
43535
43545
43550
43551
43551
43560
43572
43584
43593
43608
43620
43621
43627
43638
43647
43648
43654
43658
43660
43668
43670
43682
43683
43685
43691
43692
43692
43700
43701
43702
43720
43728
43741
43743
43759
43770
43773
43775
43788
43796
43803
43804
43821
43825
43827
43847
43851
43857
43859
43861
43863
43874
43887
43910
43912
43913
43915
43917
43920
43924
43943
43949
43960
43962
43971
43983
43989
43989
43995
43996
44014
44015
44024
44026
44031
44031
44031
44031
44032
44035
44061
44070
44088
44092
44097
44102
44124
44135
44139
44141
44157
44164
44166
44180
44193
44197
44200
44210
44216
44222
44230
44236
44238
44255
44257
44268
44271
44278
44285
44300
44319
44322
44329
44329
44337
44342
44344
44354
44368
44381
44385
44386
44391
44395
44397
44399
44407
44410
44415
44421
44425
44427
44443
44459
44460
44467
44474
44475
44475
44476
44491
44494
44509
44517
44541
44547
44554
44566
44569
44603
44614
44619
44623
44627
44631
44639
44644
44646
44647
44659
44660
44669
44673
44676
44678
44682
44697
44699
44701
44703
44709
44714
44733
44737
44746
44748
44752
44767
44772
44779
44788
44811
44811
44818
44826
44829
44836
44853
44868
44876
44889
44895
44896
44898
44911
44918
44920
44921
44922
44924
44928
44931
44944
44945
44948
44967
44969
44976
44991
44999
44999
45004
45007
45011
45012
45022
45026
45030
45036
45039
45060
45060
45060
45067
45082
45082
45085
45101
45118
45120
45127
45135
45139
45153
45172
45179
45182
45188
45191
45201
45215
45215
45218
45218
45220
45226
45230
45232
45239
45240
45241
45241
45244
45246
45249
45254
45260
45284
45287
45293
45304
45305
45308
45323
45327
45330
45338
45347
45353
45358
45380
45389
45391
45398
45399
45405
45416
45420
45423
45435
45436
45438
45442
45442
45460
45464
45473
45486
45492
45492
45509
45518
45527
45538
45550
45556
45565
45570
45576
45577
45584
45587
45608
45608
45611
45620
45659
45663
45667
45676
45682
45682
45697
45700
45708
45715
45716
45719
45729
45739
45744
45753
45767
45769
45773
45773
45777
45785
45795
45800
45805
45814
45817
45827
45831
45841
45841
45845
45865
45875
45881
45890
45905
45914
45932
45934
45974
45989
45991
45994
45994
45997
46002
46002
46002
46021
46023
46035
46037
46037
46038
46044
46055
46060
46073
46077
46078
46079
46082
46094
46097
46103
46141
46151
46157
46164
46168
46173
46189
46218
46221
46230
46231
46235
46245
46260
46267
46268
46276
46280
46280
46283
46289
46311
46327
46333
46338
46340
46340
46344
46348
46350
46358
46362
46370
46372
46372
46376
46392
46424
46426
46436
46478
46479
46484
46492
46499
46504
46522
46523
46538
46539
46545
46547
46566
46571
46579
46583
46611
46613
46618
46621
46657
46670
46681
46684
46690
46691
46701
46712
46726
46736
46740
46753
46764
46765
46766
46772
46781
46782
46799
46802
46832
46841
46846
46847
46854
46857
46857
46862
46865
46865
46867
46868
46869
46869
46876
46876
46878
46879
46882
46886
46907
46928
46958
46980
46983
46987
46988
46989
46993
46994
47011
47016
47017
47026
47032
47033
47051
47056
47060
47076
47079
47085
47098
47120
47122
47123
47129
47135
47140
47141
47143
47146
47153
47153
47180
47184
47214
47234
47264
47265
47278
47279
47280
47281
47296
47314
47319
47334
47335
47338
47340
47352
47353
47377
47381
47390
47394
47401
47405
47407
47407
47410
47413
47428
47439
47443
47452
47459
47462
47462
47466
47472
47474
47480
47500
47503
47522
47536
47537
47548
47555
47558
47586
47594
47602
47603
47607
47612
47612
47612
47622
47632
47633
47637
47641
47645
47653
47655
47660
47668
47668
47675
47675
47676
47686
47696
47697
47712
47715
47718
47720
47720
47734
47744
47751
47752
47755
47760
47766
47773
47776
47782
47784
47805
47806
47811
47816
47845
47847
47857
47863
47868
47876
47878
47880
47886
47897
47913
47914
47916
47920
47925
47927
47933
47933
47952
47968
47986
47999
48003
48010
48017
48028
48029
48039
48039
48040
48044
48049
48053
48057
48074
48081
48083
48092
48095
48098
48100
48119
48119
48122
48131
48133
48149
48149
48151
48160
48160
48161
48166
48174
48177
48179
48193
48193
48208
48209
48213
48220
48221
48221
48225
48233
48233
48236
48240
48242
48243
48244
48266
48278
48291
48291
48300
48301
48322
48325
48334
48335
48335
48343
48345
48349
48360
48384
48384
48390
48404
48415
48421
48425
48427
48432
48433
48435
48437
48452
48454
48468
48470
48477
48494
48513
48514
48515
48515
48515
48521
48523
48534
48545
48547
48551
48552
48556
48563
48566
48569
48577
48602
48622
48624
48635
48667
48669
48688
48697
48698
48704
48705
48708
48709
48710
48730
48746
48754
48755
48757
48763
48764
48768
48768
48816
48820
48848
48856
48861
48864
48867
48869
48884
48894
48896
48907
48912
48919
48921
48922
48937
48938
48945
48946
48949
48965
48975
48977
48980
48987
48996
49000
49004
49007
49011
49013
49018
49021
49032
49044
49064
49071
49075
49082
49093
49093
49101
49106
49122
49131
49134
49136
49137
49171
49176
49180
49183
49186
49217
49220
49222
49223
49235
49242
49244
49244
49246
49270
49280
49293
49294
49300
49309
49336
49342
49350
49351
49351
49356
49359
49378
49389
49392
49397
49418
49432
49460
49462
49467
49469
49471
49477
49478
49481
49482
49496
49497
49500
49504
49510
49519
49526
49530
49541
49552
49555
49565
49566
49576
49577
49578
49582
49586
49586
49607
49608
49613
49623
49636
49641
49642
49643
49646
49654
49660
49666
49686
49688
49693
49705
49707
49708
49710
49723
49726
49732
49735
49742
49747
49749
49751
49754
49759
49759
49761
49766
49776
49777
49788
49799
49802
49810
49820
49828
49832
49834
49837
49841
49851
49860
49861
49875
49884
49894
49903
49905
49914
49928
49947
49953
49956
49956
49959
49969
49973
49995
