2
5
8
33
35
41
42
44
48
55
63
66
80
86
88
91
92
96
107
109
109
109
114
128
129
133
135
137
147
147
152
153
154
159
162
166
167
169
189
196
197
210
213
220
222
224
224
228
234
236
241
246
249
252
254
256
259
259
280
286
287
287
288
292
302
302
311
311
322
326
330
331
345
348
355
367
368
371
381
382
394
412
414
418
419
437
441
441
449
454
459
460
460
463
466
469
470
473
478
478
491
498
499
516
517
521
523
524
527
530
535
548
551
558
565
576
580
584
584
588
590
591
601
603
611
611
613
614
616
619
620
627
630
633
641
645
646
651
662
664
666
667
667
676
681
681
681
683
689
694
695
730
732
732
750
768
772
773
781
789
809
814
816
824
830
840
865
869
873
878
885
890
896
910
915
930
938
938
939
945
948
957
958
960
963
977
982
985
994
1000
1000
1007
1012
1013
1018
1021
1030
1033
1034
1038
1044
1044
1046
1048
1070
1076
1079
1081
1083
1084
1089
1089
1089
1091
1091
1104
1105
1106
1110
1113
1114
1136
1138
1139
1141
1142
1145
1147
1151
1155
1157
1179
1183
1186
1188
1194
1207
1211
1212
1212
1215
1232
1233
1236
1237
1239
1241
1259
1265
1284
1291
1293
1293
1313
1322
1328
1329
1329
1331
1332
1333
1346
1347
1359
1368
1373
1373
1377
1379
1384
1385
1390
1393
1395
1418
1439
1441
1443
1444
1447
1460
1462
1462
1477
1478
1478
1481
1483
1484
1487
1495
1499
1501
1510
1511
1511
1526
1528
1540
1542
1549
1552
1559
1576
1579
1597
1598
1621
1650
1652
1655
1660
1660
1664
1668
1670
1672
1682
1682
1686
1692
1695
1700
1700
1701
1704
1705
1709
1717
1718
1719
1720
1722
1725
1730
1735
1739
1740
1742
1742
1743
1744
1747
1775
1776
1781
1782
1783
1790
1796
1801
1801
1802
1813
1823
1825
1835
1836
1839
1842
1848
1851
1865
1867
1884
1900
1902
1912
1913
1915
1916
1919
1924
1926
1933
1943
1946
1964
1966
1968
1968
1973
1977
1978
1981
1982
1992
1997
1998
1999
1999
2000
2004
2007
2016
2018
2024
2026
2032
2035
2052
2056
2062
2063
2066
2072
2080
2085
2092
2094
2102
2107
2111
2112
2123
2124
2133
2143
2147
2153
2156
2164
2169
2177
2182
2184
2190
2192
2198
2199
2200
2210
2217
2230
2231
2234
2235
2238
2238
2244
2246
2246
2252
2264
2268
2289
2296
2297
2299
2302
2307
2308
2310
2314
2317
2318
2323
2332
2336
2342
2345
2347
2349
2349
2355
2355
2357
2363
2365
2369
2370
2372
2375
2392
2394
2408
2414
2417
2431
2431
2433
2436
2444
2461
2471
2471
2476
2488
2491
2496
2497
2500
2525
2527
2537
2537
2543
2557
2563
2563
2567
2571
2575
2581
2584
2587
2590
2591
2592
2604
2617
2622
2633
2637
2639
2640
2647
2650
2658
2659
2663
2674
2679
2682
2691
2693
2714
2722
2723
2728
2731
2735
2746
2757
2758
2766
2767
2768
2782
2783
2790
2795
2797
2800
2812
2812
2812
2813
2814
2816
2826
2841
2843
2855
2856
2856
2858
2858
2861
2872
2874
2877
2890
2895
2903
2903
2912
2917
2918
2924
2936
2936
2937
2970
2971
2973
2979
2980
2985
3004
3005
3009
3009
3020
3022
3026
3031
3031
3034
3041
3043
3049
3053
3057
3058
3065
3075
3078
3083
3096
3097
3100
3106
3106
3107
3111
3117
3121
3124
3126
3130
3134
3135
3136
3138
3140
3140
3144
3151
3161
3178
3184
3189
3192
3195
3196
3197
3200
3202
3204
3207
3208
3211
3217
3220
3241
3243
3250
3252
3254
3260
3260
3264
3272
3279
3286
3305
3315
3316
3317
3322
3329
3335
3346
3347
3357
3368
3373
3374
3375
3376
3380
3387
3389
3389
3390
3393
3395
3398
3399
3412
3419
3424
3434
3435
3439
3447
3451
3472
3493
3494
3497
3499
3503
3508
3508
3510
3515
3515
3525
3526
3531
3533
3534
3534
3537
3542
3542
3544
3549
3557
3568
3576
3577
3596
3599
3599
3599
3601
3602
3603
3609
3611
3613
3615
3616
3617
3619
3620
3629
3629
3630
3633
3637
3638
3651
3662
3665
3666
3675
3676
3683
3688
3692
3721
3732
3735
3744
3746
3749
3753
3759
3761
3764
3771
3773
3775
3776
3782
3793
3793
3796
3796
3802
3806
3812
3817
3818
3819
3833
3833
3840
3847
3848
3850
3858
3859
3866
3886
3887
3892
3899
3899
3901
3921
3921
3928
3932
3936
3937
3947
3955
3957
3961
3962
3964
3974
3977
3984
3986
3991
3992
3996
4000
4002
4005
4006
4016
4022
4028
4031
4036
4038
4043
4043
4051
4055
4064
4069
4073
4080
4086
4087
4092
4094
4100
4100
4101
4103
4115
4122
4126
4133
4137
4139
4153
4156
4163
4163
4167
4178
4179
4182
4183
4191
4193
4200
4205
4210
4210
4219
4222
4224
4250
4252
4259
4270
4287
4292
4298
4298
4298
4300
4302
4302
4307
4308
4316
4320
4325
4327
4337
4357
4361
4363
4368
4370
4387
4391
4392
4408
4409
4417
4418
4425
4426
4426
4426
4429
4434
4435
4463
4464
4480
4485
4487
4487
4488
4490
4494
4498
4499
4501
4506
4507
4509
4510
4511
4514
4523
4526
4528
4532
4539
4566
4571
4579
4591
4592
4599
4611
4619
4622
4631
4635
4635
4644
4645
4650
4652
4658
4661
4661
4674
4683
4689
4697
4698
4702
4709
4713
4715
4719
4722
4728
4740
4740
4743
4749
4753
4754
4757
4768
4769
4770
4773
4788
4793
4794
4795
4798
4805
4830
4833
4836
4838
4843
4851
4854
4855
4861
4885
4890
4891
4901
4922
4924
4935
4937
4937
4941
4944
4947
4953
4959
4961
4971
4974
4975
4975
4980
4999
5006
5008
5015
5015
5016
5017
5019
5022
5026
5076
5078
5101
5101
5106
5107
5112
5115
5138
5141
5147
5150
5153
5153
5155
5159
5164
5166
5175
5179
5180
5187
5190
5190
5197
5206
5208
5212
5218
5219
5221
5227
5228
5231
5250
5253
5253
5255
5262
5265
5266
5278
5282
5283
5283
5284
5288
5307
5308
5314
5332
5335
5353
5354
5354
5359
5361
5363
5364
5370
5372
5372
5377
5378
5383
5384
5408
5415
5430
5431
5436
5438
5450
5459
5461
5466
5473
5474
5478
5483
5498
5502
5503
5513
5515
5521
5526
5536
5536
5555
5559
5566
5579
5585
5585
5588
5588
5591
5592
5593
5603
5605
5610
5612
5617
5623
5625
5626
5643
5644
5646
5648
5651
5651
5662
5668
5668
5670
5672
5681
5692
5705
5706
5711
5716
5719
5727
5732
5734
5736
5739
5740
5745
5751
5754
5755
5763
5765
5772
5774
5787
5802
5803
5820
5821
5844
5852
5853
5855
5863
5866
5888
5895
5900
5903
5910
5916
5924
5948
5948
5963
5972
5973
5974
5976
5981
5983
5988
5993
5995
5997
6012
6012
6014
6014
6014
6025
6032
6046
6049
6070
6072
6080
6087
6098
6100
6102
6103
6105
6110
6111
6114
6116
6121
6127
6141
6145
6151
6154
6160
6166
6172
6177
6179
6191
6193
6194
6196
6204
6209
6218
6229
6232
6243
6244
6245
6254
6256
6262
6262
6269
6273
6275
6277
6285
6287
6288
6294
6296
6300
6305
6316
6320
6332
6338
6341
6342
6353
6371
6372
6379
6380
6390
6391
6394
6396
6398
6406
6408
6410
6416
6419
6430
6437
6439
6441
6442
6450
6456
6459
6461
6463
6463
6469
6470
6470
6476
6477
6477
6482
6494
6497
6515
6523
6523
6527
6531
6535
6547
6549
6554
6558
6560
6567
6583
6588
6590
6592
6595
6596
6596
6606
6607
6611
6612
6618
6622
6641
6643
6645
6648
6648
6668
6676
6677
6682
6685
6691
6702
6702
6710
6712
6713
6715
6716
6716
6719
6726
6726
6735
6740
6744
6746
6752
6753
6754
6771
6777
6779
6780
6781
6787
6788
6791
6791
6797
6831
6835
6836
6837
6839
6839
6851
6852
6855
6857
6861
6863
6870
6870
6875
6886
6886
6896
6912
6924
6927
6936
6936
6936
6940
6942
6943
6950
6959
6965
6975
6982
6984
6991
6993
6993
6994
6999
7008
7010
7018
7019
7026
7028
7029
7031
7033
7035
7036
7054
7064
7064
7083
7084
7085
7086
7089
7099
7102
7106
7107
7113
7113
7116
7118
7120
7126
7140
7144
7145
7145
7154
7165
7167
7172
7175
7176
7181
7182
7194
7197
7199
7207
7208
7209
7209
7230
7235
7244
7250
7251
7254
7256
7258
7259
7283
7283
7292
7294
7300
7307
7307
7315
7316
7322
7323
7330
7339
7344
7347
7351
7352
7354
7362
7364
7371
7374
7377
7378
7379
7379
7381
7383
7387
7399
7399
7416
7419
7421
7423
7429
7430
7437
7437
7438
7442
7448
7451
7453
7462
7466
7469
7478
7484
7485
7486
7486
7488
7490
7493
7500
7500
7503
7508
7510
7513
7532
7540
7543
7545
7547
7551
7566
7579
7579
7580
7583
7622
7625
7625
7636
7638
7638
7649
7649
7660
7670
7672
7683
7690
7690
7691
7692
7692
7693
7702
7715
7729
7749
7749
7752
7758
7759
7767
7779
7786
7794
7797
7804
7806
7819
7822
7825
7832
7848
7856
7862
7885
7888
7894
7895
7896
7899
7899
7902
7902
7910
7927
7937
7967
7970
7982
7984
7995
7997
8008
8009
8011
8020
8021
8046
8047
8056
8061
8065
8066
8067
8067
8070
8071
8081
8083
8086
8086
8087
8087
8088
8089
8097
8101
8105
8120
8121
8122
8132
8136
8148
8154
8156
8164
8170
8175
8179
8181
8183
8187
8200
8216
8221
8222
8233
8233
8235
8238
8268
8288
8306
8308
8313
8313
8315
8319
8327
8332
8335
8342
8344
8345
8348
8351
8356
8365
8365
8381
8389
8398
8408
8416
8418
8419
8428
8433
8443
8445
8450
8457
8467
8469
8474
8475
8489
8489
8494
8501
8505
8520
8530
8531
8535
8539
8540
8540
8544
8563
8576
8582
8584
8586
8586
8593
8601
8621
8623
8624
8625
8625
8632
8648
8651
8667
8672
8674
8679
8685
8686
8690
8696
8699
8708
8712
8738
8741
8747
8747
8749
8749
8750
8750
8752
8755
8759
8760
8767
8777
8778
8780
8784
8787
8789
8797
8798
8804
8815
8821
8822
8826
8826
8831
8832
8842
8845
8849
8852
8856
8861
8862
8874
8885
8886
8890
8900
8900
8904
8905
8912
8913
8914
8916
8916
8922
8925
8925
8925
8932
8943
8950
8953
8961
8967
8968
8976
8977
8981
8990
8993
8993
9009
9016
9025
9033
9036
9038
9043
9044
9059
9067
9074
9077
9095
9097
9105
9110
9125
9138
9146
9149
9152
9158
9165
9167
9170
9173
9195
9207
9209
9216
9217
9225
9226
9231
9232
9233
9239
9245
9247
9252
9263
9266
9270
9286
9300
9314
9317
9319
9324
9330
9332
9334
9341
9344
9348
9350
9361
9363
9366
9371
9386
9389
9396
9397
9398
9438
9449
9452
9457
9457
9460
9467
9471
9472
9476
9480
9485
9499
9506
9511
9511
9522
9525
9526
9533
9539
9549
9552
9555
9572
9575
9577
9582
9584
9610
9619
9622
9637
9640
9642
9648
9657
9661
9663
9669
9676
9676
9687
9689
9698
9699
9701
9715
9715
9741
9745
9748
9750
9752
9753
9758
9775
9777
9778
9783
9793
9798
9801
9810
9816
9817
9818
9820
9821
9821
9825
9830
9831
9845
9855
9864
9866
9870
9872
9875
9878
9882
9898
9902
9903
9904
9905
9908
9924
9925
9926
9931
9947
9950
9971
9975
9975
9988
10001
10005
10012
10016
10024
10037
10041
10044
10049
10071
10073
10076
10077
10079
10079
10088
10091
10092
10094
10104
10111
10117
10122
10125
10127
10130
10144
10147
10161
10164
10177
10179
10179
10186
10188
10191
10191
10196
10199
10207
10212
10218
10222
10227
10228
10230
10235
10238
10242
10243
10248
10256
10256
10269
10271
10276
10278
10281
10297
10300
10330
10336
10352
10354
10362
10377
10397
10397
10410
10417
10420
10424
10429
10433
10435
10442
10445
10446
10449
10453
10454
10456
10459
10467
10470
10475
10478
10484
10491
10501
10504
10531
10532
10560
10564
10565
10568
10570
10576
10577
10578
10586
10594
10594
10605
10607
10608
10608
10609
10611
10634
10638
10646
10657
10657
10658
10659
10674
10678
10682
10683
10692
10696
10698
10702
10708
10712
10713
10716
10724
10729
10731
10744
10754
10758
10772
10775
10783
10788
10789
10790
10794
10801
10805
10805
10815
10820
10826
10831
10831
10835
10839
10851
10852
10855
10859
10881
10891
10901
10909
10916
10918
10919
10929
10932
10937
10938
10943
10949
10953
10954
10954
10957
10960
10961
10962
10970
10972
10977
10980
11000
11011
11021
11029
11032
11046
11047
11065
11067
11072
11085
11096
11096
11103
11112
11136
11136
11139
11140
11141
11161
11171
11171
11173
11175
11187
11188
11194
11194
11202
11204
11228
11232
11234
11236
11239
11249
11262
11265
11265
11277
11289
11290
11295
11296
11299
11308
11311
11312
11321
11324
11326
11328
11336
11349
11350
11356
11363
11364
11370
11376
11378
11387
11389
11398
11403
11407
11408
11409
11411
11411
11426
11429
11430
11436
11438
11439
11439
11443
11447
11447
11449
11455
11457
11465
11467
11469
11479
11485
11487
11493
11506
11510
11510
11515
11515
11541
11546
11555
11555
11556
11556
11560
11566
11572
11583
11586
11588
11601
11603
11608
11621
11623
11629
11630
11631
11632
11633
11635
11642
11645
11645
11648
11649
11651
11656
11664
11666
11667
11673
11679
11682
11687
11697
11698
11705
11708
11711
11714
11715
11726
11732
11735
11735
11740
11745
11749
11755
11755
11756
11763
11769
11769
11770
11776
11776
11777
11781
11786
11788
11789
11796
11800
11802
11804
11814
11833
11834
11847
11858
11858
11861
11864
11875
11878
11881
11886
11886
11890
11893
11898
11898
11902
11907
11913
11918
11921
11922
11942
11942
11946
11947
11954
11958
11963
11973
11981
11984
11989
11991
11996
12000
12008
12009
12012
12012
12019
12019
12022
12023
12023
12032
12033
12041
12050
12056
12077
12080
12080
12101
12107
12108
12112
12126
12132
12136
12137
12141
12145
12161
12166
12167
12168
12169
12173
12173
12174
12176
12189
12195
12196
12198
12209
12211
12212
12215
12217
12217
12218
12218
12222
12224
12228
12229
12237
12239
12239
12240
12266
12277
12288
12301
12301
12308
12311
12317
12321
12332
12337
12337
12340
12353
12361
12368
12369
12370
12371
12381
12390
12399
12407
12409
12420
12420
12435
12446
12447
12447
12456
12458
12461
12467
12468
12468
12470
12473
12475
12477
12486
12488
12500
12502
12505
12518
12523
12526
12529
12530
12540
12549
12558
12563
12568
12578
12578
12579
12589
12590
12591
12593
12603
12606
12617
12632
12643
12647
12652
12666
12672
12672
12681
12682
12685
12687
12688
12689
12693
12697
12701
12708
12710
12716
12720
12724
12725
12725
12726
12730
12731
12731
12731
12733
12734
12734
12738
12745
12747
12765
12776
12776
12778
12783
12790
12791
12805
12805
12807
12811
12812
12831
12834
12839
12845
12855
12868
12870
12878
12882
12883
12885
12886
12893
12897
12897
12897
12902
12903
12911
12916
12922
12928
12934
12935
12939
12945
12953
12960
12969
12970
12973
12978
12982
12988
12991
13006
13020
13021
13023
13026
13027
13043
13051
13054
13057
13066
13071
13074
13075
13086
13098
13105
13114
13133
13143
13143
13144
13148
13149
13156
13162
13166
13172
13177
13178
13181
13184
13186
13195
13196
13198
13199
13213
13214
13223
13228
13228
13243
13244
13249
13252
13262
13268
13270
13271
13271
13273
13275
13276
13281
13285
13290
13292
13295
13296
13298
13303
13337
13342
13342
13347
13351
13356
13358
13362
13362
13363
13371
13389
13390
13391
13392
13396
13396
13399
13401
13406
13411
13420
13421
13427
13432
13437
13445
13451
13453
13454
13458
13460
13470
13472
13476
13479
13479
13485
13486
13495
13496
13504
13519
13527
13528
13530
13531
13533
13534
13536
13538
13549
13551
13553
13557
13557
13566
13567
13573
13573
13584
13595
13598
13600
13601
13608
13613
13621
13623
13627
13631
13632
13633
13637
13638
13643
13648
13649
13654
13659
13659
13666
13670
13682
13687
13699
13702
13705
13720
13740
13742
13745
13746
13749
13752
13759
13776
13789
13793
13798
13799
13800
13814
13815
13838
13840
13842
13849
13858
13860
13861
13868
13874
13879
13891
13902
13906
13913
13914
13920
13920
13921
13922
13933
13953
13955
13963
13965
13977
13979
13982
13984
13987
13994
13997
14010
14035
14035
14036
14044
14044
14047
14052
14054
14055
14055
14061
14066
14069
14072
14076
14085
14094
14105
14113
14115
14118
14124
14126
14132
14135
14146
14147
14153
14166
14171
14179
14182
14182
14194
14198
14217
14221
14225
14230
14230
14231
14232
14246
14252
14266
14278
14286
14287
14300
14311
14314
14315
14330
14331
14340
14346
14351
14354
14359
14361
14364
14368
14375
14380
14385
14389
14396
14397
14400
14410
14415
14420
14421
14426
14430
14432
14437
14437
14439
14442
14446
14449
14453
14454
14459
14460
14461
14465
14468
14473
14480
14488
14501
14501
14502
14511
14515
14516
14525
14527
14527
14529
14534
14551
14576
14581
14589
14591
14597
14601
14605
14608
14610
14613
14626
14627
14635
14637
14649
14654
14655
14659
14661
14670
14675
14676
14676
14694
14695
14703
14707
14709
14711
14713
14722
14723
14730
14731
14734
14735
14740
14741
14745
14763
14773
14778
14785
14786
14788
14802
14807
14812
14813
14820
14823
14850
14852
14872
14877
14878
14879
14879
14883
14885
14886
14893
14895
14896
14896
14903
14905
14907
14910
14913
14915
14917
14921
14923
14932
14936
14937
14943
14960
14961
14962
14964
14968
14983
14984
14997
15007
15007
15010
15015
15015
15020
15022
15029
15033
15033
15045
15047
15058
15060
15061
15065
15081
15095
15102
15110
15114
15115
15117
15124
15126
15128
15137
15138
15150
15155
15156
15161
15173
15176
15190
15192
15203
15205
15216
15219
15228
15243
15247
15251
15254
15256
15259
15262
15264
15269
15288
15298
15302
15302
15303
15307
15312
15320
15320
15324
15336
15341
15342
15345
15352
15363
15369
15372
15376
15377
15380
15393
15401
15403
15404
15407
15410
15411
15414
15415
15416
15429
15431
15432
15440
15442
15444
15444
15445
15455
15455
15473
15479
15489
15492
15501
15502
15503
15506
15507
15518
15519
15524
15528
15532
15542
15544
15555
15556
15557
15562
15576
15579
15579
15581
15581
15582
15589
15594
15596
15597
15607
15608
15614
15617
15621
15626
15630
15635
15635
15635
15638
15641
15653
15657
15663
15665
15665
15668
15673
15696
15701
15704
15706
15716
15718
15721
15723
15728
15734
15737
15750
15752
15754
15755
15764
15767
15770
15771
15796
15800
15808
15808
15815
15817
15826
15828
15835
15848
15849
15849
15852
15856
15860
15869
15870
15877
15883
15886
15895
15895
15898
15901
15903
15903
15907
15913
15914
15920
15932
15942
15955
15961
15964
15985
15991
15994
15998
16017
16026
16026
16029
16042
16046
16049
16052
16062
16064
16066
16071
16083
16086
16088
16088
16095
16097
16113
16119
16121
16142
16145
16150
16157
16158
16160
16162
16168
16175
16176
16177
16181
16183
16184
16197
16203
16204
16207
16208
16213
16215
16220
16220
16235
16240
16240
16243
16249
16253
16258
16263
16269
16276
16298
16303
16305
16319
16321
16329
16333
16339
16346
16347
16348
16351
16354
16356
16357
16359
16360
16363
16366
16367
16370
16374
16379
16380
16390
16390
16391
16392
16395
16395
16402
16408
16410
16413
16416
16435
16437
16438
16445
16447
16450
16455
16456
16463
16464
16465
16466
16477
16478
16480
16480
16484
16495
16499
16500
16501
16504
16520
16522
16549
16552
16554
16556
16559
16561
16567
16570
16573
16576
16581
16587
16592
16596
16598
16599
16600
16601
16606
16616
16616
16622
16628
16630
16632
16632
16632
16637
16643
16658
16662
16680
16683
16684
16700
16703
16704
16717
16717
16718
16720
16731
16737
16749
16750
16752
16755
16761
16766
16775
16781
16784
16788
16789
16789
16794
16796
16803
16809
16812
16817
16827
16838
16843
16846
16847
16855
16888
16889
16890
16909
16932
16938
16938
16939
16942
16949
16950
16958
16968
16969
16971
16996
17000
17007
17007
17008
17010
17026
17028
17045
17047
17049
17057
17060
17060
17062
17064
17087
17088
17093
17105
17110
17113
17115
17135
17135
17137
17142
17145
17147
17150
17153
17157
17157
17167
17177
17181
17188
17193
17206
17229
17231
17231
17234
17242
17245
17246
17247
17248
17251
17252
17254
17262
17271
17273
17280
17289
17291
17293
17303
17304
17306
17308
17311
17321
17328
17328
17331
17345
17363
17374
17377
17379
17383
17387
17388
17393
17416
17423
17427
17445
17459
17462
17463
17465
17477
17482
17490
17525
17527
17530
17538
17541
17544
17546
17546
17554
17555
17566
17570
17580
17581
17582
17590
17593
17605
17607
17616
17617
17620
17620
17625
17643
17643
17646
17648
17650
17651
17651
17661
17662
17672
17676
17680
17681
17685
17686
17694
17700
17709
17710
17711
17715
17718
17718
17720
17724
17728
17730
17731
17731
17734
17737
17751
17759
17765
17770
17776
17780
17781
17783
17795
17814
17817
17818
17820
17832
17834
17834
17841
17844
17853
17853
17854
17859
17860
17869
17870
17872
17877
17879
17879
17880
17885
17885
17888
17894
17894
17896
17902
17920
17923
17927
17928
17941
17941
17942
17948
17967
17969
17981
18005
18009
18010
18011
18030
18035
18035
18039
18040
18041
18055
18056
18059
18067
18068
18071
18073
18090
18104
18105
18115
18116
18116
18121
18124
18124
18129
18145
18149
18154
18156
18162
18166
18168
18170
18171
18176
18183
18187
18189
18196
18204
18217
18219
18223
18233
18237
18240
18243
18252
18261
18275
18278
18288
18307
18308
18310
18315
18316
18317
18321
18331
18333
18334
18335
18337
18348
18354
18357
18368
18369
18378
18387
18389
18390
18390
18391
18393
18412
18431
18436
18439
18442
18445
18446
18456
18460
18465
18466
18466
18479
18481
18490
18497
18498
18505
18510
18514
18521
18521
18524
18553
18575
18579
18582
18583
18585
18594
18594
18595
18595
18596
18601
18611
18655
18666
18671
18672
18673
18676
18679
18686
18689
18694
18697
18698
18706
18709
18728
18735
18743
18759
18766
18767
18772
18773
18774
18776
18778
18780
18783
18783
18786
18789
18791
18799
18803
18809
18812
18823
18838
18844
18846
18852
18856
18858
18870
18872
18875
18896
18905
18909
18912
18915
18916
18921
18928
18928
18942
18955
18958
18966
18966
18985
18990
18991
18992
19011
19018
19023
19024
19031
19032
19034
19034
19043
19044
19046
19050
19052
19053
19065
19076
19080
19084
19085
19105
19116
19123
19126
19126
19129
19134
19139
19168
19177
19185
19186
19196
19199
19199
19201
19203
19204
19206
19207
19207
19216
19226
19227
19231
19233
19234
19237
19237
19238
19238
19242
19257
19258
19261
19273
19281
19293
19297
19313
19317
19317
19325
19331
19332
19333
19336
19338
19339
19341
19342
19367
19367
19371
19375
19382
19399
19399
19403
19405
19408
19415
19417
19418
19420
19425
19428
19431
19436
19443
19459
19461
19465
19469
19470
19478
19487
19493
19525
19528
19543
19543
19546
19553
19553
19564
19575
19585
19592
19600
19613
19613
19617
19620
19637
19643
19649
19666
19675
19680
19688
19689
19692
19693
19695
19699
19702
19709
19712
19713
19718
19725
19728
19730
19734
19738
19745
19747
19758
19760
19763
19767
19775
19780
19792
19798
19799
19808
19816
19817
19817
19821
19821
19822
19828
19831
19842
19851
19855
19858
19864
19864
19866
19872
19874
19874
19874
19877
19878
19879
19884
19890
19894
19895
19898
19900
19908
19909
19909
19914
19922
19924
19934
19936
19940
19940
19942
19945
19946
19948
19952
19958
19960
19963
19966
19966
19968
19981
19982
19986
19987
19989
19990
19992
20000
20002
20003
20004
20010
20010
20011
20024
20035
20052
20055
20058
20058
20064
20067
20069
20073
20076
20084
20084
20086
20089
20092
20095
20098
20117
20123
20127
20129
20130
20135
20142
20165
20166
20167
20169
20183
20185
20195
20201
20205
20206
20207
20213
20221
20227
20229
20230
20233
20237
20239
20241
20247
20262
20267
20274
20277
20282
20287
20287
20303
20306
20308
20309
20314
20326
20329
20337
20341
20347
20353
20359
20360
20360
20363
20368
20370
20373
20375
20376
20383
20390
20393
20395
20403
20418
20421
20423
20427
20427
20428
20453
20465
20476
20477
20480
20483
20498
20501
20503
20506
20506
20519
20522
20522
20524
20526
20531
20535
20537
20537
20546
20548
20564
20567
20578
20578
20593
20602
20603
20603
20606
20611
20612
20612
20615
20617
20618
20619
20626
20631
20645
20654
20655
20655
20656
20664
20666
20677
20698
20701
20719
20724
20729
20733
20733
20757
20759
20765
20776
20777
20777
20790
20800
20804
20804
20812
20825
20828
20829
20832
20833
20834
20836
20840
20851
20858
20859
20863
20871
20875
20891
20899
20899
20906
20907
20912
20914
20919
20927
20934
20936
20941
20952
20959
20965
20977
20982
20989
20992
21000
21003
21011
21015
21017
21025
21033
21034
21037
21040
21046
21047
21053
21055
21067
21068
21070
21076
21078
21099
21104
21115
21122
21125
21126
21126
21128
21148
21148
21157
21163
21166
21168
21170
21176
21183
21188
21188
21208
21214
21216
21218
21228
21231
21244
21249
21261
21265
21273
21274
21280
21291
21293
21294
21295
21298
21313
21315
21317
21319
21319
21324
21324
21327
21329
21338
21341
21346
21349
21364
21368
21374
21379
21393
21395
21396
21396
21408
21409
21420
21430
21433
21436
21442
21452
21453
21453
21455
21457
21459
21460
21464
21478
21480
21480
21483
21492
21492
21494
21495
21499
21509
21514
21515
21522
21527
21527
21529
21532
21534
21536
21540
21547
21552
21557
21561
21567
21568
21580
21581
21587
21590
21593
21595
21610
21616
21619
21622
21627
21632
21634
21639
21641
21652
21652
21658
21680
21684
21685
21686
21691
21694
21695
21710
21719
21722
21730
21734
21737
21739
21741
21756
21768
21786
21790
21799
21821
21823
21825
21832
21835
21835
21841
21843
21847
21848
21855
21860
21872
21875
21888
21889
21889
21892
21894
21911
21922
21929
21944
21951
21956
21961
21965
21968
21975
21976
21984
21985
21985
21988
21989
21993
21997
21997
21999
22001
22002
22002
22006
22007
22007
22012
22015
22015
22018
22020
22025
22035
22038
22038
22061
22070
22073
22075
22080
22080
22083
22086
22089
22092
22100
22102
22103
22108
22113
22115
22119
22120
22130
22131
22144
22162
22168
22173
22178
22180
22190
22191
22195
22198
22210
22213
22214
22216
22219
22228
22229
22231
22237
22239
22249
22251
22252
22255
22255
22257
22265
22265
22269
22279
22281
22282
22291
22299
22305
22312
22315
22315
22325
22330
22331
22336
22343
22348
22349
22349
22369
22370
22375
22375
22380
22393
22394
22396
22399
22405
22408
22419
22419
22426
22427
22428
22431
22439
22444
22453
22457
22459
22461
22461
22462
22464
22467
22479
22490
22490
22506
22509
22513
22513
22513
22524
22524
22531
22535
22540
22546
22552
22554
22555
22559
22566
22569
22577
22577
22587
22588
22597
22609
22613
22613
22615
22629
22644
22648
22657
22664
22664
22669
22679
22686
22689
22690
22690
22692
22696
22702
22708
22708
22716
22718
22720
22723
22730
22734
22735
22741
22748
22750
22752
22760
22763
22763
22764
22767
22770
22773
22786
22793
22795
22800
22805
22810
22817
22818
22818
22826
22826
22845
22850
22853
22858
22861
22862
22862
22866
22867
22873
22877
22882
22882
22882
22890
22893
22904
22914
22916
22919
22923
22926
22926
22931
22935
22937
22951
22954
22955
22965
22966
22968
22971
22985
22988
22996
22999
23008
23010
23021
23024
23027
23031
23032
23034
23041
23042
23046
23053
23057
23063
23070
23071
23072
23087
23089
23093
23103
23109
23109
23112
23117
23126
23132
23138
23140
23148
23148
23151
23158
23163
23163
23163
23178
23179
23192
23194
23209
23209
23210
23211
23219
23222
23227
23227
23236
23255
23260
23264
23273
23275
23276
23277
23278
23279
23281
23295
23302
23312
23313
23319
23324
23334
23344
23360
23369
23371
23371
23373
23376
23378
23381
23382
23383
23383
23403
23412
23419
23424
23437
23439
23440
23454
23465
23466
23474
23475
23493
23495
23500
23504
23504
23507
23513
23516
23528
23530
23530
23530
23534
23534
23540
23543
23548
23567
23575
23576
23590
23610
23617
23617
23628
23632
23636
23638
23640
23644
23648
23650
23651
23665
23671
23683
23696
23704
23710
23711
23720
23731
23731
23733
23738
23747
23752
23756
23757
23761
23765
23772
23778
23786
23793
23796
23799
23805
23806
23809
23809
23810
23814
23819
23829
23835
23838
23838
23847
23857
23862
23868
23879
23882
23883
23884
23888
23891
23897
23903
23909
23909
23910
23913
23918
23933
23938
23939
23948
23953
23954
23955
23956
23960
23980
23989
23994
24000
24003
24003
24015
24017
24028
24041
24043
24043
24045
24048
24049
24050
24053
24069
24070
24072
24074
24091
24092
24094
24103
24108
24108
24110
24113
24119
24138
24141
24144
24159
24159
24163
24169
24172
24186
24197
24200
24214
24219
24225
24226
24230
24234
24251
24251
24265
24276
24280
24281
24283
24284
24285
24292
24295
24296
24298
24299
24306
24312
24314
24336
24342
24343
24351
24355
24367
24367
24382
24388
24395
24396
24397
24407
24411
24425
24434
24435
24450
24450
24467
24471
24472
24475
24476
24477
24479
24480
24491
24493
24495
24496
24497
24499
24501
24504
24513
24532
24537
24552
24554
24554
24555
24560
24574
24575
24594
24604
24606
24617
24618
24620
24625
24629
24630
24655
24656
24673
24677
24679
24679
24682
24690
24694
24696
24700
24702
24704
24717
24717
24719
24720
24741
24742
24743
24744
24752
24765
24774
24782
24789
24796
24798
24814
24818
24818
24821
24831
24833
24836
24841
24845
24847
24852
24858
24863
24873
24890
24893
24897
24915
24922
24925
24925
24927
24931
24937
24938
24939
24940
24953
24960
24962
24969
24976
24993
24996
24998
24998
24998
25011
25020
25021
25037
25052
25055
25083
25088
25090
25093
25093
25096
25098
25109
25116
25123
25129
25129
25138
25141
25143
25144
25152
25154
25166
25167
25168
25174
25177
25188
25188
25188
25189
25197
25198
25204
25208
25211
25214
25214
25225
25230
25237
25247
25250
25260
25268
25274
25276
25278
25280
25282
25301
25301
25329
25354
25355
25360
25385
25388
25408
25414
25420
25431
25446
25465
25475
25478
25488
25489
25490
25493
25498
25499
25519
25528
25534
25536
25538
25542
25542
25553
25571
25574
25574
25580
25584
25584
25586
25597
25602
25607
25614
25626
25639
25646
25651
25652
25662
25663
25666
25677
25677
25680
25682
25683
25688
25694
25699
25704
25705
25706
25706
25713
25720
25728
25731
25738
25739
25743
25747
25753
25758
25762
25763
25773
25777
25790
25791
25793
25803
25813
25854
25876
25877
25885
25886
25888
25888
25890
25893
25898
25900
25903
25909
25912
25916
25921
25922
25944
25946
25947
25948
25949
25955
25956
25957
25966
25967
25968
25970
25978
25989
25995
25996
26009
26024
26024
26035
26041
26045
26050
26067
26076
26079
26089
26095
26099
26101
26115
26127
26144
26145
26147
26148
26151
26152
26153
26153
26154
26155
26157
26161
26179
26180
26186
26193
26197
26197
26201
26205
26207
26221
26222
26228
26229
26240
26247
26249
26251
26254
26254
26255
26260
26261
26267
26272
26275
26278
26290
26308
26308
26318
26325
26331
26336
26340
26345
26351
26354
26356
26357
26369
26384
26387
26396
26398
26408
26409
26414
26424
26429
26431
26433
26441
26443
26443
26457
26457
26471
26473
26480
26489
26490
26497
26499
26506
26518
26522
26523
26525
26532
26549
26551
26553
26560
26560
26564
26574
26579
26584
26590
26608
26608
26612
26618
26620
26628
26638
26639
26643
26645
26646
26650
26659
26663
26676
26683
26684
26685
26691
26693
26696
26701
26709
26711
26719
26722
26727
26740
26743
26745
26746
26749
26750
26753
26753
26771
26775
26780
26804
26811
26813
26818
26821
26831
26832
26833
26857
26860
26860
26864
26868
26876
26879
26897
26902
26904
26909
26909
26910
26916
26916
26917
26919
26929
26931
26940
26942
26950
26953
26957
26959
26970
26978
26979
26982
26990
27003
27006
27008
27011
27011
27019
27032
27033
27038
27045
27057
27067
27070
27077
27083
27089
27093
27107
27110
27110
27114
27115
27116
27121
27125
27126
27127
27127
27138
27139
27146
27146
27148
27153
27159
27161
27172
27177
27181
27182
27184
27184
27186
27187
27188
27190
27200
27206
27210
27215
27217
27222
27228
27229
27240
27241
27243
27251
27258
27258
27273
27277
27279
27294
27294
27307
27311
27312
27323
27328
27331
27339
27343
27348
27349
27351
27382
27384
27395
27401
27401
27402
27405
27413
27417
27417
27420
27424
27426
27428
27436
27437
27442
27464
27471
27471
27471
27476
27480
27480
27481
27482
27482
27484
27485
27486
27493
27495
27495
27497
27500
27503
27506
27511
27522
27523
27524
27526
27529
27535
27536
27540
27545
27554
27559
27566
27569
27580
27581
27584
27591
27592
27597
27598
27603
27604
27612
27626
27635
27647
27655
27658
27659
27663
27664
27668
27676
27680
27694
27697
27697
27699
27706
27713
27721
27728
27734
27748
27758
27763
27766
27767
27774
27777
27778
27780
27783
27783
27786
27790
27794
27794
27796
27800
27802
27810
27814
27818
27824
27829
27831
27844
27847
27854
27856
27857
27862
27877
27882
27891
27891
27892
27896
27897
27898
27914
27918
27923
27934
27934
27938
27941
27948
27955
27960
27964
27977
27977
27979
27979
27985
27985
27990
27993
28003
28003
28003
28004
28008
28020
28030
28032
28042
28044
28045
28063
28066
28069
28091
28094
28097
28107
28117
28118
28121
28123
28124
28126
28126
28131
28134
28141
28143
28153
28153
28155
28167
28173
28176
28177
28178
28179
28180
28185
28189
28197
28200
28202
28214
28222
28223
28224
28240
28242
28245
28255
28262
28267
28276
28279
28282
28287
28300
28300
28302
28306
28313
28317
28325
28326
28329
28334
28337
28355
28361
28368
28368
28372
28374
28379
28392
28406
28410
28417
28419
28422
28426
28428
28440
28443
28444
28450
28454
28456
28456
28459
28459
28462
28465
28468
28471
28478
28488
28495
28497
28497
28502
28514
28516
28519
28525
28525
28534
28535
28552
28555
28558
28559
28561
28564
28577
28581
28589
28600
28602
28611
28614
28614
28621
28623
28626
28631
28643
28649
28650
28654
28655
28655
28656
28666
28674
28678
28684
28689
28694
28696
28697
28698
28705
28713
28716
28720
28722
28722
28731
28732
28742
28743
28747
28748
28753
28757
28763
28764
28786
28789
28791
28806
28811
28814
28822
28827
28828
28832
28843
28845
28849
28850
28852
28855
28860
28860
28863
28871
28872
28886
28905
28906
28915
28915
28931
28936
28938
28948
28951
28959
28965
28968
28968
28973
28973
28985
28987
28992
28993
28995
28997
29005
29009
29011
29012
29012
29015
29018
29021
29027
29034
29035
29035
29048
29050
29052
29056
29061
29066
29066
29071
29073
29082
29083
29097
29110
29114
29116
29133
29134
29135
29137
29138
29152
29155
29157
29162
29169
29172
29180
29182
29186
29203
29210
29219
29224
29227
29229
29230
29232
29233
29236
29241
29244
29245
29246
29247
29248
29248
29250
29255
29258
29260
29265
29267
29274
29275
29275
29283
29283
29291
29294
29297
29301
29301
29306
29308
29309
29318
29341
29343
29346
29347
29355
29357
29358
29360
29361
29363
29365
29369
29372
29375
29383
29385
29395
29415
29420
29421
29424
29444
29448
29452
29452
29454
29454
29456
29459
29460
29470
29476
29479
29485
29489
29498
29507
29509
29526
29529
29534
29540
29544
29551
29553
29565
29565
29565
29572
29581
29581
29585
29593
29599
29601
29601
29609
29610
29626
29629
29639
29642
29668
29669
29673
29713
29724
29725
29729
29736
29736
29739
29748
29752
29761
29762
29762
29764
29769
29775
29781
29784
29784
29784
29787
29798
29800
29817
29832
29832
29833
29838
29840
29844
29854
29860
29862
29862
29864
29865
29866
29872
29882
29889
29894
29913
29918
29919
29921
29923
29925
29931
29944
29945
29948
29953
29960
29967
29978
29992
29994
30000
30007
30012
30018
30020
30020
30025
30026
30032
30036
30052
30055
30071
30074
30080
30081
30083
30088
30092
30093
30093
30096
30097
30105
30106
30118
30121
30121
30137
30140
30144
30145
30154
30159
30163
30170
30173
30178
30178
30187
30193
30198
30200
30207
30207
30209
30211
30213
30218
30219
30219
30222
30222
30223
30234
30237
30237
30241
30248
30250
30275
30276
30282
30283
30284
30289
30290
30296
30297
30302
30304
30308
30329
30339
30344
30351
30353
30354
30356
30362
30372
30372
30381
30392
30403
30419
30420
30424
30425
30428
30430
30431
30432
30437
30442
30456
30456
30457
30461
30466
30470
30475
30478
30483
30487
30505
30507
30512
30513
30527
30530
30535
30536
30540
30543
30554
30572
30576
30577
30587
30593
30594
30596
30597
30601
30604
30604
30616
30617
30626
30626
30631
30633
30634
30641
30645
30655
30659
30659
30663
30673
30673
30676
30682
30685
30691
30691
30694
30699
30706
30709
30717
30727
30735
30742
30747
30751
30773
30781
30782
30783
30783
30790
30793
30804
30811
30815
30816
30822
30832
30834
30836
30844
30847
30850
30853
30864
30868
30869
30879
30881
30885
30890
30898
30902
30915
30918
30927
30928
30928
30940
30949
30951
30954
30968
30971
30975
30977
30979
30983
30997
31008
31011
31019
31020
31026
31039
31048
31056
31056
31064
31065
31067
31068
31074
31084
31085
31098
31119
31140
31153
31155
31157
31163
31166
31169
31175
31187
31212
31222
31228
31228
31229
31231
31233
31234
31242
31247
31250
31262
31263
31271
31275
31283
31284
31287
31291
31301
31321
31323
31325
31329
31330
31339
31341
31349
31353
31354
31355
31358
31359
31360
31365
31365
31365
31371
31372
31382
31384
31397
31400
31403
31404
31408
31410
31422
31429
31435
31441
31444
31444
31454
31459
31461
31469
31476
31480
31482
31484
31499
31499
31509
31521
31526
31528
31528
31531
31534
31537
31541
31546
31550
31561
31564
31567
31579
31582
31587
31588
31591
31608
31615
31621
31622
31625
31632
31642
31648
31651
31657
31661
31667
31672
31688
31689
31700
31704
31711
31712
31718
31743
31745
31750
31763
31764
31764
31772
31774
31774
31777
31780
31780
31799
31804
31812
31812
31815
31815
31815
31818
31819
31822
31828
31828
31831
31834
31849
31854
31861
31863
31865
31869
31872
31875
31878
31879
31890
31892
31892
31893
31895
31896
31901
31907
31911
31914
31914
31915
31920
31927
31929
31930
31933
31936
31955
31955
31961
31985
31986
31993
31993
31993
31999
32011
32012
32017
32023
32029
32042
32066
32083
32092
32099
32102
32106
32111
32117
32120
32122
32122
32125
32127
32129
32133
32142
32144
32151
32159
32162
32180
32181
32190
32195
32205
32213
32220
32223
32225
32229
32233
32238
32244
32245
32249
32251
32253
32255
32259
32260
32264
32264
32266
32267
32272
32279
32280
32283
32286
32289
32294
32297
32301
32303
32306
32311
32312
32316
32318
32325
32350
32352
32353
32355
32371
32371
32375
32376
32387
32387
32387
32389
32392
32402
32404
32410
32420
32422
32424
32427
32429
32438
32441
32441
32450
32453
32454
32455
32455
32462
32486
32488
32492
32495
32499
32500
32501
32501
32514
32516
32522
32523
32529
32545
32577
32578
32583
32583
32588
32589
32591
32596
32599
32604
32622
32632
32633
32636
32639
32642
32646
32651
32652
32656
32668
32669
32670
32673
32674
32676
32686
32691
32691
32696
32705
32711
32712
32718
32719
32721
32728
32731
32739
32745
32746
32748
32750
32754
32765
32767
32769
32769
32775
32782
32790
32796
32797
32801
32807
32808
32810
32817
32824
32826
32828
32849
32867
32874
32884
32887
32898
32908
32912
32917
32919
32920
32920
32923
32930
32934
32935
32940
32947
32951
32955
32967
32967
32967
32973
32974
32976
32986
32988
32991
32992
32994
33002
33002
33008
33013
33018
33020
33030
33031
33032
33036
33040
33043
33044
33046
33057
33080
33083
33087
33087
33088
33096
33109
33117
33123
33128
33129
33136
33136
33156
33165
33168
33169
33169
33170
33171
33172
33174
33196
33197
33214
33221
33228
33237
33238
33241
33245
33250
33252
33256
33273
33282
33294
33301
33312
33314
33314
33321
33321
33333
33340
33345
33351
33361
33365
33372
33372
33409
33412
33422
33431
33433
33433
33434
33456
33457
33460
33464
33470
33472
33472
33476
33478
33482
33485
33485
33489
33492
33494
33500
33506
33506
33512
33519
33520
33534
33537
33539
33539
33554
33554
33562
33564
33566
33568
33578
33587
33588
33594
33594
33596
33597
33606
33607
33608
33610
33614
33619
33620
33628
33631
33633
33634
33635
33648
33658
33664
33665
33674
33676
33676
33677
33687
33716
33717
33726
33729
33729
33729
33751
33754
33773
33774
33786
33786
33788
33793
33793
33798
33802
33802
33806
33806
33808
33809
33816
33823
33839
33844
33851
33855
33858
33860
33869
33873
33876
33884
33889
33892
33892
33897
33901
33901
33903
33903
33908
33916
33919
33920
33921
33924
33934
33939
33951
33952
33971
33971
33977
33980
33984
33988
33988
33992
33998
34019
34022
34025
34031
34033
34038
34041
34047
34053
34055
34056
34057
34078
34086
34090
34100
34102
34103
34107
34116
34116
34117
34121
34122
34126
34134
34144
34153
34158
34161
34167
34169
34175
34177
34190
34195
34199
34214
34215
34221
34224
34225
34247
34254
34258
34261
34261
34263
34266
34269
34270
34293
34293
34294
34297
34298
34300
34302
34303
34307
34313
34318
34326
34327
34328
34336
34338
34339
34339
34339
34343
34344
34351
34355
34371
34382
34382
34383
34385
34391
34392
34401
34409
34410
34422
34425
34440
34442
34442
34453
34456
34460
34474
34479
34485
34494
34498
34501
34505
34506
34507
34509
34512
34521
34522
34525
34526
34532
34542
34543
34545
34549
34554
34560
34569
34575
34575
34575
34579
34585
34597
34603
34604
34606
34607
34608
34613
34616
34617
34617
34624
34632
34632
34633
34633
34636
34636
34639
34650
34651
34653
34655
34666
34672
34674
34683
34683
34701
34703
34709
34713
34716
34725
34728
34729
34733
34735
34739
34743
34750
34753
34753
34768
34772
34795
34805
34808
34809
34815
34816
34821
34824
34825
34832
34835
34835
34837
34838
34839
34841
34843
34853
34858
34867
34870
34881
34889
34889
34890
34892
34927
34934
34936
34937
34942
34944
34954
34957
34969
34983
34985
34989
34989
34990
34993
34998
35002
35004
35012
35013
35019
35019
35023
35041
35059
35060
35064
35065
35071
35080
35084
35094
35094
35095
35099
35122
35123
35123
35124
35124
35129
35137
35138
35139
35144
35145
35146
35157
35157
35162
35165
35188
35194
35198
35200
35211
35211
35214
35216
35223
35226
35239
35239
35239
35242
35243
35246
35261
35261
35270
35278
35279
35283
35284
35285
35285
35291
35293
35296
35302
35303
35319
35323
35324
35325
35328
35330
35332
35335
35337
35340
35341
35342
35346
35350
35368
35408
35408
35410
35422
35429
35430
35437
35441
35447
35454
35459
35461
35471
35475
35488
35501
35511
35518
35520
35529
35530
35533
35543
35544
35544
35544
35550
35557
35563
35568
35569
35571
35573
35575
35576
35581
35588
35608
35608
35614
35614
35620
35633
35634
35637
35639
35640
35649
35651
35653
35656
35674
35678
35679
35682
35684
35687
35710
35712
35718
35728
35730
35739
35741
35745
35749
35750
35757
35757
35761
35768
35768
35774
35777
35778
35779
35784
35786
35798
35798
35813
35816
35816
35818
35826
35828
35831
35840
35842
35843
35848
35851
35859
35862
35864
35869
35870
35878
35882
35889
35892
35897
35899
35899
35905
35906
35909
35913
35914
35917
35920
35922
35950
35960
35961
35962
35974
35976
35976
36004
36007
36008
36015
36021
36022
36026
36028
36031
36041
36052
36061
36072
36072
36074
36079
36081
36084
36094
36094
36097
36107
36119
36121
36124
36127
36140
36140
36142
36143
36148
36154
36159
36169
36181
36189
36192
36198
36201
36208
36212
36216
36218
36226
36237
36238
36253
36254
36268
36269
36270
36270
36275
36283
36295
36295
36300
36301
36305
36315
36319
36322
36328
36329
36329
36338
36339
36349
36351
36352
36353
36355
36356
36356
36358
36364
36373
36376
36394
36396
36400
36401
36402
36404
36418
36422
36430
36435
36437
36438
36438
36452
36459
36464
36465
36484
36497
36504
36504
36507
36507
36509
36512
36528
36529
36548
36556
36557
36560
36572
36578
36583
36590
36601
36603
36605
36609
36612
36614
36629
36639
36639
36644
36645
36647
36651
36652
36664
36671
36673
36677
36678
36680
36681
36683
36690
36696
36696
36712
36733
36738
36740
36751
36752
36758
36760
36761
36762
36762
36764
36769
36773
36775
36780
36783
36791
36794
36794
36795
36797
36800
36800
36801
36805
36805
36808
36826
36828
36832
36838
36852
36854
36859
36862
36876
36877
36883
36883
36885
36911
36931
36937
36954
36957
36959
36960
36963
36965
36968
36974
36976
36985
36985
36988
36992
36995
36997
37002
37010
37011
37026
37026
37029
37040
37046
37068
37076
37076
37084
37086
37093
37095
37099
37101
37101
37102
37106
37111
37112
37121
37121
37121
37127
37131
37134
37138
37140
37144
37147
37157
37173
37178
37186
37190
37194
37201
37204
37204
37206
37210
37229
37244
37246
37250
37251
37260
37263
37263
37265
37278
37278
37280
37289
37304
37307
37313
37316
37323
37325
37332
37341
37344
37358
37364
37366
37366
37372
37379
37380
37382
37383
37388
37391
37395
37403
37403
37403
37412
37416
37416
37418
37425
37429
37432
37432
37455
37457
37480
37484
37484
37492
37495
37503
37511
37531
37536
37543
37549
37550
37559
37561
37562
37564
37582
37583
37584
37585
37588
37588
37588
37591
37593
37593
37596
37597
37599
37608
37614
37622
37623
37630
37634
37635
37638
37639
37646
37656
37667
37670
37677
37678
37681
37691
37696
37704
37714
37721
37726
37731
37746
37757
37762
37770
37770
37775
37784
37790
37792
37793
37799
37803
37804
37810
37810
37812
37817
37836
37837
37840
37841
37845
37855
37856
37859
37873
37875
37879
37879
37880
37881
37888
37904
37907
37911
37911
37919
37928
37933
37940
37944
37946
37949
37951
37951
37951
37953
37962
37965
37965
37966
37975
37978
37981
37987
37987
37987
37991
37998
38001
38006
38014
38030
38037
38043
38044
38048
38051
38055
38058
38060
38063
38065
38066
38073
38083
38097
38102
38116
38118
38119
38119
38125
38127
38128
38131
38135
38136
38139
38141
38153
38158
38159
38177
38187
38201
38203
38208
38210
38213
38217
38220
38220
38222
38224
38237
38247
38249
38251
38266
38285
38289
38290
38294
38300
38304
38305
38306
38306
38318
38334
38336
38337
38338
38343
38345
38350
38351
38357
38364
38368
38379
38381
38384
38399
38416
38418
38421
38430
38440
38444
38446
38453
38466
38478
38479
38482
38502
38503
38513
38514
38526
38527
38531
38537
38540
38542
38546
38548
38553
38555
38557
38566
38567
38574
38579
38587
38588
38588
38589
38593
38597
38607
38608
38616
38616
38623
38632
38639
38644
38646
38650
38673
38675
38679
38691
38692
38696
38702
38710
38710
38712
38712
38713
38718
38719
38746
38751
38755
38770
38775
38784
38787
38793
38804
38809
38810
38822
38826
38832
38842
38846
38847
38849
38849
38853
38856
38869
38869
38876
38877
38879
38881
38889
38889
38908
38923
38937
38938
38939
38943
38950
38951
38966
38979
38997
39000
39001
39002
39009
39018
39018
39022
39023
39024
39025
39026
39028
39030
39044
39046
39048
39056
39058
39060
39070
39073
39078
39078
39096
39099
39101
39105
39106
39109
39109
39110
39111
39117
39132
39141
39142
39145
39146
39150
39158
39158
39164
39165
39170
39176
39180
39182
39184
39185
39201
39219
39219
39220
39235
39236
39242
39247
39254
39254
39255
39257
39263
39265
39270
39284
39285
39287
39287
39294
39296
39296
39296
39299
39303
39304
39305
39306
39344
39351
39352
39352
39354
39354
39355
39357
39361
39372
39373
39375
39380
39381
39388
39388
39391
39405
39407
39417
39418
39421
39422
39423
39425
39428
39429
39431
39435
39438
39439
39442
39444
39449
39455
39466
39468
39481
39488
39489
39490
39492
39494
39497
39499
39499
39501
39505
39505
39508
39513
39526
39529
39535
39542
39544
39551
39554
39555
39565
39585
39588
39592
39615
39618
39621
39629
39633
39635
39643
39644
39651
39653
39653
39657
39659
39660
39661
39665
39675
39683
39685
39687
39701
39701
39703
39718
39720
39724
39745
39751
39775
39780
39796
39805
39809
39811
39815
39825
39831
39838
39853
39854
39860
39861
39862
39873
39881
39882
39885
39887
39889
39892
39904
39922
39924
39924
39933
39959
39986
39987
39996
40009
40009
40014
40018
40028
40041
40042
40045
40053
40057
40067
40073
40074
40082
40094
40104
40106
40106
40107
40111
40125
40131
40134
40142
40146
40151
40158
40160
40160
40163
40165
40166
40169
40175
40181
40182
40192
40202
40206
40217
40222
40228
40233
40237
40242
40246
40247
40254
40254
40261
40287
40288
40291
40291
40299
40299
40302
40305
40315
40322
40327
40327
40328
40335
40335
40335
40339
40354
40365
40377
40384
40385
40389
40395
40400
40400
40402
40407
40407
40407
40407
40412
40419
40428
40441
40450
40462
40467
40473
40473
40475
40476
40487
40487
40492
40509
40515
40522
40522
40525
40526
40535
40535
40540
40541
40543
40545
40552
40556
40558
40564
40566
40568
40568
40571
40577
40583
40590
40591
40601
40602
40603
40605
40632
40636
40641
40650
40656
40659
40661
40661
40662
40666
40675
40676
40682
40685
40702
40704
40704
40705
40707
40714
40715
40716
40720
40722
40726
40728
40735
40736
40757
40758
40758
40770
40778
40783
40789
40797
40804
40809
40826
40826
40828
40828
40830
40849
40849
40858
40862
40862
40867
40875
40883
40883
40885
40888
40905
40907
40915
40916
40916
40921
40924
40927
40937
40940
40941
40941
40952
40954
40970
40977
40978
40980
40995
41011
41018
41020
41021
41026
41026
41031
41036
41036
41051
41061
41064
41075
41078
41082
41084
41087
41092
41095
41100
41101
41106
41108
41120
41123
41130
41145
41150
41151
41155
41155
41160
41162
41164
41169
41171
41172
41173
41174
41176
41177
41184
41194
41199
41208
41212
41215
41221
41227
41233
41241
41244
41247
41248
41251
41252
41253
41254
41258
41261
41265
41270
41270
41270
41273
41274
41276
41278
41280
41282
41285
41299
41299
41310
41325
41333
41342
41344
41345
41355
41359
41363
41364
41367
41371
41388
41392
41393
41393
41394
41403
41412
41416
41417
41423
41429
41446
41449
41449
41457
41460
41473
41474
41477
41482
41483
41483
41485
41497
41501
41502
41507
41507
41517
41518
41520
41523
41526
41528
41535
41543
41543
41548
41550
41556
41557
41560
41570
41578
41587
41588
41591
41611
41611
41611
41611
41617
41620
41621
41624
41626
41628
41631
41634
41636
41644
41644
41645
41645
41666
41686
41691
41692
41695
41696
41697
41699
41701
41703
41705
41711
41719
41727
41734
41754
41758
41759
41760
41766
41766
41767
41768
41769
41777
41782
41789
41802
41804
41804
41811
41812
41813
41815
41835
41838
41856
41857
41859
41860
41862
41865
41874
41875
41883
41892
41896
41898
41898
41902
41905
41908
41910
41927
41929
41939
41942
41942
41942
41944
41949
41953
41962
41974
41977
41982
41991
42002
42011
42015
42027
42028
42036
42042
42049
42058
42060
42067
42093
42110
42112
42119
42133
42146
42150
42150
42157
42157
42173
42180
42184
42189
42201
42212
42218
42219
42221
42237
42240
42249
42252
42253
42260
42260
42261
42263
42278
42300
42308
42311
42314
42323
42331
42339
42347
42356
42359
42359
42368
42370
42371
42377
42381
42388
42388
42393
42393
42398
42402
42410
42416
42420
42420
42433
42438
42451
42459
42477
42487
42503
42504
42506
42513
42517
42520
42522
42525
42527
42528
42531
42538
42539
42548
42554
42563
42570
42582
42583
42590
42591
42596
42600
42600
42602
42610
42613
42628
42637
42641
42651
42656
42679
42682
42685
42686
42701
42703
42711
42735
42736
42739
42743
42744
42745
42745
42746
42748
42750
42750
42752
42761
42765
42768
42770
42773
42775
42782
42783
42784
42786
42792
42792
42799
42807
42810
42810
42812
42813
42815
42821
42822
42828
42832
42835
42842
42846
42867
42869
42872
42878
42882
42882
42885
42886
42886
42889
42897
42899
42900
42901
42902
42907
42909
42914
42920
42922
42928
42935
42938
42963
42963
42963
42982
42988
43006
43008
43009
43015
43021
43023
43023
43026
43046
43047
43047
43048
43055
43059
43060
43067
43070
43080
43081
43081
43085
43088
43099
43101
43102
43103
43103
43108
43112
43118
43119
43120
43128
43146
43157
43161
43167
43175
43176
43191
43196
43203
43204
43206
43208
43208
43209
43209
43213
43214
43236
43261
43265
43265
43267
43269
43277
43279
43282
43295
43302
43306
43315
43316
43319
43320
43325
43336
43337
43340
43344
43346
43347
43357
43358
43358
43359
43360
43361
43366
43387
43398
43400
43405
43413
43414
43425
43428
43432
43436
43437
43443
43444
43450
43456
43463
43471
43476
43492
43495
43500
43505
43506
43522
43523
43526
43533
43545
43553
43559
43562
43563
43565
43570
43576
43585
43585
43591
43604
43607
43613
43616
43622
43622
43623
43633
43638
43642
43656
43656
43659
43659
43672
43673
43683
43694
43710
43715
43716
43724
43727
43752
43755
43768
43768
43772
43775
43793
43794
43795
43797
43804
43805
43806
43808
43812
43816
43823
43824
43825
43826
43833
43833
43835
43838
43840
43843
43848
43848
43857
43859
43862
43880
43883
43885
43892
43907
43909
43914
43915
43928
43933
43937
43937
43944
43946
43946
43946
43947
43951
43954
43962
43964
43967
43969
43973
43977
43978
43982
43982
43987
43988
43991
43992
43996
44002
44024
44025
44026
44029
44044
44061
44066
44067
44069
44069
44075
44080
44084
44089
44090
44092
44098
44115
44116
44122
44127
44128
44132
44134
44137
44142
44143
44144
44144
44147
44152
44153
44160
44161
44162
44162
44166
44169
44170
44173
44173
44186
44189
44193
44208
44236
44242
44243
44252
44253
44256
44261
44263
44267
44268
44271
44276
44281
44304
44305
44314
44323
44324
44325
44329
44346
44346
44368
44370
44376
44377
44381
44387
44392
44398
44401
44410
44410
44415
44417
44419
44435
44467
44468
44472
44474
44477
44481
44481
44482
44485
44487
44489
44498
44500
44502
44503
44504
44505
44508
44508
44519
44521
44522
44522
44524
44530
44538
44542
44584
44585
44587
44587
44596
44599
44609
44612
44619
44623
44627
44642
44646
44649
44657
44660
44664
44677
44686
44688
44693
44702
44719
44725
44754
44756
44757
44760
44765
44767
44771
44783
44788
44793
44804
44819
44820
44823
44824
44829
44841
44842
44853
44869
44877
44878
44882
44889
44891
44893
44895
44899
44899
44901
44906
44910
44924
44925
44929
44932
44935
44937
44937
44941
44942
44947
44951
44954
44958
44962
44964
44974
44974
44978
44980
44983
44994
44995
45007
45008
45012
45012
45017
45020
45020
45027
45032
45032
45037
45039
45039
45043
45047
45047
45055
45066
45068
45069
45071
45075
45077
45077
45078
45078
45081
45082
45092
45104
45108
45109
45119
45138
45138
45145
45157
45159
45160
45170
45172
45179
45185
45186
45195
45200
45201
45202
45210
45213
45215
45219
45219
45232
45239
45241
45250
45253
45255
45259
45261
45269
45271
45272
45273
45273
45274
45283
45283
45289
45300
45307
45313
45316
45319
45319
45326
45327
45329
45334
45338
45347
45349
45353
45362
45363
45375
45379
45383
45386
45387
45389
45390
45403
45403
45414
45419
45423
45427
45431
45439
45440
45442
45448
45450
45455
45457
45465
45476
45477
45479
45484
45487
45498
45499
45502
45504
45505
45509
45528
45530
45535
45552
45555
45558
45588
45589
45590
45593
45603
45611
45625
45628
45628
45633
45636
45638
45643
45643
45663
45671
45672
45681
45682
45684
45690
45691
45697
45702
45708
45711
45722
45724
45725
45726
45726
45731
45750
45753
45753
45753
45771
45785
45794
45799
45809
45810
45816
45820
45823
45827
45828
45828
45835
45836
45840
45841
45842
45845
45846
45847
45859
45861
45867
45868
45872
45885
45887
45889
45893
45893
45912
45920
45920
45921
45937
45942
45948
45948
45955
45960
45974
45980
45981
45990
45995
45995
45999
46014
46038
46045
46047
46047
46047
46047
46061
46062
46066
46073
46082
46085
46085
46092
46099
46109
46114
46119
46127
46129
46130
46131
46131
46132
46137
46140
46144
46147
46149
46152
46166
46166
46170
46180
46181
46198
46203
46212
46217
46223
46225
46228
46247
46251
46268
46270
46272
46275
46278
46286
46287
46291
46293
46295
46303
46306
46306
46308
46316
46318
46320
46338
46340
46341
46348
46352
46353
46366
46366
46372
46373
46373
46379
46381
46382
46387
46388
46389
46395
46400
46403
46431
46431
46433
46433
46434
46439
46439
46441
46448
46455
46456
46457
46464
46470
46471
46474
46478
46479
46490
46504
46505
46507
46508
46512
46512
46516
46517
46523
46528
46529
46539
46542
46547
46550
46566
46577
46581
46587
46588
46589
46589
46590
46591
46595
46600
46604
46605
46607
46608
46610
46613
46620
46639
46655
46657
46661
46661
46669
46673
46676
46677
46677
46682
46687
46688
46699
46699
46703
46706
46711
46717
46723
46726
46730
46738
46741
46749
46750
46750
46752
46760
46764
46768
46770
46772
46779
46779
46788
46791
46794
46804
46808
46827
46827
46830
46830
46834
46853
46872
46878
46880
46891
46905
46909
46912
46915
46917
46922
46922
46930
46935
46946
46949
46952
46965
46971
46975
46982
46982
46986
46992
46996
47006
47013
47013
47014
47017
47018
47023
47024
47025
47027
47027
47035
47037
47039
47043
47046
47052
47056
47075
47076
47090
47101
47124
47127
47132
47149
47159
47164
47167
47169
47172
47173
47182
47186
47188
47196
47197
47207
47212
47213
47215
47216
47229
47233
47238
47248
47254
47266
47267
47272
47287
47289
47293
47299
47302
47305
47306
47308
47317
47333
47340
47347
47355
47358
47358
47367
47374
47379
47383
47391
47400
47404
47412
47413
47416
47441
47453
47454
47473
47478
47488
47489
47489
47494
47497
47499
47506
47523
47525
47533
47534
47536
47540
47545
47548
47561
47564
47564
47576
47583
47589
47592
47594
47596
47597
47613
47614
47618
47634
47635
47640
47642
47646
47649
47650
47654
47656
47662
47664
47672
47678
47684
47687
47689
47702
47703
47706
47719
47731
47738
47738
47742
47745
47747
47747
47773
47775
47779
47785
47786
47795
47796
47810
47811
47811
47817
47817
47818
47819
47823
47824
47832
47840
47852
47854
47862
47876
47877
47895
47896
47902
47910
47916
47928
47933
47933
47935
47943
47949
47959
47972
47974
47981
47993
47995
48006
48015
48016
48017
48017
48018
48022
48027
48039
48046
48056
48072
48079
48089
48092
48101
48105
48109
48114
48130
48134
48136
48139
48139
48143
48153
48156
48156
48159
48166
48174
48184
48191
48203
48205
48206
48209
48209
48212
48215
48219
48221
48223
48224
48227
48228
48231
48240
48263
48267
48267
48272
48273
48277
48286
48290
48291
48296
48310
48320
48320
48332
48341
48347
48353
48354
48361
48363
48373
48378
48385
48386
48394
48397
48399
48399
48402
48414
48417
48418
48420
48426
48428
48438
48442
48445
48445
48455
48458
48461
48472
48473
48475
48476
48485
48491
48494
48496
48496
48499
48500
48503
48504
48507
48523
48542
48548
48549
48549
48550
48555
48557
48574
48576
48584
48588
48597
48603
48622
48623
48624
48628
48629
48630
48634
48640
48656
48669
48675
48682
48683
48687
48691
48694
48696
48699
48699
48701
48714
48715
48716
48720
48720
48726
48731
48734
48737
48740
48755
48757
48766
48769
48774
48788
48788
48794
48796
48796
48803
48808
48809
48822
48827
48834
48842
48849
48861
48864
48872
48872
48880
48884
48885
48888
48889
48889
48893
48898
48900
48902
48903
48904
48906
48911
48914
48917
48917
48925
48925
48927
48928
48931
48935
48953
48954
48958
48959
48962
48971
48973
48973
48980
49003
49005
49006
49008
49013
49013
49022
49022
49027
49028
49034
49035
49039
49041
49041
49056
49071
49073
49078
49082
49083
49086
49087
49093
49099
49099
49107
49118
49124
49124
49134
49135
49146
49150
49152
49152
49164
49166
49174
49175
49182
49185
49192
49198
49201
49203
49204
49208
49210
49211
49212
49216
49222
49223
49228
49237
49243
49248
49258
49259
49263
49269
49274
49280
49283
49285
49291
49292
49293
49293
49299
49305
49315
49318
49319
49330
49332
49334
49339
49343
49351
49351
49358
49361
49362
49367
49373
49376
49378
49383
49384
49385
49395
49400
49400
49408
49413
49416
49423
49427
49434
49439
49442
49442
49448
49453
49453
49462
49467
49472
49473
49476
49479
49482
49494
49498
49503
49506
49518
49520
49522
49536
49537
49537
49541
49548
49554
49557
49562
49564
49565
49571
49590
49590
49594
49602
49607
49609
49616
49618
49623
49626
49631
49634
49641
49642
49652
49656
49659
49661
49672
49682
49693
49695
49698
49700
49709
49713
49714
49714
49737
49738
49740
49753
49761
49762
49767
49768
49768
49774
49775
49779
49783
49799
49810
49813
49823
49828
49840
49844
49846
49886
49888
49890
49891
49898
49900
49917
49918
49928
49929
49936
49938
49943
49951
49960
49960
49965
49972
49980
49981
49989
49990
49991
49996
