10
11
17
22
26
32
38
48
50
53
82
85
124
142
165
170
196
215
220
221
222
237
238
245
255
263
263
274
276
281
291
292
308
323
340
356
363
382
401
435
436
439
442
447
460
477
490
505
519
538
605
612
617
619
635
642
649
659
663
699
730
753
758
765
800
817
820
843
867
878
896
900
904
918
923
931
938
943
949
965
967
971
977
981
1013
1014
1047
1066
1072
1074
1080
1083
1102
1102
1108
1122
1163
1163
1196
1199
1201
1204
1212
1221
1234
1248
1262
1283
1287
1293
1322
1329
1344
1345
1352
1360
1364
1366
1396
1411
1412
1416
1420
1422
1424
1434
1438
1448
1453
1459
1472
1486
1493
1502
1506
1516
1527
1531
1534
1545
1553
1558
1559
1566
1568
1587
1599
1600
1630
1631
1643
1653
1673
1701
1704
1713
1715
1736
1739
1749
1753
1760
1787
1791
1792
1812
1854
1906
1967
1971
1986
1996
1998
2002
2003
2010
2043
2082
2100
2103
2117
2125
2135
2151
2152
2166
2169
2183
2192
2195
2217
2237
2243
2249
2266
2270
2294
2309
2310
2312
2323
2323
2325
2348
2389
2393
2414
2430
2447
2473
2488
2494
2562
2566
2596
2597
2621
2626
2644
2687
2732
2749
2752
2754
2772
2775
2784
2810
2819
2833
2835
2850
2875
2893
2903
2942
2945
2951
2960
2966
3006
3012
3027
3030
3032
3080
3122
3144
3151
3161
3180
3193
3230
3251
3268
3291
3299
3300
3353
3356
3360
3374
3377
3382
3431
3432
3459
3467
3479
3480
3493
3496
3511
3514
3517
3543
3562
3565
3570
3577
3587
3609
3613
3617
3632
3691
3751
3763
3788
3791
3818
3830
3832
3835
3839
3855
3866
3873
3880
3885
3895
3902
3905
3945
3966
3970
3971
3981
3991
4009
4009
4010
4023
4026
4041
4046
4085
4093
4097
4106
4107
4110
4115
4127
4135
4140
4145
4184
4189
4211
4238
4243
4280
4294
4295
4297
4346
4347
4363
4366
4386
4407
4425
4429
4433
4435
4455
4461
4479
4488
4513
4516
4528
4551
4558
4559
4573
4585
4591
4597
4601
4613
4616
4616
4626
4656
4664
4675
4700
4701
4702
4755
4787
4809
4825
4846
4857
4881
4894
4923
4941
4954
4973
4992
5020
5022
5026
5032
5032
5032
5039
5042
5054
5062
5068
5074
5075
5099
5111
5116
5131
5168
5174
5178
5216
5249
5251
5255
5273
5303
5305
5315
5324
5325
5326
5346
5350
5361
5364
5383
5419
5424
5431
5436
5437
5495
5524
5545
5552
5568
5615
5617
5622
5624
5626
5682
5683
5684
5687
5703
5741
5742
5746
5754
5775
5788
5789
5828
5843
5851
5853
5891
5903
5941
5944
5982
5994
6014
6020
6039
6044
6073
6074
6081
6084
6087
6091
6094
6129
6134
6168
6181
6183
6194
6199
6202
6205
6231
6248
6309
6345
6346
6351
6356
6376
6395
6397
6404
6420
6451
6457
6466
6470
6480
6515
6523
6533
6550
6589
6591
6602
6626
6633
6634
6663
6693
6701
6703
6723
6734
6735
6746
6748
6754
6757
6763
6767
6770
6776
6790
6816
6832
6854
6854
6872
6883
6885
6913
6915
6929
6931
6933
6934
6939
6962
6968
6972
7014
7033
7034
7038
7077
7087
7089
7102
7103
7106
7162
7169
7182
7190
7208
7218
7220
7225
7230
7246
7261
7271
7286
7287
7289
7307
7317
7321
7354
7355
7373
7425
7437
7464
7466
7475
7491
7491
7501
7509
7533
7540
7553
7553
7568
7583
7594
7595
7602
7605
7611
7650
7670
7672
7674
7678
7679
7688
7719
7719
7736
7781
7789
7857
7866
7876
7883
7892
7899
7901
7905
7917
7919
7926
7936
7945
7945
7958
7967
7992
8005
8019
8024
8028
8033
8083
8084
8084
8087
8092
8108
8128
8131
8162
8166
8188
8193
8210
8211
8214
8229
8231
8235
8249
8254
8255
8277
8286
8312
8329
8352
8356
8357
8373
8382
8382
8427
8437
8494
8496
8502
8508
8516
8521
8542
8553
8554
8558
8575
8596
8597
8599
8610
8614
8629
8658
8677
8691
8709
8714
8720
8731
8748
8758
8838
8869
8874
8878
8889
8905
8909
8925
8927
8927
8941
8952
8976
8999
9093
9128
9147
9158
9160
9164
9167
9178
9180
9182
9189
9196
9228
9249
9250
9264
9270
9281
9288
9302
9306
9309
9319
9344
9350
9354
9358
9401
9414
9428
9445
9446
9447
9449
9463
9472
9477
9478
9487
9494
9503
9510
9534
9543
9566
9575
9575
9575
9584
9586
9602
9605
9608
9614
9616
9616
9646
9658
9674
9683
9685
9685
9697
9711
9723
9727
9731
9732
9752
9755
9755
9777
9779
9822
9824
9825
9831
9836
9873
9874
9886
9888
9912
9929
9943
9946
9952
9963
9964
9968
9976
9992
10007
10008
10039
10051
10051
10068
10090
10118
10125
10131
10146
10159
10161
10180
10182
10190
10213
10221
10232
10234
10235
10250
10279
10285
10289
10298
10343
10346
10360
10364
10381
10385
10414
10417
10418
10459
10472
10508
10520
10523
10524
10545
10551
10554
10559
10585
10587
10604
10610
10644
10652
10660
10666
10672
10677
10681
10684
10716
10728
10737
10739
10741
10748
10750
10758
10763
10798
10815
10829
10851
10881
10889
10896
10897
10922
10955
10955
10988
10989
10992
10997
10998
11013
11016
11023
11035
11043
11054
11066
11066
11075
11082
11086
11087
11106
11106
11133
11137
11155
11178
11179
11198
11208
11210
11213
11256
11283
11286
11288
11305
11306
11317
11319
11324
11337
11339
11339
11348
11360
11366
11372
11399
11418
11433
11456
11476
11482
11492
11499
11505
11510
11521
11533
11546
11547
11567
11568
11592
11616
11653
11655
11670
11683
11683
11714
11719
11724
11727
11735
11738
11771
11773
11779
11785
11790
11798
11801
11812
11818
11830
11861
11888
11899
11900
11903
11904
11911
11914
11931
11946
11955
11966
11980
11993
11994
12020
12029
12036
12037
12045
12046
12056
12083
12120
12123
12136
12142
12144
12144
12180
12184
12200
12204
12216
12221
12225
12240
12255
12268
12273
12274
12282
12306
12352
12359
12378
12378
12387
12436
12467
12546
12568
12574
12575
12628
12656
12663
12677
12683
12684
12693
12717
12720
12734
12735
12741
12751
12751
12784
12833
12849
12855
12874
12897
12902
12905
12915
12918
12929
12943
12946
12967
12973
12978
13008
13009
13014
13015
13030
13068
13078
13082
13084
13089
13119
13131
13143
13152
13175
13185
13244
13248
13250
13258
13265
13268
13271
13277
13298
13299
13300
13305
13321
13323
13324
13332
13354
13355
13364
13384
13388
13409
13417
13423
13444
13451
13459
13467
13475
13497
13501
13505
13507
13510
13530
13573
13574
13600
13609
13610
13612
13663
13673
13681
13685
13693
13693
13696
13749
13785
13835
13891
13920
13922
13925
13942
13944
13953
13956
13958
13967
13975
13986
13987
13994
13996
14000
14013
14037
14037
14038
14051
14053
14081
14085
14102
14125
14138
14143
14154
14156
14181
14193
14194
14205
14228
14233
14280
14291
14307
14324
14329
14348
14363
14378
14388
14391
14404
14474
14511
14520
14522
14523
14550
14569
14590
14643
14648
14675
14680
14703
14718
14751
14759
14767
14772
14773
14795
14830
14836
14849
14857
14859
14871
14874
14886
14893
14922
14934
14938
14955
14980
14992
15010
15029
15043
15049
15067
15087
15088
15101
15125
15135
15177
15203
15224
15253
15260
15304
15309
15319
15333
15333
15338
15359
15360
15369
15385
15421
15434
15467
15489
15513
15515
15574
15578
15587
15588
15590
15592
15620
15660
15665
15674
15674
15693
15750
15757
15765
15781
15782
15795
15797
15810
15861
15887
15918
15932
15962
16043
16043
16051
16057
16095
16098
16103
16121
16145
16151
16166
16176
16177
16189
16202
16206
16216
16233
16278
16290
16294
16303
16315
16330
16336
16337
16345
16363
16369
16394
16424
16450
16452
16459
16468
16470
16478
16515
16533
16560
16562
16606
16612
16614
16620
16629
16639
16653
16654
16663
16672
16690
16700
16722
16724
16748
16761
16768
16770
16771
16787
16789
16802
16826
16827
16828
16829
16838
16849
16857
16862
16866
16871
16876
16876
16877
16878
16906
16924
16924
16935
16974
16978
16983
17014
17019
17036
17040
17047
17054
17079
17097
17104
17106
17139
17141
17163
17166
17202
17207
17215
17229
17234
17247
17248
17258
17287
17293
17304
17314
17335
17355
17367
17384
17386
17421
17435
17445
17445
17447
17463
17471
17473
17474
17510
17536
17546
17547
17566
17567
17570
17582
17591
17600
17613
17616
17620
17627
17632
17632
17636
17641
17730
17732
17738
17756
17773
17785
17793
17797
17807
17828
17833
17841
17859
17863
17869
17871
17898
17899
17911
17920
17923
17951
17957
17975
17976
17980
17997
18032
18041
18048
18071
18098
18106
18120
18141
18156
18177
18230
18251
18258
18260
18268
18275
18276
18285
18307
18316
18327
18332
18350
18358
18371
18384
18388
18426
18438
18447
18450
18457
18478
18500
18502
18506
18523
18534
18550
18551
18567
18574
18575
18591
18631
18693
18694
18694
18703
18745
18751
18752
18773
18797
18815
18819
18830
18832
18834
18867
18882
18886
18895
18905
18910
18921
18935
18938
18943
18945
18947
18963
18964
18967
18975
18976
19001
19005
19007
19012
19027
19031
19038
19041
19068
19113
19119
19125
19140
19140
19142
19154
19171
19185
19211
19228
19229
19251
19252
19257
19283
19286
19295
19296
19303
19325
19329
19340
19368
19375
19400
19451
19458
19461
19470
19505
19524
19539
19593
19602
19602
19621
19623
19625
19627
19638
19645
19646
19670
19734
19740
19745
19761
19769
19775
19779
19780
19784
19791
19794
19809
19822
19832
19832
19862
19904
19915
19930
19931
19948
19972
19977
19989
19994
19999
20001
20027
20043
20045
20058
20075
20075
20105
20136
20143
20154
20156
20164
20175
20193
20195
20203
20206
20215
20218
20227
20228
20261
20294
20300
20303
20343
20345
20346
20355
20357
20384
20413
20422
20449
20457
20477
20480
20493
20507
20510
20517
20524
20538
20570
20581
20611
20613
20615
20617
20625
20627
20645
20646
20661
20680
20682
20695
20697
20700
20706
20708
20740
20746
20748
20760
20770
20775
20780
20782
20800
20804
20810
20811
20811
20833
20840
20846
20867
20878
20890
20912
20950
20963
20980
21050
21055
21055
21061
21077
21083
21090
21108
21114
21118
21120
21161
21170
21193
21196
21196
21208
21213
21217
21230
21231
21242
21266
21271
21306
21318
21353
21392
21398
21420
21424
21431
21451
21451
21469
21475
21488
21496
21512
21529
21532
21533
21538
21554
21564
21575
21622
21629
21636
21636
21646
21659
21685
21723
21737
21775
21776
21799
21827
21830
21851
21855
21894
21905
21928
21939
21942
21947
21950
21954
21972
21977
21980
21985
21999
22005
22032
22034
22049
22054
22065
22080
22103
22107
22115
22119
22120
22143
22154
22154
22164
22181
22193
22202
22203
22205
22218
22224
22230
22272
22285
22303
22319
22324
22327
22332
22335
22354
22371
22373
22374
22374
22417
22418
22418
22418
22427
22442
22443
22451
22464
22477
22480
22480
22485
22494
22501
22518
22519
22542
22547
22550
22570
22576
22584
22590
22606
22614
22627
22640
22643
22644
22645
22690
22705
22708
22721
22779
22785
22788
22791
22793
22799
22806
22808
22837
22864
22878
22927
22948
22979
22981
22981
22999
23027
23040
23041
23074
23074
23075
23080
23081
23083
23096
23107
23111
23119
23124
23126
23129
23129
23138
23164
23190
23211
23215
23228
23257
23257
23281
23282
23288
23296
23299
23301
23307
23309
23316
23318
23351
23370
23394
23398
23410
23413
23414
23431
23459
23467
23494
23506
23506
23542
23552
23558
23569
23581
23607
23632
23633
23647
23648
23651
23658
23660
23666
23689
23701
23709
23711
23724
23729
23743
23760
23764
23774
23789
23800
23856
23858
23897
23902
23904
23912
23935
23942
23942
23953
23974
24004
24008
24062
24072
24089
24091
24128
24132
24141
24152
24153
24154
24156
24162
24165
24175
24200
24212
24229
24237
24278
24295
24305
24328
24335
24339
24355
24358
24369
24390
24433
24437
24437
24470
24482
24500
24502
24531
24561
24582
24602
24607
24626
24653
24662
24669
24681
24690
24709
24715
24716
24718
24724
24739
24746
24755
24760
24768
24776
24780
24799
24808
24809
24837
24853
24864
24864
24879
24915
24919
24928
24931
24976
25013
25070
25070
25074
25097
25099
25107
25108
25126
25129
25203
25220
25226
25243
25246
25251
25260
25260
25311
25322
25354
25375
25420
25476
25491
25500
25500
25503
25527
25554
25559
25560
25576
25581
25583
25605
25653
25658
25681
25692
25720
25731
25755
25757
25758
25772
25774
25783
25786
25793
25822
25826
25827
25866
25871
25892
25895
25914
25927
25929
25938
25961
25996
25997
25999
26002
26006
26031
26048
26082
26106
26116
26132
26154
26159
26184
26198
26200
26216
26255
26260
26276
26316
26337
26345
26350
26362
26407
26410
26424
26446
26457
26472
26476
26485
26486
26489
26502
26509
26575
26580
26586
26603
26645
26671
26680
26705
26709
26711
26722
26760
26760
26765
26767
26768
26771
26779
26780
26790
26793
26820
26828
26847
26861
26867
26869
26869
26871
26887
26891
26899
26906
26911
26918
26969
26981
27005
27013
27036
27043
27049
27050
27056
27057
27060
27079
27118
27138
27138
27142
27144
27158
27162
27162
27166
27168
27177
27185
27203
27216
27243
27247
27279
27281
27298
27308
27310
27314
27331
27341
27361
27361
27374
27389
27399
27412
27430
27434
27439
27478
27514
27514
27558
27568
27606
27610
27623
27627
27654
27665
27684
27699
27701
27707
27709
27730
27734
27734
27778
27783
27791
27806
27808
27823
27847
27851
27854
27863
27880
27884
27887
27898
27940
27952
27972
27980
28025
28051
28061
28077
28082
28085
28095
28102
28116
28136
28154
28201
28203
28215
28224
28227
28239
28244
28248
28283
28292
28296
28307
28308
28324
28345
28347
28348
28358
28413
28462
28486
28486
28537
28545
28548
28554
28585
28590
28602
28619
28620
28628
28641
28670
28670
28677
28683
28704
28705
28705
28715
28726
28737
28743
28747
28799
28885
28887
28888
28910
28915
28917
28936
28938
28940
28942
28944
28962
28969
28973
29008
29016
29023
29030
29037
29042
29052
29055
29061
29062
29086
29086
29109
29110
29113
29126
29126
29137
29155
29157
29190
29208
29210
29231
29231
29241
29312
29343
29359
29363
29373
29375
29400
29413
29414
29435
29439
29485
29486
29494
29513
29513
29518
29525
29561
29582
29584
29599
29605
29606
29616
29631
29641
29676
29691
29703
29710
29719
29726
29726
29727
29765
29778
29789
29801
29815
29833
29834
29841
29846
29865
29874
29875
29901
29904
29915
29922
29951
29962
29972
29979
29990
30001
30011
30018
30022
30028
30041
30044
30045
30068
30081
30087
30117
30129
30136
30155
30158
30161
30172
30203
30204
30212
30213
30224
30231
30236
30238
30257
30275
30280
30290
30310
30321
30322
30342
30388
30392
30397
30419
30432
30448
30469
30472
30484
30494
30513
30555
30565
30569
30576
30609
30615
30654
30656
30657
30677
30682
30687
30688
30689
30694
30705
30721
30739
30779
30789
30791
30794
30797
30809
30815
30827
30833
30839
30840
30847
30875
30881
30898
30916
30920
30957
30986
31010
31019
31033
31036
31037
31040
31050
31054
31094
31101
31101
31103
31105
31105
31108
31139
31145
31150
31160
31165
31174
31185
31188
31203
31211
31213
31234
31240
31244
31257
31262
31263
31288
31322
31325
31337
31354
31358
31360
31364
31376
31394
31410
31430
31438
31440
31478
31485
31489
31499
31499
31514
31516
31534
31535
31538
31547
31557
31563
31579
31586
31591
31613
31620
31640
31647
31684
31691
31703
31709
31713
31729
31737
31742
31756
31757
31759
31760
31790
31839
31845
31847
31848
31850
31854
31859
31864
31869
31888
31912
31921
31923
31938
31948
31950
31953
31963
31964
31996
32024
32036
32047
32058
32072
32082
32090
32093
32108
32111
32122
32125
32128
32129
32136
32160
32160
32177
32203
32216
32257
32275
32275
32284
32286
32294
32294
32303
32306
32307
32308
32352
32355
32371
32374
32387
32396
32396
32403
32410
32436
32443
32465
32466
32477
32482
32486
32535
32553
32610
32612
32625
32636
32644
32654
32655
32670
32675
32682
32686
32689
32703
32715
32730
32751
32755
32770
32780
32785
32802
32819
32827
32838
32843
32849
32869
32872
32879
32880
32947
32998
33004
33014
33029
33033
33048
33059
33070
33074
33076
33087
33096
33099
33118
33134
33144
33156
33161
33170
33179
33180
33185
33229
33251
33252
33254
33255
33275
33277
33278
33280
33327
33349
33350
33379
33384
33389
33396
33413
33420
33427
33432
33468
33472
33476
33480
33490
33497
33539
33550
33551
33554
33563
33570
33577
33588
33601
33603
33608
33610
33619
33621
33665
33693
33703
33718
33720
33733
33741
33745
33766
33772
33817
33824
33841
33864
33885
33909
33916
33950
33957
33968
33980
34005
34019
34023
34026
34042
34055
34055
34058
34079
34083
34086
34112
34114
34128
34153
34154
34167
34177
34178
34197
34199
34208
34220
34259
34286
34286
34290
34294
34295
34298
34304
34318
34329
34372
34382
34393
34405
34413
34426
34453
34481
34493
34500
34516
34517
34519
34566
34584
34589
34606
34607
34609
34622
34683
34704
34709
34716
34730
34746
34749
34768
34769
34790
34793
34808
34829
34829
34833
34837
34856
34857
34877
34885
34886
34886
34939
34965
34976
34979
35010
35028
35045
35080
35100
35114
35148
35168
35169
35171
35180
35190
35192
35192
35243
35277
35282
35296
35307
35324
35340
35355
35423
35438
35461
35476
35477
35488
35491
35496
35525
35529
35531
35550
35562
35571
35572
35584
35597
35624
35628
35675
35724
35753
35754
35755
35756
35764
35797
35809
35810
35813
35829
35846
35858
35884
35927
35936
35968
35972
35972
35996
36012
36014
36032
36033
36037
36043
36052
36053
36069
36110
36115
36118
36130
36171
36178
36228
36228
36247
36262
36266
36278
36279
36280
36280
36287
36288
36317
36342
36364
36382
36412
36418
36432
36436
36442
36448
36449
36451
36500
36507
36540
36563
36564
36574
36584
36588
36590
36592
36603
36603
36623
36666
36677
36678
36710
36715
36725
36731
36736
36770
36807
36827
36830
36839
36843
36844
36861
36877
36885
36895
36897
36900
36901
36910
36933
36956
36956
36987
36999
37003
37006
37019
37037
37042
37045
37081
37088
37096
37102
37127
37164
37164
37184
37197
37202
37207
37212
37218
37231
37240
37248
37269
37274
37306
37310
37327
37339
37349
37351
37353
37366
37378
37394
37397
37414
37446
37447
37448
37450
37461
37484
37489
37490
37492
37513
37519
37521
37540
37556
37574
37597
37612
37612
37636
37654
37660
37661
37665
37667
37690
37702
37718
37729
37743
37773
37776
37780
37783
37784
37803
37838
37848
37856
37872
37905
37905
37923
37927
37933
37939
37949
37961
37978
37998
38000
38012
38014
38023
38026
38028
38047
38050
38063
38091
38109
38123
38152
38173
38184
38186
38240
38243
38253
38266
38281
38299
38337
38349
38353
38386
38398
38411
38422
38431
38432
38441
38460
38461
38474
38480
38492
38496
38501
38506
38518
38519
38524
38533
38576
38578
38583
38585
38591
38597
38603
38607
38611
38631
38637
38675
38677
38678
38686
38699
38700
38700
38716
38729
38743
38759
38768
38768
38770
38782
38805
38828
38829
38836
38845
38845
38846
38853
38942
38951
38953
38957
38963
38974
38974
38988
39013
39063
39095
39106
39140
39159
39180
39187
39195
39206
39215
39217
39229
39233
39250
39278
39283
39288
39294
39304
39305
39312
39345
39346
39354
39357
39367
39371
39397
39398
39400
39434
39440
39476
39478
39492
39521
39549
39555
39603
39626
39631
39639
39652
39654
39654
39654
39656
39662
39662
39696
39697
39700
39704
39746
39746
39757
39765
39769
39770
39828
39834
39853
39853
39896
39899
39902
39960
39978
39981
39992
40000
40001
40012
40029
40051
40053
40092
40100
40118
40140
40168
40173
40181
40190
40194
40194
40200
40218
40218
40219
40246
40283
40284
40286
40321
40331
40331
40346
40373
40381
40390
40395
40414
40420
40425
40447
40463
40525
40526
40567
40580
40604
40616
40626
40670
40674
40680
40684
40688
40692
40699
40723
40737
40744
40784
40791
40795
40798
40833
40837
40837
40843
40849
40880
40887
40893
40921
40921
40930
40942
40943
40945
40954
40960
40971
40991
40997
41005
41010
41010
41014
41020
41026
41041
41072
41092
41099
41114
41122
41128
41143
41164
41167
41179
41182
41193
41200
41203
41206
41216
41218
41246
41263
41312
41325
41355
41388
41412
41432
41449
41449
41455
41486
41493
41521
41533
41534
41544
41547
41554
41604
41637
41641
41643
41646
41658
41687
41695
41705
41708
41714
41729
41744
41767
41780
41803
41807
41836
41849
41874
41881
41881
41890
41894
41922
41944
41959
41962
41997
42015
42018
42026
42026
42038
42048
42057
42069
42080
42098
42103
42104
42105
42139
42140
42163
42178
42180
42203
42228
42234
42248
42269
42282
42287
42349
42362
42370
42379
42387
42407
42411
42420
42421
42422
42443
42460
42469
42482
42495
42515
42516
42539
42550
42551
42551
42552
42578
42579
42591
42591
42608
42616
42625
42630
42643
42659
42678
42682
42701
42720
42725
42734
42751
42759
42759
42759
42771
42771
42781
42783
42798
42814
42833
42860
42863
42880
42891
42897
42903
42903
42908
42991
43013
43028
43031
43052
43062
43065
43071
43082
43088
43088
43094
43095
43098
43121
43123
43135
43141
43161
43176
43179
43182
43206
43208
43229
43243
43248
43271
43274
43283
43310
43314
43333
43334
43348
43368
43382
43385
43434
43450
43509
43536
43544
43578
43579
43582
43595
43601
43605
43647
43662
43667
43686
43690
43705
43756
43756
43802
43805
43805
43811
43814
43829
43833
43865
43866
43916
43916
43917
43918
43930
43952
43956
43959
43967
44027
44035
44040
44042
44052
44056
44086
44106
44107
44108
44111
44158
44172
44193
44193
44198
44199
44202
44208
44241
44258
44271
44273
44282
44312
44366
44390
44392
44405
44423
44437
44468
44469
44483
44492
44499
44531
44559
44567
44582
44585
44588
44656
44660
44663
44678
44697
44699
44711
44715
44732
44778
44787
44788
44798
44802
44808
44811
44811
44815
44817
44819
44857
44874
44908
44917
44928
44928
44934
44935
44969
45000
45001
45032
45089
45102
45112
45126
45131
45150
45151
45155
45156
45158
45159
45223
45225
45241
45259
45267
45277
45280
45290
45300
45335
45337
45342
45350
45354
45374
45386
45392
45414
45430
45438
45439
45448
45464
45466
45470
45489
45512
45512
45537
45540
45551
45613
45646
45654
45674
45686
45734
45743
45745
45750
45762
45821
45832
45854
45855
45858
45867
45870
45871
45880
45884
45899
45903
45931
45951
45988
46001
46011
46015
46028
46037
46043
46059
46081
46105
46105
46160
46166
46168
46190
46193
46198
46203
46204
46248
46254
46275
46314
46342
46344
46356
46368
46375
46394
46432
46444
46448
46452
46461
46466
46476
46477
46491
46498
46498
46498
46499
46543
46554
46555
46563
46566
46576
46591
46627
46642
46643
46643
46654
46664
46689
46703
46706
46758
46762
46767
46769
46769
46770
46777
46793
46819
46838
46872
46872
46877
46880
46890
46898
46925
46941
46954
46970
46979
46995
47006
47051
47062
47062
47068
47073
47084
47086
47089
47115
47120
47130
47144
47159
47163
47173
47173
47205
47207
47224
47235
47248
47251
47290
47296
47319
47340
47345
47346
47352
47380
47385
47385
47430
47453
47453
47461
47470
47485
47489
47499
47521
47536
47540
47540
47545
47617
47647
47655
47662
47691
47702
47711
47727
47731
47732
47735
47737
47757
47759
47764
47765
47769
47809
47813
47836
47837
47846
47846
47868
47889
47895
47895
47899
47912
47918
47924
47959
47981
47983
48035
48049
48050
48067
48083
48089
48109
48111
48115
48132
48150
48151
48155
48162
48171
48178
48182
48184
48185
48193
48271
48284
48292
48309
48341
48342
48347
48349
48420
48435
48447
48448
48450
48452
48459
48465
48475
48487
48492
48511
48513
48515
48522
48526
48526
48539
48549
48587
48592
48601
48619
48624
48626
48628
48634
48651
48684
48698
48701
48708
48749
48754
48766
48784
48791
48796
48853
48876
48881
48898
48909
48929
48962
48971
48979
48982
49006
49008
49024
49027
49032
49042
49063
49068
49075
49085
49094
49105
49152
49170
49172
49177
49178
49187
49231
49231
49239
49242
49260
49265
49269
49288
49288
49288
49299
49306
49328
49342
49348
49351
49369
49388
49390
49402
49435
49440
49447
49450
49462
49464
49479
49488
49494
49499
49504
49514
49516
49519
49547
49555
49567
49573
49616
49630
49655
49664
49687
49688
49689
49739
49756
49758
49759
49804
49826
49826
49830
49830
49836
49851
49862
49916
49921
49975
