6
15
27
29
31
39
51
57
63
132
133
157
158
174
176
204
227
228
229
236
242
265
285
313
313
314
324
330
348
354
355
356
367
381
400
401
402
406
415
416
434
475
476
478
485
495
515
518
535
537
546
563
629
640
652
656
658
659
699
704
714
741
751
793
793
797
826
828
838
857
893
894
911
945
953
967
971
984
985
989
998
1032
1043
1047
1047
1062
1070
1072
1072
1117
1121
1134
1137
1144
1155
1165
1165
1166
1171
1174
1183
1194
1201
1208
1216
1218
1220
1221
1224
1246
1254
1255
1275
1276
1282
1284
1284
1298
1302
1305
1306
1328
1331
1334
1343
1350
1367
1387
1415
1420
1437
1448
1457
1469
1474
1486
1488
1498
1509
1514
1515
1531
1554
1571
1578
1587
1588
1596
1603
1603
1623
1633
1643
1647
1661
1672
1676
1686
1693
1709
1710
1730
1736
1755
1766
1797
1815
1842
1857
1866
1881
1885
1913
1926
1928
1933
1934
1950
1955
1985
1993
2004
2013
2016
2026
2034
2042
2099
2105
2111
2126
2143
2157
2160
2164
2174
2194
2204
2210
2228
2246
2250
2258
2269
2269
2272
2296
2298
2301
2326
2340
2372
2375
2382
2384
2414
2424
2479
2490
2522
2525
2538
2550
2555
2556
2572
2594
2604
2638
2645
2646
2657
2665
2666
2669
2674
2692
2695
2696
2700
2744
2744
2745
2786
2789
2795
2817
2822
2827
2835
2852
2857
2862
2876
2888
2896
2910
2916
2931
2932
2960
2981
2982
2983
2987
3004
3036
3039
3042
3045
3054
3056
3064
3091
3091
3134
3151
3152
3196
3205
3225
3227
3245
3247
3262
3266
3310
3319
3320
3328
3339
3377
3377
3384
3387
3390
3394
3396
3412
3425
3437
3450
3455
3470
3473
3475
3482
3483
3492
3515
3527
3532
3534
3538
3547
3571
3598
3600
3609
3627
3633
3637
3661
3662
3667
3669
3687
3699
3759
3761
3780
3787
3789
3792
3818
3852
3855
3869
3877
3879
3891
3939
3941
3962
3966
3969
3981
3982
4015
4033
4086
4089
4093
4103
4126
4130
4134
4140
4147
4148
4156
4171
4192
4192
4249
4254
4264
4277
4287
4305
4306
4317
4329
4339
4354
4368
4384
4408
4411
4412
4416
4417
4423
4424
4426
4433
4438
4449
4464
4472
4472
4503
4506
4517
4518
4533
4555
4583
4594
4598
4641
4684
4711
4717
4728
4731
4734
4744
4754
4760
4768
4769
4777
4781
4798
4813
4816
4833
4840
4842
4842
4851
4871
4877
4887
4887
4887
4917
4930
4964
4991
4995
5014
5029
5060
5105
5112
5116
5120
5147
5157
5160
5162
5165
5167
5172
5181
5183
5200
5230
5247
5247
5258
5274
5290
5300
5320
5323
5358
5364
5366
5368
5370
5371
5375
5376
5378
5395
5402
5423
5428
5436
5443
5445
5466
5470
5478
5479
5484
5495
5505
5508
5515
5525
5535
5554
5557
5567
5567
5583
5586
5587
5595
5596
5642
5643
5648
5656
5666
5707
5720
5726
5732
5733
5745
5749
5801
5815
5820
5824
5828
5839
5848
5859
5877
5878
5880
5885
5896
5899
5901
5903
5909
5910
5914
5917
5929
5950
5950
5980
5987
5994
6015
6039
6042
6046
6049
6095
6124
6125
6137
6188
6204
6240
6242
6248
6254
6274
6275
6276
6280
6300
6301
6302
6320
6324
6325
6327
6336
6340
6349
6383
6384
6387
6393
6407
6430
6439
6441
6454
6473
6479
6496
6507
6522
6526
6545
6547
6562
6564
6577
6590
6591
6600
6600
6601
6601
6621
6638
6647
6648
6674
6689
6706
6708
6721
6746
6771
6785
6785
6787
6790
6808
6809
6816
6820
6830
6831
6834
6835
6838
6846
6876
6878
6898
6902
6907
6907
6913
6917
6925
6926
6932
6933
6933
6941
7013
7016
7021
7022
7025
7027
7055
7065
7073
7097
7100
7104
7113
7114
7121
7127
7129
7129
7137
7141
7143
7152
7166
7169
7171
7172
7190
7196
7206
7218
7244
7248
7252
7257
7258
7260
7261
7296
7309
7316
7326
7332
7351
7357
7370
7390
7401
7408
7409
7419
7430
7450
7472
7480
7512
7532
7559
7573
7582
7597
7606
7606
7626
7707
7715
7741
7744
7756
7800
7802
7808
7822
7848
7853
7881
7926
7950
7967
7991
8006
8007
8032
8043
8069
8074
8097
8123
8133
8133
8135
8177
8190
8219
8239
8266
8270
8278
8300
8304
8316
8316
8329
8348
8350
8359
8363
8366
8377
8381
8389
8425
8436
8467
8468
8494
8497
8497
8509
8518
8538
8556
8557
8559
8585
8607
8617
8641
8667
8685
8693
8697
8698
8703
8717
8740
8741
8742
8754
8777
8782
8795
8804
8805
8813
8822
8829
8857
8883
8906
8926
8930
8936
8942
8945
8957
8963
8977
9008
9035
9041
9050
9050
9080
9089
9093
9095
9097
9100
9123
9128
9130
9154
9154
9155
9191
9254
9258
9260
9268
9284
9302
9308
9323
9355
9361
9394
9401
9429
9430
9432
9453
9460
9463
9467
9473
9491
9518
9528
9548
9576
9591
9597
9619
9620
9624
9630
9644
9660
9665
9669
9694
9723
9729
9731
9733
9755
9760
9760
9768
9772
9784
9792
9795
9799
9805
9847
9850
9864
9868
9880
9897
9908
9910
9936
9939
9942
9959
9976
9988
9989
9993
10053
10055
10085
10087
10091
10106
10108
10115
10125
10141
10142
10145
10147
10148
10151
10156
10172
10182
10188
10189
10219
10223
10253
10260
10265
10271
10272
10279
10302
10313
10318
10325
10342
10355
10380
10401
10407
10415
10441
10467
10469
10477
10478
10489
10497
10500
10512
10514
10514
10524
10553
10564
10566
10570
10571
10588
10597
10604
10614
10621
10644
10654
10686
10686
10741
10754
10761
10764
10773
10779
10783
10811
10816
10817
10838
10844
10847
10865
10873
10886
10906
10912
10926
10958
10964
10964
10990
10993
10997
11023
11046
11048
11060
11062
11067
11084
11100
11102
11105
11106
11131
11149
11155
11162
11168
11172
11180
11202
11218
11242
11244
11245
11247
11253
11256
11263
11266
11268
11279
11291
11302
11344
11350
11358
11362
11377
11377
11384
11385
11405
11437
11438
11441
11447
11459
11464
11481
11486
11487
11494
11496
11509
11512
11513
11526
11527
11559
11567
11568
11575
11580
11580
11595
11608
11618
11634
11645
11655
11676
11685
11705
11709
11712
11715
11724
11730
11745
11769
11782
11785
11786
11816
11831
11844
11851
11856
11857
11859
11868
11875
11885
11900
11919
11919
11930
11931
11938
11938
11960
11982
11987
12007
12027
12031
12035
12039
12044
12088
12095
12103
12109
12123
12131
12137
12138
12138
12145
12147
12161
12165
12166
12178
12181
12181
12181
12187
12196
12196
12196
12213
12219
12227
12246
12252
12272
12299
12300
12335
12355
12355
12357
12361
12388
12390
12398
12400
12413
12438
12458
12463
12479
12490
12507
12509
12517
12549
12567
12567
12585
12589
12595
12603
12659
12665
12680
12685
12691
12717
12717
12722
12728
12728
12749
12761
12802
12821
12832
12838
12839
12840
12848
12861
12865
12866
12868
12892
12915
12926
12931
12938
12940
12948
12958
12958
12960
12984
12984
12991
12992
12994
13008
13027
13027
13032
13054
13085
13126
13126
13160
13195
13209
13218
13230
13241
13247
13262
13264
13278
13282
13334
13337
13338
13340
13341
13388
13399
13414
13421
13429
13431
13449
13453
13455
13472
13478
13483
13488
13510
13517
13523
13538
13551
13585
13598
13674
13680
13699
13708
13714
13718
13724
13736
13739
13760
13783
13788
13792
13820
13831
13833
13841
13856
13862
13867
13867
13879
13885
13902
13928
13930
13940
13943
13955
13958
13979
13985
13999
14026
14072
14093
14104
14115
14128
14130
14134
14140
14142
14147
14157
14171
14175
14181
14187
14188
14193
14217
14231
14241
14247
14248
14253
14301
14319
14321
14326
14338
14341
14363
14379
14395
14398
14400
14422
14434
14440
14451
14456
14458
14460
14468
14485
14494
14503
14504
14522
14532
14546
14547
14548
14578
14581
14618
14624
14629
14630
14648
14681
14706
14707
14707
14722
14731
14736
14738
14741
14745
14747
14754
14755
14760
14776
14787
14791
14794
14797
14799
14812
14825
14835
14840
14851
14856
14865
14872
14880
14904
14906
14920
14951
14952
14956
14959
14961
14975
14980
14994
14994
15009
15011
15017
15019
15025
15060
15067
15093
15107
15108
15111
15142
15174
15210
15214
15233
15237
15278
15288
15326
15335
15339
15348
15354
15368
15383
15396
15398
15399
15420
15437
15474
15488
15491
15548
15563
15584
15592
15595
15620
15635
15648
15651
15653
15669
15678
15682
15709
15716
15736
15744
15759
15763
15765
15778
15788
15791
15797
15799
15828
15841
15846
15847
15873
15898
15906
15908
15918
15923
15933
15959
15982
16008
16046
16050
16057
16063
16071
16083
16084
16086
16086
16127
16176
16188
16201
16215
16216
16221
16239
16252
16264
16264
16269
16272
16277
16291
16293
16311
16314
16325
16334
16351
16366
16376
16379
16392
16394
16396
16407
16418
16420
16430
16450
16451
16452
16475
16487
16487
16503
16504
16505
16513
16519
16521
16525
16526
16552
16561
16561
16569
16586
16589
16618
16643
16655
16663
16690
16690
16727
16731
16732
16748
16750
16756
16760
16781
16781
16783
16785
16789
16807
16810
16811
16834
16837
16848
16851
16853
16855
16856
16859
16897
16904
16911
16916
16922
16934
16954
16991
16998
17018
17037
17043
17050
17054
17079
17086
17089
17090
17102
17115
17119
17131
17135
17142
17154
17164
17166
17172
17174
17184
17192
17194
17196
17197
17198
17209
17216
17220
17237
17240
17245
17261
17265
17315
17331
17361
17361
17372
17375
17422
17426
17427
17460
17467
17477
17485
17503
17525
17526
17560
17564
17574
17575
17593
17597
17606
17614
17620
17636
17642
17659
17667
17685
17695
17710
17712
17755
17757
17760
17766
17774
17780
17785
17796
17859
17861
17865
17879
17898
17904
17906
17906
17907
17913
17922
17930
17935
17977
18009
18028
18053
18058
18059
18060
18101
18131
18132
18155
18156
18170
18194
18215
18239
18246
18260
18266
18277
18279
18281
18283
18296
18310
18357
18358
18378
18385
18398
18413
18415
18418
18423
18434
18450
18453
18465
18469
18470
18489
18490
18491
18514
18518
18535
18538
18569
18577
18598
18599
18619
18698
18713
18720
18734
18738
18756
18758
18759
18764
18774
18789
18793
18806
18824
18840
18852
18853
18863
18866
18871
18901
18915
18919
18920
18927
18943
18945
18960
18986
18989
18995
18996
19020
19033
19039
19043
19067
19079
19108
19111
19126
19142
19157
19176
19177
19200
19203
19214
19215
19236
19251
19252
19254
19261
19279
19299
19309
19313
19360
19387
19391
19391
19397
19400
19419
19426
19444
19446
19447
19475
19479
19480
19498
19502
19504
19522
19528
19530
19547
19559
19571
19578
19581
19591
19621
19633
19654
19654
19658
19661
19678
19689
19691
19697
19699
19706
19710
19716
19725
19733
19749
19754
19780
19781
19796
19815
19821
19846
19861
19874
19875
19879
19885
19901
19943
19955
19986
20002
20019
20022
20036
20040
20045
20054
20071
20078
20096
20109
20119
20124
20165
20185
20188
20189
20194
20201
20202
20219
20227
20263
20265
20275
20284
20303
20334
20362
20363
20379
20382
20386
20393
20408
20424
20431
20442
20442
20458
20476
20477
20483
20492
20506
20540
20556
20558
20559
20564
20567
20570
20587
20598
20603
20604
20609
20625
20638
20660
20671
20675
20683
20704
20732
20742
20756
20783
20796
20856
20857
20863
20869
20872
20886
20912
20938
20959
20964
20978
20980
21005
21022
21031
21038
21046
21062
21081
21084
21102
21106
21107
21117
21131
21155
21156
21173
21178
21179
21192
21201
21210
21220
21226
21228
21232
21237
21241
21250
21253
21268
21284
21304
21328
21333
21349
21356
21362
21376
21422
21424
21463
21464
21474
21479
21481
21503
21507
21509
21551
21558
21561
21563
21575
21579
21586
21601
21636
21638
21643
21659
21688
21701
21730
21733
21761
21767
21776
21789
21801
21802
21805
21807
21837
21841
21854
21860
21872
21879
21909
21921
21922
21936
21958
21973
21995
21998
22009
22013
22024
22059
22061
22069
22075
22082
22082
22086
22106
22111
22126
22128
22146
22160
22164
22185
22188
22194
22199
22207
22219
22222
22230
22231
22239
22271
22286
22309
22313
22318
22341
22351
22355
22367
22370
22402
22407
22409
22410
22423
22428
22431
22435
22447
22449
22496
22500
22507
22510
22516
22526
22545
22567
22574
22589
22592
22612
22624
22633
22653
22656
22666
22672
22677
22681
22698
22723
22725
22741
22743
22754
22757
22766
22766
22770
22774
22787
22789
22799
22802
22806
22807
22815
22817
22829
22840
22864
22869
22870
22872
22889
22893
22894
22901
22904
22911
22926
22959
22992
23000
23017
23027
23038
23042
23053
23055
23080
23093
23102
23157
23165
23191
23207
23224
23243
23252
23252
23280
23287
23287
23291
23327
23331
23335
23336
23337
23346
23351
23355
23376
23378
23382
23405
23411
23411
23416
23446
23456
23467
23487
23503
23507
23525
23535
23566
23577
23608
23611
23616
23624
23627
23647
23653
23657
23695
23732
23749
23750
23759
23790
23824
23833
23839
23852
23855
23865
23865
23892
23898
23904
23907
23917
23928
23928
23928
23930
23932
23940
23947
23975
23977
23980
24050
24060
24071
24077
24082
24085
24097
24111
24122
24137
24145
24159
24165
24176
24204
24206
24216
24216
24238
24258
24267
24271
24289
24296
24299
24320
24334
24349
24350
24357
24369
24415
24432
24476
24477
24484
24502
24516
24519
24521
24525
24554
24559
24561
24623
24632
24643
24663
24683
24695
24701
24702
24721
24727
24728
24732
24746
24747
24765
24771
24787
24788
24791
24792
24792
24797
24806
24819
24839
24873
24874
24874
24884
24890
24900
24911
24939
24964
24973
24978
25046
25063
25071
25083
25099
25106
25113
25133
25136
25147
25160
25163
25187
25197
25248
25252
25290
25299
25335
25344
25352
25354
25370
25399
25409
25420
25423
25424
25425
25469
25469
25497
25504
25512
25518
25518
25574
25577
25591
25632
25639
25642
25650
25669
25705
25707
25712
25766
25786
25802
25842
25846
25850
25864
25875
25879
25889
25926
25937
25943
25949
25955
25963
25980
26031
26049
26058
26061
26063
26072
26084
26097
26107
26128
26136
26138
26139
26154
26161
26163
26175
26179
26206
26211
26213
26240
26291
26296
26312
26330
26334
26343
26350
26366
26388
26388
26394
26416
26446
26449
26466
26495
26512
26515
26520
26539
26543
26545
26565
26571
26581
26590
26591
26594
26599
26616
26617
26626
26642
26653
26666
26675
26687
26691
26697
26738
26741
26752
26756
26762
26776
26795
26800
26802
26807
26812
26844
26855
26872
26873
26880
26921
26923
26927
26937
26942
26950
26984
26993
27025
27031
27082
27084
27103
27119
27129
27130
27153
27161
27162
27164
27170
27180
27185
27187
27202
27224
27237
27238
27245
27293
27295
27338
27368
27371
27380
27384
27390
27428
27429
27440
27442
27451
27456
27476
27519
27526
27529
27533
27546
27548
27566
27589
27602
27622
27625
27653
27661
27671
27686
27733
27749
27774
27806
27812
27813
27854
27858
27861
27861
27863
27878
27901
27911
27938
27947
27949
27976
27983
27988
27995
27999
28004
28016
28017
28017
28041
28042
28060
28064
28075
28075
28078
28092
28096
28114
28149
28151
28178
28181
28184
28193
28198
28207
28236
28241
28250
28252
28258
28266
28291
28311
28323
28348
28361
28363
28368
28372
28375
28380
28383
28384
28386
28391
28399
28410
28410
28429
28432
28437
28447
28454
28454
28481
28484
28488
28501
28503
28505
28551
28553
28558
28575
28583
28590
28591
28627
28656
28673
28701
28716
28719
28726
28727
28762
28775
28782
28809
28813
28819
28821
28821
28822
28857
28873
28890
28892
28897
28928
28931
28932
28934
28942
28956
28997
28997
29006
29032
29050
29053
29064
29083
29092
29095
29108
29112
29121
29130
29138
29151
29155
29190
29196
29202
29203
29203
29209
29226
29235
29269
29293
29294
29314
29334
29343
29346
29349
29354
29368
29390
29390
29407
29408
29408
29408
29415
29416
29426
29434
29436
29441
29442
29466
29469
29491
29494
29497
29507
29518
29523
29536
29547
29571
29576
29581
29601
29605
29609
29610
29627
29641
29642
29642
29659
29700
29712
29713
29717
29735
29751
29764
29769
29796
29820
29839
29861
29861
29873
29882
29896
29916
29919
29921
29935
29958
29986
30007
30009
30038
30046
30059
30063
30073
30089
30096
30104
30105
30123
30128
30149
30150
30161
30170
30177
30182
30184
30193
30198
30201
30206
30228
30234
30234
30254
30262
30271
30275
30287
30303
30309
30311
30313
30320
30324
30328
30337
30338
30345
30346
30351
30353
30389
30417
30433
30439
30446
30446
30469
30472
30476
30479
30483
30508
30509
30515
30517
30522
30535
30540
30545
30559
30564
30585
30600
30603
30612
30618
30624
30628
30648
30652
30656
30676
30705
30706
30727
30766
30793
30800
30802
30809
30818
30820
30825
30828
30836
30869
30892
30917
30920
30928
30936
30937
30947
30951
30952
30961
30968
30969
30979
30988
31013
31019
31024
31047
31050
31082
31089
31125
31131
31134
31144
31151
31167
31171
31194
31198
31200
31210
31221
31247
31247
31262
31270
31278
31289
31294
31306
31321
31329
31339
31373
31391
31409
31431
31436
31463
31464
31465
31466
31468
31468
31483
31485
31485
31489
31498
31513
31526
31535
31544
31565
31567
31568
31581
31596
31597
31628
31633
31637
31641
31674
31678
31680
31682
31710
31711
31754
31758
31772
31784
31786
31790
31798
31834
31836
31851
31864
31867
31875
31890
31893
31904
31910
31938
31953
31966
31969
31970
31972
32003
32020
32025
32025
32038
32041
32044
32060
32074
32078
32082
32085
32093
32096
32101
32103
32121
32127
32146
32151
32161
32170
32184
32195
32206
32209
32291
32296
32300
32325
32327
32337
32338
32339
32344
32351
32358
32360
32362
32369
32370
32377
32385
32401
32407
32412
32426
32434
32445
32462
32485
32491
32494
32497
32521
32528
32529
32547
32594
32619
32622
32630
32633
32635
32646
32648
32650
32653
32662
32664
32677
32691
32695
32699
32700
32700
32705
32750
32760
32760
32760
32767
32778
32784
32789
32827
32839
32844
32847
32861
32884
32907
32910
32933
32944
32956
32971
32981
32986
32996
32996
33028
33035
33038
33059
33075
33077
33081
33082
33127
33137
33146
33152
33157
33178
33179
33181
33182
33190
33196
33205
33211
33217
33238
33240
33254
33254
33299
33311
33321
33326
33328
33349
33351
33353
33354
33357
33371
33374
33380
33382
33383
33407
33408
33411
33419
33424
33432
33432
33437
33437
33439
33463
33484
33487
33504
33509
33516
33517
33518
33520
33522
33528
33541
33558
33563
33603
33607
33619
33647
33651
33655
33674
33679
33682
33682
33688
33690
33712
33719
33739
33748
33750
33762
33766
33780
33802
33807
33813
33815
33824
33827
33842
33845
33845
33862
33862
33882
33884
33886
33888
33896
33901
33920
33922
33933
33938
33945
33954
33966
33968
33973
33975
33996
34008
34035
34088
34090
34097
34122
34125
34125
34131
34132
34136
34139
34142
34146
34146
34160
34166
34167
34170
34171
34176
34190
34190
34193
34196
34208
34215
34219
34220
34222
34226
34228
34244
34253
34269
34269
34278
34292
34315
34315
34315
34330
34350
34352
34360
34387
34388
34391
34412
34414
34423
34438
34438
34451
34455
34461
34466
34473
34491
34496
34504
34514
34524
34540
34550
34552
34570
34573
34585
34589
34612
34619
34624
34660
34660
34700
34753
34754
34756
34764
34769
34769
34773
34779
34787
34788
34801
34808
34817
34820
34821
34841
34859
34879
34882
34883
34897
34900
34910
34932
34954
34971
34976
34994
34997
35004
35023
35025
35025
35029
35047
35053
35056
35063
35066
35067
35068
35070
35071
35093
35096
35097
35108
35122
35131
35143
35163
35227
35228
35230
35233
35239
35241
35245
35254
35276
35293
35307
35320
35324
35324
35325
35328
35335
35358
35370
35377
35379
35386
35444
35449
35456
35492
35497
35504
35504
35516
35526
35530
35533
35534
35589
35591
35597
35607
35613
35613
35617
35651
35654
35659
35692
35713
35724
35737
35739
35759
35775
35782
35789
35803
35803
35816
35846
35865
35885
35896
35908
35910
35936
35937
35938
35944
35958
35988
36000
36009
36021
36051
36094
36114
36119
36120
36123
36128
36163
36166
36197
36202
36216
36223
36237
36243
36255
36269
36277
36282
36283
36285
36286
36287
36307
36323
36327
36337
36340
36356
36358
36360
36365
36376
36395
36395
36404
36414
36420
36429
36436
36436
36474
36484
36485
36490
36500
36535
36542
36566
36571
36574
36577
36577
36614
36646
36648
36664
36672
36676
36679
36681
36682
36683
36703
36716
36719
36730
36735
36747
36749
36755
36766
36767
36773
36780
36789
36792
36813
36815
36821
36835
36850
36861
36877
36911
36926
36933
36940
36960
36978
36992
37009
37021
37025
37032
37036
37037
37053
37061
37062
37089
37090
37090
37116
37157
37168
37193
37217
37219
37225
37243
37252
37254
37271
37286
37299
37300
37316
37321
37367
37375
37392
37412
37423
37427
37427
37438
37444
37445
37451
37455
37473
37475
37547
37547
37565
37569
37576
37592
37593
37594
37598
37610
37623
37637
37637
37637
37651
37656
37672
37675
37701
37708
37708
37713
37728
37744
37755
37787
37789
37795
37800
37805
37814
37818
37840
37846
37898
37909
37915
37934
37969
37974
37990
37995
38008
38012
38013
38034
38040
38052
38054
38055
38065
38087
38092
38097
38105
38108
38109
38116
38126
38127
38128
38129
38129
38147
38150
38156
38160
38162
38200
38201
38211
38226
38227
38230
38240
38254
38260
38267
38280
38283
38303
38309
38323
38327
38333
38333
38378
38390
38395
38396
38401
38408
38419
38433
38435
38452
38455
38462
38471
38475
38511
38526
38545
38545
38560
38574
38582
38587
38588
38592
38598
38607
38611
38611
38617
38620
38630
38651
38665
38687
38693
38723
38730
38770
38787
38792
38803
38809
38823
38831
38845
38855
38856
38867
38879
38884
38887
38888
38891
38891
38900
38922
38928
38929
38943
38961
38964
38990
38994
38998
39005
39020
39037
39049
39061
39087
39097
39100
39106
39120
39130
39136
39152
39159
39163
39177
39182
39183
39192
39220
39220
39229
39237
39243
39243
39249
39249
39279
39286
39293
39298
39298
39311
39319
39321
39328
39341
39346
39355
39355
39378
39393
39399
39407
39437
39437
39441
39449
39465
39489
39494
39508
39511
39517
39524
39526
39527
39541
39541
39565
39590
39590
39597
39606
39621
39626
39639
39651
39653
39655
39663
39675
39688
39689
39692
39703
39706
39708
39728
39738
39739
39747
39748
39749
39752
39761
39766
39766
39773
39794
39796
39807
39809
39815
39829
39845
39879
39894
39901
39912
39920
39970
39971
39971
39977
39978
39989
39996
39996
40005
40009
40012
40026
40047
40049
40072
40076
40076
40090
40100
40100
40105
40110
40147
40166
40168
40172
40187
40189
40208
40213
40216
40227
40231
40257
40258
40265
40280
40296
40297
40299
40301
40310
40311
40317
40317
40330
40350
40350
40368
40372
40378
40389
40390
40400
40410
40417
40421
40451
40455
40459
40485
40516
40533
40548
40549
40566
40573
40576
40597
40601
40606
40614
40636
40648
40656
40681
40685
40696
40702
40710
40710
40718
40723
40739
40748
40757
40775
40785
40811
40815
40818
40820
40822
40826
40829
40830
40848
40858
40871
40889
40923
40941
40948
40951
40956
40957
40958
40968
41008
41028
41046
41055
41057
41070
41089
41103
41106
41111
41129
41149
41154
41174
41175
41179
41187
41210
41215
41225
41235
41261
41273
41297
41321
41328
41356
41363
41387
41396
41400
41402
41436
41464
41464
41515
41520
41520
41529
41533
41539
41547
41553
41585
41588
41589
41601
41606
41607
41608
41645
41665
41665
41668
41670
41688
41703
41740
41766
41804
41806
41807
41811
41815
41816
41865
41878
41886
41901
41913
41923
41943
41949
41950
41980
41981
41988
42000
42003
42010
42020
42060
42064
42072
42075
42093
42094
42098
42113
42114
42115
42121
42121
42132
42158
42175
42188
42202
42211
42212
42230
42240
42250
42253
42256
42269
42277
42286
42297
42316
42340
42341
42350
42360
42361
42385
42396
42413
42430
42435
42471
42474
42478
42486
42488
42507
42516
42535
42538
42549
42572
42573
42583
42589
42596
42607
42621
42629
42638
42639
42640
42653
42656
42660
42681
42683
42688
42693
42693
42711
42727
42735
42740
42747
42751
42751
42757
42765
42768
42782
42794
42809
42822
42831
42844
42851
42860
42861
42869
42893
42896
42902
42912
42925
42927
42929
42930
42930
42943
42980
42987
42994
43005
43006
43009
43009
43010
43016
43042
43045
43046
43048
43091
43093
43094
43102
43103
43106
43135
43157
43162
43169
43170
43175
43214
43237
43245
43249
43250
43271
43303
43314
43319
43320
43320
43321
43334
43357
43405
43411
43412
43423
43431
43432
43438
43446
43456
43457
43457
43461
43524
43534
43564
43579
43581
43594
43596
43596
43599
43600
43612
43615
43641
43642
43667
43670
43695
43698
43699
43706
43711
43714
43720
43731
43732
43743
43744
43765
43775
43786
43798
43800
43822
43853
43855
43872
43891
43896
43912
43912
43914
43934
43948
43956
43958
43988
43993
44026
44038
44040
44043
44050
44059
44068
44090
44095
44115
44124
44136
44139
44150
44163
44173
44182
44187
44189
44193
44194
44233
44243
44248
44257
44259
44264
44268
44284
44289
44292
44295
44334
44348
44348
44349
44361
44366
44367
44405
44408
44410
44418
44423
44426
44445
44451
44468
44468
44485
44493
44495
44498
44510
44527
44556
44565
44566
44575
44577
44584
44588
44595
44603
44614
44615
44631
44655
44661
44663
44667
44694
44697
44704
44721
44723
44725
44743
44747
44770
44804
44818
44818
44829
44832
44840
44855
44874
44876
44878
44898
44907
44907
44914
44953
44959
44977
45014
45017
45021
45025
45040
45053
45057
45058
45069
45073
45075
45083
45089
45095
45101
45106
45114
45123
45129
45133
45136
45142
45146
45157
45165
45184
45206
45210
45213
45213
45248
45249
45307
45341
45342
45351
45375
45380
45388
45397
45405
45405
45423
45429
45445
45453
45462
45484
45492
45494
45513
45527
45528
45547
45555
45559
45568
45576
45584
45596
45645
45661
45670
45673
45697
45723
45727
45741
45757
45765
45784
45786
45790
45790
45800
45808
45812
45831
45836
45840
45858
45860
45860
45865
45866
45884
45885
45912
45913
45951
45970
45975
45987
45989
46031
46053
46062
46073
46081
46088
46091
46097
46116
46119
46126
46129
46151
46154
46169
46169
46213
46224
46229
46237
46240
46241
46244
46264
46269
46272
46291
46291
46302
46313
46351
46353
46365
46367
46375
46391
46403
46412
46421
46425
46447
46454
46461
46466
46466
46473
46483
46495
46499
46500
46504
46509
46512
46532
46541
46558
46564
46578
46579
46584
46588
46591
46624
46641
46655
46666
46673
46679
46725
46755
46772
46786
46810
46817
46820
46824
46828
46838
46841
46864
46865
46865
46869
46903
46920
46924
46932
46935
46940
46940
46950
46955
46957
47030
47053
47058
47082
47082
47090
47103
47107
47133
47163
47199
47211
47226
47226
47239
47242
47248
47264
47271
47280
47290
47300
47304
47311
47319
47322
47325
47325
47331
47351
47361
47371
47389
47391
47398
47399
47407
47445
47468
47474
47475
47481
47481
47507
47515
47546
47546
47548
47571
47585
47604
47618
47637
47655
47655
47661
47674
47674
47675
47677
47678
47719
47723
47734
47753
47755
47763
47806
47808
47813
47817
47834
47846
47856
47861
47861
47874
47876
47877
47904
47910
47912
47917
47919
47931
47932
47948
47978
47981
47987
47994
48006
48010
48033
48072
48072
48076
48093
48134
48151
48161
48161
48165
48231
48231
48237
48241
48246
48263
48268
48288
48294
48331
48366
48369
48406
48418
48419
48427
48430
48436
48447
48469
48479
48499
48502
48513
48521
48526
48529
48534
48548
48549
48553
48556
48656
48658
48676
48699
48707
48718
48722
48727
48727
48731
48733
48743
48746
48749
48761
48764
48778
48790
48790
48810
48816
48845
48846
48857
48864
48889
48891
48895
48913
48924
48929
48941
48963
48964
48965
48971
48975
48982
49002
49003
49008
49024
49034
49064
49066
49078
49094
49100
49107
49121
49135
49142
49146
49151
49155
49162
49169
49172
49183
49195
49205
49206
49216
49220
49220
49222
49223
49228
49231
49244
49259
49259
49265
49267
49274
49285
49290
49291
49295
49296
49297
49300
49306
49313
49344
49360
49385
49385
49404
49418
49426
49441
49442
49449
49462
49465
49468
49476
49520
49539
49541
49541
49560
49629
49636
49644
49656
49664
49676
49679
49688
49734
49742
49744
49750
49758
49763
49773
49779
49782
49786
49790
49823
49829
49834
49853
49868
49875
49878
49891
49906
49957
49963
49970
49973
49984
49997
