3
19
20
25
34
73
99
112
136
151
157
159
188
203
259
260
260
263
305
307
308
314
347
383
409
414
425
449
463
480
501
514
537
546
553
607
642
689
714
744
747
821
828
834
837
840
841
847
880
915
919
922
927
1029
1052
1059
1122
1127
1166
1189
1215
1236
1250
1256
1267
1312
1334
1378
1384
1409
1426
1427
1458
1460
1470
1533
1625
1637
1689
1693
1693
1701
1714
1715
1721
1753
1785
1798
1865
1874
1884
1897
1932
1941
1954
1963
1972
1998
2007
2031
2035
2068
2076
2102
2120
2180
2193
2230
2247
2253
2253
2261
2289
2301
2307
2311
2329
2342
2372
2396
2416
2427
2427
2433
2440
2452
2476
2480
2513
2573
2599
2675
2683
2703
2708
2729
2853
2858
2861
2938
2957
2962
2981
3004
3023
3046
3079
3118
3123
3128
3128
3147
3147
3163
3174
3216
3222
3295
3327
3367
3369
3371
3375
3393
3393
3401
3513
3529
3553
3559
3565
3592
3601
3656
3659
3670
3694
3726
3788
3789
3854
3858
3891
3900
3909
3918
3949
3953
3973
3986
3997
4037
4037
4053
4130
4134
4214
4227
4232
4237
4266
4294
4302
4310
4425
4439
4452
4476
4534
4556
4565
4570
4582
4596
4605
4627
4645
4697
4717
4722
4769
4787
4829
4840
4849
4857
4866
4896
4934
4943
4943
4949
4958
5024
5029
5037
5055
5061
5122
5129
5179
5274
5342
5357
5368
5374
5375
5378
5414
5447
5454
5486
5543
5548
5622
5638
5643
5664
5679
5707
5723
5731
5740
5749
5753
5771
5802
5815
5837
5850
5873
5905
5930
5932
5947
5950
5961
5994
5995
6005
6008
6020
6038
6047
6072
6097
6140
6152
6164
6177
6192
6245
6245
6250
6254
6259
6260
6262
6263
6268
6288
6292
6301
6403
6409
6444
6449
6452
6468
6492
6492
6514
6525
6583
6600
6603
6607
6614
6615
6650
6673
6683
6704
6743
6777
6790
6798
6805
6809
6875
6877
6888
6907
6908
6910
6916
6940
6942
6951
6969
6971
6977
7033
7061
7078
7079
7112
7145
7180
7192
7242
7251
7255
7256
7261
7275
7282
7294
7315
7348
7412
7414
7420
7430
7448
7452
7453
7469
7480
7483
7512
7518
7535
7536
7538
7538
7541
7568
7606
7611
7621
7622
7632
7634
7687
7691
7694
7715
7719
7763
7796
7803
7804
7841
7844
7856
7865
7914
7932
7967
7967
8008
8059
8086
8112
8131
8139
8143
8157
8169
8170
8176
8182
8217
8281
8285
8290
8302
8323
8342
8348
8412
8450
8481
8503
8565
8580
8631
8645
8649
8672
8674
8697
8707
8708
8712
8754
8770
8786
8789
8803
8816
8824
8945
8963
8979
8995
9000
9019
9037
9057
9067
9070
9076
9081
9096
9102
9184
9209
9209
9214
9220
9223
9295
9347
9354
9368
9383
9403
9429
9435
9492
9532
9537
9553
9563
9599
9624
9644
9666
9668
9674
9675
9702
9718
9733
9737
9737
9755
9756
9761
9777
9803
9811
9826
9835
9849
9851
9865
9869
9927
9929
9937
9982
10012
10049
10055
10058
10077
10097
10099
10121
10122
10125
10135
10147
10162
10190
10211
10245
10248
10253
10266
10267
10293
10302
10379
10381
10463
10471
10496
10502
10504
10516
10517
10531
10595
10601
10603
10603
10624
10642
10688
10694
10749
10787
10825
10851
10857
10865
10866
10909
10941
10953
10980
11005
11015
11045
11053
11079
11079
11085
11090
11099
11100
11134
11150
11232
11246
11261
11277
11303
11331
11334
11362
11411
11413
11429
11474
11508
11512
11560
11608
11630
11647
11666
11670
11675
11684
11694
11741
11748
11766
11779
11803
11804
11806
11814
11859
11876
11914
11947
11985
12011
12026
12030
12055
12152
12167
12180
12200
12206
12216
12219
12232
12264
12269
12298
12312
12324
12326
12330
12356
12408
12432
12434
12439
12442
12445
12449
12480
12492
12493
12499
12515
12543
12600
12604
12624
12628
12645
12659
12667
12669
12752
12799
12801
12860
12869
12882
12888
12896
12902
12903
12921
12995
13003
13027
13034
13053
13088
13098
13104
13127
13132
13193
13198
13242
13271
13274
13276
13309
13311
13321
13357
13385
13391
13392
13398
13460
13467
13507
13509
13551
13608
13646
13668
13709
13709
13717
13720
13742
13752
13773
13822
13841
13873
13875
13906
13959
13967
13987
13992
14050
14075
14076
14084
14095
14110
14135
14168
14182
14193
14205
14206
14209
14213
14220
14245
14261
14321
14326
14330
14387
14414
14420
14420
14423
14431
14451
14469
14482
14483
14518
14528
14566
14613
14631
14678
14679
14691
14701
14747
14767
14795
14821
14825
14830
14834
14853
14868
14882
14921
14940
14949
14958
14986
15061
15080
15115
15122
15141
15171
15175
15177
15185
15201
15223
15279
15281
15306
15310
15339
15347
15372
15408
15411
15414
15421
15434
15444
15464
15471
15527
15546
15588
15602
15618
15643
15661
15678
15694
15709
15746
15747
15765
15777
15799
15820
15841
15860
15863
15867
15903
15906
15925
15978
15983
15985
16005
16014
16022
16063
16064
16089
16097
16105
16108
16110
16140
16142
16206
16242
16275
16301
16307
16330
16344
16345
16347
16358
16358
16386
16395
16422
16435
16444
16460
16466
16590
16697
16728
16729
16735
16750
16751
16788
16791
16793
16805
16831
16859
16870
16874
16881
16887
16893
16895
16909
16932
16937
16949
16970
17004
17036
17096
17109
17115
17117
17118
17138
17138
17154
17185
17204
17216
17254
17258
17260
17262
17292
17401
17428
17433
17439
17454
17481
17504
17521
17535
17548
17554
17559
17563
17573
17624
17626
17629
17637
17650
17671
17693
17706
17710
17719
17722
17734
17764
17826
17891
17920
17932
17957
17968
17976
18015
18065
18111
18138
18151
18187
18187
18254
18254
18273
18324
18326
18351
18354
18360
18381
18391
18392
18398
18413
18415
18418
18443
18445
18457
18457
18479
18501
18518
18537
18574
18576
18588
18606
18611
18644
18657
18659
18665
18725
18731
18734
18737
18765
18799
18883
18917
18950
18958
18960
18972
18988
19001
19027
19042
19056
19128
19186
19191
19227
19234
19237
19250
19266
19356
19368
19370
19400
19406
19410
19419
19441
19474
19529
19550
19554
19557
19570
19676
19730
19731
19771
19788
19805
19821
19882
19888
19940
19953
19964
19992
20014
20015
20084
20085
20088
20090
20133
20159
20180
20187
20228
20230
20249
20255
20257
20285
20302
20333
20341
20347
20366
20369
20410
20417
20420
20479
20482
20503
20571
20582
20617
20620
20626
20639
20651
20692
20695
20716
20754
20778
20809
20825
20825
20826
20843
20878
20879
20933
20948
20965
20969
20979
20993
20993
21005
21115
21143
21149
21176
21215
21232
21234
21256
21334
21347
21352
21356
21368
21369
21371
21396
21398
21405
21425
21450
21455
21520
21522
21562
21563
21570
21581
21625
21630
21634
21662
21664
21665
21667
21669
21702
21702
21709
21718
21723
21760
21763
21809
21815
21817
21819
21836
21841
21872
21882
21905
21921
21952
21963
22033
22099
22112
22112
22128
22173
22186
22257
22322
22341
22344
22383
22398
22403
22428
22438
22450
22459
22503
22526
22539
22572
22598
22601
22629
22669
22686
22698
22722
22736
22755
22776
22779
22793
22891
22906
22910
22911
22924
22926
22927
22933
22944
22950
22956
22984
22986
23017
23096
23109
23125
23129
23146
23150
23155
23193
23195
23219
23225
23235
23246
23286
23379
23395
23426
23439
23454
23465
23481
23488
23503
23629
23711
23725
23793
23953
23955
23962
23965
23978
23988
24020
24033
24037
24038
24077
24080
24090
24097
24119
24131
24146
24169
24182
24185
24241
24251
24305
24362
24475
24525
24531
24577
24597
24626
24653
24682
24690
24706
24720
24727
24748
24755
24791
24808
24822
24837
24855
24869
24877
24888
24897
24905
24935
24941
24952
24958
24991
24996
25010
25038
25062
25093
25124
25125
25203
25205
25234
25246
25263
25274
25280
25313
25317
25323
25336
25362
25379
25388
25388
25399
25406
25425
25458
25477
25505
25522
25541
25549
25579
25594
25604
25609
25632
25640
25672
25687
25703
25718
25748
25882
25884
25885
25905
25936
25969
26014
26021
26033
26037
26112
26121
26155
26164
26169
26204
26222
26227
26259
26276
26295
26319
26331
26426
26438
26439
26506
26524
26526
26532
26566
26576
26578
26584
26617
26656
26665
26674
26680
26726
26727
26734
26755
26767
26769
26770
26799
26827
26848
26877
26877
26883
26921
26935
26950
26988
26991
27006
27063
27064
27068
27095
27096
27100
27104
27109
27133
27198
27235
27285
27307
27319
27370
27394
27411
27420
27461
27504
27529
27562
27579
27587
27656
27676
27688
27702
27706
27752
27802
27821
27896
27903
27917
28045
28052
28054
28142
28142
28157
28181
28195
28209
28243
28244
28246
28264
28268
28269
28289
28306
28398
28404
28468
28520
28523
28531
28552
28555
28562
28568
28578
28662
28699
28715
28744
28750
28762
28798
28811
28853
28861
28866
28880
28899
28957
28960
28979
28985
29011
29012
29026
29037
29086
29096
29113
29120
29135
29155
29185
29191
29200
29278
29303
29316
29340
29349
29354
29375
29384
29430
29431
29442
29444
29445
29530
29578
29583
29591
29622
29645
29709
29717
29731
29752
29757
29775
29783
29788
29797
29825
29836
29859
29876
29886
29927
29953
29962
29995
30016
30020
30047
30049
30054
30072
30089
30103
30111
30219
30226
30248
30255
30283
30340
30340
30349
30390
30440
30459
30464
30473
30479
30499
30501
30515
30602
30654
30658
30681
30684
30685
30695
30704
30718
30741
30773
30790
30809
30810
30951
30959
30965
30989
31004
31051
31054
31066
31070
31088
31103
31120
31130
31132
31141
31162
31272
31299
31322
31329
31350
31351
31362
31417
31421
31445
31452
31468
31470
31515
31519
31525
31557
31594
31594
31633
31712
31719
31742
31754
31758
31759
31766
31792
31801
31845
31847
31859
31870
32002
32005
32029
32040
32052
32066
32069
32070
32090
32110
32130
32141
32170
32170
32192
32219
32223
32261
32279
32325
32331
32332
32342
32360
32384
32393
32406
32409
32415
32431
32434
32479
32480
32515
32574
32589
32590
32601
32658
32723
32792
32793
32795
32815
32829
32848
32864
32877
32887
32923
32946
32963
32987
32996
32997
33027
33055
33091
33105
33123
33153
33175
33203
33221
33239
33257
33266
33274
33284
33295
33299
33306
33337
33346
33378
33407
33417
33429
33437
33453
33500
33518
33546
33562
33563
33582
33611
33623
33626
33633
33641
33647
33674
33681
33707
33732
33764
33769
33798
33820
33821
33823
33829
33830
33851
33871
33893
33893
33900
33920
33957
33992
34019
34046
34058
34061
34062
34065
34087
34093
34099
34140
34143
34170
34171
34212
34257
34260
34271
34301
34316
34327
34330
34340
34345
34383
34392
34399
34399
34440
34446
34446
34479
34525
34554
34580
34584
34590
34601
34622
34647
34648
34649
34688
34785
34818
34838
34840
34847
34848
34848
34853
34876
34893
34949
34961
34981
35009
35023
35035
35064
35067
35096
35138
35150
35160
35188
35205
35230
35236
35259
35275
35280
35282
35290
35367
35388
35395
35408
35409
35411
35434
35437
35448
35460
35497
35554
35555
35559
35564
35564
35566
35573
35586
35605
35627
35628
35641
35641
35665
35667
35673
35685
35715
35715
35724
35772
35796
35799
35826
35839
35858
35863
35869
35880
35886
35890
35890
35944
35966
35995
36028
36126
36147
36151
36166
36184
36196
36205
36247
36267
36296
36361
36377
36397
36410
36413
36426
36443
36508
36525
36565
36596
36599
36611
36632
36652
36657
36667
36681
36688
36709
36732
36775
36888
36889
36895
36904
36914
36929
36964
36978
36985
36987
36998
37003
37058
37085
37086
37091
37098
37107
37113
37146
37153
37203
37203
37221
37228
37249
37254
37262
37274
37279
37314
37339
37342
37358
37364
37391
37392
37410
37431
37438
37438
37512
37536
37572
37587
37627
37640
37674
37682
37737
37756
37767
37767
37778
37783
37784
37787
37809
37810
37824
37874
37895
37921
37990
38014
38038
38053
38057
38068
38087
38103
38109
38114
38158
38202
38210
38211
38219
38242
38247
38268
38324
38327
38353
38354
38356
38401
38432
38434
38468
38551
38556
38570
38573
38607
38625
38680
38681
38702
38762
38770
38777
38782
38786
38829
38836
38856
38883
38920
38937
38985
39002
39038
39079
39091
39136
39140
39141
39173
39191
39193
39230
39347
39376
39380
39419
39423
39424
39483
39515
39549
39564
39576
39619
39642
39642
39653
39657
39666
39700
39721
39727
39758
39789
39793
39811
39843
39848
39885
39888
39931
39957
39973
39989
40017
40020
40023
40031
40058
40071
40092
40094
40096
40139
40140
40163
40186
40210
40233
40240
40247
40249
40278
40316
40346
40352
40361
40394
40395
40402
40450
40465
40498
40521
40564
40591
40611
40625
40675
40679
40728
40734
40743
40765
40797
40853
40864
40901
40927
40960
41056
41066
41076
41117
41124
41124
41140
41157
41180
41185
41228
41235
41245
41280
41354
41357
41365
41377
41405
41423
41434
41459
41532
41536
41547
41565
41595
41622
41714
41724
41753
41770
41801
41814
41838
41853
41873
41883
41909
42035
42045
42051
42079
42089
42102
42170
42184
42189
42204
42215
42220
42226
42230
42240
42275
42281
42313
42345
42345
42386
42390
42392
42393
42397
42451
42488
42551
42584
42615
42626
42660
42690
42705
42722
42759
42760
42772
42788
42797
42817
42831
42894
42894
42903
42918
42923
42996
43010
43026
43041
43047
43049
43069
43105
43130
43131
43135
43173
43179
43192
43203
43230
43269
43279
43343
43344
43365
43393
43410
43496
43503
43571
43575
43598
43641
43682
43754
43767
43768
43780
43784
43794
43817
43822
43834
43906
43910
43924
43942
43957
43982
44014
44031
44046
44057
44058
44071
44076
44102
44106
44124
44140
44141
44154
44156
44159
44173
44178
44213
44219
44237
44239
44240
44253
44264
44290
44297
44316
44358
44369
44383
44425
44472
44549
44551
44560
44586
44589
44608
44609
44642
44648
44650
44673
44695
44712
44794
44822
44841
44867
44869
44877
44887
44910
44968
44975
45053
45085
45085
45106
45122
45135
45154
45170
45184
45201
45241
45250
45253
45285
45331
45365
45387
45422
45430
45433
45457
45472
45493
45502
45503
45516
45549
45554
45557
45569
45574
45575
45637
45640
45683
45707
45731
45739
45740
45755
45760
45763
45766
45852
45891
45894
45904
45985
45994
45995
46003
46008
46011
46013
46040
46065
46091
46098
46098
46104
46125
46291
46352
46411
46423
46445
46459
46530
46532
46542
46543
46564
46566
46598
46613
46616
46646
46716
46752
46754
46793
46803
46811
46839
46868
46891
46894
46895
46916
46951
46957
46978
47016
47025
47052
47074
47097
47128
47143
47222
47252
47277
47309
47316
47372
47443
47444
47452
47465
47482
47494
47526
47596
47605
47606
47615
47626
47641
47644
47655
47667
47672
47682
47690
47696
47700
47737
47745
47759
47778
47803
47807
47821
47828
47843
47847
47879
47882
47890
47901
47920
47942
47954
47988
47992
48024
48096
48108
48170
48176
48180
48235
48277
48279
48309
48331
48361
48372
48384
48434
48479
48479
48484
48489
48519
48549
48561
48572
48599
48711
48714
48714
48727
48802
48838
48842
48874
48925
48929
48944
49008
49017
49019
49047
49058
49071
49071
49082
49082
49119
49129
49186
49199
49206
49209
49220
49232
49290
49317
49334
49347
49383
49415
49415
49421
49422
49459
49474
49481
49494
49510
49521
49525
49526
49540
49547
49568
49582
49608
49615
49646
49670
49686
49720
49724
49725
49726
49730
49756
49770
49777
49792
49854
49856
49869
49884
49897
49932
