7
9
10
12
34
41
41
42
46
60
70
86
87
88
90
101
112
140
142
157
158
159
174
181
187
187
203
204
217
224
224
226
255
265
269
270
288
292
293
322
347
353
366
373
376
384
384
388
399
401
411
418
427
429
435
445
448
448
449
456
464
467
486
491
495
497
498
508
520
527
533
538
540
542
547
555
556
573
590
595
595
599
599
604
607
622
633
641
641
648
652
656
658
672
672
675
675
684
685
686
688
689
706
707
708
726
726
736
737
751
752
753
757
769
772
790
804
813
814
815
819
836
846
853
853
859
869
873
875
880
881
890
892
897
905
906
909
912
925
928
932
932
933
942
946
948
956
956
969
980
981
1033
1039
1045
1048
1056
1073
1096
1099
1102
1103
1115
1116
1117
1140
1148
1162
1165
1168
1179
1182
1201
1206
1209
1210
1213
1219
1229
1231
1235
1240
1266
1269
1276
1276
1277
1284
1298
1303
1312
1313
1320
1323
1325
1328
1332
1333
1335
1343
1352
1360
1366
1371
1386
1387
1408
1419
1428
1444
1446
1447
1448
1457
1459
1461
1484
1499
1502
1508
1517
1524
1525
1529
1535
1545
1555
1566
1569
1574
1582
1589
1590
1597
1599
1600
1603
1604
1610
1626
1635
1678
1679
1682
1694
1695
1704
1728
1741
1746
1775
1788
1792
1806
1807
1808
1810
1812
1821
1824
1825
1838
1839
1843
1846
1848
1859
1860
1873
1875
1896
1897
1898
1910
1916
1917
1917
1922
1942
1946
1954
1960
1969
1977
1978
1980
2007
2011
2032
2045
2048
2049
2049
2055
2057
2067
2073
2075
2078
2084
2100
2106
2111
2117
2122
2137
2137
2142
2152
2154
2171
2175
2191
2202
2219
2234
2247
2250
2250
2257
2264
2265
2270
2275
2290
2309
2316
2319
2321
2322
2322
2331
2336
2337
2346
2359
2362
2368
2370
2381
2386
2391
2401
2412
2431
2433
2435
2437
2438
2452
2453
2455
2458
2469
2471
2473
2481
2485
2504
2564
2568
2570
2576
2579
2588
2598
2599
2600
2605
2607
2615
2622
2629
2634
2641
2642
2658
2662
2671
2684
2694
2703
2747
2813
2822
2828
2841
2846
2860
2877
2879
2903
2904
2908
2913
2929
2931
2953
2956
2960
2962
2963
2964
2975
2984
2988
3001
3013
3040
3041
3046
3067
3067
3070
3080
3087
3087
3105
3114
3115
3125
3167
3167
3208
3223
3235
3241
3248
3249
3262
3282
3290
3297
3299
3323
3326
3327
3343
3346
3347
3348
3351
3371
3375
3375
3385
3395
3408
3435
3439
3440
3467
3468
3483
3508
3526
3533
3535
3540
3543
3550
3551
3562
3583
3585
3606
3640
3649
3649
3650
3655
3662
3664
3670
3685
3713
3737
3749
3753
3779
3781
3782
3794
3795
3809
3818
3834
3842
3855
3860
3861
3873
3881
3892
3892
3895
3909
3921
3928
3939
3941
3961
3964
3967
3968
3980
3980
3989
3992
3997
3999
4004
4005
4012
4016
4017
4020
4021
4035
4055
4055
4056
4095
4106
4114
4124
4126
4136
4150
4155
4164
4175
4175
4179
4180
4182
4182
4196
4203
4203
4204
4208
4214
4220
4246
4246
4258
4267
4270
4271
4285
4300
4309
4350
4367
4381
4420
4426
4436
4458
4464
4465
4469
4482
4492
4493
4497
4506
4508
4513
4516
4517
4518
4556
4558
4561
4564
4575
4579
4582
4591
4603
4605
4610
4617
4634
4643
4654
4656
4673
4677
4678
4684
4688
4694
4698
4705
4718
4726
4736
4760
4769
4771
4776
4780
4781
4789
4794
4802
4803
4805
4811
4815
4819
4822
4827
4828
4837
4843
4847
4856
4893
4897
4914
4915
4917
4926
4935
4949
4972
4973
4990
5012
5014
5022
5025
5058
5064
5073
5084
5092
5093
5095
5100
5118
5130
5148
5161
5163
5176
5180
5186
5190
5204
5210
5214
5221
5222
5240
5258
5261
5269
5271
5277
5277
5278
5297
5304
5309
5309
5310
5323
5343
5353
5354
5357
5374
5380
5384
5398
5412
5426
5428
5431
5436
5453
5471
5472
5474
5477
5483
5486
5490
5549
5559
5563
5565
5571
5601
5613
5626
5628
5630
5658
5661
5667
5673
5675
5681
5696
5710
5710
5714
5714
5724
5728
5734
5744
5759
5768
5770
5770
5775
5796
5800
5802
5802
5819
5822
5838
5840
5850
5859
5869
5871
5872
5877
5879
5885
5886
5889
5894
5894
5896
5914
5970
5973
5998
6005
6025
6027
6028
6029
6043
6044
6056
6057
6064
6078
6093
6106
6108
6115
6118
6119
6146
6148
6175
6177
6177
6189
6190
6190
6199
6205
6212
6216
6216
6223
6228
6232
6233
6237
6248
6252
6277
6279
6296
6311
6311
6318
6322
6343
6363
6368
6377
6397
6400
6423
6425
6444
6452
6462
6477
6481
6484
6519
6530
6535
6536
6536
6550
6561
6563
6566
6570
6584
6587
6587
6591
6595
6599
6610
6629
6640
6647
6648
6649
6661
6676
6679
6680
6682
6682
6686
6689
6691
6698
6700
6700
6702
6744
6747
6751
6773
6773
6775
6778
6779
6798
6803
6804
6814
6816
6820
6830
6839
6841
6853
6854
6880
6903
6906
6924
6927
6927
6929
6934
6941
6948
6961
6965
6975
6977
6982
6989
7012
7015
7028
7037
7039
7040
7071
7075
7081
7087
7091
7093
7095
7108
7122
7123
7127
7128
7135
7138
7160
7169
7183
7197
7200
7200
7206
7211
7219
7219
7221
7229
7231
7242
7249
7268
7270
7281
7285
7326
7367
7367
7372
7374
7376
7376
7388
7424
7440
7456
7457
7466
7469
7486
7491
7500
7523
7534
7548
7558
7559
7565
7567
7577
7579
7608
7625
7632
7633
7640
7658
7666
7670
7676
7693
7704
7706
7728
7779
7793
7803
7803
7804
7808
7820
7826
7834
7843
7851
7869
7875
7882
7887
7899
7902
7956
7963
7967
7967
7973
7992
7997
8001
8021
8023
8031
8034
8045
8050
8070
8073
8095
8103
8114
8114
8114
8120
8121
8139
8142
8150
8155
8159
8161
8173
8182
8183
8186
8190
8190
8202
8207
8212
8213
8224
8226
8230
8233
8249
8258
8260
8278
8279
8289
8291
8300
8308
8311
8312
8316
8323
8331
8333
8335
8349
8354
8366
8370
8374
8376
8428
8430
8432
8433
8434
8439
8440
8441
8463
8476
8478
8479
8481
8492
8496
8545
8547
8549
8552
8552
8559
8570
8580
8581
8598
8598
8614
8660
8661
8673
8683
8684
8686
8690
8697
8704
8708
8711
8714
8722
8725
8732
8736
8749
8752
8761
8768
8775
8783
8784
8814
8818
8822
8827
8834
8848
8853
8864
8870
8887
8888
8899
8924
8926
8941
8954
8970
8971
8980
9006
9008
9017
9020
9020
9022
9026
9040
9059
9077
9091
9104
9112
9141
9152
9164
9173
9175
9179
9182
9207
9225
9225
9235
9236
9249
9259
9265
9274
9275
9277
9286
9300
9306
9314
9321
9327
9330
9340
9344
9381
9387
9395
9398
9406
9415
9424
9426
9439
9440
9442
9442
9480
9486
9502
9508
9525
9526
9531
9532
9535
9540
9548
9583
9585
9586
9589
9593
9612
9613
9622
9628
9629
9632
9632
9650
9653
9672
9684
9691
9704
9707
9708
9756
9799
9814
9819
9822
9823
9835
9860
9866
9874
9874
9881
9897
9897
9918
9920
9926
9937
9942
9945
9950
9966
9976
9989
9997
10004
10008
10011
10018
10021
10033
10049
10051
10052
10054
10066
10069
10088
10105
10116
10127
10134
10144
10148
10161
10181
10182
10191
10197
10207
10213
10219
10237
10259
10262
10263
10271
10284
10288
10303
10305
10325
10330
10331
10357
10370
10371
10371
10375
10377
10384
10390
10397
10399
10410
10418
10422
10422
10425
10430
10434
10438
10440
10444
10466
10473
10480
10481
10484
10485
10501
10509
10509
10519
10531
10539
10544
10552
10562
10564
10566
10573
10579
10581
10585
10598
10604
10628
10628
10643
10675
10675
10679
10697
10703
10724
10726
10746
10750
10763
10775
10776
10778
10778
10799
10801
10813
10828
10873
10882
10887
10897
10901
10922
10930
10942
10948
10951
10954
10955
10965
10966
10968
10980
10984
10989
10992
10999
10999
11007
11010
11012
11021
11038
11040
11040
11046
11047
11057
11060
11062
11071
11086
11106
11114
11122
11122
11124
11150
11159
11173
11177
11186
11188
11201
11224
11226
11234
11242
11262
11264
11265
11268
11281
11281
11290
11296
11301
11315
11322
11333
11334
11334
11341
11342
11343
11387
11395
11399
11409
11412
11439
11441
11443
11449
11450
11450
11451
11453
11456
11463
11467
11481
11482
11482
11482
11499
11501
11512
11516
11521
11530
11530
11534
11585
11589
11603
11613
11622
11626
11642
11651
11658
11659
11670
11672
11681
11687
11699
11700
11703
11708
11709
11711
11715
11727
11751
11763
11768
11780
11796
11801
11805
11810
11830
11842
11845
11886
11891
11891
11901
11915
11916
11939
11944
11950
11963
11997
11999
12003
12014
12019
12024
12028
12029
12034
12041
12058
12070
12075
12082
12093
12102
12106
12111
12112
12115
12126
12127
12139
12141
12150
12152
12173
12184
12186
12186
12191
12196
12202
12209
12215
12216
12219
12221
12221
12226
12235
12237
12242
12243
12251
12258
12283
12284
12289
12289
12293
12295
12304
12312
12326
12329
12343
12352
12359
12365
12368
12373
12376
12388
12391
12393
12397
12397
12398
12399
12403
12427
12430
12447
12450
12456
12458
12460
12465
12481
12496
12500
12507
12513
12517
12517
12518
12520
12527
12529
12535
12539
12550
12554
12566
12575
12578
12596
12605
12608
12612
12614
12617
12621
12630
12634
12649
12657
12666
12670
12672
12674
12691
12694
12725
12730
12733
12739
12744
12750
12758
12760
12781
12786
12795
12800
12811
12820
12822
12826
12828
12828
12837
12848
12848
12871
12873
12882
12917
12927
12933
12955
12960
12962
12962
12963
12974
13003
13005
13012
13012
13013
13017
13021
13043
13053
13053
13064
13071
13083
13092
13097
13106
13106
13123
13129
13131
13148
13155
13168
13172
13176
13179
13180
13196
13200
13204
13209
13227
13243
13250
13256
13259
13270
13293
13295
13334
13335
13336
13350
13371
13384
13402
13405
13415
13424
13424
13432
13433
13441
13455
13457
13461
13472
13478
13544
13547
13550
13558
13583
13595
13596
13597
13604
13620
13625
13640
13661
13661
13662
13669
13670
13673
13682
13696
13697
13703
13706
13715
13721
13733
13747
13750
13757
13760
13780
13799
13809
13829
13829
13854
13855
13864
13870
13879
13903
13914
13928
13942
13943
13946
13947
13948
13962
13965
13970
13990
13992
14010
14014
14022
14023
14024
14028
14045
14052
14052
14058
14061
14064
14070
14072
14099
14104
14108
14113
14113
14151
14166
14168
14174
14174
14177
14178
14186
14207
14213
14223
14229
14234
14238
14245
14251
14254
14256
14263
14279
14279
14297
14323
14326
14327
14332
14337
14338
14341
14348
14358
14371
14372
14377
14377
14382
14388
14394
14404
14415
14417
14426
14427
14428
14449
14450
14452
14456
14460
14471
14474
14481
14484
14485
14502
14509
14510
14512
14515
14530
14538
14541
14545
14558
14563
14565
14572
14583
14634
14655
14664
14686
14694
14694
14697
14711
14731
14738
14745
14747
14762
14774
14778
14781
14781
14783
14794
14797
14800
14804
14831
14831
14837
14847
14857
14866
14881
14886
14895
14900
14906
14916
14934
14940
14942
14951
14952
14953
14959
14977
14984
14985
15005
15011
15021
15028
15030
15043
15048
15050
15058
15059
15067
15072
15072
15073
15082
15084
15100
15104
15109
15140
15146
15148
15185
15186
15187
15193
15194
15194
15197
15212
15222
15223
15224
15226
15226
15227
15238
15243
15248
15268
15269
15277
15309
15326
15350
15352
15366
15367
15374
15379
15380
15387
15391
15395
15401
15402
15408
15412
15413
15453
15457
15460
15462
15476
15495
15513
15514
15519
15529
15529
15542
15549
15553
15553
15553
15555
15567
15574
15577
15580
15587
15593
15594
15600
15606
15619
15626
15635
15635
15640
15653
15657
15660
15660
15660
15682
15688
15694
15703
15705
15705
15736
15747
15759
15763
15765
15769
15810
15813
15822
15833
15834
15842
15854
15861
15862
15863
15865
15867
15870
15897
15917
15920
15925
15939
15942
15949
15951
15951
15954
15954
15966
15977
15996
16001
16006
16022
16058
16064
16064
16064
16070
16071
16112
16122
16142
16150
16153
16154
16163
16174
16176
16177
16184
16193
16198
16200
16203
16214
16223
16229
16231
16249
16249
16251
16252
16256
16256
16261
16268
16270
16272
16294
16314
16326
16333
16336
16357
16361
16392
16398
16399
16400
16410
16412
16419
16421
16422
16425
16431
16461
16463
16466
16468
16475
16492
16499
16509
16512
16531
16532
16538
16538
16549
16565
16567
16574
16576
16583
16598
16599
16604
16611
16621
16631
16632
16634
16643
16644
16651
16655
16683
16695
16740
16751
16751
16756
16764
16766
16766
16769
16772
16803
16807
16817
16835
16835
16837
16854
16868
16874
16878
16894
16897
16902
16910
16911
16921
16933
16934
16945
16950
16963
16968
16972
16984
16991
17007
17014
17017
17018
17026
17044
17057
17086
17091
17100
17102
17139
17142
17142
17153
17165
17171
17179
17179
17182
17183
17185
17192
17196
17217
17229
17244
17244
17267
17268
17269
17270
17283
17291
17295
17297
17320
17327
17328
17340
17349
17350
17363
17387
17390
17395
17398
17411
17418
17458
17459
17461
17466
17468
17483
17493
17497
17499
17504
17529
17535
17536
17539
17545
17557
17568
17576
17577
17585
17587
17590
17604
17605
17606
17608
17612
17618
17619
17637
17643
17644
17650
17651
17654
17660
17664
17678
17687
17696
17698
17706
17707
17722
17732
17737
17750
17759
17760
17760
17768
17783
17784
17790
17796
17815
17829
17834
17850
17852
17864
17866
17874
17874
17882
17885
17887
17891
17893
17926
17936
17946
17950
17956
17957
17962
17974
17981
18004
18004
18017
18019
18027
18027
18053
18061
18062
18065
18071
18115
18117
18129
18133
18134
18136
18136
18163
18181
18194
18197
18207
18214
18217
18244
18248
18260
18262
18275
18276
18285
18299
18301
18310
18311
18326
18340
18348
18348
18365
18367
18371
18375
18384
18400
18406
18416
18423
18436
18441
18453
18486
18486
18509
18515
18531
18534
18536
18540
18560
18562
18587
18594
18595
18597
18600
18603
18607
18618
18619
18624
18666
18669
18682
18689
18695
18703
18718
18725
18737
18767
18768
18774
18776
18777
18802
18808
18827
18828
18832
18837
18851
18854
18870
18887
18897
18898
18911
18917
18927
18929
18937
18939
18970
18990
19008
19015
19018
19066
19068
19069
19087
19092
19103
19116
19128
19129
19143
19145
19154
19156
19168
19196
19209
19211
19214
19214
19217
19220
19245
19248
19248
19261
19261
19267
19268
19272
19273
19279
19294
19300
19301
19306
19310
19314
19329
19334
19337
19368
19369
19404
19413
19432
19433
19433
19436
19436
19443
19444
19460
19482
19492
19509
19518
19526
19531
19539
19556
19558
19576
19586
19589
19590
19615
19631
19638
19652
19661
19664
19669
19671
19713
19718
19720
19730
19745
19754
19759
19761
19761
19764
19771
19826
19830
19841
19843
19873
19878
19888
19907
19912
19915
19931
19937
19948
19968
19995
20009
20015
20019
20023
20025
20034
20037
20039
20043
20045
20056
20056
20062
20080
20085
20089
20104
20104
20107
20108
20120
20127
20144
20144
20165
20172
20178
20182
20190
20190
20219
20221
20221
20224
20231
20244
20247
20256
20267
20268
20279
20289
20292
20311
20318
20322
20334
20361
20367
20390
20400
20400
20418
20437
20439
20444
20456
20477
20487
20492
20509
20529
20531
20551
20552
20554
20559
20560
20568
20569
20570
20576
20576
20579
20595
20596
20597
20618
20622
20638
20646
20674
20683
20684
20693
20716
20733
20743
20767
20775
20799
20800
20801
20815
20824
20824
20827
20841
20842
20849
20850
20857
20859
20864
20873
20897
20897
20898
20907
20922
20923
20936
20941
20966
20970
20983
20987
20990
20992
20996
21021
21023
21024
21042
21042
21049
21076
21077
21103
21112
21118
21119
21121
21122
21124
21140
21153
21155
21155
21165
21170
21174
21184
21196
21206
21228
21229
21231
21237
21237
21247
21260
21282
21295
21296
21298
21300
21302
21309
21329
21335
21347
21372
21376
21387
21391
21407
21425
21441
21442
21466
21469
21491
21500
21514
21532
21535
21560
21563
21573
21607
21608
21621
21630
21636
21651
21681
21682
21683
21688
21696
21699
21702
21706
21707
21707
21710
21712
21719
21729
21732
21733
21734
21752
21757
21764
21784
21791
21802
21829
21834
21849
21866
21871
21890
21897
21900
21907
21909
21911
21933
21939
21942
21949
21982
21992
22004
22007
22010
22033
22042
22054
22066
22068
22074
22097
22107
22114
22155
22161
22170
22173
22181
22195
22201
22216
22220
22225
22225
22279
22282
22283
22303
22312
22323
22336
22343
22345
22359
22360
22363
22379
22408
22413
22413
22417
22420
22425
22448
22457
22457
22457
22459
22487
22509
22518
22521
22526
22549
22551
22551
22555
22556
22557
22565
22574
22579
22580
22587
22587
22607
22618
22625
22628
22630
22640
22650
22650
22659
22670
22670
22677
22690
22699
22700
22704
22711
22726
22729
22737
22763
22765
22791
22795
22795
22800
22808
22816
22822
22839
22844
22845
22848
22864
22883
22889
22890
22910
22919
22925
22929
22932
22938
22947
22962
22975
22987
22991
22993
23027
23030
23042
23044
23064
23073
23073
23078
23078
23085
23111
23113
23117
23121
23123
23124
23145
23148
23155
23195
23206
23210
23214
23214
23217
23217
23226
23228
23233
23240
23260
23271
23276
23328
23333
23340
23342
23342
23364
23373
23385
23385
23389
23405
23424
23447
23462
23470
23473
23482
23489
23492
23505
23506
23517
23530
23534
23538
23547
23552
23559
23565
23566
23571
23583
23586
23594
23604
23611
23615
23630
23631
23632
23636
23637
23648
23665
23668
23670
23674
23687
23689
23694
23701
23720
23732
23733
23742
23751
23762
23765
23786
23804
23808
23827
23829
23836
23842
23843
23850
23856
23863
23871
23883
23889
23889
23901
23901
23926
23931
23935
23936
23936
23946
23952
23954
23981
23993
24013
24023
24028
24051
24058
24061
24063
24076
24081
24082
24089
24090
24090
24102
24111
24130
24131
24160
24164
24169
24193
24194
24197
24198
24209
24233
24238
24238
24244
24248
24253
24261
24268
24274
24278
24290
24296
24332
24342
24373
24388
24395
24396
24427
24437
24441
24442
24448
24451
24452
24453
24461
24468
24481
24489
24494
24514
24518
24548
24548
24550
24572
24586
24593
24608
24631
24649
24650
24656
24660
24671
24680
24703
24708
24709
24719
24721
24721
24740
24744
24747
24747
24761
24765
24788
24802
24826
24853
24855
24876
24879
24892
24895
24905
24907
24908
24925
24942
24950
24953
24959
24959
24969
24971
24976
24979
24988
24991
24992
24996
25011
25015
25043
25045
25064
25066
25077
25082
25086
25086
25087
25089
25096
25108
25121
25126
25133
25145
25149
25164
25171
25198
25209
25209
25216
25228
25234
25256
25259
25263
25269
25287
25287
25288
25308
25312
25313
25318
25325
25331
25338
25339
25358
25370
25377
25379
25390
25423
25439
25459
25459
25475
25486
25489
25494
25516
25516
25528
25533
25552
25556
25564
25569
25578
25598
25598
25601
25608
25613
25620
25622
25632
25632
25633
25643
25655
25668
25672
25678
25695
25702
25707
25713
25717
25727
25741
25744
25754
25760
25762
25763
25766
25774
25777
25786
25788
25791
25793
25800
25804
25805
25809
25814
25822
25827
25844
25852
25855
25863
25885
25886
25900
25919
25919
25939
25948
25950
25957
25962
26005
26006
26033
26050
26052
26055
26056
26061
26066
26074
26083
26085
26091
26103
26110
26114
26125
26129
26133
26147
26150
26150
26153
26162
26174
26177
26182
26186
26191
26203
26230
26232
26242
26245
26287
26297
26313
26317
26341
26350
26353
26354
26363
26366
26374
26386
26395
26396
26405
26408
26417
26431
26433
26436
26450
26453
26453
26457
26464
26466
26489
26490
26493
26505
26507
26513
26516
26541
26558
26574
26584
26621
26632
26633
26653
26659
26667
26671
26677
26685
26710
26711
26729
26730
26735
26752
26760
26761
26774
26774
26775
26776
26782
26783
26788
26788
26791
26795
26797
26806
26809
26816
26825
26835
26841
26843
26852
26853
26857
26863
26873
26887
26901
26903
26905
26908
26921
26922
26925
26929
26931
26932
26940
26950
26967
27009
27010
27010
27013
27015
27026
27031
27050
27071
27075
27079
27092
27105
27117
27121
27133
27141
27154
27161
27161
27176
27183
27195
27196
27205
27218
27219
27229
27229
27230
27230
27253
27261
27279
27279
27281
27291
27297
27309
27314
27317
27326
27327
27337
27355
27362
27370
27375
27386
27388
27410
27412
27422
27435
27437
27444
27457
27467
27475
27484
27487
27494
27500
27503
27518
27534
27539
27541
27544
27545
27559
27562
27573
27585
27587
27597
27627
27630
27631
27634
27643
27655
27657
27658
27670
27680
27680
27684
27694
27695
27697
27698
27698
27710
27714
27714
27745
27751
27753
27760
27788
27793
27793
27794
27796
27803
27806
27830
27847
27848
27859
27864
27898
27912
27916
27926
27939
27952
27963
27969
27972
27974
27978
27982
27983
27990
28004
28012
28062
28087
28087
28096
28106
28110
28124
28135
28142
28144
28149
28163
28167
28170
28171
28181
28189
28194
28200
28211
28214
28221
28232
28240
28252
28267
28292
28319
28327
28330
28330
28330
28332
28344
28346
28392
28397
28415
28418
28426
28451
28459
28460
28476
28485
28504
28507
28514
28518
28527
28528
28552
28552
28592
28603
28611
28618
28627
28628
28656
28669
28677
28711
28712
28712
28726
28736
28741
28743
28747
28753
28753
28756
28759
28766
28768
28770
28783
28789
28806
28816
28835
28847
28855
28863
28872
28873
28875
28878
28884
28890
28893
28900
28903
28906
28924
28927
28928
28937
28959
28964
28993
28994
28995
28998
29002
29006
29006
29025
29060
29076
29094
29107
29108
29135
29144
29145
29148
29168
29174
29191
29194
29207
29224
29236
29249
29252
29257
29267
29268
29270
29284
29292
29295
29300
29330
29335
29351
29353
29354
29369
29371
29392
29395
29397
29406
29418
29421
29421
29423
29446
29447
29456
29456
29489
29490
29495
29505
29507
29521
29524
29528
29551
29552
29563
29566
29567
29571
29600
29601
29645
29652
29655
29660
29661
29667
29671
29673
29683
29691
29698
29722
29724
29744
29755
29766
29768
29781
29799
29803
29809
29812
29812
29826
29827
29836
29848
29889
29892
29901
29901
29909
29919
29926
29928
29932
29957
29967
29970
29971
29983
29986
29990
30007
30011
30032
30035
30036
30046
30048
30059
30061
30085
30091
30104
30107
30108
30110
30121
30128
30139
30144
30151
30155
30165
30178
30184
30184
30187
30200
30200
30201
30202
30216
30220
30225
30238
30243
30249
30252
30290
30296
30306
30310
30315
30320
30321
30325
30329
30334
30339
30340
30341
30343
30348
30351
30356
30359
30366
30368
30368
30371
30381
30381
30395
30403
30416
30418
30423
30433
30444
30445
30447
30474
30476
30478
30478
30484
30495
30529
30531
30544
30559
30563
30575
30577
30584
30589
30594
30596
30608
30611
30616
30649
30674
30677
30688
30690
30692
30698
30721
30724
30736
30742
30749
30750
30750
30756
30762
30778
30782
30805
30811
30823
30826
30838
30842
30853
30864
30866
30871
30894
30895
30899
30904
30909
30915
30927
30952
30962
30965
30968
30983
30984
30991
30992
31008
31012
31015
31023
31037
31039
31056
31063
31074
31075
31076
31084
31093
31097
31112
31116
31119
31139
31141
31147
31154
31163
31163
31164
31170
31195
31206
31224
31225
31230
31236
31237
31247
31299
31301
31340
31344
31358
31364
31366
31366
31370
31370
31385
31396
31397
31403
31404
31409
31411
31413
31415
31420
31426
31439
31465
31475
31477
31490
31538
31542
31543
31549
31552
31560
31562
31566
31567
31570
31585
31602
31613
31622
31622
31630
31636
31641
31653
31655
31656
31657
31658
31671
31678
31685
31692
31697
31698
31704
31708
31719
31725
31727
31735
31736
31737
31743
31743
31756
31758
31781
31796
31810
31811
31818
31829
31829
31830
31833
31839
31840
31854
31879
31887
31902
31918
31922
31930
31931
31946
31960
31977
31979
31981
31983
31987
31991
32010
32016
32021
32057
32067
32074
32081
32098
32104
32109
32136
32175
32184
32189
32200
32201
32209
32210
32212
32215
32225
32230
32234
32240
32274
32287
32288
32292
32295
32304
32324
32334
32371
32373
32388
32396
32398
32400
32408
32414
32420
32436
32454
32469
32471
32471
32501
32502
32514
32519
32520
32546
32547
32548
32552
32552
32562
32597
32598
32605
32606
32607
32608
32627
32632
32647
32659
32665
32670
32673
32698
32700
32731
32761
32770
32772
32785
32789
32816
32825
32830
32849
32850
32851
32853
32854
32856
32856
32860
32875
32881
32887
32891
32893
32905
32906
32910
32914
32932
32934
32939
32958
32967
32970
32978
32982
32989
32994
33004
33010
33017
33021
33030
33036
33038
33040
33040
33048
33065
33069
33079
33080
33093
33096
33115
33117
33126
33129
33150
33161
33163
33163
33168
33172
33173
33175
33177
33214
33222
33228
33231
33237
33249
33255
33257
33266
33270
33276
33285
33287
33291
33299
33301
33309
33318
33330
33333
33343
33349
33352
33356
33378
33384
33387
33389
33403
33404
33406
33407
33407
33416
33416
33431
33439
33453
33472
33475
33479
33509
33527
33537
33539
33541
33596
33598
33600
33603
33604
33635
33639
33650
33657
33657
33681
33683
33690
33700
33720
33728
33737
33741
33751
33762
33766
33768
33775
33781
33797
33807
33810
33819
33822
33826
33830
33841
33879
33898
33900
33908
33917
33933
33943
33943
33968
33973
33998
34014
34033
34043
34045
34085
34100
34134
34148
34153
34155
34156
34169
34181
34186
34187
34200
34210
34213
34221
34225
34230
34244
34276
34281
34284
34294
34305
34307
34309
34311
34312
34322
34327
34328
34361
34373
34386
34419
34423
34430
34434
34448
34478
34480
34486
34490
34496
34498
34509
34513
34522
34527
34539
34543
34545
34563
34576
34592
34607
34609
34615
34628
34628
34635
34643
34643
34655
34660
34666
34667
34681
34683
34711
34715
34723
34726
34735
34748
34749
34751
34757
34758
34758
34762
34763
34764
34764
34772
34772
34775
34776
34793
34797
34806
34809
34824
34840
34841
34879
34882
34914
34917
34925
34930
34943
34958
34968
34969
34991
34992
34998
35013
35014
35020
35050
35053
35066
35076
35081
35091
35091
35111
35126
35127
35131
35141
35147
35149
35158
35164
35187
35195
35207
35223
35241
35242
35253
35254
35258
35298
35305
35314
35315
35319
35330
35346
35360
35370
35382
35386
35387
35391
35403
35403
35429
35430
35431
35435
35437
35443
35445
35446
35451
35455
35458
35458
35470
35490
35495
35500
35501
35519
35523
35525
35526
35526
35527
35542
35545
35569
35571
35579
35584
35593
35610
35613
35613
35617
35619
35630
35712
35721
35731
35734
35744
35748
35749
35754
35756
35763
35764
35766
35774
35775
35800
35802
35823
35825
35830
35836
35838
35838
35845
35846
35848
35869
35870
35890
35903
35909
35920
35922
35926
35927
35938
35945
35951
35966
35968
35970
35978
35982
35984
35991
35996
36002
36012
36013
36014
36014
36032
36056
36079
36081
36085
36088
36104
36106
36117
36117
36129
36142
36142
36159
36159
36167
36172
36186
36195
36197
36200
36204
36204
36209
36214
36230
36232
36240
36242
36250
36255
36255
36274
36274
36280
36285
36302
36304
36305
36307
36307
36311
36314
36324
36335
36351
36366
36368
36386
36390
36392
36424
36427
36439
36451
36454
36461
36462
36464
36472
36477
36484
36501
36517
36519
36546
36550
36554
36563
36570
36585
36605
36606
36617
36620
36624
36633
36653
36665
36669
36675
36686
36687
36700
36701
36710
36711
36713
36715
36716
36717
36726
36730
36745
36758
36763
36763
36790
36792
36797
36818
36845
36866
36882
36889
36903
36907
36917
36926
36935
36951
36955
36963
36964
36966
36977
36984
36988
36988
37028
37043
37062
37064
37079
37088
37110
37124
37151
37152
37152
37173
37175
37179
37188
37210
37224
37232
37235
37239
37247
37251
37252
37261
37271
37272
37274
37279
37294
37303
37321
37341
37349
37373
37381
37404
37413
37434
37435
37438
37441
37441
37467
37490
37502
37511
37513
37530
37539
37542
37547
37555
37570
37572
37592
37602
37638
37640
37648
37667
37674
37688
37693
37695
37698
37703
37722
37732
37751
37754
37768
37777
37788
37791
37794
37795
37811
37829
37847
37865
37866
37882
37886
37894
37895
37922
37932
37933
37945
37955
37960
37962
37965
37980
37980
38010
38014
38014
38036
38068
38074
38087
38090
38093
38098
38100
38118
38124
38129
38139
38141
38147
38149
38157
38165
38166
38167
38175
38177
38188
38193
38222
38222
38226
38228
38234
38247
38256
38264
38275
38293
38296
38301
38310
38311
38320
38328
38336
38340
38363
38374
38377
38380
38390
38399
38400
38404
38408
38412
38418
38452
38454
38456
38459
38476
38505
38510
38532
38536
38545
38548
38565
38569
38579
38581
38593
38601
38602
38615
38622
38629
38634
38635
38637
38684
38685
38693
38698
38707
38710
38711
38715
38720
38721
38742
38749
38756
38777
38785
38801
38805
38813
38815
38823
38830
38838
38865
38868
38881
38895
38899
38905
38921
38930
38931
38932
38974
38975
38991
39001
39010
39026
39029
39038
39039
39054
39066
39068
39070
39070
39070
39085
39095
39117
39125
39160
39167
39170
39173
39192
39202
39202
39209
39223
39227
39231
39235
39238
39252
39263
39279
39282
39284
39298
39310
39324
39326
39335
39337
39353
39358
39359
39364
39365
39385
39391
39392
39411
39419
39423
39436
39439
39442
39448
39450
39453
39460
39464
39474
39483
39486
39501
39502
39522
39525
39539
39541
39549
39558
39559
39564
39566
39568
39581
39585
39597
39609
39610
39610
39612
39616
39630
39656
39657
39662
39666
39673
39683
39684
39686
39687
39703
39707
39710
39736
39738
39740
39743
39743
39746
39757
39782
39784
39790
39793
39800
39805
39806
39810
39822
39839
39841
39872
39888
39892
39894
39904
39905
39905
39915
39918
39921
39927
39962
39982
39985
40018
40024
40026
40030
40036
40038
40045
40046
40053
40069
40086
40115
40126
40128
40131
40133
40135
40139
40147
40163
40178
40183
40187
40198
40199
40213
40215
40215
40238
40254
40257
40271
40274
40279
40279
40296
40298
40302
40320
40320
40326
40328
40331
40332
40338
40339
40346
40354
40376
40384
40386
40391
40399
40399
40404
40421
40433
40451
40454
40475
40484
40485
40487
40494
40495
40498
40513
40525
40526
40532
40553
40554
40557
40563
40615
40622
40631
40635
40636
40638
40649
40659
40680
40695
40701
40709
40712
40719
40719
40719
40723
40726
40733
40736
40736
40743
40747
40747
40748
40752
40761
40762
40762
40782
40800
40807
40817
40824
40829
40832
40834
40855
40857
40876
40886
40888
40893
40894
40900
40905
40906
40911
40922
40939
40941
40948
40958
40966
40974
40976
40977
40978
40984
40990
40992
41016
41016
41019
41029
41052
41078
41082
41096
41107
41116
41118
41123
41137
41149
41155
41156
41158
41171
41176
41180
41205
41216
41217
41224
41228
41233
41254
41257
41276
41276
41290
41299
41312
41320
41340
41340
41348
41356
41366
41380
41394
41397
41400
41402
41405
41408
41422
41427
41430
41455
41455
41461
41463
41466
41467
41470
41475
41486
41489
41498
41503
41511
41513
41525
41526
41538
41538
41540
41547
41550
41555
41558
41558
41566
41567
41571
41572
41583
41591
41609
41609
41616
41627
41656
41666
41675
41676
41695
41722
41726
41731
41753
41771
41771
41777
41780
41787
41793
41803
41803
41845
41850
41854
41855
41859
41868
41876
41884
41887
41904
41905
41908
41938
41941
41944
41961
41963
41967
41971
41976
41994
42013
42014
42016
42034
42043
42046
42053
42073
42088
42091
42099
42101
42102
42105
42108
42112
42118
42140
42140
42142
42154
42157
42161
42162
42166
42170
42179
42182
42194
42196
42196
42243
42246
42248
42254
42270
42270
42280
42281
42317
42321
42321
42328
42340
42346
42348
42352
42354
42373
42373
42373
42378
42387
42391
42392
42415
42416
42417
42433
42478
42481
42498
42527
42556
42559
42565
42566
42584
42592
42604
42612
42622
42624
42627
42633
42635
42642
42645
42653
42680
42696
42696
42713
42723
42725
42725
42727
42730
42732
42736
42741
42742
42744
42750
42750
42760
42760
42767
42770
42791
42801
42805
42807
42811
42816
42818
42820
42827
42834
42835
42848
42851
42857
42858
42884
42905
42909
42912
42913
42918
42928
42932
42957
42969
42970
42977
42996
43010
43010
43015
43022
43023
43028
43031
43036
43049
43054
43057
43058
43061
43062
43064
43077
43083
43083
43087
43098
43100
43110
43110
43139
43141
43146
43163
43168
43181
43199
43214
43214
43221
43241
43248
43257
43276
43278
43279
43302
43308
43314
43326
43336
43337
43346
43346
43348
43355
43364
43365
43369
43389
43392
43405
43406
43414
43420
43422
43423
43428
43437
43440
43447
43448
43477
43485
43514
43538
43541
43552
43553
43563
43565
43568
43571
43573
43585
43589
43596
43638
43644
43644
43646
43661
43662
43662
43662
43668
43680
43687
43693
43721
43725
43734
43737
43742
43743
43746
43753
43766
43771
43780
43783
43790
43796
43806
43816
43820
43826
43833
43851
43852
43855
43858
43862
43878
43889
43892
43901
43908
43909
43913
43928
43929
43932
43934
43934
43937
43966
43971
43974
43975
43976
43995
44002
44026
44030
44031
44037
44042
44053
44062
44067
44082
44082
44091
44094
44095
44099
44105
44112
44131
44140
44143
44152
44159
44165
44178
44196
44207
44214
44263
44280
44284
44286
44289
44290
44311
44337
44340
44360
44383
44383
44392
44407
44416
44416
44419
44426
44432
44449
44454
44466
44471
44474
44485
44488
44495
44497
44498
44508
44517
44523
44523
44532
44536
44539
44546
44560
44560
44562
44578
44584
44589
44596
44605
44611
44613
44621
44624
44631
44646
44672
44679
44687
44691
44693
44694
44712
44718
44719
44727
44749
44756
44775
44779
44798
44815
44817
44837
44840
44850
44869
44895
44899
44906
44914
44921
44926
44929
44929
44935
44942
44957
44968
44974
44986
45005
45008
45012
45015
45049
45059
45067
45083
45093
45102
45107
45124
45139
45144
45160
45171
45188
45199
45199
45206
45212
45213
45214
45223
45226
45227
45230
45247
45253
45257
45267
45275
45275
45279
45291
45304
45313
45319
45327
45335
45345
45347
45352
45356
45366
45367
45374
45376
45384
45384
45385
45387
45391
45397
45401
45408
45424
45428
45451
45457
45462
45471
45484
45486
45507
45556
45565
45583
45595
45598
45601
45601
45631
45636
45637
45645
45650
45665
45675
45682
45695
45697
45700
45708
45709
45720
45724
45727
45731
45737
45756
45758
45759
45779
45780
45788
45789
45804
45816
45827
45834
45846
45852
45867
45882
45883
45887
45889
45901
45904
45908
45925
45945
45947
45953
45957
45966
45966
45979
46001
46007
46013
46049
46049
46050
46058
46072
46086
46094
46110
46118
46134
46146
46146
46156
46159
46164
46166
46184
46186
46191
46208
46208
46215
46222
46229
46233
46234
46237
46238
46273
46275
46289
46292
46294
46309
46312
46332
46363
46370
46375
46379
46381
46382
46392
46396
46397
46397
46399
46400
46403
46409
46410
46424
46425
46426
46437
46439
46450
46454
46466
46482
46487
46487
46522
46523
46527
46530
46532
46591
46594
46602
46604
46621
46632
46641
46650
46657
46664
46674
46687
46696
46696
46701
46706
46723
46728
46735
46744
46749
46759
46765
46778
46787
46793
46795
46797
46805
46809
46812
46820
46830
46836
46839
46839
46849
46849
46875
46876
46910
46910
46924
46931
46936
46938
46942
46965
46986
46987
46995
46999
47001
47003
47004
47016
47048
47077
47078
47085
47096
47097
47102
47114
47127
47132
47134
47137
47138
47139
47139
47180
47181
47186
47209
47216
47232
47232
47236
47266
47268
47271
47287
47292
47294
47306
47307
47320
47325
47335
47345
47359
47375
47414
47430
47441
47447
47449
47451
47470
47477
47485
47491
47498
47501
47502
47506
47512
47521
47526
47528
47543
47545
47545
47550
47550
47555
47560
47582
47584
47594
47596
47596
47623
47641
47646
47650
47656
47659
47669
47675
47678
47679
47680
47695
47705
47713
47720
47745
47748
47766
47773
47773
47773
47778
47784
47790
47792
47797
47811
47814
47827
47829
47836
47837
47840
47841
47852
47861
47861
47862
47889
47892
47895
47922
47922
47923
47925
47928
47938
47948
47956
47956
47963
47964
47964
47967
47981
47981
47982
47989
48002
48002
48005
48009
48013
48016
48024
48025
48027
48031
48034
48035
48052
48058
48067
48071
48081
48082
48087
48093
48106
48111
48114
48117
48117
48118
48142
48149
48161
48170
48206
48207
48212
48229
48246
48248
48260
48260
48271
48286
48291
48307
48314
48318
48333
48340
48353
48373
48415
48423
48427
48438
48438
48455
48462
48473
48474
48483
48525
48543
48549
48554
48568
48573
48581
48590
48604
48611
48614
48629
48641
48642
48649
48657
48660
48677
48679
48681
48687
48690
48702
48708
48722
48724
48732
48733
48733
48737
48742
48756
48774
48775
48779
48789
48801
48804
48805
48806
48825
48825
48835
48839
48847
48854
48854
48854
48856
48862
48869
48870
48872
48875
48876
48896
48912
48913
48916
48926
48939
48940
48955
48966
48971
48980
48986
48986
48990
48991
48992
49003
49008
49012
49013
49020
49021
49041
49054
49057
49075
49078
49079
49081
49082
49113
49115
49121
49129
49130
49131
49148
49160
49161
49173
49188
49189
49209
49210
49224
49229
49244
49248
49252
49276
49281
49286
49309
49311
49325
49329
49341
49349
49355
49357
49366
49373
49375
49382
49391
49395
49417
49423
49424
49430
49441
49445
49449
49492
49495
49505
49506
49510
49522
49533
49540
49549
49551
49556
49563
49565
49637
49654
49658
49663
49674
49682
49689
49695
49704
49707
49717
49756
49756
49760
49762
49784
49792
49814
49831
49835
49846
49847
49869
49874
49886
49890
49894
49923
49954
49961
49966
49968
49976
49993
49998
