21
27
32
36
36
38
47
54
56
65
68
73
86
91
98
103
104
110
126
127
142
145
155
158
191
194
200
202
217
229
235
240
253
270
291
294
299
302
303
324
327
330
366
372
374
376
376
384
392
415
421
425
444
444
450
456
459
461
464
464
473
475
492
494
500
504
519
521
523
533
535
543
544
544
551
555
558
560
571
582
592
594
597
604
606
624
626
652
660
661
666
674
682
689
698
704
706
720
721
728
730
735
743
749
752
760
761
762
763
764
771
777
791
794
800
808
811
827
844
845
868
872
878
880
885
894
900
902
912
914
916
922
925
929
943
951
964
964
965
985
994
994
998
1001
1004
1005
1014
1019
1047
1048
1050
1058
1070
1072
1072
1073
1076
1077
1085
1086
1088
1110
1120
1123
1127
1130
1161
1163
1174
1192
1192
1194
1209
1209
1226
1229
1239
1243
1254
1262
1277
1279
1298
1298
1299
1303
1314
1321
1334
1343
1348
1349
1352
1361
1364
1367
1376
1382
1384
1388
1392
1395
1396
1403
1405
1411
1412
1416
1416
1422
1428
1432
1460
1482
1484
1487
1499
1504
1525
1531
1539
1547
1547
1550
1554
1582
1588
1593
1596
1597
1600
1604
1606
1612
1626
1627
1628
1631
1633
1638
1668
1672
1673
1693
1708
1709
1720
1725
1729
1749
1759
1763
1766
1784
1788
1789
1793
1794
1797
1812
1825
1832
1846
1846
1847
1852
1857
1858
1863
1866
1875
1878
1884
1888
1906
1906
1923
1923
1926
1927
1929
1941
1951
1953
1962
1975
1990
1994
2010
2013
2022
2047
2047
2052
2058
2067
2070
2082
2149
2153
2162
2165
2181
2194
2202
2217
2222
2226
2226
2228
2233
2253
2253
2264
2264
2288
2303
2305
2327
2331
2352
2354
2357
2362
2377
2386
2386
2386
2389
2404
2406
2409
2412
2419
2437
2453
2455
2466
2473
2500
2509
2525
2528
2558
2559
2570
2584
2599
2611
2618
2627
2628
2638
2646
2648
2650
2677
2699
2703
2714
2714
2729
2741
2742
2752
2761
2763
2773
2774
2777
2782
2794
2802
2802
2810
2812
2823
2829
2834
2839
2840
2843
2845
2850
2852
2860
2865
2867
2869
2871
2873
2873
2878
2882
2890
2895
2897
2905
2922
2924
2931
2940
2949
2954
2954
2958
2969
2971
2981
2983
3000
3018
3025
3031
3037
3044
3053
3057
3059
3074
3076
3082
3097
3104
3111
3116
3125
3131
3139
3140
3148
3151
3174
3184
3188
3188
3193
3199
3202
3206
3224
3225
3235
3238
3246
3249
3268
3277
3279
3281
3290
3291
3298
3299
3300
3308
3314
3318
3326
3338
3344
3344
3346
3351
3367
3375
3380
3384
3385
3386
3396
3409
3415
3417
3430
3443
3450
3455
3458
3459
3465
3467
3473
3476
3484
3486
3487
3506
3518
3536
3538
3549
3554
3570
3572
3576
3577
3580
3586
3596
3608
3621
3623
3642
3646
3650
3660
3666
3673
3674
3679
3688
3690
3695
3707
3708
3711
3720
3729
3734
3735
3738
3770
3771
3772
3776
3779
3788
3791
3795
3798
3815
3816
3824
3824
3827
3836
3836
3845
3852
3860
3869
3882
3890
3892
3901
3904
3908
3914
3915
3915
3917
3919
3937
3940
3943
3946
3969
3982
3982
3988
4004
4032
4036
4039
4046
4055
4067
4082
4084
4084
4097
4107
4107
4109
4114
4117
4119
4132
4133
4135
4166
4182
4207
4222
4230
4231
4255
4258
4265
4269
4272
4276
4276
4280
4282
4290
4303
4306
4309
4322
4323
4328
4344
4347
4351
4352
4355
4356
4359
4361
4382
4388
4396
4398
4404
4405
4409
4411
4415
4421
4428
4431
4431
4447
4447
4452
4461
4461
4463
4464
4479
4479
4498
4503
4505
4514
4521
4550
4550
4564
4565
4571
4573
4575
4583
4590
4597
4600
4610
4617
4622
4622
4625
4631
4633
4639
4649
4667
4674
4689
4700
4709
4713
4717
4717
4732
4736
4738
4739
4747
4749
4751
4756
4760
4768
4771
4776
4776
4782
4787
4795
4796
4819
4819
4830
4831
4838
4846
4862
4862
4866
4870
4888
4890
4899
4901
4904
4926
4942
4947
4950
4956
4958
4966
4969
4970
4973
4985
4986
4995
4995
4998
4999
5000
5010
5013
5014
5021
5025
5027
5039
5043
5045
5051
5058
5062
5088
5089
5091
5092
5101
5103
5107
5120
5124
5124
5126
5127
5128
5132
5147
5156
5158
5166
5179
5182
5193
5202
5211
5211
5215
5241
5259
5262
5271
5272
5275
5283
5283
5292
5305
5320
5332
5344
5348
5348
5351
5353
5359
5366
5368
5376
5380
5382
5399
5405
5445
5448
5454
5460
5466
5467
5473
5484
5485
5491
5494
5498
5513
5513
5517
5519
5522
5529
5533
5540
5540
5546
5546
5548
5549
5549
5559
5564
5574
5574
5577
5586
5591
5592
5608
5616
5616
5617
5618
5623
5623
5628
5634
5646
5659
5664
5672
5689
5695
5710
5710
5712
5715
5722
5724
5738
5745
5751
5758
5759
5759
5763
5781
5785
5805
5816
5819
5820
5827
5843
5844
5847
5851
5863
5863
5879
5882
5896
5901
5916
5928
5932
5938
5950
5951
5954
5968
5985
5995
6001
6007
6012
6015
6016
6033
6034
6045
6052
6054
6058
6063
6069
6078
6081
6083
6093
6096
6099
6111
6113
6125
6133
6140
6147
6171
6176
6179
6200
6218
6220
6230
6231
6241
6242
6247
6248
6266
6275
6278
6285
6292
6300
6306
6344
6362
6364
6368
6369
6374
6375
6378
6383
6404
6407
6413
6415
6415
6423
6437
6438
6443
6457
6458
6461
6463
6464
6467
6467
6483
6484
6500
6506
6511
6520
6522
6523
6530
6543
6552
6554
6556
6559
6567
6575
6576
6591
6603
6617
6626
6628
6629
6638
6668
6669
6674
6677
6702
6708
6713
6725
6728
6733
6745
6746
6749
6753
6758
6762
6764
6764
6766
6766
6769
6771
6776
6783
6789
6792
6793
6844
6851
6860
6862
6864
6866
6871
6873
6875
6885
6899
6899
6902
6907
6908
6909
6910
6917
6919
6933
6933
6934
6934
6942
6956
6957
6962
6972
6983
6992
6998
7006
7012
7013
7014
7021
7025
7039
7041
7055
7064
7075
7082
7108
7112
7116
7121
7127
7131
7139
7142
7147
7149
7152
7154
7159
7159
7198
7200
7205
7213
7214
7228
7231
7234
7236
7241
7242
7248
7250
7253
7254
7260
7262
7265
7273
7275
7277
7278
7285
7289
7293
7294
7296
7317
7329
7337
7343
7344
7354
7356
7360
7363
7385
7406
7423
7429
7445
7458
7466
7468
7478
7488
7497
7497
7529
7536
7545
7546
7554
7559
7567
7569
7573
7575
7588
7590
7597
7607
7612
7624
7625
7635
7644
7651
7653
7664
7694
7713
7719
7732
7755
7767
7768
7780
7781
7806
7806
7813
7818
7819
7822
7839
7846
7859
7865
7872
7881
7901
7905
7920
7923
7924
7930
7955
7956
7963
7987
8003
8013
8014
8016
8024
8026
8027
8032
8033
8034
8038
8051
8051
8052
8053
8055
8056
8056
8071
8076
8080
8092
8096
8099
8104
8107
8108
8109
8110
8115
8118
8137
8147
8154
8164
8166
8172
8185
8192
8201
8203
8204
8211
8220
8224
8225
8225
8227
8236
8241
8251
8252
8261
8266
8279
8282
8292
8308
8319
8329
8343
8364
8379
8381
8387
8391
8391
8394
8424
8444
8444
8448
8450
8467
8478
8487
8490
8500
8521
8521
8525
8526
8534
8537
8542
8554
8562
8571
8575
8581
8581
8583
8589
8609
8627
8631
8639
8646
8669
8674
8684
8685
8687
8691
8693
8700
8701
8703
8707
8712
8718
8731
8731
8731
8737
8753
8760
8762
8765
8767
8773
8787
8789
8798
8803
8803
8818
8832
8848
8855
8868
8871
8873
8874
8880
8885
8887
8890
8898
8901
8906
8909
8913
8923
8928
8936
8938
8945
8946
8961
8964
8966
8966
8967
8976
8981
8987
8988
8994
9007
9012
9030
9031
9034
9050
9052
9065
9078
9080
9090
9091
9104
9105
9111
9118
9122
9131
9132
9150
9153
9155
9162
9173
9175
9185
9197
9203
9210
9211
9216
9218
9228
9228
9254
9256
9268
9269
9285
9295
9305
9314
9317
9319
9321
9322
9324
9330
9334
9336
9359
9361
9363
9365
9378
9388
9397
9398
9408
9424
9431
9474
9484
9496
9497
9528
9532
9533
9535
9549
9556
9564
9565
9567
9571
9580
9582
9589
9594
9599
9606
9608
9624
9626
9629
9632
9653
9655
9663
9675
9677
9679
9679
9680
9687
9700
9703
9704
9707
9734
9736
9737
9739
9739
9750
9755
9758
9761
9762
9765
9778
9787
9788
9791
9796
9798
9804
9805
9807
9808
9816
9818
9819
9826
9839
9841
9855
9862
9863
9865
9877
9881
9883
9883
9900
9918
9918
9943
9948
9949
9950
9956
9964
9974
9978
9979
9980
9981
9982
9982
9983
9995
10003
10006
10007
10010
10011
10015
10023
10030
10031
10038
10042
10052
10063
10076
10083
10087
10089
10093
10119
10119
10121
10135
10141
10146
10151
10153
10168
10179
10186
10193
10203
10205
10208
10210
10211
10215
10224
10229
10238
10250
10250
10253
10253
10257
10258
10268
10269
10271
10300
10312
10322
10331
10338
10353
10372
10384
10391
10392
10393
10394
10396
10400
10402
10405
10420
10429
10435
10436
10445
10448
10451
10463
10465
10469
10469
10476
10494
10509
10513
10521
10525
10530
10545
10551
10551
10558
10569
10575
10585
10599
10603
10604
10607
10610
10613
10616
10621
10630
10630
10631
10635
10651
10665
10670
10673
10686
10705
10713
10720
10720
10727
10770
10776
10787
10787
10804
10809
10823
10828
10834
10842
10845
10852
10861
10866
10873
10877
10878
10880
10880
10882
10886
10887
10902
10911
10917
10930
10931
10934
10966
10968
10983
10995
10998
11041
11055
11055
11060
11060
11075
11082
11084
11086
11089
11097
11108
11112
11123
11124
11127
11142
11142
11156
11160
11160
11162
11172
11180
11190
11195
11197
11199
11206
11230
11231
11232
11234
11236
11253
11257
11281
11297
11298
11301
11314
11322
11334
11338
11340
11344
11348
11350
11353
11355
11360
11374
11384
11386
11392
11394
11397
11397
11407
11407
11425
11448
11448
11465
11466
11481
11481
11490
11500
11502
11502
11504
11511
11522
11524
11529
11529
11543
11543
11577
11582
11585
11590
11599
11600
11604
11604
11618
11622
11624
11626
11628
11637
11649
11652
11654
11657
11667
11671
11681
11686
11686
11690
11698
11704
11709
11711
11714
11716
11721
11725
11730
11732
11735
11739
11753
11756
11760
11768
11806
11819
11822
11824
11829
11835
11836
11839
11847
11855
11878
11889
11897
11897
11913
11922
11925
11934
11934
11936
11940
11946
11951
11953
11996
11998
12019
12027
12030
12051
12065
12066
12079
12084
12106
12112
12112
12132
12133
12149
12180
12191
12191
12192
12197
12215
12225
12230
12234
12247
12255
12264
12270
12283
12294
12295
12302
12308
12311
12314
12320
12336
12337
12342
12347
12349
12351
12371
12374
12379
12398
12402
12416
12417
12440
12441
12447
12453
12460
12463
12464
12467
12476
12478
12478
12481
12484
12486
12489
12501
12516
12523
12525
12530
12531
12532
12541
12546
12551
12553
12558
12574
12591
12593
12600
12604
12605
12607
12607
12629
12629
12633
12645
12646
12648
12659
12687
12700
12711
12712
12724
12728
12732
12742
12742
12743
12744
12744
12753
12762
12767
12775
12775
12777
12781
12782
12792
12800
12801
12802
12802
12806
12817
12820
12832
12838
12839
12843
12844
12854
12863
12870
12895
12897
12911
12911
12915
12919
12919
12923
12926
12941
12949
12966
12975
12980
12981
12983
12992
12996
13001
13001
13002
13003
13004
13017
13029
13039
13040
13051
13052
13060
13070
13082
13090
13109
13134
13134
13135
13140
13151
13151
13172
13174
13189
13197
13226
13234
13236
13236
13236
13255
13259
13260
13264
13266
13271
13272
13280
13286
13288
13297
13299
13302
13305
13310
13319
13322
13334
13344
13346
13358
13360
13360
13364
13368
13370
13388
13402
13411
13425
13428
13434
13435
13437
13441
13447
13450
13458
13458
13458
13464
13480
13485
13490
13492
13500
13511
13513
13516
13522
13524
13530
13534
13547
13549
13550
13553
13564
13565
13566
13568
13588
13602
13606
13612
13612
13614
13618
13629
13640
13665
13674
13682
13682
13685
13692
13693
13694
13695
13705
13711
13713
13730
13732
13738
13748
13751
13752
13753
13790
13796
13813
13825
13833
13835
13839
13845
13848
13849
13853
13856
13868
13884
13884
13907
13909
13923
13929
13930
13932
13938
13946
13949
13950
13953
13953
13959
13974
13975
13988
13999
14031
14034
14043
14051
14057
14061
14074
14078
14079
14086
14094
14104
14107
14111
14119
14129
14130
14138
14142
14143
14145
14154
14159
14165
14166
14170
14176
14177
14185
14190
14193
14202
14205
14205
14210
14226
14243
14247
14259
14261
14264
14267
14272
14275
14277
14294
14299
14315
14316
14317
14337
14344
14369
14369
14371
14372
14382
14385
14392
14398
14410
14415
14419
14423
14427
14427
14440
14444
14455
14460
14469
14478
14488
14507
14515
14516
14522
14535
14543
14545
14551
14553
14555
14574
14591
14596
14608
14611
14614
14621
14621
14625
14634
14643
14651
14652
14654
14662
14663
14673
14673
14676
14689
14694
14700
14701
14704
14705
14725
14749
14749
14750
14756
14776
14785
14791
14808
14809
14817
14821
14821
14827
14857
14859
14862
14864
14875
14875
14880
14887
14888
14903
14903
14905
14909
14915
14920
14922
14928
14936
14941
14943
14984
14984
14995
14998
15003
15005
15008
15011
15030
15040
15050
15056
15060
15063
15067
15085
15086
15106
15114
15120
15130
15142
15153
15155
15155
15160
15175
15185
15189
15198
15200
15202
15208
15226
15245
15250
15257
15269
15280
15283
15293
15296
15297
15301
15304
15308
15310
15319
15331
15345
15353
15359
15361
15364
15372
15386
15389
15401
15411
15413
15418
15430
15431
15433
15435
15437
15445
15449
15452
15467
15470
15470
15476
15482
15487
15487
15493
15502
15506
15507
15509
15509
15515
15534
15541
15543
15554
15565
15565
15572
15572
15585
15589
15590
15591
15593
15595
15596
15606
15608
15618
15622
15637
15641
15645
15649
15662
15682
15684
15685
15692
15692
15694
15698
15704
15715
15718
15722
15751
15754
15755
15759
15760
15761
15771
15777
15779
15779
15810
15815
15849
15851
15853
15867
15877
15878
15893
15895
15897
15902
15912
15913
15914
15919
15920
15924
15924
15929
15930
15946
15947
15953
15958
15966
15967
15975
15997
16001
16012
16012
16024
16025
16032
16034
16042
16048
16052
16066
16068
16068
16069
16079
16084
16086
16090
16091
16115
16126
16132
16140
16153
16165
16189
16189
16193
16196
16198
16217
16218
16229
16229
16243
16248
16249
16249
16251
16253
16266
16269
16269
16273
16288
16291
16291
16293
16300
16303
16304
16310
16313
16321
16331
16331
16332
16345
16373
16377
16396
16397
16401
16407
16410
16426
16431
16432
16433
16436
16446
16455
16457
16457
16458
16464
16468
16480
16504
16531
16533
16544
16551
16555
16561
16562
16566
16567
16567
16575
16601
16603
16607
16615
16626
16628
16634
16638
16638
16652
16655
16656
16659
16662
16673
16680
16682
16683
16687
16693
16702
16705
16710
16717
16722
16723
16724
16725
16727
16731
16735
16736
16737
16745
16749
16757
16759
16761
16765
16779
16781
16786
16817
16819
16819
16827
16849
16863
16869
16871
16877
16877
16877
16879
16887
16898
16900
16905
16913
16913
16920
16926
16932
16938
16940
16948
16955
16959
16960
16971
16987
16993
17005
17010
17012
17038
17043
17045
17055
17059
17064
17066
17069
17082
17083
17092
17109
17114
17116
17125
17127
17127
17129
17130
17135
17136
17166
17175
17176
17183
17200
17200
17202
17212
17212
17217
17219
17223
17224
17224
17238
17241
17267
17271
17275
17276
17280
17283
17304
17310
17320
17320
17327
17333
17333
17333
17347
17383
17387
17393
17395
17395
17403
17404
17407
17416
17417
17427
17431
17456
17462
17476
17479
17493
17495
17497
17503
17507
17510
17514
17532
17532
17537
17537
17554
17560
17572
17575
17595
17602
17603
17607
17611
17633
17652
17654
17657
17659
17665
17672
17673
17675
17698
17702
17702
17712
17717
17718
17727
17737
17753
17786
17808
17811
17816
17817
17821
17822
17838
17839
17846
17853
17860
17874
17882
17897
17907
17909
17922
17923
17929
17937
17939
17951
17962
17963
17964
17965
17969
17992
18000
18003
18015
18032
18042
18055
18063
18063
18064
18074
18083
18083
18085
18098
18103
18108
18114
18122
18123
18125
18129
18130
18137
18143
18143
18151
18151
18151
18154
18156
18157
18163
18167
18170
18174
18177
18183
18186
18192
18193
18195
18197
18201
18203
18217
18230
18243
18259
18262
18266
18271
18276
18283
18295
18326
18328
18339
18362
18364
18369
18377
18377
18385
18391
18395
18401
18405
18406
18412
18425
18427
18428
18440
18449
18450
18457
18463
18484
18486
18505
18505
18515
18517
18537
18538
18538
18552
18552
18561
18575
18577
18583
18600
18603
18603
18606
18613
18614
18615
18625
18630
18642
18649
18665
18673
18686
18704
18714
18721
18729
18729
18743
18776
18779
18784
18794
18797
18799
18799
18818
18830
18834
18836
18842
18846
18850
18851
18858
18859
18866
18871
18876
18877
18882
18884
18887
18891
18892
18896
18901
18905
18909
18915
18917
18927
18928
18932
18934
18938
18941
18942
18948
18951
18953
18955
18956
18963
18971
18972
18973
18979
18983
18988
18988
18990
18994
19002
19025
19026
19041
19044
19058
19058
19092
19093
19094
19098
19138
19140
19142
19147
19160
19163
19164
19179
19181
19197
19200
19205
19229
19233
19243
19245
19248
19255
19256
19262
19270
19289
19290
19295
19307
19308
19310
19310
19311
19313
19314
19317
19325
19326
19327
19352
19353
19354
19359
19361
19361
19362
19367
19368
19368
19369
19369
19370
19393
19403
19420
19424
19434
19438
19449
19450
19465
19491
19492
19494
19494
19495
19509
19520
19535
19552
19552
19554
19556
19558
19559
19571
19572
19573
19581
19590
19590
19601
19618
19621
19633
19643
19648
19652
19656
19672
19674
19682
19682
19691
19707
19715
19723
19738
19738
19744
19757
19768
19768
19768
19769
19776
19785
19792
19793
19799
19810
19819
19831
19834
19842
19863
19865
19893
19894
19909
19923
19930
19936
19949
19950
19955
19960
19968
19976
19980
19982
19991
20000
20003
20003
20008
20012
20013
20013
20014
20022
20024
20025
20034
20040
20054
20055
20058
20062
20067
20081
20090
20090
20094
20098
20099
20123
20131
20135
20144
20150
20151
20155
20164
20176
20177
20186
20188
20198
20216
20229
20231
20234
20237
20260
20267
20276
20279
20304
20306
20308
20312
20312
20317
20328
20341
20342
20353
20355
20358
20366
20373
20376
20396
20396
20400
20405
20413
20418
20421
20447
20451
20453
20453
20465
20469
20469
20480
20487
20492
20493
20500
20502
20506
20509
20517
20521
20524
20532
20536
20540
20543
20545
20559
20596
20617
20619
20640
20641
20642
20650
20651
20657
20667
20688
20708
20717
20720
20722
20725
20726
20729
20741
20746
20754
20755
20758
20763
20765
20768
20773
20780
20784
20786
20789
20793
20797
20798
20801
20806
20813
20816
20819
20823
20860
20866
20866
20868
20869
20873
20901
20916
20919
20919
20920
20930
20936
20955
20956
20980
20981
20989
20990
20991
20996
20996
20998
20999
21017
21019
21023
21028
21029
21031
21032
21036
21042
21077
21078
21082
21083
21091
21095
21110
21111
21130
21136
21140
21140
21146
21161
21170
21177
21181
21190
21208
21210
21210
21225
21233
21235
21236
21238
21240
21248
21254
21258
21267
21269
21287
21292
21293
21297
21305
21316
21329
21332
21337
21342
21345
21350
21352
21358
21367
21370
21377
21380
21383
21386
21394
21398
21406
21410
21418
21419
21421
21424
21435
21445
21450
21451
21457
21461
21466
21467
21472
21474
21480
21485
21488
21491
21497
21516
21524
21525
21542
21544
21565
21574
21582
21583
21588
21598
21599
21602
21616
21631
21648
21653
21660
21663
21668
21677
21679
21680
21682
21688
21700
21712
21715
21716
21717
21721
21727
21739
21742
21744
21749
21754
21758
21760
21760
21765
21771
21779
21781
21782
21803
21809
21816
21853
21885
21897
21908
21917
21919
21925
21930
21951
21960
21975
21977
21982
21994
21996
22000
22009
22014
22020
22035
22036
22037
22039
22048
22052
22053
22064
22065
22070
22073
22087
22095
22111
22126
22142
22144
22144
22160
22176
22178
22179
22185
22195
22195
22198
22211
22220
22221
22222
22223
22232
22232
22240
22242
22243
22244
22251
22270
22275
22281
22289
22298
22309
22309
22315
22325
22340
22345
22346
22355
22357
22360
22364
22365
22370
22373
22378
22378
22388
22388
22402
22416
22420
22421
22432
22435
22457
22459
22459
22460
22463
22473
22473
22485
22489
22492
22492
22495
22502
22504
22506
22528
22533
22538
22550
22555
22556
22563
22565
22584
22600
22615
22620
22627
22637
22640
22640
22642
22644
22646
22648
22662
22667
22667
22678
22694
22705
22708
22712
22716
22723
22724
22728
22737
22740
22749
22754
22757
22766
22782
22792
22799
22800
22809
22810
22810
22830
22839
22841
22853
22862
22871
22876
22880
22889
22894
22894
22915
22923
22929
22945
22950
22953
22968
22979
22983
22992
22996
23007
23010
23016
23021
23027
23034
23034
23050
23064
23064
23067
23067
23072
23075
23079
23081
23084
23092
23104
23119
23132
23138
23149
23166
23168
23170
23173
23177
23202
23247
23252
23259
23263
23271
23284
23297
23304
23325
23325
23326
23332
23350
23351
23355
23359
23363
23363
23373
23379
23385
23392
23395
23401
23403
23404
23413
23413
23418
23418
23425
23434
23436
23436
23438
23450
23459
23459
23463
23484
23496
23501
23503
23512
23513
23520
23520
23521
23524
23536
23540
23541
23543
23543
23561
23563
23563
23563
23563
23564
23573
23581
23585
23588
23590
23592
23596
23597
23598
23608
23608
23609
23612
23613
23628
23633
23644
23649
23657
23659
23660
23661
23663
23665
23665
23674
23677
23680
23687
23695
23699
23703
23704
23705
23710
23712
23714
23715
23715
23715
23716
23717
23728
23739
23748
23752
23775
23785
23793
23810
23819
23822
23825
23826
23828
23842
23846
23847
23848
23848
23849
23849
23851
23862
23869
23876
23882
23882
23887
23887
23888
23904
23915
23920
23924
23928
23943
23945
23979
23982
23983
23999
24000
24000
24003
24006
24006
24009
24010
24011
24033
24041
24045
24047
24053
24058
24063
24089
24091
24115
24127
24135
24138
24148
24159
24160
24161
24166
24167
24171
24186
24188
24190
24192
24201
24203
24206
24208
24215
24221
24228
24228
24231
24232
24234
24239
24240
24244
24244
24247
24249
24268
24274
24285
24297
24297
24297
24304
24326
24329
24337
24339
24342
24342
24343
24355
24358
24363
24367
24368
24376
24378
24381
24395
24404
24419
24420
24425
24442
24445
24447
24448
24448
24449
24451
24452
24460
24460
24466
24479
24480
24481
24491
24494
24495
24500
24506
24518
24520
24524
24538
24538
24545
24547
24550
24558
24572
24577
24583
24583
24594
24608
24608
24608
24616
24617
24623
24645
24645
24650
24650
24653
24655
24659
24662
24665
24684
24688
24689
24697
24703
24704
24708
24711
24713
24717
24731
24743
24751
24775
24781
24781
24783
24787
24793
24796
24798
24801
24802
24802
24803
24804
24811
24811
24818
24819
24821
24836
24836
24841
24843
24844
24872
24881
24881
24895
24900
24910
24916
24921
24934
24945
24946
24955
24961
24965
24981
24983
24987
24988
24990
25001
25005
25014
25037
25038
25044
25045
25059
25060
25061
25065
25069
25085
25102
25118
25122
25125
25127
25132
25132
25142
25144
25146
25147
25161
25161
25164
25169
25172
25177
25184
25190
25198
25208
25215
25217
25220
25230
25239
25243
25255
25261
25263
25266
25272
25279
25281
25285
25285
25287
25299
25317
25329
25330
25337
25349
25354
25361
25380
25398
25405
25405
25409
25417
25425
25434
25436
25448
25448
25453
25455
25492
25496
25499
25500
25501
25509
25516
25520
25534
25535
25553
25568
25576
25582
25592
25593
25605
25614
25626
25632
25635
25637
25654
25661
25675
25676
25679
25681
25694
25699
25703
25706
25717
25720
25747
25752
25775
25779
25784
25790
25806
25823
25824
25829
25830
25842
25845
25848
25852
25869
25871
25889
25896
25902
25903
25907
25913
25916
25919
25939
25944
25949
25952
25954
25955
25968
25979
25995
25999
26002
26015
26037
26044
26049
26054
26055
26065
26069
26073
26084
26084
26094
26094
26096
26103
26106
26109
26109
26110
26111
26115
26121
26127
26133
26139
26162
26171
26180
26196
26197
26204
26204
26205
26228
26229
26229
26233
26235
26236
26243
26244
26251
26255
26265
26277
26320
26330
26332
26346
26361
26365
26368
26375
26386
26389
26395
26396
26399
26409
26419
26420
26422
26428
26431
26432
26445
26452
26455
26472
26481
26492
26504
26521
26522
26533
26537
26537
26557
26560
26573
26574
26578
26579
26597
26603
26618
26619
26624
26624
26629
26635
26644
26645
26650
26675
26677
26678
26688
26692
26697
26697
26698
26699
26703
26707
26719
26719
26719
26719
26730
26733
26740
26742
26756
26772
26785
26793
26798
26801
26802
26807
26816
26821
26822
26827
26845
26847
26855
26873
26878
26878
26878
26882
26882
26883
26899
26905
26908
26915
26919
26922
26933
26937
26941
26960
26966
26967
26983
26995
26998
27013
27030
27031
27035
27037
27039
27040
27045
27056
27058
27066
27071
27074
27075
27093
27093
27099
27102
27109
27123
27125
27141
27143
27143
27154
27155
27155
27164
27170
27179
27184
27202
27213
27213
27218
27222
27236
27246
27256
27292
27294
27320
27328
27330
27331
27337
27342
27343
27353
27364
27368
27369
27374
27377
27381
27383
27384
27393
27396
27401
27424
27439
27445
27450
27451
27461
27464
27465
27467
27480
27482
27485
27486
27487
27504
27515
27516
27529
27539
27540
27543
27562
27569
27579
27588
27605
27611
27627
27666
27672
27672
27673
27686
27687
27687
27688
27689
27694
27700
27709
27711
27714
27724
27724
27728
27740
27749
27751
27754
27759
27760
27760
27764
27770
27772
27780
27787
27795
27798
27804
27829
27831
27843
27849
27850
27850
27852
27854
27862
27864
27875
27876
27885
27895
27907
27908
27908
27910
27912
27912
27916
27928
27929
27939
27946
27949
27954
27956
27976
27994
27995
27997
28005
28007
28019
28023
28027
28027
28031
28036
28045
28045
28062
28066
28069
28071
28076
28077
28080
28082
28091
28098
28098
28108
28108
28111
28112
28122
28124
28139
28147
28153
28157
28173
28175
28177
28189
28189
28208
28209
28234
28240
28246
28254
28262
28268
28268
28271
28280
28291
28307
28313
28331
28339
28350
28351
28357
28360
28360
28370
28372
28375
28381
28381
28399
28409
28411
28419
28429
28430
28439
28443
28450
28455
28460
28461
28462
28485
28495
28518
28530
28531
28532
28535
28536
28538
28539
28552
28563
28565
28569
28578
28578
28582
28592
28612
28613
28614
28620
28622
28622
28627
28627
28643
28645
28651
28686
28704
28711
28713
28725
28728
28728
28742
28745
28748
28762
28771
28776
28777
28780
28781
28790
28797
28797
28802
28808
28817
28817
28818
28820
28826
28828
28841
28841
28866
28874
28883
28895
28897
28898
28901
28904
28926
28934
28967
28971
28979
28981
28991
28997
29011
29017
29027
29030
29049
29057
29061
29068
29068
29076
29076
29080
29084
29086
29090
29094
29094
29105
29106
29109
29113
29115
29119
29119
29121
29130
29165
29174
29181
29181
29187
29191
29196
29197
29201
29204
29205
29208
29217
29224
29243
29252
29256
29264
29270
29272
29276
29276
29282
29289
29298
29299
29306
29316
29325
29342
29350
29364
29375
29399
29403
29418
29424
29425
29442
29445
29449
29454
29462
29473
29474
29481
29496
29508
29528
29530
29533
29534
29535
29541
29542
29556
29573
29586
29596
29606
29610
29618
29621
29622
29623
29629
29631
29631
29640
29643
29645
29648
29656
29672
29686
29700
29702
29705
29706
29725
29735
29748
29770
29774
29787
29791
29802
29807
29808
29813
29841
29851
29865
29881
29889
29895
29900
29901
29926
29932
29933
29939
29941
29941
29943
29945
29952
29954
29958
29960
29977
29999
30003
30011
30041
30055
30057
30063
30088
30092
30092
30095
30100
30102
30106
30108
30109
30112
30115
30116
30118
30122
30122
30122
30140
30146
30146
30147
30148
30148
30151
30152
30159
30161
30183
30193
30193
30219
30230
30235
30238
30243
30243
30249
30256
30257
30260
30267
30274
30275
30275
30285
30293
30293
30298
30342
30343
30344
30347
30354
30359
30374
30379
30379
30387
30392
30393
30396
30397
30403
30429
30433
30433
30441
30443
30443
30444
30444
30452
30476
30490
30502
30516
30519
30529
30542
30561
30562
30562
30569
30590
30600
30600
30620
30623
30626
30627
30635
30640
30642
30644
30655
30664
30669
30681
30691
30698
30699
30708
30720
30740
30740
30762
30768
30772
30796
30809
30811
30811
30816
30820
30832
30842
30843
30845
30859
30869
30875
30879
30882
30897
30906
30911
30935
30943
30947
30949
30955
30979
30994
30994
30999
31006
31012
31013
31021
31023
31034
31035
31066
31086
31087
31090
31090
31109
31113
31121
31123
31124
31128
31129
31140
31142
31142
31146
31149
31152
31156
31162
31163
31164
31166
31173
31173
31174
31175
31189
31195
31205
31206
31206
31208
31251
31257
31257
31259
31261
31262
31266
31272
31278
31298
31299
31301
31305
31310
31319
31320
31334
31335
31340
31342
31345
31358
31359
31359
31380
31391
31404
31406
31418
31419
31428
31442
31443
31455
31467
31468
31488
31497
31509
31514
31524
31534
31540
31544
31546
31548
31551
31558
31569
31569
31573
31576
31581
31599
31603
31606
31609
31617
31618
31624
31636
31644
31659
31669
31682
31683
31691
31697
31709
31720
31722
31725
31734
31738
31744
31746
31752
31755
31764
31775
31775
31778
31782
31783
31798
31799
31801
31802
31803
31803
31804
31819
31826
31829
31838
31845
31865
31893
31894
31894
31919
31923
31930
31933
31949
31949
31955
31967
31970
31974
31974
31978
31988
32014
32022
32024
32025
32030
32034
32048
32048
32055
32056
32069
32070
32074
32076
32080
32081
32086
32090
32092
32097
32099
32114
32115
32119
32120
32124
32142
32149
32156
32156
32162
32176
32178
32187
32198
32200
32209
32211
32211
32218
32224
32225
32235
32238
32245
32245
32246
32259
32279
32280
32297
32308
32313
32313
32329
32332
32341
32356
32371
32382
32409
32410
32412
32413
32418
32428
32430
32435
32446
32449
32458
32464
32468
32479
32490
32491
32501
32512
32514
32514
32522
32546
32548
32556
32561
32563
32576
32577
32581
32581
32584
32613
32625
32634
32635
32638
32647
32650
32653
32661
32665
32667
32671
32674
32697
32710
32722
32751
32752
32759
32761
32770
32778
32791
32811
32811
32822
32835
32844
32845
32847
32848
32853
32854
32861
32864
32865
32867
32872
32873
32881
32892
32894
32895
32910
32914
32918
32926
32929
32942
32942
32957
32962
32963
32972
32974
32981
32987
32996
32996
32996
33006
33019
33021
33022
33023
33036
33039
33040
33042
33048
33071
33104
33105
33107
33111
33113
33113
33114
33118
33120
33128
33129
33138
33149
33160
33161
33170
33172
33179
33181
33184
33195
33199
33207
33210
33221
33227
33230
33232
33235
33241
33254
33260
33277
33277
33288
33292
33293
33298
33300
33313
33318
33320
33324
33329
33348
33360
33361
33361
33361
33370
33375
33377
33388
33399
33407
33416
33429
33433
33444
33447
33460
33462
33463
33472
33493
33502
33516
33517
33527
33528
33530
33547
33550
33552
33556
33565
33566
33580
33583
33596
33605
33611
33620
33630
33654
33656
33666
33666
33669
33670
33671
33678
33679
33680
33684
33686
33687
33694
33715
33717
33720
33736
33749
33749
33759
33766
33786
33787
33794
33812
33814
33815
33830
33835
33850
33851
33851
33862
33865
33875
33880
33883
33887
33889
33899
33900
33900
33900
33907
33909
33910
33914
33918
33927
33938
33955
33956
33960
33961
33962
33964
33966
33969
33971
33977
33978
33978
33981
34011
34025
34038
34041
34049
34049
34052
34059
34062
34065
34065
34073
34085
34104
34104
34106
34122
34128
34128
34138
34138
34142
34151
34166
34171
34177
34177
34178
34178
34212
34218
34220
34229
34231
34234
34234
34237
34238
34246
34250
34252
34264
34265
34272
34295
34303
34309
34312
34322
34329
34330
34331
34338
34396
34399
34401
34408
34414
34418
34426
34431
34443
34443
34450
34451
34453
34455
34460
34464
34468
34474
34481
34487
34496
34496
34496
34513
34521
34524
34533
34547
34553
34558
34561
34561
34563
34580
34585
34590
34593
34609
34615
34619
34619
34621
34626
34628
34628
34638
34642
34642
34643
34652
34653
34671
34673
34676
34691
34691
34708
34720
34722
34738
34739
34744
34745
34759
34763
34806
34808
34810
34811
34818
34843
34846
34850
34858
34874
34882
34888
34893
34897
34923
34927
34929
34934
34935
34935
34953
34969
34976
34986
34997
35001
35003
35004
35005
35007
35022
35027
35027
35033
35037
35056
35087
35093
35102
35115
35135
35144
35146
35159
35164
35183
35184
35184
35190
35199
35200
35206
35209
35237
35239
35248
35255
35269
35273
35273
35280
35284
35289
35292
35302
35310
35310
35325
35329
35345
35392
35397
35413
35414
35415
35416
35422
35426
35430
35433
35441
35454
35456
35457
35462
35471
35473
35481
35482
35486
35486
35488
35490
35491
35496
35513
35518
35539
35539
35540
35553
35564
35571
35579
35582
35582
35596
35600
35602
35610
35622
35634
35640
35649
35660
35665
35666
35667
35670
35672
35672
35674
35680
35688
35703
35710
35711
35718
35743
35749
35757
35761
35772
35775
35781
35794
35796
35815
35827
35831
35831
35836
35840
35849
35849
35852
35856
35864
35868
35869
35870
35873
35878
35883
35885
35891
35898
35908
35909
35926
35927
35930
35941
35941
35949
35983
35984
35988
35997
35998
36001
36002
36002
36003
36011
36017
36021
36028
36031
36032
36032
36036
36042
36046
36051
36051
36070
36073
36080
36084
36088
36099
36099
36108
36112
36119
36131
36145
36168
36169
36175
36175
36180
36206
36211
36217
36223
36224
36224
36224
36226
36233
36244
36245
36249
36259
36260
36271
36286
36289
36293
36306
36314
36315
36333
36335
36340
36362
36365
36370
36370
36371
36378
36388
36388
36405
36411
36413
36419
36424
36429
36430
36438
36440
36440
36446
36452
36468
36479
36484
36486
36487
36492
36501
36507
36510
36516
36518
36519
36529
36555
36563
36568
36574
36585
36586
36588
36602
36607
36610
36653
36658
36667
36680
36681
36686
36697
36698
36700
36701
36712
36713
36723
36729
36736
36739
36742
36747
36757
36764
36772
36773
36776
36776
36786
36799
36811
36817
36823
36829
36833
36834
36835
36842
36846
36846
36859
36861
36863
36866
36868
36868
36872
36886
36900
36914
36922
36923
36925
36933
36948
36950
36959
36966
36968
36971
36972
36972
36976
36981
36982
37018
37028
37030
37040
37040
37042
37044
37045
37058
37062
37062
37067
37075
37099
37102
37102
37104
37112
37114
37116
37131
37138
37140
37142
37153
37155
37173
37184
37186
37198
37210
37227
37235
37236
37242
37263
37272
37275
37283
37289
37292
37303
37306
37314
37317
37333
37339
37344
37346
37347
37347
37352
37358
37359
37369
37394
37406
37413
37414
37415
37444
37445
37447
37449
37449
37450
37463
37464
37470
37479
37492
37494
37501
37502
37517
37519
37522
37525
37525
37543
37543
37552
37560
37562
37569
37578
37584
37615
37621
37622
37641
37646
37648
37654
37655
37659
37670
37673
37676
37676
37681
37683
37687
37693
37693
37705
37710
37718
37720
37723
37732
37732
37738
37743
37747
37749
37749
37756
37759
37760
37763
37776
37783
37799
37801
37806
37828
37832
37861
37868
37895
37914
37918
37923
37923
37929
37947
37974
38004
38018
38021
38024
38032
38035
38041
38050
38061
38081
38085
38105
38116
38120
38125
38126
38131
38133
38136
38146
38150
38154
38154
38160
38166
38169
38173
38185
38189
38190
38197
38203
38208
38209
38213
38213
38213
38218
38220
38222
38227
38232
38261
38266
38270
38278
38280
38284
38288
38293
38298
38304
38307
38311
38345
38367
38369
38372
38373
38375
38396
38404
38408
38410
38425
38430
38431
38454
38467
38468
38472
38475
38480
38496
38496
38499
38525
38531
38538
38544
38545
38549
38561
38568
38581
38582
38598
38598
38612
38613
38616
38618
38622
38628
38628
38630
38637
38639
38645
38649
38653
38664
38665
38677
38678
38682
38688
38690
38693
38700
38704
38721
38723
38727
38731
38737
38778
38810
38810
38815
38820
38830
38854
38858
38867
38873
38888
38892
38914
38923
38923
38925
38933
38934
38967
38971
38975
38976
38983
38999
39002
39004
39018
39019
39041
39050
39051
39053
39061
39062
39069
39070
39074
39076
39078
39079
39080
39082
39084
39095
39095
39103
39104
39111
39124
39125
39150
39152
39155
39157
39160
39166
39166
39172
39183
39187
39197
39199
39210
39213
39219
39225
39228
39228
39229
39229
39245
39246
39250
39258
39264
39274
39283
39288
39289
39292
39301
39304
39307
39313
39316
39324
39325
39328
39337
39350
39356
39366
39368
39391
39392
39403
39404
39406
39408
39415
39418
39422
39422
39430
39431
39436
39445
39447
39453
39453
39459
39461
39466
39469
39482
39483
39487
39488
39491
39492
39504
39508
39510
39511
39514
39528
39531
39534
39541
39541
39562
39568
39571
39577
39580
39590
39606
39610
39622
39626
39637
39640
39657
39671
39676
39682
39689
39709
39710
39729
39733
39741
39742
39749
39749
39750
39758
39758
39762
39770
39772
39776
39795
39804
39814
39818
39822
39825
39828
39834
39843
39845
39864
39872
39873
39881
39908
39913
39917
39929
39931
39940
39940
39944
39946
39949
39949
39950
39951
39959
39965
39967
39975
39978
39990
39994
40002
40007
40013
40020
40037
40073
40079
40080
40081
40082
40086
40096
40111
40114
40124
40135
40142
40145
40151
40153
40160
40173
40177
40190
40192
40210
40216
40216
40231
40238
40240
40242
40256
40263
40268
40271
40275
40280
40282
40285
40286
40289
40311
40321
40327
40330
40331
40333
40362
40364
40365
40368
40374
40377
40380
40382
40383
40398
40399
40403
40405
40405
40409
40412
40424
40429
40447
40451
40456
40461
40462
40477
40482
40493
40493
40496
40510
40516
40524
40526
40535
40553
40554
40562
40565
40565
40567
40576
40585
40590
40591
40594
40605
40606
40625
40631
40633
40640
40663
40670
40679
40681
40689
40707
40712
40715
40720
40732
40733
40751
40756
40761
40763
40765
40772
40780
40792
40794
40796
40804
40813
40821
40835
40835
40858
40871
40882
40884
40888
40890
40902
40904
40911
40918
40918
40919
40924
40927
40931
40954
40971
40989
41008
41017
41035
41036
41036
41045
41051
41052
41067
41068
41091
41103
41109
41115
41118
41125
41129
41144
41148
41156
41163
41168
41170
41178
41184
41187
41194
41201
41202
41202
41203
41211
41223
41227
41229
41252
41258
41260
41261
41262
41265
41267
41269
41270
41270
41278
41291
41298
41327
41333
41335
41347
41364
41370
41384
41415
41426
41449
41456
41472
41473
41475
41491
41506
41509
41526
41542
41546
41550
41551
41554
41559
41562
41564
41566
41567
41591
41592
41607
41610
41612
41612
41631
41657
41664
41670
41677
41678
41685
41695
41725
41743
41746
41746
41749
41754
41754
41766
41768
41781
41782
41783
41792
41796
41810
41814
41817
41830
41831
41832
41833
41837
41846
41847
41849
41854
41861
41862
41889
41894
41908
41908
41911
41916
41917
41926
41928
41930
41956
41958
41960
41971
41974
41978
42004
42010
42011
42016
42018
42039
42041
42051
42060
42072
42072
42076
42080
42084
42097
42099
42102
42103
42111
42119
42123
42124
42137
42143
42148
42160
42161
42167
42169
42171
42174
42174
42175
42181
42184
42202
42211
42213
42220
42227
42229
42238
42240
42247
42254
42258
42265
42275
42276
42278
42288
42304
42311
42313
42318
42339
42340
42352
42359
42379
42382
42382
42383
42394
42401
42410
42417
42419
42425
42428
42434
42456
42460
42470
42472
42478
42482
42486
42501
42509
42514
42518
42519
42530
42542
42544
42550
42550
42568
42572
42577
42578
42578
42589
42604
42607
42622
42622
42635
42641
42644
42646
42651
42662
42662
42663
42670
42680
42686
42689
42695
42700
42702
42704
42704
42716
42724
42727
42729
42735
42736
42738
42740
42741
42741
42756
42765
42786
42798
42804
42814
42816
42822
42849
42861
42864
42865
42866
42907
42910
42910
42916
42937
42944
42945
42969
42974
42975
42986
42987
42992
43009
43010
43019
43028
43055
43058
43060
43072
43078
43101
43106
43108
43113
43118
43119
43128
43133
43147
43151
43155
43190
43195
43204
43205
43206
43209
43213
43240
43243
43255
43259
43280
43283
43287
43292
43294
43294
43297
43309
43317
43323
43328
43331
43353
43374
43383
43384
43388
43404
43418
43428
43434
43443
43451
43456
43465
43467
43480
43480
43486
43492
43505
43508
43514
43517
43521
43533
43536
43547
43553
43560
43567
43580
43583
43606
43608
43611
43612
43614
43618
43634
43635
43638
43648
43654
43659
43661
43672
43677
43693
43705
43708
43723
43725
43726
43728
43736
43738
43742
43745
43751
43765
43765
43770
43780
43788
43821
43833
43834
43835
43851
43858
43866
43887
43887
43887
43892
43894
43909
43912
43917
43932
43946
43946
43946
43950
43951
43953
43955
43956
43961
43973
43982
43983
43993
43996
44002
44004
44031
44033
44041
44052
44054
44065
44079
44097
44098
44103
44104
44108
44114
44114
44115
44122
44132
44146
44148
44169
44180
44208
44214
44222
44223
44227
44230
44258
44258
44262
44266
44267
44272
44280
44310
44318
44318
44327
44328
44342
44344
44347
44357
44358
44360
44370
44379
44384
44391
44392
44399
44405
44412
44414
44414
44431
44433
44437
44455
44460
44468
44471
44478
44482
44506
44512
44516
44524
44524
44525
44526
44531
44532
44547
44554
44555
44559
44560
44563
44570
44575
44578
44584
44602
44612
44627
44628
44639
44639
44643
44649
44650
44650
44658
44658
44660
44665
44667
44675
44677
44683
44686
44689
44696
44700
44701
44713
44717
44722
44723
44729
44745
44761
44763
44795
44803
44805
44814
44815
44817
44823
44835
44838
44843
44858
44863
44864
44865
44885
44888
44897
44903
44909
44935
44936
44954
44954
44962
44968
44972
44973
44977
44982
44986
44989
44996
45006
45008
45011
45020
45034
45035
45041
45043
45056
45059
45060
45070
45102
45106
45110
45115
45122
45135
45146
45151
45152
45163
45163
45167
45168
45193
45197
45197
45197
45199
45201
45201
45215
45227
45230
45239
45243
45247
45252
45257
45258
45262
45263
45267
45268
45276
45285
45333
45334
45345
45346
45387
45392
45395
45406
45433
45435
45441
45442
45457
45460
45460
45487
45489
45492
45493
45501
45537
45543
45556
45558
45561
45566
45567
45575
45580
45584
45590
45591
45595
45599
45599
45602
45605
45611
45615
45617
45627
45633
45636
45637
45640
45652
45654
45655
45669
45674
45688
45688
45694
45702
45705
45710
45712
45732
45734
45741
45744
45749
45752
45759
45770
45774
45788
45797
45801
45814
45828
45833
45838
45844
45850
45862
45865
45866
45877
45878
45880
45880
45888
45892
45898
45916
45923
45924
45927
45927
45938
45940
45941
45946
45978
45985
45991
45992
45993
45995
45999
46000
46002
46004
46017
46058
46060
46061
46072
46081
46084
46091
46098
46111
46118
46122
46125
46128
46130
46133
46150
46154
46165
46166
46183
46188
46200
46210
46213
46218
46221
46230
46233
46242
46244
46247
46248
46250
46267
46270
46273
46298
46298
46326
46329
46340
46354
46364
46368
46381
46386
46395
46396
46403
46411
46425
46444
46449
46463
46476
46476
46488
46489
46489
46492
46497
46526
46531
46535
46538
46543
46545
46551
46561
46572
46578
46580
46582
46594
46617
46624
46638
46644
46657
46665
46665
46666
46667
46670
46675
46679
46680
46681
46685
46686
46691
46699
46701
46706
46713
46715
46716
46716
46723
46726
46730
46731
46733
46736
46736
46742
46751
46759
46789
46796
46814
46824
46833
46847
46850
46850
46852
46878
46881
46896
46901
46904
46904
46910
46915
46924
46930
46936
46940
46945
46947
46957
46961
46967
46967
46979
46997
47004
47015
47015
47015
47028
47031
47035
47035
47036
47068
47080
47083
47092
47096
47099
47099
47100
47101
47103
47104
47105
47107
47118
47118
47129
47137
47144
47154
47167
47172
47173
47174
47178
47193
47198
47200
47203
47208
47215
47219
47224
47226
47226
47241
47245
47253
47261
47276
47280
47292
47307
47313
47317
47336
47343
47360
47360
47391
47396
47412
47419
47427
47431
47438
47438
47444
47444
47446
47447
47458
47459
47467
47473
47488
47500
47505
47514
47519
47524
47545
47550
47586
47592
47598
47601
47602
47605
47608
47609
47610
47628
47640
47644
47655
47666
47701
47703
47721
47737
47738
47750
47751
47758
47759
47761
47763
47770
47782
47787
47788
47812
47813
47825
47835
47843
47851
47857
47860
47865
47870
47885
47888
47896
47898
47909
47910
47914
47917
47924
47927
47929
47931
47933
47938
47944
47945
47962
47966
47970
47974
47975
47978
47991
47993
48004
48019
48019
48023
48025
48026
48026
48028
48030
48042
48063
48066
48069
48069
48077
48077
48087
48087
48088
48098
48113
48114
48116
48117
48124
48135
48167
48174
48175
48178
48184
48198
48200
48212
48225
48226
48237
48265
48279
48282
48291
48297
48298
48310
48313
48318
48322
48324
48336
48339
48343
48351
48370
48389
48400
48411
48414
48417
48425
48425
48429
48439
48439
48443
48444
48450
48463
48470
48479
48485
48489
48492
48495
48501
48502
48507
48508
48522
48523
48529
48550
48552
48560
48576
48576
48581
48605
48607
48609
48610
48610
48613
48626
48673
48673
48679
48681
48684
48690
48703
48703
48724
48724
48727
48730
48732
48741
48742
48759
48763
48780
48805
48805
48806
48810
48814
48817
48823
48829
48829
48837
48846
48856
48861
48862
48872
48876
48897
48900
48906
48908
48908
48924
48938
48949
48950
48950
48964
48971
48973
48974
48976
48976
48992
49007
49012
49015
49020
49027
49035
49037
49040
49041
49051
49052
49055
49061
49065
49069
49075
49076
49078
49079
49081
49083
49083
49083
49087
49089
49100
49100
49105
49114
49115
49117
49121
49122
49131
49145
49151
49165
49196
49207
49207
49208
49211
49215
49217
49218
49223
49229
49238
49247
49255
49258
49259
49265
49266
49272
49278
49279
49285
49286
49302
49310
49315
49324
49338
49343
49344
49353
49358
49358
49362
49372
49374
49376
49381
49386
49386
49386
49392
49394
49404
49407
49411
49419
49422
49423
49425
49430
49445
49447
49458
49461
49463
49475
49508
49528
49541
49542
49547
49563
49578
49582
49593
49606
49622
49623
49627
49647
49652
49654
49655
49657
49657
49662
49662
49663
49666
49668
49676
49678
49681
49685
49698
49716
49735
49754
49778
49780
49803
49803
49822
49825
49841
49851
49863
49870
49872
49872
49873
49887
49891
49906
49917
49917
49922
49928
49937
49937
49939
49945
49946
49958
49966
49966
49970
49973
49984
49988
49991
49992
