0
14
16
22
22
32
39
45
49
50
55
62
95
96
112
117
149
160
162
162
167
168
176
180
181
192
201
206
235
238
245
255
265
268
280
284
288
296
307
307
314
327
333
333
336
337
341
347
355
374
378
384
393
414
417
417
426
429
430
435
435
450
454
458
462
463
473
481
494
495
504
515
520
525
527
530
536
538
540
543
543
551
552
565
571
574
585
590
590
595
603
609
611
626
626
634
634
640
640
641
654
657
666
669
670
671
672
673
674
678
712
723
726
738
750
764
768
771
776
779
782
784
785
786
801
802
806
811
812
815
820
825
828
835
835
846
874
877
885
916
918
930
937
958
967
968
972
973
975
976
980
984
985
986
988
990
991
1001
1012
1013
1014
1014
1014
1021
1039
1043
1049
1049
1049
1051
1054
1057
1058
1063
1069
1071
1077
1104
1111
1111
1111
1122
1125
1139
1145
1146
1154
1165
1170
1170
1214
1216
1224
1227
1227
1237
1239
1242
1247
1248
1250
1257
1273
1275
1278
1280
1288
1289
1295
1308
1309
1316
1323
1344
1346
1354
1359
1371
1385
1386
1392
1400
1401
1404
1412
1414
1416
1418
1426
1427
1431
1437
1439
1440
1454
1457
1459
1462
1462
1464
1468
1474
1479
1495
1498
1501
1510
1513
1518
1533
1534
1536
1548
1557
1570
1571
1579
1579
1585
1586
1593
1593
1595
1597
1597
1600
1606
1609
1616
1620
1622
1627
1628
1638
1639
1646
1647
1654
1658
1661
1666
1680
1686
1699
1708
1711
1712
1714
1730
1734
1736
1737
1737
1740
1742
1745
1755
1764
1787
1802
1814
1820
1832
1835
1845
1875
1876
1889
1890
1891
1893
1900
1901
1908
1912
1912
1920
1924
1936
1944
1949
1950
1956
1966
1970
1973
1976
1977
1989
1991
1992
2001
2002
2007
2007
2008
2022
2025
2030
2033
2057
2058
2067
2068
2070
2071
2083
2086
2099
2107
2107
2107
2122
2123
2124
2137
2146
2147
2169
2177
2188
2193
2195
2204
2214
2228
2228
2233
2239
2243
2244
2246
2250
2253
2275
2278
2279
2286
2291
2292
2294
2297
2308
2309
2316
2320
2323
2336
2337
2337
2344
2360
2361
2364
2370
2387
2395
2396
2398
2407
2409
2410
2417
2422
2424
2435
2438
2439
2439
2440
2447
2448
2462
2472
2476
2495
2498
2502
2512
2519
2523
2525
2531
2536
2553
2554
2565
2567
2574
2581
2588
2591
2593
2597
2599
2606
2607
2614
2616
2620
2622
2633
2634
2647
2650
2652
2654
2663
2666
2667
2671
2673
2674
2678
2679
2694
2695
2701
2706
2727
2737
2739
2739
2745
2745
2753
2765
2768
2777
2808
2811
2818
2823
2834
2838
2838
2854
2858
2861
2865
2890
2912
2914
2916
2918
2925
2931
2933
2944
2946
2947
2953
2957
2963
2964
2987
2997
3007
3009
3009
3014
3033
3038
3040
3051
3060
3063
3068
3069
3089
3091
3095
3101
3113
3122
3134
3138
3146
3166
3167
3169
3172
3176
3191
3200
3203
3206
3208
3211
3212
3218
3219
3221
3222
3231
3236
3243
3245
3246
3247
3265
3265
3269
3274
3275
3284
3291
3292
3292
3296
3298
3305
3325
3326
3326
3327
3333
3338
3344
3345
3349
3364
3366
3369
3395
3405
3406
3418
3425
3426
3431
3436
3436
3437
3441
3453
3455
3460
3462
3464
3473
3484
3484
3509
3526
3532
3547
3550
3555
3557
3566
3575
3577
3581
3582
3600
3616
3622
3641
3643
3649
3650
3661
3683
3684
3684
3686
3691
3695
3704
3717
3727
3738
3739
3747
3750
3751
3756
3782
3789
3790
3791
3794
3810
3810
3823
3826
3834
3838
3845
3846
3849
3861
3874
3888
3894
3900
3902
3904
3916
3917
3940
3942
3942
3945
3945
3950
3951
3959
3964
3964
3968
3979
3985
3990
3996
4002
4009
4009
4014
4016
4020
4043
4044
4053
4070
4071
4079
4089
4090
4094
4098
4105
4106
4109
4113
4124
4131
4132
4141
4143
4145
4151
4153
4154
4164
4182
4185
4188
4191
4198
4207
4215
4217
4220
4220
4222
4226
4234
4250
4263
4286
4288
4309
4326
4348
4349
4350
4351
4368
4369
4382
4399
4403
4404
4407
4408
4417
4418
4418
4426
4431
4434
4441
4443
4444
4451
4469
4473
4474
4475
4482
4499
4506
4508
4511
4516
4526
4528
4531
4536
4541
4543
4554
4562
4563
4567
4568
4585
4585
4594
4600
4605
4607
4617
4628
4637
4644
4646
4648
4650
4654
4660
4673
4676
4682
4692
4695
4697
4702
4702
4719
4720
4721
4728
4737
4741
4742
4755
4765
4780
4783
4787
4788
4793
4809
4809
4817
4820
4824
4825
4825
4832
4835
4836
4849
4870
4877
4880
4882
4883
4886
4887
4902
4904
4905
4909
4912
4915
4920
4924
4929
4936
4948
4952
4953
4955
4956
4963
4973
4981
4985
4987
4987
4990
5001
5014
5023
5027
5031
5035
5039
5040
5041
5045
5065
5068
5074
5080
5087
5091
5093
5095
5096
5097
5104
5106
5113
5115
5128
5140
5141
5146
5150
5154
5166
5182
5183
5189
5193
5198
5200
5200
5201
5209
5217
5232
5233
5238
5246
5265
5266
5275
5275
5277
5279
5291
5294
5302
5306
5309
5320
5330
5331
5336
5338
5343
5354
5357
5362
5380
5392
5395
5412
5413
5414
5422
5423
5431
5438
5438
5439
5445
5447
5447
5448
5449
5460
5460
5460
5463
5482
5482
5483
5485
5486
5489
5500
5511
5512
5512
5518
5531
5531
5534
5539
5548
5550
5555
5556
5562
5573
5584
5585
5591
5597
5605
5606
5614
5616
5619
5630
5631
5634
5638
5643
5650
5659
5667
5672
5675
5684
5712
5713
5722
5726
5730
5731
5736
5749
5769
5772
5778
5783
5797
5805
5809
5811
5817
5818
5824
5826
5851
5855
5855
5867
5869
5897
5900
5903
5905
5909
5913
5914
5918
5935
5944
5953
5955
5962
5962
5971
5975
5989
5992
6001
6004
6006
6015
6016
6029
6042
6046
6053
6053
6056
6060
6066
6069
6069
6086
6095
6105
6111
6114
6134
6136
6143
6149
6149
6149
6157
6158
6163
6170
6178
6191
6194
6195
6196
6196
6197
6199
6215
6220
6224
6233
6242
6244
6244
6245
6245
6245
6248
6249
6256
6283
6288
6298
6304
6309
6313
6316
6326
6331
6332
6341
6351
6356
6390
6397
6402
6404
6406
6422
6424
6433
6438
6438
6448
6453
6461
6467
6490
6497
6505
6509
6513
6519
6523
6527
6533
6534
6549
6560
6566
6567
6569
6572
6583
6621
6622
6633
6649
6658
6667
6669
6690
6690
6696
6697
6705
6720
6720
6733
6735
6743
6745
6749
6765
6772
6778
6788
6791
6797
6801
6810
6819
6822
6840
6840
6841
6852
6855
6861
6862
6869
6889
6890
6895
6897
6897
6911
6915
6918
6928
6930
6945
6951
6957
6967
6967
6970
6972
6973
6977
6981
6983
6985
7003
7003
7006
7017
7021
7024
7037
7040
7042
7046
7052
7053
7068
7070
7112
7113
7113
7118
7121
7123
7124
7133
7143
7145
7149
7150
7154
7160
7165
7172
7176
7178
7180
7199
7200
7201
7202
7206
7229
7244
7246
7250
7255
7258
7259
7259
7261
7263
7270
7271
7273
7274
7281
7289
7289
7300
7305
7310
7310
7318
7329
7337
7340
7340
7343
7360
7370
7380
7384
7396
7397
7403
7404
7420
7424
7425
7438
7439
7441
7442
7444
7445
7446
7459
7473
7507
7507
7510
7512
7512
7516
7523
7526
7539
7540
7542
7545
7556
7560
7574
7576
7594
7594
7595
7614
7622
7622
7624
7625
7628
7632
7636
7655
7662
7672
7676
7680
7683
7688
7709
7713
7718
7727
7746
7748
7770
7774
7774
7775
7779
7799
7804
7804
7807
7818
7820
7824
7830
7851
7853
7854
7862
7874
7877
7882
7884
7891
7893
7894
7903
7917
7918
7923
7925
7935
7948
7956
7956
7959
7963
7971
7977
7981
7987
7993
7995
8000
8002
8005
8007
8008
8023
8029
8042
8045
8045
8050
8053
8054
8061
8081
8082
8087
8087
8087
8089
8091
8096
8113
8124
8126
8128
8129
8130
8137
8147
8147
8149
8158
8159
8165
8168
8169
8171
8189
8200
8203
8214
8219
8221
8225
8237
8239
8250
8252
8260
8262
8274
8278
8282
8288
8298
8300
8303
8307
8308
8308
8316
8317
8318
8319
8322
8322
8325
8326
8327
8334
8338
8340
8355
8361
8380
8385
8394
8394
8400
8403
8406
8407
8407
8419
8424
8433
8434
8434
8437
8438
8441
8464
8471
8489
8490
8504
8506
8510
8512
8522
8527
8530
8538
8539
8544
8556
8564
8564
8566
8570
8572
8573
8609
8613
8616
8619
8631
8642
8662
8664
8670
8674
8677
8678
8684
8686
8688
8695
8697
8697
8701
8709
8718
8719
8719
8722
8724
8729
8735
8739
8739
8743
8745
8760
8768
8769
8776
8800
8802
8804
8808
8818
8820
8837
8850
8865
8865
8871
8871
8872
8876
8890
8898
8911
8920
8945
8952
8953
8957
8961
8965
8966
8970
8970
8992
9013
9019
9023
9024
9048
9050
9055
9058
9076
9080
9082
9090
9090
9108
9117
9120
9121
9123
9125
9126
9138
9140
9150
9151
9163
9164
9172
9178
9183
9186
9190
9195
9195
9198
9205
9205
9221
9221
9224
9231
9234
9235
9241
9241
9245
9252
9252
9288
9300
9308
9318
9322
9326
9327
9327
9336
9344
9347
9364
9365
9372
9379
9385
9392
9401
9409
9417
9427
9431
9434
9434
9445
9445
9461
9464
9474
9475
9484
9491
9492
9507
9534
9535
9541
9542
9547
9561
9573
9591
9591
9597
9605
9606
9612
9616
9618
9626
9631
9639
9648
9652
9664
9667
9673
9674
9674
9684
9685
9688
9694
9702
9704
9710
9718
9721
9724
9737
9739
9753
9762
9769
9781
9785
9786
9799
9804
9820
9821
9827
9828
9830
9837
9841
9849
9860
9863
9870
9872
9874
9883
9885
9896
9898
9899
9902
9904
9907
9912
9915
9925
9930
9951
9953
9958
9959
9961
9969
9977
9991
9996
9996
10000
10017
10020
10035
10044
10055
10070
10077
10079
10082
10086
10092
10097
10120
10133
10136
10148
10154
10155
10158
10158
10181
10184
10188
10189
10191
10195
10207
10215
10229
10236
10236
10240
10262
10269
10273
10276
10300
10321
10332
10362
10363
10377
10381
10384
10387
10404
10408
10410
10415
10420
10424
10447
10450
10461
10470
10472
10485
10496
10517
10519
10521
10522
10528
10546
10553
10566
10576
10588
10591
10594
10620
10622
10623
10623
10632
10643
10662
10663
10665
10666
10667
10682
10700
10706
10717
10718
10722
10742
10745
10746
10749
10757
10763
10765
10766
10768
10770
10775
10781
10787
10790
10794
10797
10797
10798
10803
10819
10822
10823
10860
10873
10885
10892
10892
10895
10898
10899
10913
10917
10919
10919
10923
10947
10955
10958
10959
10962
10965
10967
10972
10973
10973
10977
10977
10980
10993
11001
11004
11007
11008
11013
11016
11018
11019
11022
11033
11043
11047
11055
11057
11060
11069
11071
11079
11079
11099
11103
11105
11115
11115
11121
11122
11123
11124
11148
11149
11153
11156
11157
11164
11167
11172
11178
11179
11183
11185
11203
11232
11233
11238
11240
11244
11247
11249
11254
11263
11269
11271
11275
11280
11290
11291
11309
11310
11316
11330
11334
11343
11366
11371
11390
11394
11395
11395
11400
11405
11407
11415
11420
11425
11426
11428
11435
11441
11443
11445
11461
11465
11467
11469
11484
11491
11500
11517
11524
11525
11528
11529
11531
11535
11536
11537
11544
11545
11546
11558
11558
11558
11558
11605
11607
11608
11616
11620
11627
11636
11643
11656
11677
11684
11689
11692
11693
11701
11707
11712
11713
11713
11717
11722
11724
11742
11747
11747
11747
11756
11770
11799
11813
11813
11814
11822
11833
11835
11844
11847
11853
11860
11861
11868
11881
11889
11892
11898
11903
11905
11913
11917
11930
11930
11931
11931
11932
11945
11946
11948
11952
11964
11968
11974
11987
11990
11992
12018
12019
12021
12034
12043
12057
12060
12073
12076
12076
12091
12094
12096
12101
12107
12111
12115
12115
12138
12144
12148
12152
12155
12160
12168
12168
12169
12169
12175
12181
12186
12191
12200
12202
12204
12210
12217
12219
12225
12229
12239
12239
12246
12247
12256
12264
12266
12287
12298
12299
12302
12303
12306
12308
12312
12316
12317
12324
12324
12327
12328
12344
12355
12356
12364
12373
12381
12382
12388
12392
12393
12397
12399
12411
12414
12420
12420
12420
12425
12435
12451
12451
12461
12469
12470
12477
12482
12490
12493
12494
12513
12514
12519
12528
12533
12536
12550
12564
12573
12574
12575
12576
12577
12578
12580
12580
12587
12598
12600
12603
12607
12610
12612
12624
12624
12626
12632
12634
12653
12658
12669
12681
12699
12705
12707
12711
12718
12724
12730
12736
12738
12744
12747
12753
12765
12768
12772
12774
12790
12792
12798
12800
12812
12817
12818
12819
12820
12822
12832
12837
12843
12848
12860
12862
12862
12878
12881
12881
12882
12887
12897
12898
12900
12901
12930
12932
12934
12938
12944
12946
12964
12964
12969
12988
12990
12996
13000
13014
13019
13020
13022
13042
13053
13053
13053
13061
13065
13080
13087
13105
13109
13109
13111
13111
13120
13126
13135
13139
13146
13171
13172
13177
13178
13182
13199
13216
13219
13219
13247
13250
13259
13260
13260
13262
13263
13272
13275
13276
13277
13283
13286
13291
13293
13303
13303
13305
13311
13323
13329
13334
13343
13349
13353
13353
13357
13368
13375
13376
13390
13396
13398
13398
13401
13403
13403
13408
13408
13415
13428
13430
13437
13438
13439
13456
13460
13468
13482
13487
13494
13502
13506
13509
13519
13521
13525
13529
13530
13537
13541
13542
13544
13554
13554
13556
13558
13569
13592
13596
13597
13598
13603
13604
13605
13615
13624
13628
13643
13654
13659
13661
13678
13680
13680
13684
13688
13688
13697
13701
13716
13729
13732
13745
13745
13745
13746
13752
13752
13775
13794
13818
13820
13856
13865
13866
13876
13880
13882
13882
13884
13889
13891
13910
13913
13923
13934
13941
13943
13945
13950
13960
13965
13967
13984
13995
14004
14020
14029
14037
14046
14048
14050
14051
14052
14055
14070
14079
14085
14089
14102
14105
14107
14107
14111
14113
14137
14146
14149
14154
14159
14163
14163
14170
14178
14184
14191
14192
14196
14212
14217
14221
14224
14224
14226
14228
14229
14233
14237
14238
14252
14265
14265
14269
14269
14269
14277
14280
14293
14301
14302
14306
14307
14312
14314
14318
14320
14322
14327
14333
14335
14339
14340
14346
14360
14362
14364
14367
14372
14373
14385
14395
14395
14414
14419
14441
14447
14454
14468
14470
14477
14477
14481
14482
14483
14484
14494
14502
14513
14513
14522
14525
14526
14529
14531
14540
14542
14546
14549
14550
14552
14555
14559
14563
14566
14567
14572
14577
14580
14582
14611
14613
14634
14641
14644
14649
14671
14684
14684
14684
14686
14698
14709
14714
14734
14739
14746
14746
14758
14767
14768
14790
14790
14796
14796
14803
14804
14810
14811
14819
14820
14824
14828
14830
14834
14836
14838
14853
14861
14867
14879
14882
14889
14899
14900
14903
14904
14907
14918
14924
14940
14946
14955
14959
14965
14972
14977
14993
14995
15000
15001
15026
15036
15043
15043
15051
15062
15096
15099
15100
15104
15110
15125
15131
15143
15150
15150
15185
15188
15189
15190
15201
15201
15208
15213
15219
15229
15229
15239
15239
15241
15243
15247
15255
15270
15276
15276
15278
15297
15303
15304
15307
15319
15325
15325
15328
15332
15336
15349
15352
15360
15362
15364
15368
15400
15400
15406
15410
15421
15422
15426
15426
15435
15443
15449
15451
15455
15469
15471
15477
15481
15504
15511
15512
15516
15517
15523
15537
15541
15546
15557
15558
15559
15566
15588
15591
15599
15608
15620
15621
15624
15631
15636
15637
15638
15641
15646
15652
15655
15672
15674
15677
15678
15682
15682
15687
15690
15691
15693
15696
15699
15703
15708
15711
15711
15719
15723
15725
15725
15725
15735
15736
15746
15755
15755
15755
15758
15772
15781
15782
15785
15787
15792
15794
15842
15845
15850
15852
15858
15859
15863
15871
15886
15887
15891
15893
15893
15894
15919
15925
15928
15930
15933
15949
15952
15955
15972
15973
15982
15983
15989
16011
16027
16030
16030
16035
16037
16041
16045
16045
16050
16050
16054
16068
16087
16093
16100
16100
16109
16113
16116
16125
16126
16156
16162
16165
16170
16180
16201
16210
16213
16213
16217
16230
16238
16239
16242
16243
16251
16256
16258
16259
16259
16266
16276
16280
16287
16289
16292
16304
16308
16310
16318
16322
16323
16327
16341
16342
16344
16349
16351
16353
16363
16391
16400
16415
16419
16469
16481
16500
16500
16513
16524
16527
16533
16541
16544
16555
16574
16579
16591
16606
16613
16619
16630
16632
16634
16635
16635
16646
16657
16658
16666
16689
16691
16696
16697
16699
16703
16710
16712
16734
16743
16746
16746
16747
16748
16750
16760
16765
16767
16773
16776
16801
16801
16814
16819
16820
16823
16824
16836
16841
16846
16859
16876
16878
16879
16884
16892
16895
16902
16915
16915
16919
16947
16958
16960
16984
16991
16991
16991
16997
17001
17017
17018
17019
17038
17044
17053
17066
17070
17079
17087
17093
17098
17104
17104
17109
17126
17128
17136
17138
17142
17168
17213
17214
17227
17251
17254
17261
17270
17272
17277
17280
17289
17291
17297
17299
17308
17310
17310
17327
17340
17343
17345
17349
17351
17363
17371
17375
17380
17382
17394
17395
17396
17406
17411
17424
17430
17432
17438
17442
17448
17451
17460
17460
17468
17469
17472
17478
17479
17492
17502
17515
17527
17531
17533
17548
17558
17570
17573
17581
17586
17589
17591
17605
17611
17634
17634
17638
17638
17642
17649
17652
17658
17661
17667
17672
17676
17699
17704
17705
17706
17710
17712
17713
17717
17720
17724
17741
17747
17748
17756
17757
17758
17762
17779
17781
17793
17793
17799
17808
17813
17816
17824
17824
17827
17832
17832
17835
17841
17865
17868
17870
17871
17873
17882
17886
17891
17895
17896
17901
17907
17918
17923
17933
17937
17939
17957
17975
17976
17976
17982
17986
17996
17997
17998
18000
18006
18019
18036
18041
18044
18059
18060
18084
18090
18093
18094
18096
18098
18100
18104
18120
18132
18133
18134
18141
18141
18156
18160
18165
18170
18174
18182
18183
18187
18195
18197
18203
18203
18204
18207
18210
18224
18231
18233
18235
18243
18246
18252
18262
18276
18280
18289
18295
18299
18304
18306
18314
18318
18319
18328
18329
18340
18342
18347
18355
18355
18356
18362
18365
18370
18373
18373
18380
18402
18407
18413
18415
18415
18415
18442
18445
18446
18461
18474
18475
18480
18480
18480
18484
18498
18499
18512
18519
18523
18535
18537
18539
18542
18543
18553
18553
18560
18564
18571
18574
18579
18584
18588
18612
18617
18622
18624
18629
18631
18633
18636
18640
18652
18655
18678
18685
18691
18706
18712
18720
18734
18739
18750
18755
18766
18770
18772
18774
18776
18783
18786
18797
18811
18821
18825
18827
18828
18831
18834
18847
18852
18861
18865
18878
18881
18887
18894
18909
18911
18913
18919
18922
18926
18940
18942
18945
18947
18949
18951
18955
18965
18969
18975
18977
18978
18987
19014
19017
19018
19019
19021
19029
19037
19039
19044
19057
19057
19059
19068
19069
19073
19079
19080
19085
19098
19101
19106
19109
19110
19111
19111
19120
19142
19146
19162
19165
19169
19190
19194
19204
19208
19209
19212
19215
19218
19229
19235
19247
19253
19257
19259
19262
19276
19282
19282
19292
19302
19306
19309
19313
19317
19320
19325
19336
19339
19346
19347
19350
19354
19363
19372
19376
19381
19382
19393
19395
19411
19414
19414
19419
19434
19441
19443
19444
19445
19446
19448
19451
19456
19461
19470
19475
19480
19488
19488
19515
19516
19522
19528
19529
19532
19533
19535
19541
19543
19543
19547
19551
19553
19560
19581
19595
19597
19602
19604
19616
19617
19617
19625
19627
19628
19629
19651
19655
19677
19691
19695
19700
19706
19716
19719
19725
19727
19746
19751
19762
19765
19768
19774
19775
19787
19806
19816
19819
19826
19836
19839
19847
19852
19855
19859
19864
19867
19869
19880
19885
19887
19887
19891
19902
19919
19920
19946
19954
19955
19968
19970
19970
19972
19973
19981
19988
19991
19993
19995
20018
20024
20026
20031
20031
20031
20033
20034
20036
20049
20051
20053
20053
20059
20059
20060
20061
20082
20085
20096
20099
20112
20113
20118
20129
20153
20159
20172
20187
20187
20188
20191
20196
20199
20200
20211
20227
20239
20244
20251
20252
20256
20262
20282
20288
20289
20296
20297
20299
20328
20329
20329
20333
20338
20347
20347
20361
20364
20373
20376
20378
20382
20383
20384
20394
20407
20411
20419
20421
20433
20438
20440
20440
20440
20443
20459
20463
20475
20480
20485
20501
20508
20516
20518
20533
20539
20541
20542
20552
20555
20567
20567
20579
20581
20582
20582
20590
20591
20591
20622
20622
20628
20628
20632
20633
20638
20649
20653
20655
20667
20674
20700
20700
20709
20709
20738
20741
20742
20749
20765
20780
20784
20801
20806
20809
20817
20818
20821
20830
20830
20833
20838
20839
20844
20848
20849
20851
20861
20867
20869
20872
20879
20889
20890
20895
20899
20907
20921
20934
20935
20936
20939
20942
20943
20945
20946
20957
20957
20959
20961
20970
20972
20972
20981
20982
20995
21001
21003
21004
21006
21008
21008
21019
21021
21036
21036
21041
21042
21054
21056
21071
21079
21079
21084
21085
21090
21092
21093
21093
21119
21119
21122
21125
21129
21133
21134
21140
21141
21142
21156
21164
21165
21174
21178
21187
21193
21195
21198
21199
21216
21218
21229
21239
21242
21248
21249
21249
21250
21257
21261
21262
21266
21267
21274
21276
21276
21279
21288
21289
21294
21295
21303
21307
21319
21322
21333
21334
21336
21341
21342
21349
21352
21356
21359
21360
21374
21380
21381
21383
21386
21386
21389
21404
21423
21423
21436
21440
21448
21450
21456
21462
21478
21481
21484
21485
21495
21499
21502
21508
21508
21513
21514
21515
21515
21527
21527
21547
21551
21566
21576
21577
21581
21584
21585
21590
21599
21605
21610
21616
21618
21621
21623
21625
21631
21636
21644
21652
21657
21659
21663
21677
21681
21691
21704
21707
21712
21721
21721
21722
21735
21737
21744
21750
21751
21769
21776
21799
21804
21810
21832
21840
21840
21842
21849
21852
21855
21873
21874
21883
21885
21887
21895
21896
21898
21902
21903
21909
21909
21912
21933
21936
21946
21954
21958
21961
21966
21968
21974
21995
22008
22010
22012
22012
22017
22017
22020
22021
22022
22031
22033
22036
22043
22045
22045
22054
22056
22061
22065
22067
22086
22086
22088
22092
22094
22094
22099
22103
22108
22109
22113
22116
22130
22131
22133
22139
22143
22145
22147
22152
22160
22162
22173
22177
22184
22193
22193
22194
22194
22198
22203
22216
22220
22222
22229
22230
22235
22236
22245
22252
22252
22269
22284
22303
22312
22316
22318
22325
22327
22327
22335
22347
22347
22349
22349
22376
22385
22388
22395
22402
22403
22405
22406
22407
22409
22426
22426
22426
22432
22439
22458
22471
22479
22502
22506
22510
22524
22553
22564
22573
22593
22597
22602
22604
22611
22616
22625
22634
22648
22656
22661
22662
22663
22671
22676
22679
22684
22684
22687
22697
22697
22697
22699
22700
22703
22708
22708
22728
22736
22748
22749
22757
22762
22773
22779
22786
22786
22792
22794
22802
22805
22828
22829
22830
22832
22832
22834
22834
22841
22842
22849
22854
22860
22865
22899
22901
22907
22911
22922
22923
22932
22936
22944
22959
22970
22972
22973
22975
22976
22978
22997
22998
23000
23008
23025
23025
23027
23039
23040
23043
23046
23056
23066
23073
23075
23077
23078
23084
23087
23123
23131
23131
23132
23142
23147
23149
23166
23167
23172
23172
23177
23181
23191
23220
23220
23221
23227
23238
23240
23249
23275
23279
23283
23288
23289
23302
23306
23308
23309
23316
23316
23316
23318
23322
23322
23339
23351
23351
23372
23375
23380
23412
23425
23447
23452
23457
23462
23464
23465
23478
23482
23483
23495
23503
23509
23511
23521
23523
23524
23526
23548
23567
23574
23576
23590
23593
23601
23602
23619
23622
23622
23628
23630
23633
23639
23647
23649
23657
23661
23662
23664
23665
23670
23671
23674
23675
23681
23688
23691
23698
23700
23705
23730
23732
23732
23735
23743
23746
23751
23751
23757
23762
23764
23783
23793
23814
23824
23828
23842
23845
23864
23878
23880
23885
23888
23890
23900
23900
23903
23905
23909
23912
23912
23914
23918
23929
23931
23943
23946
23946
23954
23959
23959
23974
23980
23980
23980
23991
23997
24004
24008
24010
24011
24017
24019
24025
24029
24032
24043
24045
24082
24084
24086
24093
24112
24113
24122
24130
24131
24135
24138
24144
24154
24161
24174
24182
24190
24199
24210
24213
24218
24219
24227
24231
24242
24243
24245
24254
24271
24289
24297
24302
24305
24307
24318
24334
24337
24355
24355
24358
24363
24364
24367
24367
24372
24374
24384
24384
24384
24392
24405
24405
24425
24425
24429
24434
24436
24438
24446
24448
24457
24462
24462
24470
24474
24475
24477
24497
24508
24511
24514
24514
24516
24516
24516
24521
24525
24541
24542
24544
24545
24546
24551
24552
24570
24582
24582
24592
24602
24606
24615
24617
24623
24641
24652
24653
24658
24660
24678
24687
24697
24702
24704
24704
24709
24718
24719
24721
24733
24746
24748
24753
24756
24756
24756
24772
24774
24774
24775
24779
24793
24793
24793
24800
24803
24822
24831
24833
24836
24842
24842
24848
24848
24853
24854
24855
24856
24862
24868
24876
24876
24880
24881
24886
24887
24896
24899
24907
24910
24924
24928
24931
24936
24948
24959
24959
24962
24962
24979
24980
24981
24991
25010
25010
25010
25016
25021
25031
25040
25040
25042
25053
25067
25080
25084
25088
25097
25100
25102
25111
25117
25123
25131
25136
25148
25149
25149
25162
25165
25174
25175
25186
25189
25206
25222
25243
25246
25247
25261
25264
25288
25291
25291
25296
25300
25304
25305
25319
25338
25341
25347
25347
25347
25349
25352
25358
25359
25360
25371
25393
25400
25402
25402
25410
25419
25440
25449
25457
25462
25466
25476
25477
25477
25481
25491
25501
25505
25509
25522
25523
25526
25533
25581
25583
25584
25587
25587
25594
25595
25603
25613
25617
25622
25627
25635
25638
25642
25658
25666
25667
25670
25671
25673
25675
25699
25711
25713
25719
25727
25730
25732
25736
25737
25737
25738
25738
25744
25747
25748
25749
25757
25761
25767
25777
25779
25780
25784
25786
25802
25814
25820
25822
25830
25834
25838
25838
25838
25849
25854
25862
25872
25880
25918
25929
25946
25948
25960
25961
25963
25969
25978
25987
25991
25994
25998
26001
26001
26003
26020
26028
26038
26038
26039
26051
26060
26070
26071
26076
26084
26086
26086
26091
26094
26105
26113
26117
26121
26123
26131
26142
26146
26148
26159
26159
26169
26189
26190
26200
26203
26231
26239
26241
26249
26264
26274
26275
26301
26308
26309
26340
26344
26356
26362
26364
26375
26381
26384
26389
26392
26396
26398
26412
26422
26427
26434
26438
26440
26449
26464
26465
26467
26476
26481
26481
26486
26497
26507
26508
26511
26525
26526
26528
26528
26531
26531
26534
26542
26558
26569
26586
26591
26596
26597
26605
26607
26613
26617
26619
26620
26631
26639
26647
26653
26672
26684
26688
26689
26693
26699
26714
26717
26726
26729
26732
26736
26740
26752
26760
26772
26777
26783
26789
26799
26807
26816
26823
26824
26831
26844
26868
26875
26876
26877
26881
26886
26899
26910
26920
26940
26945
26947
26955
26958
26961
26966
26968
26969
26969
26969
26975
27004
27023
27024
27030
27045
27048
27049
27059
27060
27064
27071
27078
27090
27091
27105
27110
27110
27111
27113
27118
27120
27121
27123
27135
27139
27143
27145
27165
27175
27176
27178
27180
27194
27198
27199
27200
27217
27220
27227
27230
27258
27273
27274
27276
27283
27283
27286
27287
27288
27289
27289
27295
27307
27314
27323
27324
27326
27327
27332
27333
27334
27348
27357
27365
27368
27372
27372
27381
27385
27387
27388
27389
27391
27391
27399
27402
27402
27404
27408
27411
27419
27429
27432
27437
27443
27444
27449
27463
27464
27475
27478
27486
27490
27501
27509
27513
27514
27520
27521
27537
27537
27538
27540
27541
27552
27554
27555
27561
27564
27566
27569
27570
27571
27596
27600
27612
27620
27625
27631
27639
27656
27656
27659
27661
27663
27679
27680
27688
27689
27698
27707
27708
27713
27720
27721
27725
27732
27739
27739
27746
27757
27760
27766
27768
27779
27780
27784
27793
27799
27802
27812
27812
27821
27822
27832
27834
27839
27844
27845
27851
27857
27865
27872
27875
27879
27887
27891
27895
27896
27903
27905
27909
27924
27936
27940
27940
27956
27979
27979
27979
27979
27981
27982
27983
28000
28001
28003
28003
28016
28019
28022
28049
28052
28073
28076
28109
28115
28145
28147
28158
28160
28160
28164
28180
28180
28199
28202
28206
28222
28227
28243
28254
28255
28259
28260
28265
28283
28290
28291
28294
28325
28338
28339
28357
28359
28361
28371
28384
28392
28396
28406
28407
28429
28433
28438
28440
28448
28452
28468
28473
28481
28490
28494
28501
28504
28514
28525
28526
28528
28533
28534
28536
28540
28552
28560
28566
28568
28578
28583
28593
28595
28630
28636
28638
28638
28640
28644
28655
28666
28687
28690
28694
28700
28701
28703
28712
28729
28742
28743
28745
28748
28764
28769
28781
28781
28783
28789
28789
28794
28795
28796
28802
28808
28809
28817
28820
28825
28845
28846
28860
28861
28869
28870
28874
28882
28883
28887
28888
28900
28901
28906
28920
28932
28932
28939
28960
28965
28965
28973
28977
28978
28985
28993
28993
29008
29011
29011
29013
29016
29017
29029
29030
29050
29053
29061
29071
29073
29075
29085
29091
29097
29099
29102
29111
29123
29128
29145
29152
29154
29155
29156
29157
29166
29170
29173
29185
29186
29191
29193
29216
29222
29231
29231
29247
29260
29262
29273
29276
29276
29312
29318
29319
29320
29321
29323
29330
29330
29333
29352
29359
29373
29385
29399
29399
29401
29407
29412
29417
29438
29445
29452
29459
29472
29478
29483
29483
29485
29491
29492
29494
29500
29511
29524
29527
29541
29542
29547
29548
29550
29550
29553
29561
29562
29566
29572
29575
29586
29593
29595
29598
29602
29604
29626
29634
29648
29650
29655
29660
29668
29670
29679
29680
29682
29684
29685
29691
29694
29707
29708
29712
29714
29726
29731
29743
29746
29753
29762
29767
29791
29799
29801
29814
29819
29821
29826
29840
29842
29845
29853
29856
29865
29882
29889
29893
29894
29894
29907
29913
29918
29918
29922
29929
29930
29954
29966
29969
29972
29984
29989
29991
30003
30004
30009
30034
30034
30036
30049
30051
30055
30057
30061
30062
30064
30068
30071
30071
30072
30076
30076
30082
30096
30122
30123
30129
30129
30130
30138
30148
30153
30158
30158
30159
30174
30183
30188
30197
30206
30210
30212
30212
30218
30221
30221
30222
30225
30226
30231
30234
30245
30246
30246
30248
30254
30255
30260
30276
30278
30280
30281
30307
30312
30315
30316
30320
30321
30329
30334
30337
30338
30351
30353
30355
30365
30371
30374
30376
30387
30390
30396
30397
30405
30405
30422
30427
30433
30441
30444
30452
30454
30457
30463
30465
30466
30468
30476
30484
30486
30494
30498
30498
30503
30508
30514
30515
30519
30525
30540
30540
30552
30553
30557
30560
30568
30570
30582
30588
30590
30592
30593
30597
30603
30610
30611
30614
30622
30623
30626
30635
30639
30644
30656
30659
30660
30661
30668
30670
30674
30675
30685
30687
30694
30702
30704
30712
30713
30713
30715
30721
30737
30743
30752
30770
30770
30772
30774
30783
30808
30808
30810
30818
30822
30834
30836
30841
30852
30855
30863
30863
30877
30883
30885
30885
30886
30888
30892
30892
30903
30905
30910
30910
30910
30912
30915
30917
30942
30945
30956
30957
30958
30972
30973
30975
30975
30984
30987
30992
30993
31006
31007
31009
31013
31014
31028
31032
31035
31042
31053
31054
31060
31062
31062
31063
31074
31075
31081
31088
31091
31094
31095
31097
31113
31116
31124
31128
31132
31151
31169
31171
31176
31177
31182
31189
31190
31196
31198
31210
31216
31220
31226
31238
31239
31240
31243
31261
31276
31282
31287
31290
31300
31301
31307
31313
31321
31332
31334
31338
31341
31343
31365
31367
31368
31377
31389
31390
31399
31409
31413
31414
31431
31436
31439
31444
31445
31447
31451
31465
31471
31472
31481
31491
31526
31545
31547
31559
31563
31574
31577
31583
31585
31598
31604
31619
31632
31642
31643
31646
31653
31662
31663
31667
31682
31693
31706
31740
31746
31749
31757
31765
31768
31787
31792
31794
31798
31811
31813
31820
31829
31831
31858
31861
31862
31874
31875
31878
31881
31881
31884
31892
31909
31917
31918
31922
31924
31934
31945
31955
31964
31965
31975
31989
32011
32031
32031
32044
32050
32056
32060
32064
32075
32085
32085
32088
32105
32108
32108
32114
32120
32122
32123
32130
32149
32157
32166
32176
32182
32184
32190
32209
32219
32222
32224
32233
32233
32234
32251
32261
32263
32273
32299
32310
32312
32321
32323
32335
32347
32364
32375
32376
32377
32378
32386
32387
32391
32400
32407
32409
32410
32418
32429
32436
32445
32449
32457
32457
32462
32464
32471
32480
32488
32503
32507
32513
32534
32537
32543
32551
32553
32571
32579
32581
32589
32592
32599
32600
32603
32603
32609
32615
32617
32655
32667
32685
32688
32688
32690
32696
32701
32725
32727
32728
32730
32731
32743
32752
32754
32761
32770
32777
32778
32783
32795
32796
32804
32804
32806
32811
32821
32829
32829
32859
32860
32864
32880
32882
32887
32890
32893
32907
32912
32916
32918
32945
32947
32948
32948
32953
32961
32964
32966
32970
32977
32993
32997
32998
33000
33002
33004
33015
33021
33037
33059
33061
33064
33069
33069
33071
33079
33081
33084
33088
33095
33100
33102
33109
33115
33117
33120
33121
33122
33134
33137
33146
33148
33151
33167
33169
33173
33175
33179
33192
33195
33200
33208
33215
33225
33225
33226
33227
33227
33228
33229
33231
33239
33244
33248
33252
33259
33259
33262
33262
33276
33281
33282
33289
33302
33306
33314
33318
33319
33323
33338
33340
33342
33350
33359
33370
33372
33387
33389
33400
33402
33403
33422
33429
33432
33433
33434
33437
33442
33449
33451
33458
33463
33466
33471
33480
33487
33492
33497
33501
33505
33507
33511
33514
33522
33526
33536
33536
33545
33550
33570
33575
33584
33594
33610
33615
33617
33618
33624
33629
33664
33664
33666
33692
33699
33700
33715
33719
33726
33730
33731
33732
33733
33734
33744
33746
33749
33763
33763
33766
33769
33770
33771
33774
33783
33785
33791
33792
33794
33799
33804
33820
33820
33825
33833
33836
33851
33851
33854
33866
33871
33872
33874
33880
33887
33889
33897
33905
33906
33917
33927
33929
33932
33949
33950
33954
33958
33959
33961
33965
33965
33967
33968
33968
33968
33973
33975
33981
34001
34006
34017
34029
34030
34036
34052
34053
34068
34068
34069
34070
34073
34077
34094
34098
34102
34107
34110
34111
34119
34123
34137
34140
34158
34161
34162
34165
34170
34187
34191
34199
34202
34204
34206
34228
34244
34261
34262
34274
34276
34277
34282
34284
34289
34289
34291
34304
34311
34319
34320
34324
34334
34335
34353
34357
34358
34377
34397
34406
34406
34408
34408
34411
34418
34430
34431
34441
34452
34455
34465
34473
34474
34478
34482
34484
34485
34486
34494
34495
34496
34497
34502
34509
34509
34510
34515
34530
34537
34539
34552
34556
34561
34566
34569
34576
34587
34588
34595
34604
34608
34609
34609
34617
34639
34644
34645
34648
34668
34669
34671
34673
34673
34681
34687
34687
34713
34733
34744
34746
34755
34761
34762
34765
34773
34775
34776
34778
34779
34786
34798
34800
34805
34814
34817
34819
34820
34821
34834
34837
34857
34869
34870
34898
34898
34921
34921
34925
34931
34955
34955
34962
34965
34973
34981
34984
34991
34995
35007
35009
35011
35018
35024
35027
35027
35036
35037
35042
35043
35047
35067
35087
35091
35093
35100
35109
35118
35138
35143
35144
35153
35160
35177
35190
35191
35199
35200
35213
35215
35224
35242
35244
35249
35250
35251
35262
35283
35283
35284
35287
35301
35306
35308
35309
35310
35311
35314
35322
35323
35356
35360
35364
35373
35388
35395
35399
35419
35420
35421
35428
35429
35434
35435
35452
35455
35455
35457
35463
35464
35469
35471
35476
35476
35484
35488
35490
35504
35507
35520
35532
35534
35535
35542
35542
35544
35547
35548
35549
35553
35559
35562
35564
35567
35571
35577
35580
35592
35605
35611
35611
35614
35627
35630
35631
35632
35636
35643
35643
35645
35651
35654
35656
35658
35667
35669
35684
35686
35689
35700
35703
35704
35705
35710
35711
35714
35726
35732
35743
35752
35761
35769
35772
35788
35790
35794
35800
35809
35811
35816
35828
35831
35835
35840
35848
35852
35861
35862
35865
35866
35869
35886
35889
35891
35892
35892
35902
35906
35915
35930
35936
35939
35951
35977
35979
35987
35997
36002
36006
36008
36013
36016
36017
36021
36027
36031
36035
36039
36046
36055
36056
36058
36059
36069
36069
36073
36079
36089
36092
36093
36096
36096
36098
36101
36101
36102
36103
36108
36114
36118
36120
36120
36128
36128
36138
36140
36146
36151
36152
36157
36161
36165
36187
36187
36220
36227
36233
36233
36245
36246
36250
36269
36273
36277
36280
36292
36295
36299
36313
36314
36324
36324
36327
36338
36341
36347
36348
36351
36353
36375
36401
36404
36404
36413
36434
36443
36450
36467
36467
36471
36478
36484
36487
36489
36489
36497
36498
36511
36512
36512
36517
36521
36521
36536
36552
36552
36561
36563
36564
36576
36580
36590
36592
36597
36601
36622
36641
36652
36656
36668
36694
36695
36696
36698
36715
36719
36725
36738
36739
36743
36744
36744
36751
36751
36771
36774
36775
36780
36785
36788
36822
36829
36829
36839
36839
36844
36858
36861
36874
36880
36880
36886
36892
36892
36895
36901
36903
36916
36928
36930
36942
36945
36953
36956
36959
36963
36969
36970
36976
36976
36983
36993
36996
37015
37016
37019
37031
37034
37042
37042
37045
37056
37059
37069
37071
37080
37081
37085
37087
37094
37095
37099
37102
37107
37117
37119
37120
37148
37161
37168
37174
37174
37193
37198
37230
37234
37234
37242
37243
37267
37272
37274
37277
37278
37284
37288
37290
37312
37317
37335
37335
37336
37348
37352
37357
37357
37361
37362
37370
37371
37373
37385
37387
37387
37390
37401
37408
37410
37410
37411
37412
37434
37449
37453
37455
37457
37458
37475
37483
37484
37490
37496
37502
37510
37525
37534
37543
37548
37558
37559
37578
37582
37583
37585
37588
37600
37609
37642
37644
37645
37647
37665
37667
37681
37682
37684
37688
37688
37695
37701
37703
37714
37716
37718
37720
37721
37727
37727
37730
37731
37737
37744
37745
37747
37753
37769
37770
37775
37781
37800
37805
37822
37856
37862
37875
37885
37899
37902
37905
37907
37916
37919
37919
37922
37928
37934
37943
37955
37969
37976
37976
37983
37985
37987
37990
37998
38002
38007
38011
38018
38025
38032
38035
38042
38046
38062
38071
38076
38077
38078
38079
38084
38089
38106
38120
38126
38145
38146
38147
38155
38166
38169
38175
38177
38178
38179
38200
38204
38205
38207
38211
38214
38217
38219
38219
38225
38234
38235
38238
38263
38269
38278
38278
38286
38294
38295
38298
38308
38313
38321
38323
38330
38332
38350
38350
38354
38368
38373
38374
38383
38390
38394
38397
38403
38410
38414
38417
38440
38441
38450
38451
38457
38466
38468
38470
38470
38478
38478
38482
38483
38490
38508
38520
38522
38530
38531
38533
38535
38540
38541
38547
38549
38550
38553
38556
38559
38560
38561
38566
38572
38577
38578
38593
38593
38610
38624
38629
38636
38647
38647
38650
38651
38664
38671
38675
38677
38687
38708
38715
38725
38734
38750
38753
38758
38762
38766
38767
38785
38786
38792
38805
38805
38809
38809
38809
38809
38811
38828
38841
38847
38848
38850
38855
38867
38873
38875
38880
38880
38891
38893
38896
38902
38910
38911
38913
38914
38915
38916
38924
38925
38932
38942
38951
38965
38984
38997
38999
39001
39003
39006
39024
39033
39040
39042
39043
39053
39057
39058
39067
39071
39073
39083
39087
39092
39094
39095
39095
39111
39112
39125
39130
39131
39131
39132
39138
39149
39156
39161
39185
39185
39216
39229
39237
39239
39254
39255
39270
39278
39292
39292
39303
39307
39308
39309
39316
39327
39332
39335
39336
39337
39340
39342
39343
39346
39347
39364
39365
39373
39373
39375
39379
39380
39382
39399
39416
39417
39421
39421
39432
39471
39497
39501
39511
39512
39514
39514
39517
39523
39525
39548
39564
39571
39584
39597
39604
39618
39621
39625
39626
39638
39638
39639
39643
39654
39661
39666
39676
39680
39682
39685
39689
39691
39693
39693
39706
39730
39733
39735
39735
39736
39737
39746
39752
39760
39774
39775
39784
39785
39790
39792
39793
39795
39796
39798
39807
39807
39813
39815
39815
39824
39828
39835
39839
39839
39840
39844
39850
39856
39860
39869
39879
39894
39894
39895
39901
39918
39920
39923
39925
39928
39938
39939
39948
39953
39957
39964
39970
39976
39981
39981
39986
39988
39993
39997
40010
40014
40017
40019
40020
40021
40025
40026
40035
40044
40050
40051
40054
40060
40067
40070
40071
40072
40073
40077
40077
40080
40085
40086
40089
40091
40100
40102
40103
40110
40112
40115
40117
40127
40131
40138
40142
40147
40148
40155
40175
40181
40182
40182
40196
40196
40201
40207
40209
40229
40229
40232
40235
40238
40246
40250
40252
40253
40253
40255
40256
40263
40271
40286
40289
40289
40294
40305
40315
40316
40316
40319
40322
40326
40339
40340
40344
40348
40352
40371
40372
40374
40376
40381
40386
40404
40416
40424
40430
40452
40460
40462
40467
40469
40469
40470
40472
40480
40481
40503
40507
40516
40518
40532
40570
40575
40579
40583
40589
40593
40594
40594
40595
40596
40596
40601
40604
40614
40626
40644
40656
40659
40659
40660
40671
40675
40685
40688
40690
40700
40702
40706
40706
40717
40740
40749
40750
40752
40758
40779
40788
40800
40803
40808
40815
40817
40820
40835
40839
40839
40841
40842
40843
40844
40853
40861
40876
40882
40896
40900
40900
40909
40920
40920
40930
40936
40938
40944
40948
40951
40956
40964
40966
40973
40983
40992
41000
41011
41011
41018
41019
41024
41037
41038
41041
41043
41047
41050
41050
41055
41055
41059
41067
41070
41074
41074
41079
41082
41084
41086
41099
41119
41127
41129
41130
41132
41150
41151
41154
41154
41170
41189
41194
41200
41211
41215
41220
41220
41245
41261
41267
41279
41283
41287
41290
41290
41296
41301
41310
41317
41322
41329
41333
41341
41362
41372
41387
41392
41393
41400
41401
41405
41424
41429
41433
41438
41442
41442
41451
41451
41454
41455
41460
41461
41461
41463
41464
41473
41474
41482
41484
41489
41493
41497
41509
41512
41513
41520
41520
41526
41529
41534
41542
41543
41565
41571
41572
41578
41581
41586
41586
41587
41589
41594
41607
41626
41650
41662
41675
41676
41683
41711
41713
41718
41725
41746
41751
41756
41758
41777
41779
41779
41781
41784
41784
41785
41788
41788
41799
41813
41818
41843
41845
41849
41851
41867
41886
41895
41895
41906
41911
41919
41921
41925
41926
41929
41942
41950
41954
41955
41956
41966
41968
41971
41971
41982
41987
41996
42005
42006
42015
42027
42035
42051
42059
42063
42070
42073
42080
42083
42090
42098
42099
42106
42111
42113
42114
42120
42123
42131
42135
42140
42145
42151
42161
42161
42162
42162
42204
42205
42206
42207
42211
42211
42213
42216
42219
42223
42228
42239
42242
42257
42263
42264
42266
42268
42272
42277
42291
42299
42306
42313
42319
42327
42332
42334
42337
42341
42343
42354
42357
42370
42371
42371
42374
42384
42388
42394
42398
42413
42415
42416
42423
42426
42446
42451
42479
42480
42482
42485
42497
42509
42510
42513
42514
42529
42533
42540
42545
42554
42563
42574
42582
42584
42586
42587
42590
42591
42602
42604
42608
42615
42617
42621
42623
42627
42645
42645
42649
42650
42652
42655
42655
42657
42664
42666
42669
42688
42704
42710
42712
42716
42722
42722
42724
42732
42735
42738
42747
42755
42759
42761
42767
42767
42775
42775
42780
42781
42784
42785
42789
42793
42813
42864
42864
42889
42890
42898
42902
42908
42909
42909
42913
42913
42919
42919
42923
42925
42934
42938
42939
42962
42967
42974
42987
43005
43013
43015
43018
43022
43023
43039
43042
43043
43063
43066
43069
43072
43080
43084
43090
43093
43098
43110
43111
43113
43119
43126
43128
43135
43146
43150
43152
43157
43168
43170
43170
43186
43187
43188
43192
43196
43201
43206
43206
43215
43215
43220
43221
43232
43232
43241
43260
43260
43266
43271
43278
43290
43299
43312
43316
43317
43326
43332
43333
43337
43353
43363
43365
43365
43385
43391
43402
43407
43427
43428
43437
43445
43446
43458
43458
43460
43465
43468
43474
43477
43509
43511
43511
43513
43519
43522
43527
43528
43536
43540
43561
43566
43566
43571
43573
43574
43576
43580
43592
43593
43596
43601
43612
43615
43618
43621
43634
43636
43640
43648
43657
43663
43668
43675
43698
43698
43702
43708
43718
43725
43743
43744
43746
43752
43753
43754
43760
43760
43776
43777
43777
43778
43787
43789
43797
43797
43799
43815
43822
43824
43828
43830
43836
43843
43844
43856
43863
43866
43871
43874
43876
43884
43888
43897
43901
43902
43910
43914
43925
43935
43948
43963
43965
43966
43966
43973
44005
44009
44026
44034
44040
44045
44063
44069
44082
44092
44094
44097
44101
44126
44140
44158
44171
44183
44188
44213
44216
44217
44234
44234
44238
44257
44258
44263
44278
44280
44295
44295
44312
44320
44333
44338
44344
44348
44366
44367
44368
44371
44372
44376
44378
44383
44388
44392
44409
44430
44450
44453
44470
44477
44478
44481
44484
44501
44511
44513
44514
44526
44528
44530
44534
44556
44565
44565
44567
44571
44577
44578
44580
44581
44585
44586
44594
44598
44601
44602
44610
44622
44629
44631
44637
44651
44655
44682
44696
44703
44709
44713
44716
44722
44723
44737
44748
44753
44762
44762
44769
44770
44786
44798
44799
44800
44814
44828
44833
44849
44860
44860
44867
44870
44877
44886
44891
44896
44905
44909
44912
44916
44918
44920
44929
44948
44950
44960
44976
44979
44983
44986
44986
44997
45005
45006
45012
45029
45031
45035
45037
45038
45044
45045
45048
45053
45065
45075
45080
45093
45106
45108
45112
45113
45126
45128
45130
45135
45137
45139
45139
45141
45142
45143
45143
45147
45152
45170
45182
45184
45204
45207
45210
45211
45216
45235
45235
45240
45250
45253
45257
45286
45287
45299
45303
45316
45316
45320
45320
45327
45329
45349
45352
45354
45359
45366
45367
45370
45371
45386
45403
45404
45417
45422
45424
45429
45435
45437
45443
45443
45446
45449
45461
45473
45483
45488
45490
45502
45505
45507
45518
45544
45558
45566
45576
45598
45599
45601
45602
45614
45622
45626
45628
45635
45641
45648
45677
45690
45692
45694
45709
45714
45717
45719
45726
45729
45731
45732
45737
45737
45742
45757
45757
45759
45772
45774
45785
45793
45801
45812
45820
45827
45833
45835
45837
45838
45846
45853
45856
45862
45884
45890
45897
45919
45923
45933
45942
45953
45965
45972
45976
45977
45995
46007
46009
46014
46015
46025
46030
46040
46050
46054
46054
46065
46065
46065
46078
46085
46087
46098
46113
46113
46119
46121
46127
46139
46143
46146
46164
46171
46171
46193
46196
46213
46214
46217
46219
46223
46233
46241
46243
46251
46254
46265
46272
46293
46294
46296
46305
46308
46312
46320
46334
46336
46337
46343
46344
46354
46355
46359
46364
46385
46396
46400
46418
46421
46423
46432
46433
46470
46474
46479
46493
46501
46503
46505
46515
46517
46520
46524
46528
46536
46536
46540
46541
46546
46547
46552
46552
46561
46572
46584
46599
46611
46640
46645
46651
46671
46673
46676
46683
46683
46694
46696
46699
46702
46706
46706
46714
46715
46718
46746
46747
46761
46779
46789
46790
46814
46814
46817
46836
46845
46852
46859
46862
46871
46882
46894
46904
46906
46920
46925
46926
46928
46940
46966
46967
46975
46983
46984
46992
46993
46997
46998
47002
47014
47016
47026
47033
47036
47036
47045
47053
47058
47081
47083
47084
47095
47104
47112
47123
47136
47142
47151
47161
47161
47163
47173
47178
47189
47198
47200
47207
47209
47211
47234
47236
47237
47246
47249
47251
47283
47291
47307
47317
47321
47336
47346
47351
47359
47360
47367
47380
47385
47393
47400
47401
47403
47417
47417
47431
47437
47446
47451
47452
47453
47455
47459
47463
47472
47474
47481
47483
47484
47485
47516
47527
47528
47546
47549
47555
47571
47581
47593
47597
47601
47602
47603
47605
47612
47615
47617
47617
47627
47631
47636
47637
47639
47654
47668
47669
47681
47687
47692
47698
47703
47717
47720
47722
47727
47734
47743
47750
47755
47764
47765
47766
47772
47772
47775
47777
47798
47802
47809
47809
47816
47855
47857
47860
47871
47875
47876
47886
47893
47896
47898
47905
47906
47911
47919
47927
47935
47937
47939
47946
47949
47950
47950
47952
47954
47972
47973
47973
47982
47988
47994
48004
48005
48005
48008
48011
48014
48041
48043
48045
48049
48055
48057
48057
48064
48066
48069
48079
48097
48098
48101
48103
48104
48104
48108
48121
48123
48123
48127
48127
48137
48139
48143
48147
48148
48151
48179
48187
48189
48190
48194
48195
48195
48207
48209
48210
48220
48222
48223
48231
48238
48239
48242
48248
48253
48258
48270
48274
48289
48294
48295
48300
48306
48309
48323
48327
48333
48334
48335
48337
48342
48366
48374
48389
48398
48411
48412
48418
48429
48436
48437
48452
48459
48466
48472
48474
48477
48479
48498
48499
48510
48537
48537
48538
48550
48556
48557
48559
48574
48577
48581
48606
48610
48612
48638
48647
48660
48664
48667
48672
48678
48681
48690
48703
48710
48715
48738
48754
48756
48761
48767
48773
48776
48779
48786
48788
48798
48802
48818
48822
48824
48834
48854
48861
48868
48894
48900
48901
48911
48923
48928
48933
48938
48946
48966
48968
48969
48983
48994
48996
48998
49017
49025
49028
49032
49034
49040
49050
49051
49073
49087
49096
49100
49101
49112
49120
49125
49127
49151
49156
49160
49166
49167
49170
49171
49180
49197
49201
49210
49213
49216
49220
49225
49230
49233
49242
49243
49247
49255
49295
49299
49305
49315
49316
49319
49331
49332
49339
49345
49346
49375
49390
49392
49392
49393
49395
49413
49413
49420
49429
49459
49482
49484
49487
49492
49497
49511
49512
49524
49527
49537
49538
49543
49544
49546
49548
49549
49559
49564
49567
49577
49580
49582
49600
49609
49611
49615
49622
49637
49638
49644
49659
49659
49672
49694
49694
49709
49710
49715
49728
49730
49736
49749
49772
49780
49793
49807
49812
49818
49819
49821
49827
49836
49844
49847
49853
49857
49860
49864
49864
49865
49865
49896
49910
49939
49940
49943
49944
49945
49953
49962
49965
49968
49973
49979
49981
49994
