49
110
128
242
461
461
482
493
501
632
729
826
867
892
968
984
1000
1014
1174
1213
1317
1378
1408
1427
1521
1551
1633
1654
1668
1702
1710
1758
1782
1798
1883
1896
1899
1922
1938
2031
2042
2060
2173
2180
2251
2312
2399
2434
2543
2671
2682
2682
2707
2710
2733
2768
2770
2781
2901
2905
2906
2917
3010
3068
3072
3083
3091
3094
3106
3133
3230
3251
3261
3290
3309
3328
3335
3362
3411
3455
3554
3571
3601
3689
3772
3885
3904
3909
3975
4032
4089
4130
4143
4226
4239
4243
4318
4508
4510
4582
4601
4626
4642
4642
4693
4741
4788
4821
4957
4966
5008
5023
5156
5157
5246
5273
5298
5435
5450
5489
5491
5495
5497
5535
5558
5578
5662
5682
5733
5744
5830
5838
5957
5980
5984
6025
6075
6080
6110
6178
6237
6250
6269
6285
6325
6340
6367
6424
6443
6484
6534
6594
6710
6876
6883
6970
7044
7187
7195
7272
7308
7309
7318
7374
7441
7447
7464
7532
7540
7580
7608
7614
7641
7646
7684
7842
7883
7940
7995
8019
8022
8119
8211
8217
8219
8278
8297
8341
8352
8405
8452
8526
8588
8620
8703
8733
8803
8843
8949
9030
9073
9105
9121
9260
9275
9307
9310
9350
9367
9417
9437
9513
9532
9588
9593
9596
9739
9752
9782
9899
9971
9995
10024
10045
10056
10109
10119
10318
10357
10367
10370
10409
10412
10418
10618
10637
10713
10726
10749
10755
10778
10786
10837
10902
10957
10982
11038
11117
11169
11306
11312
11315
11400
11421
11501
11516
11544
11558
11586
11588
11611
11672
11721
11815
11910
11956
11987
11993
12023
12072
12076
12095
12109
12145
12169
12172
12178
12190
12249
12254
12289
12319
12325
12326
12409
12506
12525
12764
12764
12850
12875
12949
12993
13020
13056
13107
13194
13262
13280
13318
13322
13416
13422
13447
13458
13585
13640
13671
13684
13716
13759
13786
13800
13820
13842
13863
13959
14062
14068
14080
14143
14254
14259
14265
14271
14352
14379
14477
14487
14538
14640
14698
14729
14750
14772
14883
14919
14988
14991
15012
15013
15110
15147
15180
15221
15264
15296
15364
15370
15382
15444
15456
15482
15579
15586
15821
15840
15991
16122
16152
16177
16223
16238
16286
16301
16374
16387
16454
16476
16539
16546
16584
16629
16690
16756
16770
16782
16797
16809
16915
16962
16997
17030
17047
17059
17158
17161
17224
17251
17287
17290
17304
17306
17333
17377
17386
17509
17621
17638
17651
17676
17691
17711
17786
17837
17853
17890
17900
17967
18009
18034
18056
18088
18202
18249
18376
18387
18475
18501
18505
18517
18553
18583
18619
18660
18671
18678
18699
18764
18769
18793
18814
18854
18867
18911
18957
18970
18994
19034
19186
19251
19265
19286
19286
19322
19343
19376
19572
19586
19700
19863
19920
19945
19988
19995
20054
20079
20188
20202
20347
20353
20375
20376
20519
20529
20570
20586
20644
20683
20769
20795
20825
20843
20878
20941
21018
21115
21133
21153
21177
21186
21201
21253
21331
21363
21402
21439
21443
21514
21529
21664
21677
21702
21746
21770
21779
21789
21796
21809
21907
21967
21971
21978
21987
21988
22051
22055
22144
22283
22350
22375
22398
22415
22447
22463
22515
22542
22688
22740
22749
22805
22812
22817
22822
22850
22931
22986
23004
23095
23148
23178
23187
23195
23231
23319
23328
23351
23432
23434
23440
23495
23510
23521
23523
23547
23561
23597
23621
23624
23624
23634
23663
23672
23687
23709
23784
23789
23792
23794
23811
23887
23911
23917
23936
23949
23963
23973
23977
24051
24074
24089
24114
24121
24146
24247
24263
24405
24418
24430
24494
24510
24523
24554
24574
24664
24665
24671
24673
24736
24769
24804
24900
24901
24991
25057
25059
25165
25206
25287
25316
25359
25480
25535
25561
25567
25685
25694
25757
25797
25832
25890
25894
25933
25942
26001
26014
26068
26103
26137
26221
26224
26304
26378
26482
26527
26567
26646
26898
26913
26948
27017
27020
27033
27047
27090
27115
27165
27190
27228
27266
27283
27292
27304
27315
27399
27435
27503
27608
27614
27616
27661
27707
27708
27739
27760
27819
27843
27937
27970
27994
27999
28139
28140
28144
28189
28224
28290
28332
28400
28480
28497
28630
28655
28705
28743
28793
28820
28844
28852
28894
28973
28975
29053
29101
29142
29160
29201
29244
29251
29299
29310
29324
29358
29372
29404
29502
29519
29617
29715
29735
29807
29868
29870
30159
30176
30240
30264
30290
30292
30299
30330
30342
30358
30362
30399
30418
30442
30444
30490
30512
30552
30649
30746
30771
30778
30805
30836
30850
30914
30933
30985
31030
31059
31079
31122
31155
31157
31329
31346
31371
31485
31540
31574
31728
31754
31790
31803
31834
31836
31891
31917
31969
32012
32022
32142
32203
32213
32214
32225
32256
32275
32277
32278
32292
32294
32324
32350
32407
32412
32523
32532
32563
32567
32572
32575
32576
32586
32611
32658
32663
32665
32677
32759
32845
32870
32914
32941
32948
32957
33002
33023
33036
33147
33159
33205
33343
33375
33380
33515
33526
33533
33562
33583
33589
33627
33654
33672
33682
33712
33723
33785
33787
33806
33856
33865
33871
33942
33946
34007
34050
34240
34249
34264
34355
34397
34412
34425
34449
34512
34518
34531
34538
34599
34631
34650
34677
34693
34704
34724
34774
34836
34849
34934
34935
34960
34983
34985
34994
35008
35056
35061
35068
35075
35099
35132
35137
35151
35179
35303
35312
35338
35438
35559
35572
35582
35591
35651
35676
35684
35716
35727
35730
35732
35741
35766
35785
35842
35865
35913
35982
36075
36096
36217
36221
36230
36376
36389
36436
36473
36501
36528
36591
36594
36605
36617
36656
36662
36707
36866
36886
36931
36942
36960
37032
37036
37040
37046
37204
37221
37231
37239
37286
37295
37417
37465
37531
37625
37844
37889
37943
38003
38101
38103
38112
38145
38189
38293
38319
38481
38593
38597
38614
38621
38658
38698
38727
38765
38851
38854
38912
38955
39082
39231
39237
39265
39351
39457
39479
39482
39541
39625
39647
39656
39663
39690
39752
39780
39842
39855
39864
39873
39880
39971
40086
40097
40160
40208
40219
40220
40226
40244
40288
40375
40439
40443
40495
40496
40497
40558
40580
40586
40713
40733
40911
40944
40987
41029
41038
41107
41125
41128
41284
41371
41384
41440
41450
41561
41579
41619
41662
41668
41687
41719
41798
41828
41839
41847
41849
41878
41928
41953
42061
42098
42134
42178
42262
42273
42279
42327
42417
42428
42444
42479
42516
42610
42681
42755
42811
42835
42872
42880
42894
42914
42923
42961
43011
43135
43171
43182
43288
43297
43365
43404
43537
43553
43560
43565
43617
43672
43691
43769
43859
43866
43882
43958
44069
44160
44183
44195
44206
44239
44302
44306
44333
44364
44412
44417
44569
44579
44624
44679
44717
44726
44775
44809
44822
44871
44937
44956
45101
45137
45335
45356
45361
45407
45438
45447
45449
45474
45478
45666
45754
45795
45852
45862
45965
46018
46039
46108
46147
46193
46207
46228
46342
46355
46364
46451
46453
46498
46593
46680
46746
46816
46861
46866
46884
46919
46956
47030
47063
47108
47140
47218
47219
47294
47342
47426
47484
47542
47543
47544
47615
47625
47663
47671
47719
47734
47775
47833
47889
47916
47980
48000
48054
48065
48099
48128
48154
48154
48164
48274
48418
48427
48443
48468
48504
48525
48547
48556
48573
48578
48623
48626
48633
48741
48816
48818
48991
49033
49053
49116
49146
49186
49187
49230
49265
49282
49291
49401
49457
49463
49599
49648
49671
49682
49731
49733
49791
49813
49815
49845
49888
49888
49899
49974
