5
12
17
22
29
35
50
52
66
72
74
78
93
94
124
124
127
127
128
135
142
147
151
161
165
198
200
203
205
207
214
217
227
261
261
283
292
299
301
316
323
330
334
339
341
375
377
385
392
403
420
426
431
453
464
468
470
472
480
489
505
506
506
514
516
527
532
533
536
545
552
557
562
572
577
586
606
620
650
655
678
679
683
685
685
698
713
713
728
729
737
748
749
758
763
770
796
813
820
820
825
838
849
849
850
857
877
893
901
901
907
968
973
984
985
987
1009
1020
1033
1034
1035
1044
1050
1052
1053
1057
1065
1068
1068
1069
1073
1078
1078
1087
1089
1089
1094
1098
1103
1104
1107
1107
1109
1117
1123
1137
1137
1138
1143
1145
1150
1157
1158
1164
1165
1165
1176
1183
1183
1198
1206
1209
1215
1232
1240
1240
1240
1247
1247
1268
1276
1284
1295
1295
1307
1317
1325
1328
1345
1347
1368
1380
1382
1382
1393
1396
1402
1417
1423
1426
1426
1433
1452
1460
1472
1474
1475
1475
1479
1490
1497
1525
1534
1538
1544
1559
1574
1581
1606
1610
1618
1619
1622
1624
1661
1666
1674
1691
1711
1712
1714
1715
1718
1719
1725
1739
1753
1756
1759
1766
1769
1774
1778
1781
1802
1811
1817
1819
1826
1826
1827
1828
1836
1841
1855
1857
1860
1882
1890
1895
1896
1922
1949
1959
1963
1974
1975
1980
1993
2001
2002
2046
2054
2058
2065
2076
2076
2085
2090
2127
2147
2149
2151
2151
2165
2169
2177
2203
2235
2293
2305
2313
2327
2340
2360
2361
2363
2364
2365
2378
2379
2412
2422
2423
2433
2434
2438
2438
2439
2449
2451
2456
2457
2458
2476
2477
2480
2481
2485
2489
2490
2508
2509
2544
2549
2553
2557
2561
2561
2562
2564
2564
2565
2568
2581
2588
2590
2595
2599
2601
2606
2652
2654
2656
2658
2659
2665
2680
2680
2687
2689
2690
2702
2705
2713
2721
2722
2728
2732
2739
2752
2758
2758
2759
2767
2767
2779
2786
2787
2794
2796
2798
2808
2832
2837
2842
2847
2850
2851
2855
2855
2864
2867
2878
2905
2919
2933
2939
2941
2942
2950
2954
2972
2977
2980
2988
2989
2992
3003
3007
3008
3015
3015
3020
3030
3038
3039
3050
3052
3053
3057
3062
3074
3079
3086
3100
3134
3149
3157
3190
3196
3210
3220
3222
3222
3222
3224
3236
3245
3252
3254
3256
3258
3260
3272
3276
3289
3290
3301
3321
3328
3341
3342
3361
3376
3377
3395
3398
3399
3410
3417
3420
3439
3443
3456
3456
3471
3473
3482
3483
3487
3500
3508
3513
3520
3528
3532
3533
3534
3542
3545
3555
3555
3561
3565
3567
3584
3584
3597
3605
3662
3664
3677
3677
3687
3691
3692
3716
3720
3728
3730
3740
3754
3756
3760
3762
3765
3771
3782
3800
3804
3805
3818
3818
3828
3828
3833
3838
3839
3845
3862
3866
3871
3885
3888
3892
3898
3918
3920
3928
3928
3954
3965
3971
3984
3985
3995
3997
3997
4002
4010
4011
4038
4039
4040
4043
4064
4069
4072
4093
4114
4119
4122
4124
4127
4128
4130
4142
4144
4155
4165
4169
4171
4202
4211
4230
4238
4240
4257
4258
4259
4264
4274
4287
4289
4289
4299
4300
4312
4317
4338
4339
4349
4349
4350
4356
4368
4370
4376
4391
4394
4430
4445
4456
4457
4471
4475
4508
4517
4522
4527
4533
4550
4554
4563
4607
4611
4611
4640
4642
4643
4644
4647
4659
4665
4681
4701
4703
4737
4759
4774
4776
4776
4782
4784
4791
4808
4813
4816
4820
4853
4883
4891
4901
4907
4909
4918
4919
4923
4933
4941
4944
4945
4957
4978
4985
4986
4990
4992
5008
5015
5017
5038
5049
5053
5077
5078
5080
5081
5083
5114
5129
5149
5157
5165
5167
5167
5169
5172
5175
5175
5179
5226
5237
5248
5252
5255
5265
5265
5267
5267
5276
5290
5295
5300
5307
5317
5317
5318
5325
5331
5331
5335
5357
5368
5378
5379
5404
5418
5419
5464
5494
5521
5534
5537
5554
5556
5556
5568
5578
5592
5604
5610
5620
5628
5629
5629
5640
5667
5671
5672
5676
5685
5686
5694
5696
5698
5707
5707
5715
5726
5756
5761
5779
5779
5781
5783
5812
5821
5841
5842
5847
5849
5857
5863
5877
5897
5898
5901
5909
5917
5928
5946
5956
5961
5973
5979
5982
5986
6007
6025
6034
6039
6043
6048
6052
6055
6055
6062
6068
6071
6073
6078
6083
6087
6092
6093
6097
6104
6105
6107
6109
6117
6117
6118
6153
6172
6174
6176
6179
6185
6186
6191
6194
6202
6204
6249
6250
6253
6258
6275
6288
6295
6304
6324
6345
6353
6356
6366
6370
6373
6389
6390
6401
6408
6409
6413
6417
6417
6424
6427
6429
6429
6438
6439
6447
6454
6460
6465
6471
6474
6486
6489
6506
6506
6510
6516
6520
6528
6540
6548
6549
6552
6553
6555
6574
6575
6580
6594
6601
6611
6611
6613
6618
6619
6623
6632
6655
6677
6682
6690
6695
6697
6700
6709
6727
6734
6736
6738
6738
6742
6749
6762
6771
6814
6830
6834
6847
6848
6851
6859
6873
6883
6900
6918
6931
6935
6940
6941
6953
6955
6959
6995
6995
6998
7016
7019
7022
7029
7031
7034
7034
7046
7052
7065
7071
7073
7075
7084
7100
7104
7110
7114
7135
7146
7148
7152
7161
7177
7182
7184
7199
7201
7208
7212
7214
7215
7236
7244
7244
7252
7254
7256
7260
7262
7263
7265
7271
7276
7291
7308
7327
7336
7349
7352
7356
7391
7392
7405
7408
7411
7411
7424
7428
7431
7431
7433
7446
7448
7454
7457
7466
7476
7476
7510
7515
7515
7522
7523
7532
7533
7534
7546
7560
7570
7585
7590
7601
7611
7621
7623
7626
7628
7633
7651
7670
7688
7699
7704
7708
7749
7760
7787
7788
7796
7799
7802
7808
7808
7814
7816
7817
7820
7831
7842
7843
7856
7858
7873
7876
7885
7893
7895
7905
7909
7911
7925
7940
7954
7964
7965
7971
7978
7981
7982
8001
8019
8019
8020
8028
8028
8033
8036
8055
8056
8056
8061
8074
8087
8088
8093
8097
8111
8112
8116
8121
8121
8136
8148
8157
8170
8170
8189
8190
8213
8214
8215
8233
8250
8255
8259
8274
8275
8282
8291
8293
8294
8319
8327
8361
8369
8383
8395
8400
8413
8414
8427
8433
8445
8447
8460
8466
8478
8479
8491
8497
8504
8504
8506
8513
8530
8546
8561
8562
8567
8586
8589
8589
8596
8603
8610
8612
8626
8628
8631
8632
8633
8647
8651
8672
8683
8696
8710
8718
8721
8723
8726
8727
8734
8738
8738
8742
8758
8768
8770
8770
8782
8798
8801
8806
8843
8849
8860
8879
8879
8880
8880
8881
8893
8895
8917
8925
8926
8931
8932
8932
8938
8938
8942
8947
8950
8953
8961
8979
8980
8997
9004
9009
9026
9030
9032
9035
9037
9044
9047
9061
9079
9084
9096
9096
9097
9101
9128
9129
9148
9158
9159
9162
9178
9190
9193
9211
9215
9219
9224
9247
9252
9253
9265
9269
9273
9275
9287
9290
9291
9296
9310
9312
9317
9317
9329
9344
9349
9351
9354
9362
9366
9366
9379
9388
9400
9401
9408
9408
9423
9426
9429
9450
9453
9455
9457
9458
9465
9467
9481
9495
9509
9516
9519
9521
9535
9537
9538
9544
9548
9561
9564
9564
9580
9611
9613
9618
9623
9637
9637
9644
9644
9650
9684
9690
9710
9721
9723
9739
9764
9791
9831
9833
9833
9854
9857
9859
9891
9896
9898
9908
9912
9912
9918
9939
9947
9953
9956
9958
9960
9965
9972
9973
9987
10007
10016
10019
10019
10024
10026
10037
10044
10050
10053
10061
10076
10090
10093
10097
10098
10099
10101
10122
10136
10151
10158
10174
10186
10196
10202
10203
10203
10208
10227
10230
10236
10256
10284
10298
10300
10300
10309
10314
10318
10323
10326
10335
10345
10348
10378
10387
10395
10401
10402
10424
10452
10462
10470
10483
10488
10493
10515
10548
10558
10568
10582
10630
10633
10638
10640
10659
10661
10676
10681
10681
10704
10727
10747
10762
10766
10771
10773
10782
10786
10797
10804
10806
10809
10813
10823
10828
10834
10839
10851
10852
10860
10860
10862
10867
10886
10888
10888
10895
10895
10900
10903
10905
10908
10913
10916
10920
10939
10943
10959
10962
10968
10971
10973
10990
10999
11004
11006
11023
11028
11036
11043
11057
11060
11068
11068
11073
11074
11085
11090
11098
11116
11118
11124
11145
11154
11162
11172
11176
11179
11183
11184
11186
11188
11191
11199
11204
11205
11216
11219
11219
11223
11224
11226
11228
11233
11235
11261
11264
11270
11273
11275
11294
11295
11295
11310
11313
11320
11320
11323
11326
11329
11349
11367
11385
11399
11417
11421
11427
11436
11441
11448
11449
11450
11462
11477
11479
11480
11487
11494
11495
11497
11526
11527
11529
11551
11554
11556
11570
11572
11580
11582
11584
11585
11606
11619
11620
11626
11627
11630
11634
11634
11636
11641
11649
11658
11659
11661
11661
11677
11693
11693
11707
11712
11714
11738
11741
11745
11754
11756
11759
11800
11813
11814
11814
11816
11822
11824
11826
11831
11832
11844
11851
11855
11860
11860
11870
11876
11879
11889
11896
11901
11902
11903
11904
11921
11927
11928
11929
11940
11944
11954
11954
11962
11973
11974
11993
11994
12003
12005
12008
12020
12021
12022
12034
12035
12044
12063
12070
12088
12092
12103
12114
12129
12130
12133
12136
12147
12174
12179
12189
12192
12194
12210
12247
12247
12256
12260
12266
12271
12283
12284
12298
12304
12319
12330
12336
12345
12346
12347
12350
12351
12357
12370
12371
12379
12380
12383
12393
12398
12435
12436
12437
12456
12477
12480
12491
12537
12542
12546
12551
12556
12566
12580
12582
12595
12613
12621
12623
12624
12629
12643
12650
12655
12658
12663
12663
12663
12664
12688
12690
12692
12693
12699
12709
12713
12721
12725
12780
12787
12791
12808
12809
12812
12821
12851
12857
12878
12894
12901
12905
12917
12925
12932
12948
12964
12979
12985
12988
13002
13007
13014
13024
13029
13029
13051
13051
13053
13055
13060
13061
13064
13068
13074
13076
13091
13097
13099
13101
13101
13106
13118
13126
13128
13145
13145
13148
13157
13157
13157
13160
13182
13187
13188
13189
13190
13199
13208
13209
13209
13223
13228
13246
13260
13266
13266
13271
13273
13279
13310
13333
13380
13380
13390
13405
13406
13412
13471
13482
13521
13521
13526
13528
13550
13565
13579
13588
13588
13589
13589
13618
13622
13625
13625
13626
13629
13638
13648
13654
13668
13670
13675
13676
13680
13687
13709
13734
13735
13738
13764
13786
13790
13800
13813
13820
13834
13841
13843
13845
13845
13847
13851
13854
13865
13875
13877
13880
13881
13883
13884
13886
13890
13898
13901
13903
13908
13918
13921
13929
13933
13934
13949
13958
13973
13977
13980
13985
13989
13993
14007
14011
14030
14032
14061
14066
14068
14070
14082
14084
14089
14099
14102
14105
14109
14111
14127
14130
14133
14136
14163
14182
14186
14187
14190
14207
14210
14237
14240
14259
14270
14294
14294
14297
14305
14328
14335
14363
14364
14366
14366
14371
14371
14381
14397
14408
14410
14430
14439
14441
14470
14487
14504
14507
14517
14519
14520
14524
14529
14542
14547
14549
14552
14559
14565
14568
14587
14595
14602
14610
14612
14613
14621
14623
14633
14634
14638
14644
14667
14680
14689
14708
14710
14715
14719
14732
14734
14739
14745
14781
14787
14792
14805
14810
14824
14824
14825
14852
14853
14856
14862
14865
14884
14885
14886
14886
14888
14901
14905
14912
14928
14930
14939
14941
14947
14947
14952
14954
14961
14964
14966
14968
14997
14997
15002
15008
15028
15032
15033
15034
15046
15049
15054
15057
15057
15058
15059
15067
15078
15098
15104
15142
15144
15146
15155
15156
15192
15196
15201
15226
15240
15263
15269
15277
15286
15299
15306
15308
15317
15317
15320
15336
15362
15364
15378
15393
15399
15417
15419
15427
15445
15448
15470
15481
15481
15489
15503
15507
15510
15522
15525
15536
15538
15544
15544
15549
15554
15584
15590
15590
15594
15603
15617
15629
15629
15636
15641
15646
15653
15654
15675
15678
15682
15686
15688
15693
15695
15697
15713
15740
15755
15779
15790
15807
15813
15833
15839
15843
15844
15844
15845
15869
15882
15895
15896
15899
15923
15935
15939
15939
15967
15975
15980
15980
15984
15994
16000
16008
16013
16021
16023
16031
16038
16043
16046
16057
16066
16067
16072
16078
16089
16093
16094
16101
16108
16113
16115
16116
16120
16120
16136
16137
16140
16145
16154
16161
16168
16173
16175
16179
16185
16211
16214
16224
16226
16231
16238
16276
16286
16293
16311
16318
16319
16321
16325
16326
16326
16336
16345
16356
16362
16379
16391
16393
16407
16411
16413
16416
16419
16420
16425
16426
16434
16452
16458
16463
16474
16477
16480
16504
16505
16507
16514
16521
16538
16558
16559
16562
16567
16569
16576
16578
16578
16591
16592
16602
16613
16618
16622
16625
16627
16629
16629
16629
16642
16642
16646
16648
16662
16662
16667
16675
16678
16680
16684
16691
16691
16692
16697
16697
16705
16721
16725
16736
16742
16749
16752
16769
16771
16784
16786
16786
16792
16796
16802
16828
16828
16831
16832
16833
16854
16856
16861
16867
16873
16880
16882
16896
16905
16906
16906
16908
16925
16934
16937
16940
16956
16957
16958
16961
16967
16977
16992
17001
17006
17021
17022
17025
17041
17041
17063
17064
17067
17067
17073
17085
17090
17093
17107
17109
17112
17137
17140
17143
17147
17151
17160
17171
17174
17178
17180
17193
17197
17200
17204
17214
17244
17244
17266
17271
17275
17278
17280
17294
17301
17304
17333
17350
17354
17361
17364
17369
17370
17375
17383
17391
17397
17398
17406
17424
17424
17428
17435
17440
17444
17449
17479
17483
17487
17493
17504
17517
17557
17557
17569
17573
17573
17581
17591
17592
17602
17606
17606
17621
17625
17635
17638
17641
17651
17668
17676
17688
17693
17695
17704
17710
17710
17710
17715
17715
17720
17723
17728
17766
17776
17779
17779
17782
17792
17805
17808
17810
17812
17822
17824
17829
17832
17857
17882
17894
17898
17912
17916
17920
17923
17927
17934
17939
17939
17945
17948
17948
17964
17970
17972
17975
17975
17976
17977
18002
18004
18008
18011
18014
18027
18031
18036
18044
18049
18055
18062
18073
18091
18098
18110
18116
18116
18117
18117
18125
18132
18134
18138
18143
18144
18146
18152
18157
18158
18165
18169
18174
18190
18191
18195
18196
18199
18199
18200
18214
18217
18232
18239
18240
18255
18257
18258
18260
18263
18274
18284
18298
18311
18326
18334
18337
18344
18351
18356
18357
18360
18370
18396
18398
18428
18433
18435
18447
18458
18468
18478
18489
18511
18515
18515
18517
18518
18527
18529
18539
18544
18547
18578
18590
18592
18596
18596
18600
18613
18640
18654
18654
18655
18669
18671
18671
18680
18703
18713
18713
18715
18716
18718
18718
18734
18743
18757
18773
18774
18790
18803
18821
18833
18840
18843
18845
18848
18854
18858
18870
18873
18873
18879
18883
18890
18894
18899
18909
18916
18926
18926
18930
18940
18941
18943
18945
18946
18946
18952
18954
18955
18972
18973
18976
19001
19007
19021
19025
19028
19064
19065
19066
19069
19071
19080
19101
19105
19117
19123
19128
19138
19145
19158
19162
19165
19178
19179
19188
19211
19227
19228
19229
19232
19237
19241
19254
19270
19273
19274
19285
19287
19297
19300
19302
19308
19325
19328
19331
19331
19332
19345
19346
19358
19378
19399
19405
19405
19408
19415
19416
19422
19426
19433
19436
19436
19446
19458
19459
19461
19470
19486
19492
19495
19498
19499
19510
19513
19513
19544
19546
19549
19566
19575
19590
19598
19599
19605
19615
19621
19623
19638
19641
19646
19652
19661
19665
19676
19682
19684
19697
19699
19705
19711
19729
19730
19734
19744
19750
19753
19761
19762
19769
19783
19789
19795
19798
19801
19814
19825
19828
19859
19869
19870
19875
19892
19895
19897
19898
19910
19958
19967
19983
19995
20007
20011
20021
20062
20076
20079
20087
20088
20091
20097
20101
20118
20119
20147
20148
20150
20154
20157
20168
20168
20179
20188
20198
20236
20240
20246
20253
20271
20275
20276
20277
20287
20306
20322
20330
20334
20335
20339
20339
20343
20344
20362
20389
20393
20417
20424
20438
20448
20462
20462
20467
20489
20503
20503
20553
20563
20567
20573
20575
20580
20585
20598
20610
20611
20612
20621
20622
20643
20645
20657
20665
20678
20690
20692
20704
20719
20730
20730
20734
20740
20742
20753
20755
20771
20787
20789
20790
20798
20816
20827
20829
20834
20846
20848
20864
20867
20870
20881
20884
20888
20895
20901
20903
20906
20917
20931
20945
20945
20952
20967
20969
20978
20997
21016
21019
21024
21034
21045
21049
21057
21063
21065
21067
21068
21076
21077
21080
21099
21103
21104
21104
21106
21107
21141
21142
21144
21145
21153
21160
21163
21173
21192
21193
21205
21224
21235
21237
21241
21249
21251
21254
21255
21274
21287
21288
21289
21293
21295
21297
21307
21307
21310
21318
21333
21340
21342
21352
21356
21386
21386
21392
21395
21399
21402
21425
21443
21447
21453
21457
21464
21468
21475
21497
21500
21501
21511
21516
21531
21539
21543
21545
21571
21574
21578
21594
21604
21612
21628
21628
21631
21633
21650
21653
21667
21668
21684
21686
21691
21696
21709
21715
21723
21723
21728
21735
21745
21755
21770
21771
21784
21785
21788
21792
21796
21807
21808
21810
21811
21818
21822
21837
21842
21853
21855
21859
21866
21893
21894
21903
21903
21906
21912
21945
21949
21953
21974
21978
21992
21997
21998
22001
22007
22009
22010
22016
22031
22047
22059
22075
22080
22082
22082
22085
22090
22103
22114
22115
22118
22128
22134
22150
22154
22156
22182
22194
22195
22198
22202
22205
22228
22230
22236
22238
22263
22281
22288
22289
22292
22295
22303
22316
22316
22320
22331
22339
22353
22371
22377
22379
22394
22412
22416
22420
22421
22423
22424
22444
22446
22469
22472
22479
22480
22492
22496
22499
22507
22535
22538
22543
22548
22552
22568
22572
22575
22602
22612
22616
22616
22644
22651
22664
22669
22681
22693
22712
22730
22732
22737
22738
22746
22765
22774
22777
22779
22781
22791
22812
22813
22814
22817
22818
22828
22831
22835
22837
22845
22859
22862
22869
22878
22878
22884
22886
22889
22890
22902
22925
22936
22942
22946
22960
22965
22965
22981
22981
22983
22990
22999
23008
23011
23014
23030
23031
23044
23045
23048
23069
23073
23074
23078
23083
23090
23107
23114
23132
23135
23144
23146
23158
23186
23187
23196
23201
23205
23211
23225
23228
23229
23233
23235
23237
23247
23255
23256
23261
23270
23288
23290
23297
23302
23303
23305
23309
23326
23327
23334
23336
23343
23376
23383
23387
23393
23397
23400
23402
23404
23408
23414
23418
23420
23427
23446
23449
23457
23460
23461
23463
23466
23468
23471
23478
23491
23495
23500
23505
23511
23512
23512
23515
23537
23541
23543
23555
23557
23588
23590
23600
23617
23621
23627
23631
23640
23645
23660
23673
23684
23684
23687
23717
23728
23729
23743
23743
23747
23751
23804
23806
23809
23814
23819
23827
23830
23831
23842
23853
23854
23858
23859
23859
23864
23865
23868
23889
23890
23911
23913
23913
23914
23921
23925
23930
23932
23947
23968
23968
23980
23994
24005
24017
24026
24040
24051
24053
24058
24061
24065
24068
24073
24078
24079
24079
24089
24094
24097
24108
24112
24113
24113
24128
24130
24131
24139
24145
24155
24177
24195
24197
24212
24222
24224
24231
24235
24251
24254
24265
24265
24270
24277
24281
24283
24289
24289
24290
24297
24299
24299
24306
24307
24321
24325
24334
24338
24341
24342
24358
24381
24384
24386
24399
24404
24404
24407
24416
24420
24423
24433
24433
24436
24443
24473
24486
24490
24495
24495
24507
24508
24535
24552
24552
24559
24581
24583
24588
24601
24605
24607
24613
24620
24620
24627
24647
24652
24655
24660
24662
24673
24675
24680
24682
24687
24687
24692
24701
24703
24715
24739
24744
24759
24770
24775
24779
24789
24798
24821
24836
24855
24855
24859
24870
24875
24885
24902
24908
24910
24911
24912
24918
24921
24932
24942
24961
24965
24975
24986
24988
24990
24992
24995
24998
25001
25005
25023
25026
25031
25031
25040
25042
25044
25046
25051
25057
25059
25067
25072
25082
25082
25092
25097
25109
25114
25118
25122
25130
25134
25146
25153
25154
25159
25179
25183
25188
25191
25193
25202
25204
25222
25244
25247
25250
25281
25282
25305
25308
25312
25312
25314
25322
25326
25326
25329
25338
25372
25373
25384
25413
25431
25433
25441
25443
25447
25452
25457
25462
25463
25463
25464
25474
25477
25483
25487
25491
25492
25514
25516
25517
25524
25550
25563
25586
25592
25605
25617
25620
25626
25627
25633
25643
25644
25648
25669
25676
25681
25687
25697
25699
25701
25705
25708
25710
25722
25739
25739
25746
25755
25759
25761
25767
25780
25790
25800
25812
25819
25821
25822
25838
25840
25850
25851
25870
25872
25889
25892
25895
25900
25901
25906
25916
25916
25940
25946
25956
25957
25959
25964
25965
25973
25978
25979
25986
25986
26004
26006
26015
26019
26022
26022
26026
26041
26047
26053
26055
26055
26061
26069
26069
26083
26092
26097
26098
26108
26124
26127
26127
26141
26141
26148
26150
26151
26152
26155
26163
26173
26183
26201
26212
26214
26232
26236
26238
26242
26249
26249
26266
26269
26286
26298
26308
26312
26325
26336
26339
26341
26352
26356
26364
26365
26379
26379
26383
26390
26391
26404
26409
26432
26434
26437
26439
26451
26455
26460
26461
26467
26468
26469
26483
26492
26496
26513
26519
26529
26538
26549
26549
26558
26568
26575
26577
26602
26603
26608
26608
26609
26628
26637
26637
26641
26642
26664
26679
26685
26689
26693
26699
26700
26711
26717
26721
26733
26738
26739
26783
26784
26791
26796
26796
26799
26816
26822
26830
26834
26840
26840
26841
26842
26854
26855
26858
26859
26867
26870
26871
26878
26887
26895
26902
26916
26926
26944
26946
26963
26966
26967
26968
26974
26975
26979
27011
27015
27015
27016
27024
27074
27084
27091
27094
27097
27100
27103
27106
27108
27117
27120
27127
27129
27137
27144
27164
27176
27220
27231
27233
27245
27293
27300
27302
27315
27319
27341
27342
27376
27376
27377
27387
27391
27399
27399
27408
27414
27441
27446
27451
27455
27459
27464
27472
27516
27518
27522
27525
27526
27527
27528
27546
27562
27579
27591
27605
27615
27616
27617
27621
27654
27692
27693
27714
27731
27749
27752
27753
27766
27781
27789
27794
27796
27798
27799
27808
27812
27828
27829
27833
27833
27850
27854
27859
27867
27869
27872
27882
27888
27890
27890
27893
27897
27898
27902
27905
27914
27935
27940
27945
27954
27956
27979
27992
27998
28001
28003
28013
28014
28022
28029
28032
28046
28065
28072
28083
28087
28089
28093
28097
28102
28117
28131
28134
28141
28155
28163
28167
28184
28195
28208
28208
28210
28231
28241
28242
28244
28247
28250
28256
28260
28265
28276
28279
28283
28289
28295
28296
28298
28303
28312
28342
28342
28345
28350
28376
28377
28383
28384
28396
28420
28421
28421
28425
28433
28434
28440
28449
28450
28451
28459
28461
28463
28470
28476
28498
28506
28507
28515
28529
28544
28546
28567
28568
28578
28578
28597
28599
28601
28605
28620
28633
28645
28650
28652
28657
28658
28660
28663
28667
28670
28682
28683
28686
28698
28707
28708
28712
28716
28719
28726
28734
28743
28749
28763
28770
28770
28771
28774
28775
28787
28792
28808
28817
28821
28830
28832
28842
28849
28855
28873
28874
28883
28909
28918
28923
28927
28934
28971
28982
28986
28990
28998
29015
29023
29026
29039
29045
29048
29052
29055
29072
29077
29077
29081
29081
29108
29110
29113
29114
29129
29131
29139
29145
29160
29162
29168
29170
29179
29189
29189
29190
29201
29208
29230
29241
29254
29260
29263
29265
29267
29270
29271
29281
29294
29296
29302
29311
29316
29319
29340
29349
29361
29365
29376
29380
29385
29388
29391
29395
29396
29398
29406
29415
29415
29422
29428
29429
29439
29455
29466
29467
29472
29479
29485
29488
29526
29553
29557
29561
29564
29566
29575
29577
29579
29583
29586
29590
29591
29610
29613
29618
29648
29654
29660
29662
29667
29674
29676
29677
29680
29682
29683
29689
29694
29695
29711
29714
29719
29722
29734
29745
29747
29754
29756
29786
29793
29795
29796
29798
29806
29812
29823
29828
29830
29832
29847
29865
29872
29888
29898
29899
29899
29906
29909
29911
29927
29951
29962
29965
29969
29983
29986
29988
29997
30019
30035
30049
30050
30058
30065
30066
30088
30089
30090
30092
30094
30102
30108
30113
30116
30123
30128
30144
30145
30155
30163
30168
30169
30170
30176
30186
30193
30223
30223
30228
30232
30233
30242
30245
30264
30267
30278
30298
30312
30322
30329
30341
30341
30358
30360
30376
30378
30391
30419
30420
30433
30440
30442
30446
30454
30459
30475
30479
30488
30491
30518
30520
30520
30533
30557
30557
30558
30559
30578
30582
30586
30591
30595
30597
30608
30627
30632
30649
30660
30683
30698
30714
30719
30722
30724
30734
30736
30754
30771
30776
30782
30782
30784
30791
30823
30830
30834
30835
30843
30847
30851
30863
30869
30873
30874
30878
30882
30890
30892
30893
30903
30913
30918
30925
30937
30962
30970
30970
30972
30988
30990
31015
31022
31031
31033
31037
31041
31049
31051
31053
31061
31078
31080
31095
31126
31150
31154
31165
31168
31184
31184
31205
31208
31209
31216
31226
31230
31242
31247
31250
31258
31266
31276
31288
31288
31289
31292
31301
31303
31327
31331
31338
31342
31344
31353
31381
31386
31393
31394
31410
31423
31427
31463
31483
31487
31493
31514
31519
31528
31539
31546
31550
31583
31596
31604
31608
31608
31610
31616
31618
31623
31625
31632
31644
31654
31667
31676
31679
31683
31685
31689
31700
31703
31703
31706
31709
31711
31726
31735
31738
31743
31761
31762
31764
31765
31770
31796
31800
31814
31830
31836
31855
31859
31860
31863
31868
31881
31883
31893
31898
31898
31919
31944
31964
31968
31968
31971
31971
31975
31977
31977
31987
31988
31993
32004
32028
32033
32034
32040
32043
32043
32045
32046
32047
32053
32066
32072
32084
32085
32092
32103
32105
32116
32120
32122
32133
32167
32174
32185
32190
32205
32210
32211
32218
32220
32234
32240
32245
32246
32247
32249
32253
32253
32263
32265
32271
32272
32283
32287
32288
32290
32295
32302
32305
32317
32330
32333
32334
32341
32348
32355
32367
32370
32387
32389
32394
32395
32397
32413
32429
32430
32434
32437
32440
32442
32445
32450
32458
32465
32468
32494
32508
32510
32511
32518
32524
32524
32527
32532
32534
32536
32536
32542
32549
32552
32556
32559
32562
32562
32567
32576
32583
32586
32592
32604
32622
32625
32626
32640
32648
32655
32657
32659
32659
32664
32666
32670
32683
32686
32700
32717
32718
32720
32731
32734
32744
32750
32752
32758
32760
32767
32767
32770
32780
32780
32785
32786
32812
32813
32815
32843
32844
32844
32863
32864
32870
32871
32875
32876
32883
32902
32905
32911
32915
32916
32928
32928
32932
32933
32933
32945
32950
32959
32968
32982
33009
33010
33027
33033
33040
33060
33082
33093
33103
33106
33108
33116
33140
33140
33143
33145
33150
33151
33152
33163
33198
33198
33206
33232
33238
33271
33286
33291
33319
33322
33327
33327
33330
33378
33381
33402
33404
33410
33417
33427
33434
33451
33455
33469
33482
33507
33508
33531
33534
33541
33544
33557
33570
33570
33582
33588
33598
33618
33622
33625
33626
33633
33635
33635
33657
33661
33664
33665
33669
33672
33672
33674
33686
33691
33694
33713
33715
33716
33716
33719
33720
33720
33732
33737
33747
33749
33760
33761
33769
33779
33779
33783
33802
33810
33834
33846
33850
33856
33861
33874
33875
33877
33919
33923
33924
33939
33944
33945
33951
33953
33962
33963
33990
34013
34013
34023
34033
34040
34050
34066
34091
34096
34114
34122
34130
34139
34143
34148
34155
34160
34172
34173
34175
34190
34194
34195
34201
34217
34218
34223
34228
34241
34242
34257
34260
34266
34271
34271
34326
34343
34352
34365
34374
34376
34390
34392
34396
34399
34408
34420
34432
34446
34454
34458
34471
34471
34485
34487
34503
34509
34526
34534
34537
34545
34546
34547
34557
34581
34586
34587
34594
34595
34610
34616
34637
34658
34659
34660
34673
34677
34678
34687
34689
34692
34703
34710
34726
34727
34728
34732
34741
34742
34796
34801
34804
34808
34811
34814
34841
34848
34853
34865
34872
34875
34882
34885
34889
34894
34899
34908
34910
34920
34928
34928
34954
34955
34961
34963
34964
34964
34973
34973
34990
34990
34999
35006
35049
35049
35051
35057
35074
35081
35103
35105
35110
35120
35132
35134
35137
35145
35157
35166
35193
35194
35202
35229
35234
35238
35254
35294
35294
35305
35309
35310
35323
35325
35327
35328
35331
35344
35350
35356
35363
35373
35374
35377
35385
35386
35396
35396
35398
35407
35426
35449
35457
35461
35461
35477
35486
35497
35499
35514
35518
35530
35533
35554
35555
35555
35561
35561
35567
35588
35589
35613
35620
35630
35640
35640
35642
35645
35651
35662
35669
35677
35677
35679
35688
35689
35696
35703
35708
35719
35722
35726
35731
35732
35734
35741
35755
35761
35765
35766
35767
35772
35774
35790
35796
35805
35809
35813
35823
35824
35840
35858
35859
35860
35861
35863
35863
35868
35868
35872
35874
35882
35906
35910
35913
35918
35929
35934
35938
35939
35940
35958
35967
35970
35988
35998
35999
36002
36003
36005
36007
36022
36025
36029
36041
36044
36053
36054
36059
36073
36076
36097
36119
36127
36133
36138
36166
36170
36189
36189
36194
36200
36202
36233
36237
36243
36246
36246
36251
36252
36254
36269
36273
36282
36288
36299
36305
36316
36325
36328
36331
36337
36337
36340
36347
36353
36360
36361
36361
36372
36376
36394
36399
36399
36402
36404
36408
36417
36419
36433
36440
36454
36462
36469
36474
36482
36483
36488
36490
36492
36497
36508
36521
36535
36538
36540
36541
36542
36549
36557
36569
36574
36577
36582
36599
36601
36603
36610
36610
36621
36630
36632
36642
36647
36650
36655
36658
36659
36674
36676
36702
36706
36709
36739
36742
36746
36750
36753
36758
36758
36773
36781
36784
36790
36793
36805
36818
36838
36841
36851
36857
36857
36873
36875
36880
36884
36884
36889
36894
36899
36907
36909
36909
36914
36918
36939
36941
36944
36955
36965
37002
37002
37017
37020
37022
37023
37028
37033
37036
37045
37052
37052
37058
37068
37073
37084
37099
37108
37113
37135
37145
37156
37163
37176
37184
37198
37232
37236
37240
37245
37246
37261
37267
37271
37290
37309
37312
37315
37315
37317
37331
37335
37338
37344
37344
37352
37360
37372
37376
37399
37432
37436
37447
37475
37491
37512
37530
37532
37540
37542
37560
37564
37571
37574
37582
37588
37606
37616
37629
37633
37635
37644
37644
37645
37646
37665
37681
37687
37688
37689
37703
37711
37723
37733
37741
37752
37784
37794
37795
37796
37801
37811
37814
37815
37816
37819
37821
37841
37850
37853
37857
37860
37862
37864
37889
37894
37898
37907
37910
37911
37918
37932
37935
37950
37952
37953
37959
37965
37971
37982
37989
38007
38007
38013
38035
38057
38059
38063
38064
38068
38069
38071
38094
38095
38102
38109
38116
38127
38144
38158
38175
38207
38209
38220
38222
38238
38239
38246
38250
38258
38262
38278
38282
38283
38286
38289
38302
38305
38341
38347
38352
38354
38357
38357
38363
38377
38385
38395
38400
38408
38412
38431
38442
38454
38486
38519
38527
38530
38540
38544
38548
38549
38557
38576
38579
38586
38595
38597
38598
38615
38623
38633
38639
38641
38657
38661
38664
38689
38691
38702
38706
38711
38711
38715
38731
38732
38737
38742
38745
38749
38756
38762
38767
38767
38768
38780
38786
38787
38788
38794
38803
38805
38806
38814
38817
38820
38830
38845
38853
38862
38864
38866
38875
38879
38885
38895
38906
38906
38912
38915
38927
38940
38947
38967
38974
38994
38994
38995
39009
39011
39014
39014
39015
39026
39031
39041
39074
39086
39090
39098
39099
39110
39138
39140
39143
39159
39170
39171
39174
39227
39249
39254
39258
39260
39275
39295
39297
39302
39321
39324
39330
39332
39343
39345
39358
39360
39367
39375
39395
39399
39417
39422
39443
39456
39458
39467
39468
39488
39490
39490
39520
39528
39531
39546
39552
39559
39563
39567
39586
39591
39591
39592
39595
39600
39601
39604
39612
39634
39649
39653
39660
39669
39671
39672
39674
39675
39689
39700
39710
39713
39714
39734
39735
39737
39741
39746
39767
39768
39773
39779
39785
39790
39792
39794
39795
39799
39801
39802
39806
39815
39820
39827
39829
39835
39862
39863
39885
39887
39892
39894
39910
39912
39916
39926
39930
39943
39943
39952
39972
39974
39981
39982
39990
39990
39998
40001
40002
40006
40016
40027
40032
40041
40041
40050
40054
40057
40072
40072
40077
40083
40095
40101
40102
40109
40142
40167
40169
40177
40177
40186
40194
40196
40196
40228
40242
40244
40251
40255
40257
40265
40270
40280
40283
40287
40292
40297
40305
40308
40311
40315
40317
40318
40323
40330
40333
40338
40353
40354
40365
40375
40386
40395
40404
40405
40427
40434
40439
40458
40464
40473
40477
40505
40506
40514
40537
40537
40539
40554
40560
40566
40581
40586
40610
40612
40615
40627
40640
40643
40646
40648
40659
40665
40669
40671
40677
40678
40678
40688
40695
40726
40733
40742
40743
40744
40746
40763
40765
40775
40776
40791
40808
40811
40814
40815
40819
40831
40864
40873
40876
40881
40882
40898
40917
40918
40933
40937
40941
40948
40969
40996
41000
41002
41005
41032
41040
41043
41047
41050
41051
41060
41071
41079
41089
41114
41125
41127
41134
41142
41148
41158
41161
41169
41175
41177
41188
41188
41202
41208
41229
41234
41253
41262
41265
41266
41271
41279
41299
41301
41304
41305
41327
41339
41339
41343
41388
41394
41413
41420
41423
41432
41439
41440
41443
41448
41451
41457
41464
41465
41470
41471
41475
41488
41495
41501
41507
41519
41522
41535
41547
41555
41564
41575
41578
41580
41583
41584
41592
41593
41594
41597
41618
41630
41645
41647
41675
41680
41682
41683
41697
41702
41707
41712
41716
41727
41729
41735
41748
41752
41757
41758
41774
41774
41785
41786
41793
41832
41866
41877
41878
41885
41888
41892
41893
41905
41908
41920
41928
41929
41929
41935
41945
41990
42009
42038
42038
42042
42048
42056
42062
42065
42072
42075
42076
42080
42096
42101
42106
42109
42114
42128
42130
42136
42151
42163
42165
42169
42169
42174
42190
42191
42221
42225
42232
42233
42240
42246
42248
42253
42253
42259
42273
42307
42310
42319
42321
42332
42350
42353
42358
42361
42406
42419
42422
42444
42453
42453
42463
42471
42479
42488
42497
42497
42503
42512
42514
42520
42520
42533
42538
42558
42575
42576
42577
42579
42623
42628
42634
42639
42644
42646
42650
42658
42665
42673
42673
42682
42701
42706
42708
42708
42751
42753
42754
42782
42789
42790
42790
42795
42798
42807
42849
42860
42862
42865
42868
42869
42875
42881
42883
42900
42946
42965
42977
42979
42981
42990
42996
43006
43007
43012
43014
43027
43030
43045
43052
43052
43053
43055
43086
43091
43096
43102
43102
43120
43126
43152
43156
43157
43165
43178
43181
43184
43195
43198
43212
43212
43213
43216
43222
43237
43237
43243
43250
43253
43261
43275
43280
43299
43307
43307
43310
43311
43315
43320
43331
43332
43346
43358
43392
43401
43411
43431
43432
43436
43437
43439
43447
43450
43456
43463
43465
43468
43472
43473
43496
43511
43514
43528
43540
43544
43545
43557
43558
43559
43586
43597
43615
43621
43628
43634
43642
43651
43662
43677
43711
43721
43721
43726
43733
43735
43735
43756
43759
43763
43766
43769
43770
43788
43789
43790
43796
43796
43800
43805
43817
43834
43845
43846
43867
43874
43875
43911
43913
43932
43966
43970
43975
43976
43993
43999
44002
44003
44004
44012
44017
44025
44042
44045
44045
44053
44054
44065
44074
44093
44098
44113
44119
44154
44156
44165
44172
44172
44174
44175
44189
44195
44219
44226
44231
44232
44238
44259
44259
44260
44284
44285
44293
44300
44311
44321
44321
44336
44345
44352
44377
44387
44394
44398
44398
44407
44409
44409
44411
44421
44427
44427
44428
44436
44441
44443
44447
44448
44457
44495
44516
44523
44526
44531
44541
44542
44557
44559
44560
44565
44569
44576
44577
44582
44596
44606
44609
44626
44647
44649
44669
44684
44689
44689
44693
44722
44725
44726
44731
44732
44735
44740
44740
44745
44748
44749
44756
44769
44773
44802
44805
44809
44811
44826
44842
44852
44855
44859
44861
44866
44867
44870
44881
44881
44889
44892
44894
44900
44903
44905
44909
44924
44926
44926
44933
44938
44962
44965
44982
44986
44993
45014
45019
45041
45051
45051
45055
45061
45063
45064
45069
45071
45073
45076
45078
45081
45082
45083
45087
45092
45103
45105
45107
45108
45109
45118
45125
45140
45143
45146
45173
45177
45185
45186
45187
45215
45220
45221
45227
45232
45250
45251
45261
45268
45273
45280
45280
45300
45302
45312
45312
45314
45356
45363
45378
45380
45391
45403
45408
45421
45424
45428
45445
45448
45449
45460
45465
45468
45472
45481
45483
45484
45487
45512
45514
45516
45521
45524
45529
45549
45556
45561
45567
45569
45574
45600
45605
45606
45612
45632
45632
45633
45635
45640
45645
45653
45663
45667
45670
45682
45684
45703
45711
45716
45721
45721
45726
45729
45735
45747
45751
45753
45754
45760
45762
45764
45771
45772
45779
45788
45792
45799
45822
45828
45841
45844
45849
45864
45872
45876
45880
45886
45886
45887
45888
45890
45894
45902
45906
45916
45938
45957
45958
45960
45975
45984
46015
46020
46020
46021
46023
46030
46032
46033
46033
46034
46053
46065
46069
46087
46087
46119
46124
46127
46127
46137
46145
46147
46148
46152
46170
46173
46176
46183
46184
46190
46190
46193
46199
46216
46218
46236
46239
46239
46250
46252
46254
46260
46261
46263
46277
46279
46280
46281
46286
46292
46293
46296
46307
46307
46317
46322
46325
46339
46345
46356
46362
46368
46371
46384
46391
46397
46422
46425
46435
46438
46442
46445
46461
46495
46501
46511
46518
46518
46524
46529
46533
46537
46538
46545
46547
46548
46549
46568
46572
46581
46581
46584
46588
46602
46609
46612
46614
46625
46625
46626
46629
46640
46659
46684
46690
46696
46709
46716
46730
46732
46743
46745
46755
46762
46762
46766
46770
46771
46773
46777
46778
46778
46782
46783
46810
46821
46824
46826
46833
46838
46841
46843
46853
46857
46869
46875
46875
46879
46881
46884
46892
46908
46912
46918
46921
46923
46932
46943
46946
46950
46960
46974
46975
46975
46976
46982
46983
46986
46996
47032
47054
47056
47064
47073
47079
47083
47085
47091
47091
47095
47115
47127
47130
47132
47157
47160
47161
47177
47180
47183
47184
47193
47197
47201
47205
47213
47232
47235
47235
47236
47242
47253
47259
47271
47281
47287
47296
47302
47305
47317
47334
47336
47337
47344
47358
47376
47389
47392
47404
47413
47421
47442
47465
47466
47468
47478
47481
47483
47487
47520
47548
47552
47571
47576
47577
47582
47587
47600
47636
47639
47642
47643
47644
47658
47659
47672
47678
47684
47690
47690
47702
47724
47726
47738
47741
47749
47757
47791
47801
47807
47807
47845
47851
47851
47860
47872
47878
47881
47882
47888
47903
47916
47916
47926
47932
47934
47945
47951
47955
47966
47975
48006
48008
48017
48019
48023
48025
48029
48033
48037
48040
48041
48045
48049
48061
48063
48066
48074
48075
48076
48087
48098
48101
48121
48128
48153
48159
48163
48173
48174
48178
48179
48184
48185
48186
48200
48206
48217
48226
48229
48237
48238
48241
48243
48244
48251
48255
48261
48264
48283
48284
48293
48319
48323
48330
48331
48335
48337
48351
48352
48364
48384
48384
48386
48390
48395
48403
48404
48416
48418
48422
48426
48439
48448
48455
48455
48478
48478
48479
48482
48484
48488
48488
48511
48513
48517
48531
48537
48552
48553
48555
48560
48569
48583
48587
48607
48619
48624
48624
48641
48642
48652
48664
48667
48675
48677
48687
48688
48710
48715
48731
48745
48746
48748
48750
48765
48778
48781
48782
48785
48786
48814
48824
48839
48845
48855
48871
48874
48877
48887
48893
48906
48915
48918
48919
48921
48925
48933
48934
48942
48947
48948
48963
48980
48980
48992
49003
49020
49030
49032
49032
49053
49056
49060
49064
49093
49095
49096
49106
49114
49114
49114
49125
49158
49162
49164
49167
49179
49209
49217
49223
49224
49225
49250
49259
49265
49273
49278
49278
49284
49287
49293
49296
49316
49322
49332
49338
49345
49355
49364
49385
49414
49419
49433
49434
49440
49441
49443
49448
49450
49457
49462
49470
49483
49486
49495
49517
49517
49537
49541
49550
49568
49574
49585
49586
49588
49597
49597
49597
49610
49612
49614
49614
49633
49647
49652
49661
49671
49676
49680
49687
49688
49695
49698
49698
49701
49708
49709
49721
49732
49739
49740
49744
49754
49755
49756
49765
49767
49779
49781
49799
49804
49808
49809
49817
49828
49836
49837
49852
49859
49865
49867
49881
49898
49904
49907
49926
49944
49952
49953
49960
49966
49977
49982
