3
78
80
87
226
236
301
376
429
500
585
636
699
750
846
915
961
1037
1038
1099
1183
1210
1404
1407
1439
1553
1560
1572
1575
1619
1646
1751
1825
1891
1901
1907
1995
2191
2232
2385
2413
2479
2551
2667
2697
2813
2863
2904
2912
2962
2989
3100
3122
3133
3181
3200
3216
3375
3414
3481
3588
3648
3697
3713
3720
3812
3846
3898
3922
3965
4011
4067
4145
4219
4234
4303
4318
4410
4420
4435
4439
4504
4506
4513
4578
4725
4769
4792
4812
4844
4879
4881
4914
4957
5039
5082
5095
5140
5199
5269
5302
5362
5403
5437
5488
5553
5629
5646
5760
5797
5810
5826
5911
5992
6024
6300
6306
6376
6387
6396
6504
6630
6682
6693
6745
6800
6919
7053
7070
7070
7186
7233
7352
7377
7377
7401
7418
7431
7463
7511
7595
7641
7718
7733
7745
7763
7786
7820
7844
7895
7937
8022
8044
8107
8113
8201
8219
8232
8257
8357
8362
8370
8437
8470
8478
8559
8638
8653
8694
8725
8740
8886
8915
8948
9080
9081
9300
9360
9476
9518
9622
9627
9737
9754
9816
9837
9847
9876
9877
9927
9938
9974
10040
10132
10147
10226
10273
10287
10430
10433
10450
10475
10499
10523
10573
10607
10609
10614
10652
10700
10759
10861
10924
10973
11006
11042
11081
11108
11132
11136
11222
11309
11314
11375
11387
11407
11429
11482
11631
11633
11697
11711
11712
11733
11791
11807
11811
11856
11902
11981
12001
12045
12061
12123
12212
12242
12342
12389
12406
12463
12513
12517
12543
12611
12619
12634
12679
12727
12833
12871
12951
12987
13072
13086
13089
13101
13281
13326
13332
13347
13388
13405
13429
13503
13515
13665
13726
13834
13903
13936
13963
14032
14077
14160
14164
14202
14207
14325
14338
14400
14509
14623
14645
14709
14734
14823
14892
14893
14960
15085
15155
15286
15329
15375
15464
15493
15593
15676
15682
15697
15718
15761
15794
15795
15981
15991
16031
16126
16136
16152
16234
16234
16299
16350
16402
16480
16537
16570
16602
16656
16660
16661
16686
16917
17094
17143
17177
17295
17318
17403
17409
17449
17456
17501
17530
17603
17646
17679
17759
17778
17796
17979
17981
18145
18205
18236
18267
18476
18602
18638
18656
18761
18808
18907
18908
18913
18963
19083
19159
19294
19300
19359
19467
19495
19547
19647
19706
19730
19747
19791
19833
19869
19920
19927
19955
19957
20043
20098
20302
20309
20386
20485
20491
20502
20507
20527
20572
20735
20771
20785
20791
20872
20963
21000
21017
21069
21097
21106
21122
21163
21191
21224
21260
21382
21420
21535
21591
21646
21659
21722
21757
21853
21953
21975
21990
22035
22069
22083
22095
22186
22260
22274
22297
22301
22362
22371
22410
22460
22473
22508
22517
22679
22713
22758
22781
22785
22821
22836
23037
23112
23191
23245
23276
23296
23308
23339
23497
23498
23556
23615
23868
23918
23924
23936
24005
24027
24088
24107
24247
24256
24270
24311
24351
24367
24412
24445
24471
24562
24584
24624
24669
24695
24698
24702
24778
24782
24806
24874
24902
24907
24909
24917
25019
25043
25116
25124
25133
25164
25230
25231
25294
25385
25518
25524
25533
25562
25817
25840
25866
25878
25882
25892
25993
26042
26155
26235
26255
26279
26337
26380
26389
26402
26492
26670
26694
26790
26858
26915
27022
27030
27098
27098
27138
27175
27193
27282
27290
27301
27480
27537
27561
27594
27628
27703
27766
27805
27825
27860
27861
28009
28019
28029
28051
28126
28147
28182
28190
28350
28413
28521
28573
28624
28707
28727
28751
28769
28812
28855
28866
28867
28868
28879
28965
29100
29136
29301
29323
29354
29583
29684
29888
29888
29898
29906
29941
29959
30010
30025
30026
30063
30107
30135
30145
30200
30205
30220
30266
30281
30349
30364
30625
30626
30673
30709
30807
30910
30989
31049
31085
31110
31216
31224
31365
31432
31437
31513
31590
31603
31647
31659
31759
31859
31876
31974
32000
32007
32011
32199
32214
32249
32331
32366
32396
32467
32519
32519
32527
32546
32566
32615
32677
32749
32777
32819
32829
32868
32874
32892
32994
33038
33066
33081
33104
33113
33251
33316
33355
33386
33392
33534
33537
33546
33635
33657
33675
33757
33816
33847
33855
33864
33924
33927
34065
34074
34273
34296
34375
34451
34460
34475
34627
34668
34696
34904
34909
34969
34977
35016
35028
35053
35066
35386
35440
35459
35474
35531
35532
35541
35555
35603
35688
35701
35734
35737
35771
35814
35824
35923
35927
35988
36087
36206
36252
36318
36342
36348
36410
36497
36554
36602
36719
36788
36819
36854
36856
36906
36999
37037
37143
37211
37260
37277
37366
37399
37521
37525
37548
37569
37570
37600
37665
37728
37741
37809
37841
37948
37951
37955
37999
38129
38163
38166
38244
38255
38302
38306
38325
38356
38378
38465
38530
38553
38602
38628
38658
38665
38702
38716
38717
38735
38741
38821
38899
38916
39038
39176
39177
39240
39308
39409
39437
39527
39529
39549
39567
39571
39602
39617
39622
39645
39840
39853
39914
39926
39979
39982
40044
40068
40136
40222
40282
40317
40320
40347
40372
40532
40617
40748
40883
40935
41004
41072
41193
41305
41366
41429
41455
41475
41536
41560
41649
41662
41717
41732
41746
41771
41775
41811
41826
41882
41931
41984
42014
42015
42213
42249
42402
42407
42635
42716
42778
42836
42857
42898
43015
43016
43119
43156
43172
43200
43251
43291
43336
43338
43343
43351
43427
43497
43625
43651
43693
43713
43858
43930
43998
44057
44114
44118
44195
44404
44426
44626
44634
44734
44744
44780
44933
44979
44988
45007
45050
45067
45166
45240
45260
45265
45299
45401
45516
45523
45532
45752
45788
45843
45878
45893
46005
46119
46120
46126
46215
46305
46320
46357
46391
46429
46438
46475
46513
46541
46611
46683
46784
46818
46883
46908
47000
47232
47256
47364
47436
47603
47615
47653
47665
47693
47757
47776
47852
47878
47919
47977
48097
48141
48149
48157
48184
48235
48622
48654
48663
48665
48731
48838
49055
49075
49082
49143
49162
49353
49377
49450
49542
49558
49572
49590
49640
49676
49752
49762
49775
