94
236
357
407
527
606
662
692
825
854
883
1078
1085
1105
1122
1237
1272
1394
1421
1660
1735
1762
1798
1835
1990
2027
2056
2065
2093
2141
2240
2296
2329
2331
2475
2620
2655
2891
2947
2972
3089
3137
3230
3231
3287
3394
3597
3627
3668
3740
3801
3889
3897
4054
4092
4132
4334
4348
4380
4444
4454
4486
4729
4731
4846
4975
5003
5011
5053
5096
5434
5457
5582
5608
5630
5756
5793
5825
5829
5830
5846
6005
6039
6056
6199
6260
6277
6515
6527
6559
6674
6711
6734
6778
6784
6908
6962
7119
7129
7186
7198
7248
7364
7374
7435
7514
7726
7777
7798
8019
8079
8163
8163
8183
8258
8294
8312
8468
8491
8535
8608
8646
8662
8865
8916
9135
9246
9433
9491
9513
9548
9632
9686
9829
9960
10141
10161
10260
10287
10352
10471
10481
10485
10499
10619
10803
10815
10815
10931
10954
10967
11009
11055
11062
11232
11240
11389
11500
11531
11550
11617
11676
11739
11756
11921
12036
12341
12463
12663
12708
13052
13121
13471
13492
13768
13883
14076
14127
14183
14282
14339
14425
14476
14506
14596
14762
14846
14863
14958
14984
15066
15123
15154
15192
15202
15266
15282
15321
15341
15433
15459
15469
15529
15636
15717
15863
15905
15957
16027
16070
16088
16118
16126
16210
16219
16249
16306
16368
16444
16454
16609
16623
16633
16704
16822
16845
16984
17003
17065
17073
17149
17150
17191
17208
17216
17263
17310
17315
17387
17415
17429
17441
17484
17541
17585
17601
17645
17690
17781
17814
17819
17821
17971
18060
18068
18114
18122
18130
18135
18143
18146
18166
18537
18551
18613
18632
18780
18784
18867
18882
18908
18915
19004
19219
19267
19286
19298
19342
19347
19383
19575
19680
19740
19763
19842
19857
20024
20101
20109
20186
20199
20210
20301
20306
20393
20403
20543
20645
20656
20755
20873
20877
20899
20909
20991
21191
21248
21327
21370
21445
21466
21469
21626
21650
21761
21837
21844
21890
21961
22175
22257
22352
22373
22430
22437
22445
22448
22500
22631
22781
22807
22935
22982
23039
23076
23083
23131
23345
23367
23442
23550
23608
23628
23652
23673
23690
23761
23810
23925
23927
23998
24031
24066
24094
24294
24436
24498
24532
24535
24558
24647
24738
24831
24906
24929
24932
24953
24996
25137
25212
25286
25298
25451
25454
25524
25615
25620
25659
25663
25680
25683
25686
25758
25929
26176
26215
26221
26306
26442
26486
26571
26592
26682
26741
26909
26929
26975
26998
27088
27216
27270
27347
27417
27452
27492
27539
27654
27682
27746
27746
27780
27861
27984
27995
28022
28048
28084
28246
28481
28582
28633
28655
28693
28714
28756
28823
28825
28878
28920
28958
29022
29098
29129
29181
29285
29307
29356
29392
29393
29489
29578
29608
29691
29715
29717
29786
29805
29939
30050
30093
30170
30343
30370
30403
30485
30503
30503
30544
30548
30685
30711
30801
30827
30881
31034
31397
31422
31451
31554
31594
31694
31695
31725
31736
31854
31953
32023
32210
32340
32346
32463
32463
32563
32597
32635
32669
32707
32738
32738
32742
32743
32795
32836
32841
32884
32886
32888
32923
33117
33174
33259
33285
33318
33452
33461
33508
33550
33574
33614
33618
33618
33700
33707
33779
33844
34104
34154
34255
34263
34323
34333
34349
34361
34401
34642
34680
34690
34723
34798
34965
35037
35037
35083
35103
35119
35171
35323
35335
35355
35413
35527
35581
35597
35622
35653
35683
35685
35688
35767
35849
35882
36057
36173
36236
36242
36306
36313
36366
36490
36515
36791
36817
36877
37124
37131
37220
37257
37278
37336
37518
37538
37577
37578
37705
37771
37790
37815
37911
37965
38083
38090
38094
38135
38182
38184
38235
38283
38399
38583
38602
38642
38669
38739
38944
38944
39070
39087
39105
39109
39174
39213
39260
39289
39412
39434
39435
39474
39511
39520
39670
39778
39808
39939
39941
40076
40130
40379
40438
40522
40669
40679
40749
40902
40947
40961
41087
41263
41448
41475
41665
41757
41822
41874
41893
41902
41905
41952
42005
42035
42092
42185
42520
42541
42590
42672
42678
42684
42958
42982
43004
43019
43213
43312
43390
43454
43459
43613
43732
43766
44092
44133
44176
44197
44206
44241
44431
44461
44484
44517
44599
44624
44653
44830
44841
45032
45036
45151
45247
45267
45378
45419
45538
45556
45629
45809
45811
45888
45910
46057
46072
46217
46474
46504
46553
46575
46767
46774
46925
46937
46953
47019
47098
47137
47182
47335
47457
47507
47875
47932
48030
48072
48119
48175
48176
48200
48253
48342
48346
48413
48451
48631
48678
48929
48985
49012
49016
49172
49200
49221
49343
49523
49526
49591
49611
49636
49653
49853
49966
