11
21
22
28
66
75
136
160
161
175
229
263
329
345
364
424
462
472
476
510
524
527
614
667
696
864
877
947
974
993
1009
1021
1034
1077
1120
1150
1177
1186
1225
1270
1281
1302
1318
1340
1373
1379
1404
1423
1426
1475
1495
1495
1540
1564
1639
1660
1752
1789
1791
1798
1808
1821
1842
1846
1860
1907
1927
2020
2036
2090
2101
2125
2177
2181
2213
2215
2230
2231
2232
2237
2255
2360
2377
2433
2445
2469
2476
2479
2482
2491
2512
2558
2682
2683
2701
2750
2787
2813
2881
2894
2932
2957
2997
3007
3065
3109
3112
3165
3207
3218
3284
3374
3408
3433
3485
3509
3524
3546
3562
3611
3625
3664
3686
3687
3708
3719
3736
3750
3781
3801
3831
3890
3909
3912
3915
3925
3981
4003
4008
4036
4056
4064
4137
4145
4195
4247
4408
4428
4447
4531
4584
4599
4601
4624
4648
4686
4801
4809
4846
4905
4921
5074
5101
5142
5149
5180
5282
5330
5365
5375
5386
5419
5453
5468
5504
5522
5566
5588
5612
5640
5648
5653
5659
5720
5807
5808
5861
5956
5993
6002
6103
6140
6196
6238
6238
6244
6248
6256
6274
6281
6299
6321
6389
6484
6527
6530
6536
6654
6656
6657
6723
6818
6821
6883
6937
6992
7009
7029
7036
7065
7109
7110
7147
7148
7176
7198
7221
7231
7293
7298
7315
7337
7361
7361
7392
7426
7478
7492
7592
7608
7648
7712
7720
7733
7772
7783
7789
7862
7925
7959
7978
7982
8019
8033
8116
8124
8149
8159
8188
8279
8280
8281
8296
8325
8330
8352
8357
8365
8373
8396
8412
8420
8445
8458
8463
8518
8523
8542
8588
8620
8635
8643
8717
8753
8786
8837
8895
8939
8940
8973
8981
9042
9059
9061
9069
9133
9158
9158
9163
9169
9326
9340
9468
9511
9539
9546
9580
9621
9640
9735
9764
9788
9818
9930
9965
9980
10049
10124
10146
10193
10222
10260
10337
10339
10362
10374
10399
10449
10513
10522
10643
10654
10654
10679
10703
10711
10753
10782
10784
10789
10798
10808
10812
10825
10831
10906
10910
10944
10949
11068
11085
11095
11178
11215
11372
11373
11377
11380
11408
11433
11438
11506
11531
11544
11604
11613
11744
11775
11820
11876
11911
11918
11986
12023
12128
12137
12253
12308
12318
12321
12365
12416
12450
12515
12558
12576
12598
12649
12726
12730
12762
12784
12800
12811
12818
12833
12844
12845
12906
12951
13022
13029
13031
13033
13056
13069
13079
13106
13118
13134
13178
13197
13218
13234
13434
13448
13500
13516
13535
13614
13626
13710
13718
13737
13773
13864
13933
13950
13961
13963
13994
14015
14018
14019
14021
14046
14070
14086
14204
14233
14244
14279
14280
14315
14330
14346
14374
14442
14511
14675
14683
14685
14789
14853
14860
14865
14883
14886
14903
14961
15007
15025
15059
15073
15132
15158
15239
15316
15377
15394
15427
15454
15521
15610
15618
15640
15728
15740
15761
15789
15818
15844
15951
15986
15988
16064
16090
16142
16187
16198
16204
16219
16222
16224
16233
16265
16270
16286
16358
16373
16386
16414
16416
16434
16442
16510
16532
16564
16565
16581
16583
16618
16628
16637
16748
16780
16809
16832
16877
17020
17048
17094
17172
17180
17246
17274
17309
17309
17333
17349
17377
17420
17483
17496
17583
17612
17651
17658
17659
17690
17722
17818
17820
17842
17858
17874
17894
17986
18069
18081
18085
18111
18137
18154
18231
18238
18249
18261
18338
18387
18393
18463
18465
18512
18572
18581
18583
18587
18599
18658
18840
18988
19008
19008
19045
19053
19105
19124
19151
19350
19499
19525
19533
19539
19550
19556
19573
19592
19625
19713
19714
19725
19747
19759
19776
19826
19829
19873
19901
19917
19929
19981
19997
20054
20099
20107
20120
20200
20256
20318
20334
20347
20442
20454
20455
20506
20534
20569
20575
20577
20593
20643
20675
20730
20732
20746
20805
20848
20902
20938
20942
20968
20975
20991
21001
21019
21051
21082
21127
21144
21162
21214
21258
21378
21410
21442
21449
21493
21535
21539
21561
21664
21678
21682
21706
21756
21912
21923
21941
22010
22076
22107
22141
22156
22157
22201
22238
22247
22254
22270
22329
22335
22354
22387
22395
22465
22644
22716
22741
22797
22802
22836
22905
22975
23005
23010
23015
23083
23140
23214
23239
23249
23250
23281
23288
23346
23350
23365
23387
23444
23472
23476
23611
23622
23632
23707
23720
23776
23785
23864
23987
24057
24071
24078
24121
24133
24157
24158
24215
24216
24229
24237
24268
24269
24299
24305
24314
24324
24329
24357
24368
24378
24426
24442
24446
24492
24509
24548
24550
24624
24691
24708
24758
24760
24768
24801
24873
24877
25026
25029
25044
25056
25057
25175
25228
25229
25244
25251
25262
25264
25303
25312
25325
25338
25421
25498
25505
25532
25593
25628
25706
25733
25788
25797
25875
25998
26025
26040
26050
26165
26187
26200
26205
26217
26221
26265
26324
26326
26441
26487
26553
26580
26590
26655
26666
26681
26706
26721
26726
26826
26835
26915
26927
27021
27044
27079
27104
27123
27157
27166
27257
27307
27314
27410
27411
27414
27415
27420
27473
27537
27574
27598
27608
27657
27676
27695
27769
27811
27825
27842
27842
27847
27859
27885
27933
27939
27970
28073
28096
28181
28190
28247
28281
28334
28411
28412
28447
28473
28484
28529
28548
28567
28571
28673
28728
28733
28784
28790
28799
28821
28846
28890
28972
28985
29018
29021
29026
29118
29119
29152
29219
29230
29263
29266
29299
29318
29338
29379
29380
29425
29429
29465
29487
29512
29568
29595
29596
29668
29685
29691
29718
29741
29745
29775
29807
29842
29863
29940
30051
30060
30068
30077
30113
30189
30266
30364
30451
30600
30642
30674
30690
30701
30709
30736
30772
30800
30812
30966
31022
31043
31252
31269
31298
31298
31333
31335
31405
31435
31441
31506
31509
31522
31531
31548
31559
31574
31641
31703
31741
31797
31838
31902
31927
31934
31955
31961
31978
31978
32010
32035
32050
32113
32161
32176
32246
32272
32294
32297
32321
32385
32396
32437
32444
32445
32463
32473
32500
32505
32540
32565
32617
32643
32662
32701
32738
32783
32807
32822
32826
32912
32966
32974
33048
33122
33214
33253
33278
33296
33313
33440
33487
33527
33594
33629
33713
33816
33848
33856
33895
33941
33993
34006
34201
34329
34344
34361
34392
34408
34442
34453
34465
34487
34539
34582
34583
34602
34672
34751
34792
34811
34821
34908
34936
35081
35090
35111
35113
35130
35175
35266
35285
35310
35319
35338
35343
35350
35390
35447
35458
35462
35511
35638
35640
35662
35730
35747
35806
35807
35809
35844
35891
35899
35929
35945
35981
36010
36022
36026
36073
36171
36179
36190
36207
36207
36217
36275
36304
36332
36422
36456
36460
36487
36507
36519
36531
36535
36601
36623
36625
36630
36661
36668
36711
36721
36738
36758
36809
36815
36846
36848
36870
36880
36882
36889
36896
36922
36925
36926
36942
37000
37042
37045
37166
37193
37261
37351
37360
37398
37443
37523
37524
37530
37530
37590
37624
37686
37716
37756
37897
38006
38072
38084
38092
38094
38095
38107
38119
38201
38267
38308
38382
38384
38389
38399
38418
38427
38449
38470
38472
38558
38566
38572
38581
38651
38691
38703
38759
38832
38872
38874
38914
38925
38932
38946
38951
38959
39059
39166
39173
39221
39225
39322
39324
39326
39359
39371
39417
39424
39451
39454
39526
39573
39577
39656
39717
39742
39796
39841
39859
39861
39878
39898
39912
39972
39976
40015
40083
40108
40150
40160
40218
40250
40283
40320
40328
40345
40388
40407
40420
40494
40529
40529
40530
40573
40602
40623
40711
40757
40760
40769
40784
40817
40848
40876
40928
40943
40952
40959
40965
40989
41005
41034
41061
41085
41137
41177
41222
41266
41267
41286
41406
41407
41434
41467
41542
41577
41584
41586
41619
41680
41727
41785
41795
41798
41803
41823
41834
41864
41935
41962
41981
42008
42018
42030
42086
42120
42128
42159
42172
42185
42188
42271
42311
42311
42330
42364
42411
42454
42474
42485
42562
42568
42572
42632
42771
42805
42810
42812
42870
42901
42902
42964
43001
43015
43027
43027
43045
43072
43081
43185
43202
43211
43258
43336
43347
43360
43361
43452
43452
43455
43461
43480
43489
43490
43493
43501
43503
43519
43543
43570
43593
43701
43711
43731
43764
43768
43772
43778
43786
43789
43824
43830
43905
44061
44063
44148
44208
44208
44240
44253
44264
44281
44324
44332
44358
44371
44387
44390
44400
44430
44509
44516
44543
44562
44576
44586
44590
44603
44683
44686
44768
44816
44832
44851
44879
44896
44896
44907
45048
45057
45074
45094
45105
45112
45139
45175
45203
45214
45215
45272
45273
45282
45311
45370
45397
45413
45422
45480
45530
45541
45577
45600
45607
45662
45715
45721
45874
45905
45917
45941
45947
45951
45976
46002
46003
46065
46149
46225
46245
46307
46348
46364
46400
46406
46417
46455
46486
46509
46512
46646
46660
46665
46685
46741
46809
46813
46829
46887
46987
46995
47073
47106
47126
47149
47204
47207
47265
47304
47335
47397
47415
47430
47471
47504
47544
47569
47574
47576
47714
47778
47808
47829
47860
47883
47890
47977
47991
48015
48077
48080
48093
48097
48133
48166
48190
48191
48200
48340
48378
48379
48441
48442
48525
48588
48597
48705
48854
48935
48999
49048
49074
49128
49136
49148
49149
49237
49294
49355
49387
49415
49426
49466
49509
49509
49518
49620
49632
49757
49789
49802
49831
49834
49853
49854
49862
49884
49923
49941
49944
49950
49962
