12
13
16
17
25
37
39
40
44
55
59
61
63
67
68
68
82
93
99
99
102
110
110
116
117
119
130
132
144
163
178
179
181
190
192
198
204
208
214
220
224
229
231
239
239
240
243
248
250
256
256
260
263
264
266
280
295
300
304
312
319
319
327
329
332
345
346
357
359
360
362
363
373
376
385
394
398
400
417
420
423
430
431
435
448
451
451
455
460
462
462
463
465
467
467
468
469
472
481
483
491
497
501
504
504
516
521
522
535
540
548
553
555
555
557
559
565
578
595
596
597
611
612
619
629
631
631
631
632
636
646
656
657
657
657
669
674
675
686
693
707
713
715
720
728
728
740
743
745
747
748
752
762
772
774
783
788
791
794
795
807
808
810
811
816
820
821
826
836
837
837
842
842
844
850
852
854
867
868
870
888
897
904
906
911
920
922
922
927
929
931
941
941
951
952
953
964
971
972
976
979
980
993
993
999
1005
1005
1010
1012
1027
1035
1036
1038
1038
1038
1039
1042
1042
1046
1055
1062
1070
1072
1074
1096
1098
1105
1118
1122
1123
1128
1135
1148
1150
1150
1152
1154
1165
1170
1170
1171
1175
1212
1212
1216
1224
1229
1231
1232
1239
1240
1250
1260
1282
1286
1288
1289
1326
1327
1333
1337
1348
1358
1362
1368
1368
1374
1377
1380
1380
1384
1389
1393
1396
1399
1406
1411
1416
1418
1427
1436
1443
1447
1448
1452
1453
1454
1458
1460
1468
1474
1482
1491
1499
1504
1507
1512
1514
1516
1517
1523
1549
1557
1559
1560
1563
1569
1577
1578
1620
1621
1622
1622
1628
1631
1632
1642
1648
1648
1665
1666
1667
1672
1686
1689
1690
1704
1705
1713
1715
1716
1724
1728
1736
1739
1743
1746
1750
1756
1760
1768
1771
1788
1789
1790
1797
1801
1803
1825
1831
1834
1839
1839
1842
1856
1859
1872
1874
1879
1888
1889
1893
1900
1900
1925
1928
1934
1945
1949
1949
1951
1952
1958
1961
1962
1962
1965
1971
1975
1980
1983
1996
1997
1997
2000
2001
2012
2016
2027
2052
2052
2063
2076
2078
2081
2081
2084
2084
2085
2088
2089
2100
2107
2108
2111
2120
2129
2131
2132
2135
2135
2141
2144
2145
2147
2163
2164
2167
2175
2179
2186
2187
2201
2213
2219
2219
2220
2231
2235
2256
2261
2271
2279
2280
2286
2290
2290
2296
2302
2342
2342
2346
2351
2355
2356
2358
2360
2361
2364
2368
2368
2371
2373
2382
2383
2391
2392
2393
2397
2408
2415
2416
2423
2428
2447
2450
2451
2451
2452
2452
2458
2478
2479
2480
2491
2492
2494
2498
2510
2520
2524
2536
2542
2549
2559
2564
2573
2587
2594
2597
2605
2620
2620
2623
2625
2628
2632
2635
2652
2652
2654
2656
2656
2666
2669
2691
2699
2699
2715
2715
2720
2721
2729
2733
2758
2763
2774
2782
2784
2793
2794
2819
2821
2830
2830
2835
2855
2856
2857
2860
2874
2890
2897
2899
2901
2904
2908
2909
2910
2917
2923
2935
2935
2937
2943
2945
2979
2985
2988
2988
3008
3009
3012
3012
3016
3032
3037
3041
3041
3045
3054
3056
3057
3058
3065
3069
3071
3074
3076
3078
3081
3088
3090
3093
3093
3095
3102
3102
3108
3116
3118
3123
3127
3131
3133
3138
3140
3144
3148
3153
3159
3176
3179
3184
3194
3195
3198
3205
3206
3211
3211
3219
3227
3228
3230
3249
3258
3258
3263
3266
3271
3274
3285
3295
3299
3311
3315
3319
3323
3326
3336
3341
3348
3349
3354
3369
3373
3380
3383
3387
3390
3393
3395
3398
3405
3430
3431
3446
3456
3466
3471
3473
3484
3494
3496
3496
3501
3512
3516
3517
3518
3529
3529
3534
3539
3539
3548
3557
3560
3562
3569
3571
3581
3602
3613
3615
3615
3618
3620
3621
3624
3627
3630
3634
3635
3637
3644
3644
3646
3646
3657
3662
3669
3670
3672
3676
3690
3710
3712
3714
3714
3723
3728
3728
3728
3736
3739
3748
3749
3750
3756
3765
3770
3784
3785
3785
3789
3790
3792
3806
3811
3819
3824
3828
3848
3849
3871
3877
3891
3893
3898
3899
3901
3901
3907
3907
3908
3911
3912
3913
3923
3925
3928
3930
3931
3932
3932
3932
3936
3940
3943
3944
3948
3978
3983
3989
4008
4015
4022
4043
4046
4047
4048
4050
4057
4058
4077
4081
4099
4102
4102
4103
4112
4115
4131
4132
4133
4137
4139
4141
4151
4155
4181
4185
4195
4198
4207
4207
4212
4224
4228
4232
4234
4237
4238
4239
4241
4245
4253
4259
4260
4270
4272
4281
4282
4288
4291
4292
4294
4305
4312
4312
4316
4325
4332
4340
4342
4350
4351
4353
4363
4363
4381
4382
4382
4386
4394
4395
4405
4417
4423
4428
4431
4439
4440
4448
4455
4456
4456
4468
4482
4482
4482
4483
4488
4488
4489
4489
4491
4498
4498
4499
4503
4506
4507
4515
4518
4522
4530
4538
4543
4543
4549
4554
4557
4568
4570
4572
4572
4574
4579
4586
4595
4596
4601
4602
4605
4610
4610
4620
4623
4631
4641
4654
4657
4662
4676
4680
4683
4701
4703
4706
4719
4726
4728
4736
4738
4755
4773
4773
4776
4777
4782
4783
4790
4790
4791
4792
4797
4807
4808
4828
4830
4831
4833
4849
4850
4850
4852
4854
4860
4864
4872
4901
4904
4905
4910
4914
4927
4929
4930
4931
4935
4941
4949
4952
4955
4960
4973
4974
4975
4977
4979
4980
4981
5012
5014
5022
5028
5029
5030
5033
5041
5043
5050
5060
5061
5066
5078
5093
5096
5109
5124
5129
5131
5131
5135
5141
5145
5147
5151
5159
5160
5160
5164
5168
5171
5172
5176
5183
5189
5203
5212
5217
5224
5233
5234
5240
5244
5245
5251
5254
5257
5260
5279
5309
5311
5319
5322
5325
5326
5340
5348
5348
5353
5369
5370
5371
5384
5389
5390
5395
5397
5398
5411
5415
5417
5429
5436
5441
5454
5456
5463
5468
5472
5483
5483
5483
5484
5492
5494
5495
5501
5507
5507
5516
5522
5524
5526
5533
5536
5536
5543
5557
5563
5571
5572
5573
5574
5577
5578
5578
5588
5589
5597
5601
5610
5615
5615
5617
5620
5631
5633
5633
5638
5640
5641
5646
5653
5661
5682
5684
5699
5703
5709
5711
5711
5714
5718
5723
5730
5737
5741
5743
5754
5759
5767
5772
5778
5779
5789
5789
5809
5809
5819
5841
5843
5844
5846
5854
5856
5861
5867
5867
5867
5875
5880
5883
5888
5889
5893
5900
5907
5919
5919
5923
5927
5927
5929
5930
5937
5939
5939
5940
5940
5943
5951
5956
5965
5969
5981
5984
5993
5998
6002
6006
6015
6018
6033
6035
6039
6042
6045
6054
6065
6066
6066
6103
6105
6113
6125
6129
6131
6131
6135
6143
6144
6144
6156
6159
6160
6177
6179
6180
6189
6198
6206
6206
6207
6210
6211
6220
6233
6245
6245
6261
6272
6278
6281
6292
6293
6302
6312
6315
6321
6326
6358
6360
6361
6364
6365
6366
6368
6368
6372
6373
6378
6383
6384
6398
6404
6413
6417
6429
6443
6452
6457
6465
6470
6481
6484
6487
6488
6497
6505
6506
6507
6517
6522
6525
6534
6535
6535
6538
6539
6540
6543
6551
6551
6554
6555
6557
6562
6564
6567
6570
6572
6576
6581
6584
6597
6601
6608
6618
6618
6622
6622
6623
6627
6627
6628
6642
6643
6648
6658
6660
6670
6673
6684
6691
6693
6698
6698
6699
6704
6724
6728
6728
6755
6762
6764
6769
6770
6772
6777
6781
6783
6783
6795
6798
6798
6807
6817
6819
6821
6827
6829
6841
6841
6843
6844
6862
6864
6868
6868
6872
6881
6895
6900
6900
6908
6910
6922
6927
6930
6934
6937
6941
6947
6947
6948
6953
6958
6963
6965
6974
6974
6977
6980
6981
6984
6986
6987
6993
6998
6999
7007
7023
7029
7030
7032
7033
7036
7039
7039
7046
7049
7060
7060
7089
7095
7100
7104
7104
7114
7116
7122
7123
7123
7136
7141
7144
7153
7156
7157
7158
7160
7160
7178
7181
7196
7197
7198
7207
7209
7210
7216
7220
7221
7223
7234
7237
7238
7258
7264
7281
7285
7290
7291
7293
7293
7294
7296
7297
7297
7314
7322
7328
7331
7336
7346
7350
7359
7361
7363
7364
7366
7368
7370
7378
7381
7382
7392
7428
7435
7438
7441
7447
7448
7460
7463
7465
7473
7485
7489
7491
7493
7498
7500
7505
7519
7533
7546
7547
7556
7561
7563
7568
7581
7591
7596
7599
7602
7606
7618
7632
7633
7634
7637
7651
7661
7663
7666
7668
7685
7689
7693
7697
7703
7708
7711
7714
7725
7731
7731
7734
7739
7745
7760
7761
7762
7772
7774
7783
7791
7791
7792
7798
7801
7802
7803
7804
7806
7812
7813
7813
7827
7828
7829
7838
7839
7843
7845
7846
7847
7853
7854
7860
7865
7865
7875
7891
7892
7909
7910
7929
7931
7938
7943
7946
7947
7954
7964
7969
7976
7977
7977
7988
7995
8002
8008
8026
8031
8043
8052
8064
8064
8065
8073
8078
8078
8079
8083
8097
8100
8102
8107
8111
8120
8123
8126
8128
8134
8142
8147
8174
8176
8180
8183
8189
8195
8198
8199
8201
8205
8209
8210
8218
8223
8227
8231
8232
8233
8240
8242
8249
8252
8265
8268
8269
8271
8272
8278
8299
8299
8312
8312
8317
8318
8319
8319
8322
8329
8358
8358
8374
8376
8376
8385
8395
8414
8418
8418
8423
8428
8429
8435
8444
8445
8448
8456
8464
8466
8467
8467
8471
8487
8495
8498
8507
8512
8515
8515
8520
8520
8525
8532
8536
8536
8541
8549
8557
8574
8582
8585
8594
8600
8607
8611
8615
8617
8624
8631
8631
8637
8643
8646
8649
8650
8653
8654
8661
8662
8667
8668
8682
8682
8687
8687
8695
8698
8698
8698
8710
8717
8720
8745
8747
8754
8758
8768
8771
8776
8781
8785
8785
8788
8792
8793
8795
8797
8813
8823
8823
8828
8838
8876
8880
8896
8900
8905
8907
8914
8918
8936
8938
8941
8949
8965
8973
8978
8994
9002
9018
9019
9034
9038
9039
9041
9045
9046
9049
9060
9061
9070
9072
9074
9084
9090
9104
9113
9118
9122
9126
9131
9132
9132
9137
9138
9144
9147
9162
9164
9165
9170
9177
9185
9186
9189
9197
9204
9212
9241
9243
9249
9250
9252
9260
9264
9269
9269
9274
9278
9280
9283
9284
9289
9292
9298
9303
9307
9308
9316
9326
9327
9334
9340
9342
9357
9358
9366
9367
9377
9397
9398
9401
9403
9409
9417
9420
9420
9429
9430
9430
9449
9452
9461
9469
9471
9479
9488
9489
9512
9519
9523
9524
9528
9530
9535
9537
9538
9538
9540
9541
9550
9565
9568
9568
9585
9588
9593
9596
9601
9605
9611
9612
9616
9619
9620
9627
9630
9632
9632
9632
9633
9636
9639
9645
9645
9654
9654
9658
9661
9667
9679
9680
9699
9702
9706
9706
9708
9708
9710
9710
9717
9722
9723
9725
9737
9743
9753
9759
9761
9767
9772
9772
9775
9778
9785
9785
9786
9789
9804
9805
9816
9816
9825
9828
9830
9830
9836
9837
9838
9839
9844
9874
9883
9884
9896
9897
9914
9914
9915
9915
9917
9923
9925
9936
9943
9953
9954
9955
9957
9969
9973
9975
9977
9979
9991
9998
10000
10006
10008
10010
10012
10022
10022
10022
10023
10034
10039
10042
10044
10046
10061
10066
10073
10076
10081
10088
10090
10091
10106
10112
10113
10122
10125
10127
10129
10129
10149
10151
10156
10156
10157
10164
10164
10167
10167
10174
10176
10179
10180
10181
10182
10199
10206
10217
10218
10242
10242
10247
10252
10259
10263
10266
10268
10269
10279
10297
10299
10303
10303
10305
10313
10320
10321
10337
10344
10355
10363
10367
10399
10403
10407
10407
10410
10410
10418
10442
10443
10455
10464
10477
10492
10494
10496
10499
10506
10513
10513
10530
10530
10542
10555
10555
10568
10570
10572
10574
10575
10585
10586
10587
10589
10590
10595
10602
10615
10623
10624
10627
10634
10636
10642
10660
10680
10694
10696
10698
10727
10732
10736
10739
10741
10749
10758
10761
10770
10786
10791
10798
10801
10807
10808
10808
10814
10816
10821
10832
10836
10840
10846
10850
10853
10856
10856
10858
10859
10865
10872
10875
10875
10888
10896
10896
10897
10898
10900
10901
10902
10910
10914
10915
10920
10929
10956
10964
10967
10976
11002
11008
11017
11018
11024
11025
11033
11035
11043
11051
11058
11074
11076
11078
11078
11082
11093
11111
11122
11122
11141
11146
11150
11154
11156
11158
11174
11174
11177
11179
11181
11182
11193
11193
11194
11198
11203
11215
11221
11227
11229
11231
11248
11254
11260
11261
11268
11271
11272
11278
11280
11289
11294
11303
11307
11310
11319
11327
11334
11336
11338
11342
11345
11349
11360
11369
11369
11371
11373
11376
11386
11388
11389
11390
11392
11392
11394
11394
11401
11402
11413
11418
11434
11439
11441
11443
11446
11450
11453
11477
11483
11486
11488
11498
11502
11507
11514
11516
11523
11530
11535
11536
11539
11549
11550
11552
11558
11563
11569
11571
11583
11584
11584
11596
11601
11619
11629
11631
11641
11642
11672
11676
11676
11679
11692
11693
11703
11708
11720
11721
11733
11734
11736
11742
11742
11747
11750
11755
11759
11779
11790
11796
11797
11803
11817
11820
11831
11832
11833
11835
11844
11852
11865
11875
11880
11882
11882
11886
11889
11891
11896
11898
11900
11909
11912
11925
11931
11931
11935
11965
11968
11968
11971
11972
11973
11975
11977
11984
12008
12010
12023
12027
12028
12031
12038
12050
12056
12064
12066
12083
12084
12113
12129
12146
12149
12158
12160
12163
12178
12203
12206
12206
12207
12216
12223
12234
12235
12242
12248
12261
12263
12274
12277
12278
12284
12285
12290
12291
12292
12302
12304
12305
12325
12335
12336
12340
12346
12361
12367
12376
12379
12386
12392
12399
12408
12408
12410
12412
12423
12430
12447
12452
12453
12461
12461
12478
12484
12488
12488
12494
12495
12495
12496
12501
12501
12515
12519
12524
12532
12535
12535
12542
12544
12545
12546
12566
12570
12574
12576
12577
12582
12603
12609
12609
12611
12618
12618
12619
12626
12627
12643
12651
12653
12665
12668
12693
12693
12695
12700
12701
12707
12708
12708
12709
12715
12717
12727
12740
12741
12741
12745
12746
12767
12777
12786
12794
12795
12796
12796
12822
12824
12835
12840
12842
12849
12854
12860
12864
12866
12870
12872
12875
12878
12890
12910
12916
12921
12923
12936
12937
12939
12943
12950
12952
12952
12959
12965
12967
12975
13003
13012
13012
13022
13023
13025
13038
13039
13040
13058
13060
13063
13065
13066
13067
13068
13075
13089
13089
13099
13101
13119
13121
13122
13130
13134
13142
13155
13157
13157
13175
13176
13183
13190
13197
13209
13226
13235
13238
13240
13246
13253
13258
13275
13285
13286
13286
13293
13298
13309
13311
13314
13316
13326
13329
13340
13347
13353
13375
13391
13393
13407
13409
13410
13412
13412
13417
13422
13424
13430
13431
13443
13444
13445
13452
13463
13466
13469
13479
13490
13491
13496
13499
13501
13505
13508
13512
13514
13525
13526
13526
13535
13535
13535
13545
13548
13558
13558
13560
13566
13571
13585
13590
13591
13592
13592
13596
13609
13611
13616
13617
13619
13625
13626
13628
13633
13635
13637
13648
13652
13658
13661
13667
13673
13681
13685
13692
13696
13700
13715
13717
13721
13724
13740
13756
13758
13766
13782
13788
13789
13789
13795
13801
13809
13814
13829
13832
13834
13847
13871
13872
13874
13877
13879
13881
13887
13899
13908
13912
13918
13940
13943
13945
13953
13957
13959
13968
13973
13981
14000
14002
14008
14010
14018
14030
14033
14034
14034
14038
14049
14054
14055
14056
14057
14058
14058
14062
14083
14084
14089
14093
14108
14111
14115
14118
14118
14120
14124
14146
14148
14155
14164
14166
14168
14175
14179
14181
14184
14192
14193
14202
14205
14208
14214
14215
14235
14238
14247
14251
14252
14271
14275
14284
14298
14304
14307
14312
14316
14316
14331
14332
14333
14352
14365
14384
14387
14387
14387
14392
14403
14407
14410
14416
14419
14428
14439
14452
14462
14463
14467
14477
14478
14491
14500
14510
14528
14533
14535
14544
14549
14569
14569
14570
14578
14579
14590
14591
14593
14597
14602
14608
14609
14610
14614
14625
14638
14646
14649
14660
14664
14666
14674
14684
14687
14691
14694
14700
14701
14702
14705
14708
14716
14728
14738
14738
14744
14745
14747
14761
14763
14769
14771
14781
14793
14794
14805
14807
14812
14816
14819
14820
14821
14823
14823
14828
14829
14833
14834
14835
14840
14841
14841
14844
14863
14867
14868
14869
14871
14872
14886
14895
14898
14909
14911
14920
14926
14930
14935
14946
14946
14949
14953
14976
14981
14981
14991
14993
14993
14993
14996
14997
15001
15003
15006
15007
15008
15013
15015
15022
15022
15024
15039
15043
15045
15056
15071
15074
15088
15090
15097
15100
15107
15107
15121
15130
15134
15136
15151
15151
15155
15155
15158
15158
15166
15175
15210
15216
15217
15225
15230
15233
15246
15247
15247
15262
15278
15284
15288
15299
15300
15306
15310
15335
15336
15341
15341
15367
15372
15392
15402
15404
15410
15429
15430
15434
15440
15443
15444
15453
15465
15471
15473
15478
15481
15485
15487
15489
15494
15500
15503
15508
15512
15517
15524
15530
15536
15541
15541
15562
15577
15580
15589
15593
15602
15607
15619
15620
15622
15624
15641
15652
15653
15659
15667
15667
15671
15683
15689
15696
15702
15708
15714
15720
15731
15737
15737
15738
15746
15747
15757
15759
15761
15764
15767
15780
15783
15794
15794
15794
15800
15809
15813
15813
15823
15834
15837
15839
15840
15848
15858
15865
15901
15909
15909
15913
15916
15917
15923
15923
15926
15932
15936
15942
15945
15947
15966
15974
15978
15981
15984
15995
16006
16023
16024
16025
16039
16058
16060
16065
16073
16074
16077
16081
16092
16093
16100
16107
16117
16133
16139
16140
16148
16148
16151
16156
16165
16169
16171
16176
16178
16191
16197
16198
16199
16201
16202
16203
16205
16218
16235
16245
16252
16254
16255
16264
16264
16264
16266
16301
16338
16340
16342
16345
16359
16376
16377
16379
16379
16381
16395
16396
16398
16399
16400
16400
16408
16411
16418
16421
16432
16436
16438
16451
16457
16466
16475
16480
16482
16495
16505
16522
16524
16527
16534
16540
16550
16550
16558
16562
16562
16563
16563
16572
16574
16576
16586
16596
16597
16600
16600
16623
16627
16628
16633
16635
16668
16670
16675
16677
16682
16687
16701
16707
16717
16718
16728
16730
16738
16739
16740
16746
16752
16757
16766
16774
16784
16786
16791
16796
16813
16818
16830
16834
16840
16848
16851
16855
16855
16859
16867
16868
16873
16874
16877
16878
16890
16891
16900
16901
16901
16909
16912
16922
16923
16925
16940
16949
16953
16962
16985
16988
16997
17004
17007
17012
17022
17023
17035
17036
17037
17050
17051
17056
17064
17080
17080
17083
17088
17091
17104
17119
17123
17134
17146
17146
17149
17152
17164
17166
17167
17177
17181
17203
17203
17208
17217
17220
17234
17244
17247
17248
17249
17251
17254
17304
17309
17309
17318
17322
17326
17331
17332
17341
17346
17347
17351
17371
17373
17375
17376
17385
17395
17395
17397
17404
17408
17409
17411
17421
17421
17426
17436
17437
17440
17441
17446
17447
17453
17455
17465
17472
17474
17478
17479
17482
17495
17504
17504
17505
17518
17520
17522
17526
17527
17528
17532
17533
17533
17541
17542
17551
17555
17559
17560
17566
17575
17575
17585
17604
17608
17613
17614
17616
17625
17629
17631
17632
17642
17659
17662
17677
17679
17679
17681
17682
17685
17689
17689
17694
17697
17700
17705
17706
17720
17725
17728
17742
17746
17754
17770
17771
17775
17775
17794
17794
17801
17802
17805
17808
17820
17828
17831
17833
17835
17841
17849
17854
17858
17862
17876
17887
17889
17890
17892
17901
17901
17914
17923
17925
17925
17929
17932
17933
17954
17958
17959
17966
17968
17972
17987
17988
17990
17991
18001
18009
18013
18016
18023
18023
18031
18040
18046
18047
18052
18053
18063
18070
18071
18074
18075
18080
18087
18097
18098
18103
18105
18111
18126
18133
18142
18142
18147
18159
18164
18171
18178
18179
18184
18191
18198
18206
18218
18228
18234
18234
18235
18239
18239
18252
18252
18253
18256
18256
18266
18268
18270
18272
18295
18297
18305
18307
18312
18323
18323
18330
18337
18344
18352
18357
18357
18362
18368
18372
18380
18385
18389
18414
18427
18428
18429
18430
18430
18431
18442
18445
18451
18458
18462
18462
18479
18485
18490
18497
18497
18503
18512
18513
18513
18518
18521
18521
18526
18527
18529
18541
18544
18550
18572
18578
18589
18591
18598
18599
18604
18605
18612
18612
18613
18613
18620
18626
18634
18642
18644
18648
18657
18658
18665
18669
18670
18672
18674
18675
18677
18692
18700
18706
18712
18713
18716
18716
18736
18745
18746
18764
18774
18783
18789
18791
18806
18807
18808
18808
18823
18843
18853
18854
18858
18858
18862
18875
18879
18880
18884
18898
18909
18917
18930
18934
18947
18949
18956
18963
18966
18976
18988
18989
18992
19001
19005
19012
19029
19035
19037
19045
19050
19050
19052
19060
19060
19060
19077
19077
19081
19082
19083
19085
19101
19103
19110
19116
19126
19135
19148
19170
19172
19172
19194
19195
19199
19201
19203
19205
19206
19210
19215
19218
19222
19226
19227
19228
19229
19231
19235
19240
19246
19250
19253
19260
19270
19281
19281
19289
19291
19293
19303
19328
19341
19342
19351
19353
19358
19367
19376
19377
19381
19383
19400
19401
19403
19419
19424
19447
19457
19467
19471
19480
19480
19499
19499
19500
19515
19519
19521
19536
19539
19544
19554
19555
19566
19571
19574
19585
19603
19630
19640
19642
19657
19661
19664
19668
19669
19681
19682
19684
19692
19696
19698
19703
19704
19705
19707
19709
19718
19723
19731
19736
19736
19737
19741
19745
19750
19755
19757
19758
19760
19760
19762
19763
19767
19767
19770
19777
19777
19789
19799
19804
19812
19815
19816
19821
19832
19833
19834
19839
19848
19856
19857
19859
19865
19868
19871
19887
19901
19902
19910
19923
19926
19927
19928
19933
19939
19941
19972
19975
19976
19984
19986
19987
20009
20012
20018
20020
20030
20033
20043
20045
20045
20046
20050
20061
20063
20064
20065
20065
20071
20072
20078
20080
20082
20086
20089
20091
20092
20093
20099
20110
20116
20128
20146
20147
20158
20158
20170
20173
20182
20190
20196
20196
20205
20211
20220
20225
20226
20239
20243
20247
20251
20263
20263
20264
20265
20267
20279
20280
20280
20285
20296
20297
20299
20300
20302
20303
20306
20310
20314
20317
20320
20335
20372
20374
20374
20383
20391
20401
20402
20405
20416
20418
20423
20436
20441
20443
20446
20447
20453
20455
20455
20460
20467
20473
20474
20483
20483
20486
20493
20496
20512
20521
20529
20535
20538
20541
20543
20549
20555
20570
20571
20575
20584
20590
20594
20613
20616
20621
20622
20630
20642
20648
20648
20650
20650
20654
20657
20658
20664
20673
20686
20687
20710
20724
20732
20735
20738
20740
20741
20743
20745
20750
20759
20763
20767
20776
20789
20789
20792
20797
20797
20798
20809
20818
20822
20825
20835
20838
20848
20850
20851
20852
20861
20863
20863
20876
20879
20895
20897
20903
20905
20910
20913
20917
20928
20930
20935
20937
20938
20940
20944
20950
20956
20959
20960
20963
20973
20974
20987
20992
20995
20997
21002
21014
21016
21019
21021
21023
21024
21037
21040
21042
21044
21053
21060
21065
21065
21069
21079
21092
21095
21099
21104
21114
21115
21120
21127
21130
21133
21147
21147
21150
21151
21151
21151
21161
21163
21163
21169
21171
21174
21179
21192
21192
21194
21202
21214
21232
21233
21234
21237
21244
21246
21249
21254
21258
21260
21262
21262
21289
21291
21293
21293
21293
21304
21326
21334
21349
21352
21355
21355
21355
21376
21380
21383
21386
21394
21404
21410
21416
21418
21424
21428
21438
21441
21442
21449
21451
21460
21462
21464
21469
21473
21476
21480
21482
21482
21501
21514
21522
21528
21530
21531
21536
21547
21548
21549
21561
21568
21578
21579
21579
21588
21601
21602
21608
21609
21624
21629
21633
21634
21634
21635
21643
21646
21646
21646
21651
21653
21656
21668
21671
21677
21686
21695
21703
21708
21712
21713
21726
21735
21736
21742
21745
21747
21754
21758
21769
21771
21773
21776
21778
21784
21806
21812
21819
21823
21842
21853
21857
21859
21863
21864
21867
21875
21877
21891
21893
21896
21897
21898
21903
21908
21910
21913
21915
21919
21929
21930
21930
21943
21954
21954
21955
21957
21961
21970
21975
21981
21989
22003
22008
22025
22046
22055
22057
22060
22063
22063
22068
22070
22077
22082
22090
22091
22092
22098
22098
22109
22110
22110
22110
22113
22116
22116
22123
22124
22139
22156
22158
22163
22167
22186
22188
22189
22190
22201
22203
22203
22207
22208
22209
22213
22215
22217
22218
22221
22222
22228
22239
22245
22247
22266
22270
22270
22272
22275
22283
22284
22285
22289
22304
22312
22328
22333
22334
22334
22339
22352
22354
22355
22372
22376
22381
22397
22401
22403
22403
22404
22405
22408
22416
22420
22421
22422
22422
22427
22429
22430
22436
22441
22444
22458
22459
22462
22469
22481
22486
22487
22488
22490
22492
22495
22501
22503
22507
22508
22512
22516
22526
22530
22531
22532
22539
22542
22548
22565
22572
22578
22579
22598
22600
22602
22611
22624
22653
22659
22665
22672
22675
22677
22693
22694
22708
22725
22726
22732
22734
22737
22738
22753
22753
22755
22757
22762
22767
22772
22778
22782
22785
22796
22798
22806
22806
22807
22812
22813
22842
22848
22850
22858
22863
22864
22867
22877
22878
22878
22887
22897
22898
22899
22905
22908
22915
22922
22925
22933
22936
22941
22941
22944
22949
22952
22954
22965
22966
22972
22985
22985
22992
23000
23000
23001
23003
23004
23008
23009
23012
23013
23013
23013
23017
23017
23023
23025
23039
23046
23054
23057
23062
23066
23082
23084
23086
23098
23099
23101
23106
23124
23126
23129
23137
23145
23145
23152
23155
23158
23159
23159
23176
23176
23178
23183
23205
23209
23209
23209
23209
23210
23224
23231
23243
23244
23244
23249
23256
23258
23261
23267
23286
23300
23307
23311
23315
23329
23334
23341
23344
23347
23360
23366
23370
23372
23373
23374
23376
23380
23381
23385
23402
23408
23410
23413
23414
23423
23435
23438
23442
23449
23453
23471
23471
23474
23481
23483
23484
23488
23492
23500
23500
23510
23514
23521
23524
23525
23529
23536
23546
23550
23554
23555
23569
23577
23582
23588
23589
23595
23601
23602
23610
23620
23621
23623
23623
23628
23632
23644
23644
23647
23655
23664
23669
23699
23704
23709
23709
23734
23739
23742
23743
23745
23745
23749
23785
23787
23791
23791
23799
23830
23837
23839
23840
23851
23862
23862
23862
23865
23870
23871
23875
23875
23882
23884
23895
23895
23902
23904
23906
23912
23913
23914
23914
23917
23918
23921
23930
23932
23936
23939
23939
23941
23941
23945
23948
23948
23952
23953
23963
23969
23977
23979
23979
23982
23990
23992
24001
24009
24011
24011
24012
24019
24022
24025
24025
24049
24053
24056
24068
24074
24089
24091
24095
24101
24107
24114
24117
24118
24120
24122
24130
24131
24136
24143
24154
24155
24163
24176
24189
24196
24197
24197
24200
24216
24217
24218
24223
24224
24238
24247
24255
24255
24260
24272
24278
24280
24287
24295
24312
24326
24328
24330
24337
24350
24358
24361
24367
24368
24371
24377
24380
24380
24391
24396
24404
24407
24410
24417
24419
24423
24429
24437
24438
24441
24443
24446
24453
24458
24462
24488
24493
24494
24500
24512
24518
24529
24537
24551
24552
24552
24553
24564
24565
24570
24571
24579
24579
24595
24596
24607
24620
24629
24632
24632
24634
24643
24644
24644
24652
24662
24666
24667
24683
24686
24689
24704
24712
24716
24719
24725
24734
24736
24737
24737
24738
24739
24744
24744
24747
24750
24751
24753
24755
24758
24763
24765
24768
24778
24780
24790
24794
24794
24802
24809
24832
24834
24838
24844
24858
24863
24867
24872
24874
24887
24890
24895
24895
24895
24898
24898
24906
24908
24908
24909
24911
24912
24913
24928
24930
24941
24941
24944
24959
24959
24963
24971
24987
24999
25002
25004
25011
25017
25021
25030
25038
25039
25053
25059
25065
25066
25076
25077
25082
25092
25092
25093
25094
25094
25111
25130
25139
25141
25143
25144
25146
25149
25159
25174
25178
25184
25184
25185
25185
25193
25196
25204
25227
25229
25234
25243
25245
25257
25269
25275
25276
25287
25290
25291
25295
25299
25307
25314
25320
25330
25333
25345
25350
25358
25358
25360
25373
25375
25381
25385
25388
25388
25390
25394
25395
25396
25401
25409
25431
25440
25445
25448
25450
25451
25465
25472
25482
25483
25486
25487
25489
25490
25490
25491
25498
25506
25510
25512
25512
25527
25528
25530
25534
25540
25545
25550
25550
25557
25558
25561
25564
25568
25580
25585
25591
25594
25596
25596
25603
25616
25618
25622
25624
25626
25627
25635
25638
25647
25662
25679
25682
25687
25695
25705
25712
25718
25732
25738
25739
25741
25742
25744
25748
25756
25756
25762
25768
25791
25810
25813
25821
25827
25847
25850
25850
25850
25865
25871
25871
25872
25876
25885
25887
25889
25906
25910
25913
25919
25920
25921
25925
25934
25954
25968
25985
25989
25996
26007
26010
26011
26011
26014
26016
26025
26033
26040
26040
26056
26056
26071
26073
26076
26077
26077
26084
26090
26092
26096
26104
26105
26109
26116
26117
26126
26127
26128
26131
26133
26137
26147
26147
26159
26161
26171
26199
26207
26221
26230
26255
26258
26265
26266
26272
26275
26286
26289
26307
26315
26324
26326
26330
26332
26335
26352
26354
26357
26357
26362
26367
26368
26368
26369
26371
26373
26373
26374
26375
26376
26378
26382
26392
26407
26424
26431
26432
26434
26435
26436
26437
26454
26455
26465
26471
26481
26491
26493
26501
26505
26505
26506
26515
26527
26527
26541
26544
26559
26585
26588
26591
26602
26604
26609
26613
26616
26618
26619
26627
26628
26644
26649
26649
26651
26658
26659
26664
26669
26669
26682
26683
26684
26690
26692
26699
26705
26723
26726
26730
26735
26742
26746
26752
26754
26760
26761
26763
26765
26787
26787
26789
26805
26820
26821
26823
26824
26826
26830
26832
26834
26847
26862
26868
26873
26876
26877
26883
26888
26890
26894
26894
26894
26901
26902
26902
26904
26904
26913
26921
26945
26945
26950
26961
26964
26967
26972
26976
26978
26978
26981
26990
27001
27005
27012
27014
27018
27028
27046
27047
27050
27058
27058
27065
27066
27073
27075
27079
27091
27096
27106
27120
27131
27131
27139
27141
27150
27153
27157
27160
27160
27161
27177
27187
27193
27194
27205
27206
27208
27214
27220
27221
27223
27231
27231
27238
27239
27239
27249
27254
27257
27260
27261
27262
27271
27271
27280
27283
27285
27289
27306
27310
27314
27316
27334
27356
27359
27368
27372
27374
27378
27379
27380
27384
27396
27399
27405
27410
27415
27420
27425
27426
27431
27435
27457
27463
27466
27466
27467
27469
27473
27481
27504
27506
27507
27508
27515
27516
27522
27532
27546
27565
27570
27581
27593
27594
27599
27601
27604
27611
27613
27618
27619
27638
27644
27649
27650
27657
27657
27659
27668
27680
27691
27701
27704
27715
27720
27723
27731
27742
27744
27746
27751
27761
27769
27773
27773
27782
27789
27791
27808
27809
27811
27814
27818
27828
27836
27849
27852
27857
27866
27866
27876
27881
27883
27887
27908
27908
27910
27934
27938
27943
27943
27947
27969
27972
27973
27984
27988
27999
28012
28024
28028
28043
28045
28049
28054
28055
28071
28073
28083
28085
28096
28119
28147
28148
28151
28159
28161
28164
28174
28185
28188
28189
28194
28197
28207
28207
28214
28216
28224
28225
28227
28229
28237
28238
28239
28243
28244
28260
28265
28271
28272
28280
28280
28284
28294
28295
28303
28306
28320
28320
28324
28325
28328
28329
28335
28335
28337
28353
28358
28361
28361
28374
28386
28387
28392
28398
28406
28406
28410
28428
28428
28429
28436
28443
28447
28451
28457
28477
28483
28483
28486
28489
28495
28504
28504
28511
28514
28523
28523
28536
28537
28554
28555
28585
28594
28595
28596
28596
28604
28612
28613
28616
28622
28625
28628
28632
28636
28642
28647
28649
28654
28654
28657
28664
28671
28682
28683
28696
28697
28701
28713
28714
28715
28716
28730
28732
28738
28745
28748
28748
28751
28757
28774
28777
28777
28779
28783
28795
28799
28805
28810
28831
28832
28832
28836
28838
28838
28840
28858
28860
28862
28873
28874
28886
28891
28898
28899
28900
28904
28905
28920
28925
28931
28934
28939
28942
28944
28951
28953
28955
28966
28969
28972
28979
28980
28982
28983
28991
28993
29001
29002
29003
29020
29020
29028
29038
29051
29054
29060
29062
29068
29072
29072
29081
29081
29088
29093
29108
29108
29116
29126
29128
29128
29131
29143
29153
29154
29159
29169
29177
29186
29196
29197
29202
29207
29209
29213
29213
29236
29236
29241
29246
29253
29256
29268
29280
29287
29296
29312
29313
29350
29352
29357
29366
29366
29369
29372
29377
29380
29386
29398
29411
29419
29426
29432
29432
29441
29460
29466
29466
29481
29499
29500
29502
29502
29503
29507
29507
29512
29512
29526
29530
29544
29556
29558
29559
29559
29560
29563
29570
29571
29571
29575
29586
29589
29595
29598
29602
29604
29611
29617
29621
29628
29634
29637
29641
29659
29666
29668
29668
29678
29690
29692
29698
29700
29701
29703
29705
29713
29731
29733
29734
29738
29749
29757
29758
29761
29770
29775
29778
29779
29780
29783
29784
29787
29791
29791
29792
29797
29798
29815
29818
29828
29831
29836
29856
29866
29873
29882
29887
29889
29894
29894
29895
29902
29915
29916
29919
29945
29945
29947
29950
29969
29976
29978
29985
29991
29991
30002
30006
30009
30012
30014
30014
30021
30025
30030
30034
30043
30046
30055
30065
30071
30075
30088
30093
30095
30097
30098
30111
30125
30144
30147
30149
30155
30180
30187
30191
30199
30209
30218
30226
30227
30241
30251
30256
30263
30264
30265
30269
30271
30275
30283
30289
30308
30315
30318
30322
30338
30349
30353
30353
30355
30362
30365
30371
30374
30377
30377
30390
30411
30417
30437
30458
30460
30463
30464
30466
30470
30483
30485
30496
30498
30502
30506
30525
30543
30545
30550
30551
30559
30559
30564
30581
30583
30586
30593
30598
30599
30612
30616
30619
30621
30621
30627
30628
30628
30632
30639
30640
30643
30643
30649
30649
30654
30656
30657
30657
30658
30661
30691
30694
30702
30702
30708
30711
30724
30725
30733
30736
30737
30742
30744
30778
30781
30782
30803
30819
30820
30824
30832
30835
30837
30839
30844
30845
30851
30863
30876
30881
30881
30886
30886
30891
30898
30901
30919
30919
30926
30928
30931
30935
30936
30940
30946
30957
30958
30958
30959
30963
30966
30974
30986
30987
30988
30989
30999
31000
31000
31003
31004
31010
31020
31030
31033
31036
31041
31044
31044
31061
31063
31072
31073
31078
31079
31088
31097
31098
31103
31116
31116
31116
31117
31123
31124
31127
31132
31137
31139
31142
31145
31149
31152
31153
31156
31160
31161
31174
31180
31182
31193
31199
31199
31199
31209
31227
31234
31243
31248
31249
31249
31265
31277
31284
31292
31296
31299
31306
31307
31311
31311
31327
31334
31337
31340
31344
31351
31354
31373
31374
31378
31379
31381
31394
31401
31407
31410
31413
31422
31425
31429
31436
31437
31437
31437
31441
31441
31447
31452
31455
31459
31463
31466
31468
31471
31476
31487
31487
31488
31489
31494
31495
31495
31509
31516
31518
31521
31527
31528
31545
31548
31550
31561
31565
31567
31569
31573
31575
31581
31591
31607
31616
31616
31621
31624
31624
31626
31627
31653
31653
31655
31668
31668
31673
31676
31681
31684
31688
31688
31695
31696
31706
31710
31715
31724
31729
31730
31731
31731
31738
31739
31741
31747
31748
31751
31770
31770
31771
31771
31778
31779
31786
31788
31794
31795
31795
31805
31805
31810
31821
31823
31837
31839
31843
31844
31846
31847
31850
31853
31870
31871
31881
31887
31892
31896
31899
31899
31911
31915
31919
31926
31927
31934
31936
31942
31943
31949
31950
31955
31963
31965
31966
31967
31973
31977
31979
31980
32009
32010
32014
32017
32019
32026
32064
32064
32068
32083
32091
32101
32102
32104
32107
32107
32125
32125
32127
32131
32133
32135
32143
32161
32166
32169
32198
32201
32204
32213
32217
32232
32239
32254
32258
32270
32279
32293
32294
32295
32300
32306
32320
32329
32336
32345
32348
32350
32357
32361
32369
32372
32392
32400
32404
32414
32416
32422
32424
32425
32427
32439
32440
32449
32449
32453
32468
32474
32484
32491
32495
32495
32499
32500
32517
32521
32527
32540
32543
32550
32555
32560
32581
32587
32598
32601
32602
32604
32607
32609
32616
32628
32633
32648
32653
32653
32660
32661
32679
32681
32682
32687
32693
32708
32711
32714
32718
32719
32720
32739
32748
32750
32756
32757
32765
32769
32769
32775
32788
32796
32796
32801
32802
32807
32811
32813
32813
32817
32822
32833
32835
32848
32853
32867
32882
32886
32898
32902
32905
32908
32908
32918
32927
32928
32929
32941
32954
32959
32960
32961
32969
32983
32985
32990
32991
32995
33004
33005
33011
33014
33020
33021
33030
33034
33043
33047
33057
33060
33072
33077
33079
33086
33096
33101
33114
33124
33128
33133
33141
33143
33147
33152
33157
33162
33169
33171
33180
33183
33186
33190
33193
33194
33198
33205
33222
33230
33233
33234
33244
33245
33246
33248
33249
33255
33259
33259
33259
33283
33285
33292
33292
33293
33293
33301
33301
33302
33310
33324
33337
33341
33342
33349
33350
33353
33361
33361
33365
33386
33390
33390
33397
33399
33412
33414
33425
33425
33426
33438
33439
33441
33452
33453
33459
33460
33462
33465
33466
33478
33480
33484
33487
33488
33500
33502
33504
33505
33508
33510
33512
33515
33519
33525
33526
33526
33526
33528
33534
33535
33552
33573
33581
33584
33585
33586
33597
33600
33610
33613
33614
33630
33630
33634
33650
33654
33655
33668
33675
33695
33697
33700
33704
33706
33726
33726
33728
33731
33734
33747
33748
33748
33749
33753
33762
33770
33776
33790
33792
33798
33805
33805
33813
33814
33816
33824
33826
33830
33830
33834
33841
33841
33844
33847
33848
33851
33852
33853
33859
33886
33887
33892
33897
33915
33923
33932
33934
33934
33935
33950
33959
33973
33973
33974
33977
33979
33989
33992
33993
34005
34015
34018
34022
34046
34051
34061
34062
34074
34076
34079
34080
34090
34091
34092
34095
34102
34111
34123
34125
34131
34134
34134
34138
34145
34151
34169
34191
34196
34197
34200
34204
34205
34216
34216
34217
34220
34226
34233
34238
34240
34251
34251
34257
34257
34263
34268
34274
34279
34288
34289
34293
34301
34304
34316
34318
34327
34342
34345
34351
34361
34366
34371
34372
34380
34387
34389
34391
34395
34404
34406
34411
34412
34414
34418
34419
34419
34426
34440
34455
34458
34460
34463
34465
34466
34466
34471
34479
34498
34499
34505
34509
34515
34519
34520
34528
34528
34530
34536
34538
34547
34549
34559
34565
34570
34574
34575
34580
34580
34583
34585
34586
34590
34593
34595
34610
34615
34624
34637
34649
34665
34667
34672
34672
34678
34679
34684
34702
34703
34704
34708
34714
34717
34719
34724
34732
34735
34739
34744
34749
34752
34757
34773
34780
34799
34800
34818
34820
34825
34825
34827
34827
34833
34835
34837
34837
34838
34842
34845
34846
34852
34854
34869
34876
34894
34895
34896
34898
34904
34910
34911
34918
34921
34924
34927
34933
34939
34941
34960
34966
34966
34967
34974
34982
34982
34989
34990
34990
34997
34999
35006
35014
35029
35031
35033
35041
35062
35064
35064
35066
35075
35076
35092
35100
35105
35105
35113
35119
35120
35123
35128
35133
35136
35138
35162
35166
35176
35179
35188
35190
35194
35201
35223
35223
35231
35235
35240
35247
35255
35256
35261
35264
35286
35288
35292
35298
35300
35301
35303
35307
35315
35319
35322
35337
35343
35344
35345
35352
35361
35369
35370
35386
35394
35399
35409
35427
35431
35435
35439
35440
35444
35446
35453
35457
35460
35464
35467
35467
35470
35470
35477
35481
35493
35500
35516
35518
35523
35525
35532
35535
35542
35544
35550
35554
35560
35567
35571
35573
35582
35586
35588
35598
35603
35607
35607
35614
35625
35625
35629
35633
35633
35638
35638
35641
35642
35643
35647
35650
35655
35663
35675
35676
35679
35690
35697
35698
35700
35703
35706
35711
35716
35735
35739
35746
35750
35752
35762
35779
35787
35788
35789
35794
35797
35799
35800
35804
35805
35824
35848
35850
35851
35857
35860
35869
35875
35877
35883
35886
35886
35918
35929
35933
35936
35940
35941
35950
35955
35959
35959
35969
35976
35976
35989
35990
36004
36008
36011
36038
36044
36044
36052
36053
36073
36075
36076
36076
36085
36086
36089
36094
36097
36102
36106
36111
36111
36114
36118
36126
36130
36143
36148
36162
36163
36187
36188
36191
36193
36201
36202
36203
36218
36219
36219
36223
36226
36236
36240
36252
36252
36282
36285
36285
36286
36287
36294
36311
36321
36326
36332
36335
36337
36341
36343
36352
36353
36359
36366
36368
36369
36374
36376
36390
36391
36394
36395
36407
36411
36416
36420
36421
36436
36437
36437
36443
36444
36450
36451
36476
36493
36500
36502
36510
36512
36516
36520
36521
36528
36529
36529
36534
36542
36547
36547
36549
36551
36551
36552
36556
36561
36571
36578
36584
36586
36586
36597
36597
36600
36616
36617
36625
36626
36635
36636
36638
36638
36651
36653
36655
36665
36667
36668
36673
36681
36687
36689
36701
36704
36707
36714
36721
36729
36735
36739
36743
36759
36764
36786
36793
36793
36801
36810
36812
36813
36813
36817
36818
36826
36827
36829
36833
36833
36833
36834
36835
36846
36847
36847
36848
36848
36852
36859
36863
36863
36880
36887
36890
36894
36903
36908
36931
36936
36946
36948
36961
36962
36963
36964
36966
36966
36971
36974
36979
36983
36984
36989
36991
36991
36994
36999
37001
37005
37020
37020
37026
37026
37027
37035
37041
37059
37063
37064
37065
37065
37068
37078
37080
37090
37091
37096
37112
37115
37122
37133
37138
37138
37138
37147
37153
37160
37164
37168
37172
37177
37177
37193
37194
37195
37195
37199
37202
37206
37211
37219
37224
37231
37236
37244
37253
37254
37260
37266
37269
37271
37271
37283
37304
37306
37307
37310
37314
37315
37327
37332
37334
37335
37337
37343
37346
37346
37347
37363
37380
37380
37386
37386
37396
37398
37405
37409
37413
37416
37419
37419
37420
37426
37430
37433
37437
37437
37442
37450
37452
37464
37477
37482
37487
37491
37497
37501
37504
37504
37532
37533
37536
37538
37541
37545
37554
37555
37573
37573
37576
37619
37628
37630
37635
37636
37636
37641
37665
37665
37666
37673
37676
37685
37686
37691
37692
37695
37697
37697
37698
37712
37715
37719
37719
37724
37725
37729
37737
37747
37761
37769
37770
37775
37778
37782
37792
37794
37811
37816
37819
37832
37839
37841
37842
37846
37847
37851
37859
37863
37868
37881
37884
37886
37908
37912
37916
37921
37923
37926
37927
37931
37933
37944
37944
37945
37947
37957
37961
37968
37970
37972
37984
37991
37997
37998
38000
38018
38020
38023
38040
38043
38043
38044
38048
38049
38050
38053
38057
38065
38066
38067
38067
38068
38082
38092
38102
38112
38123
38132
38139
38153
38158
38163
38164
38167
38171
38175
38182
38183
38185
38196
38202
38208
38221
38228
38254
38255
38273
38286
38299
38301
38320
38321
38330
38332
38341
38352
38353
38377
38378
38384
38396
38398
38402
38417
38421
38424
38426
38430
38438
38439
38442
38446
38451
38452
38455
38473
38475
38478
38481
38483
38486
38490
38492
38503
38509
38512
38512
38519
38526
38531
38532
38536
38536
38542
38546
38567
38570
38571
38576
38578
38586
38595
38611
38612
38640
38640
38646
38656
38661
38671
38672
38679
38680
38680
38697
38698
38698
38705
38710
38716
38724
38725
38726
38726
38732
38739
38748
38751
38754
38763
38765
38776
38793
38796
38799
38801
38818
38823
38827
38835
38841
38850
38851
38851
38854
38854
38870
38889
38892
38898
38900
38901
38911
38912
38914
38918
38918
38927
38928
38934
38937
38944
38949
38959
38960
38963
38964
38971
38978
38978
38983
38983
38989
38992
38996
38998
39000
39014
39016
39028
39032
39033
39036
39040
39060
39062
39064
39068
39095
39104
39107
39111
39115
39116
39117
39119
39121
39128
39131
39135
39141
39145
39155
39156
39157
39164
39167
39174
39178
39179
39194
39196
39196
39203
39208
39212
39212
39212
39214
39224
39225
39230
39232
39235
39239
39242
39249
39253
39267
39280
39280
39284
39289
39291
39291
39297
39300
39313
39313
39313
39314
39321
39324
39327
39338
39341
39347
39352
39354
39368
39369
39372
39376
39377
39384
39389
39390
39395
39400
39411
39423
39426
39427
39431
39434
39440
39441
39456
39462
39475
39483
39488
39493
39497
39498
39504
39506
39507
39508
39511
39517
39521
39524
39526
39532
39532
39534
39537
39560
39563
39572
39573
39578
39580
39589
39598
39600
39618
39638
39646
39647
39660
39663
39665
39671
39677
39682
39688
39691
39696
39701
39709
39710
39731
39732
39734
39739
39743
39745
39750
39756
39758
39758
39764
39766
39775
39777
39802
39808
39808
39815
39816
39819
39820
39820
39822
39827
39834
39839
39840
39841
39857
39863
39896
39906
39911
39915
39916
39919
39921
39922
39942
39942
39950
39952
39953
39961
39983
39989
39994
40010
40019
40026
40029
40032
40032
40038
40039
40042
40068
40072
40081
40082
40085
40092
40094
40096
40100
40102
40108
40121
40124
40125
40136
40145
40164
40177
40185
40191
40195
40196
40197
40214
40216
40224
40226
40230
40230
40238
40242
40246
40247
40250
40262
40263
40266
40292
40303
40309
40312
40319
40320
40324
40326
40330
40334
40346
40346
40362
40368
40375
40377
40377
40378
40379
40386
40395
40395
40398
40401
40402
40403
40410
40412
40414
40414
40416
40421
40424
40431
40435
40440
40448
40448
40451
40467
40468
40473
40475
40479
40484
40491
40508
40512
40526
40531
40537
40539
40541
40549
40550
40565
40566
40566
40569
40572
40583
40583
40592
40596
40597
40599
40600
40611
40618
40632
40640
40646
40651
40656
40669
40672
40701
40703
40704
40706
40712
40717
40723
40723
40731
40731
40744
40747
40749
40766
40776
40780
40785
40790
40802
40804
40806
40806
40815
40815
40826
40839
40843
40850
40862
40865
40867
40877
40882
40888
40889
40892
40894
40897
40902
40906
40910
40917
40918
40920
40922
40928
40936
40941
40941
40946
40948
40949
40952
40953
40960
40967
40970
40975
40979
40985
40986
40988
40992
40996
40998
41000
41013
41014
41016
41017
41021
41036
41038
41041
41041
41043
41043
41051
41052
41055
41071
41071
41072
41074
41077
41079
41081
41084
41085
41088
41089
41092
41093
41100
41100
41101
41103
41104
41120
41124
41126
41127
41132
41134
41142
41145
41151
41151
41153
41155
41156
41161
41161
41162
41171
41174
41181
41182
41197
41208
41208
41218
41218
41222
41223
41225
41239
41241
41246
41247
41258
41263
41275
41282
41282
41284
41295
41300
41301
41301
41302
41308
41316
41325
41333
41338
41342
41346
41347
41348
41350
41352
41353
41355
41358
41359
41378
41387
41395
41399
41401
41407
41415
41420
41425
41425
41426
41447
41451
41463
41463
41465
41477
41480
41481
41482
41491
41492
41496
41497
41511
41514
41521
41524
41525
41538
41543
41550
41557
41563
41567
41572
41575
41580
41581
41596
41606
41610
41617
41620
41626
41630
41641
41643
41643
41647
41647
41651
41658
41661
41673
41689
41702
41712
41714
41716
41719
41720
41724
41725
41731
41735
41735
41737
41739
41745
41753
41761
41763
41769
41775
41778
41794
41795
41798
41803
41815
41819
41823
41823
41830
41831
41835
41843
41867
41872
41885
41892
41900
41905
41909
41917
41928
41942
41947
41951
41954
41972
41973
41973
41974
41976
41986
41991
41993
42005
42005
42016
42023
42027
42029
42041
42042
42048
42048
42059
42069
42070
42073
42075
42075
42081
42085
42094
42095
42099
42105
42106
42110
42110
42114
42116
42125
42131
42133
42138
42141
42155
42155
42160
42165
42170
42174
42175
42187
42190
42193
42195
42197
42201
42211
42217
42218
42220
42252
42258
42262
42271
42273
42275
42275
42280
42291
42293
42296
42303
42303
42307
42310
42315
42316
42317
42321
42323
42323
42333
42334
42335
42341
42350
42350
42351
42352
42374
42377
42384
42386
42386
42386
42392
42393
42396
42407
42412
42412
42415
42415
42415
42420
42426
42432
42433
42437
42443
42445
42451
42452
42453
42454
42465
42469
42474
42476
42479
42482
42507
42507
42507
42509
42513
42515
42525
42526
42551
42552
42556
42556
42562
42568
42569
42581
42591
42605
42607
42609
42618
42623
42630
42631
42632
42642
42649
42649
42657
42677
42680
42684
42684
42685
42687
42694
42700
42702
42704
42710
42714
42718
42719
42720
42727
42733
42740
42741
42743
42749
42751
42751
42754
42763
42766
42767
42769
42771
42777
42778
42788
42791
42796
42799
42813
42814
42836
42846
42849
42860
42866
42866
42873
42879
42891
42891
42898
42900
42901
42901
42903
42904
42911
42914
42915
42916
42917
42934
42934
42938
42939
42940
42947
42948
42949
42952
42954
42957
42967
42997
43005
43007
43018
43025
43036
43037
43038
43042
43048
43053
43053
43054
43057
43059
43059
43063
43069
43072
43081
43088
43097
43100
43100
43107
43115
43123
43126
43148
43149
43167
43172
43179
43181
43192
43196
43198
43198
43199
43202
43213
43213
43216
43220
43226
43226
43229
43237
43249
43254
43267
43269
43270
43275
43276
43278
43282
43290
43293
43294
43298
43305
43306
43308
43308
43309
43309
43310
43312
43320
43322
43327
43329
43331
43332
43343
43344
43345
43350
43353
43357
43357
43357
43368
43375
43378
43379
43381
43384
43387
43398
43401
43401
43408
43413
43413
43420
43436
43446
43446
43449
43451
43457
43459
43464
43474
43474
43479
43486
43503
43515
43530
43531
43537
43550
43556
43559
43560
43564
43586
43587
43603
43606
43610
43611
43613
43616
43623
43636
43637
43652
43672
43676
43676
43680
43695
43695
43699
43701
43702
43703
43714
43716
43731
43735
43753
43758
43774
43787
43789
43790
43793
43796
43800
43812
43820
43821
43830
43855
43871
43878
43888
43897
43901
43903
43913
43913
43916
43919
43934
43941
43960
43966
43978
43982
43988
43989
43990
43993
43996
43999
44004
44008
44011
44014
44016
44022
44031
44034
44037
44040
44044
44047
44051
44052
44057
44057
44060
44068
44071
44080
44085
44090
44099
44109
44120
44136
44136
44141
44160
44162
44170
44171
44176
44177
44196
44213
44221
44222
44233
44254
44256
44256
44257
44258
44259
44261
44265
44271
44284
44286
44299
44300
44311
44319
44320
44344
44347
44355
44377
44382
44383
44383
44386
44391
44397
44401
44403
44403
44407
44409
44416
44417
44420
44427
44433
44439
44442
44449
44449
44451
44464
44484
44484
44486
44491
44500
44502
44502
44504
44508
44515
44516
44527
44534
44536
44536
44541
44542
44543
44548
44552
44552
44564
44567
44568
44576
44582
44587
44588
44589
44593
44599
44605
44606
44617
44625
44635
44642
44643
44674
44685
44687
44691
44692
44704
44705
44718
44722
44734
44734
44746
44757
44763
44784
44786
44802
44810
44817
44820
44832
44833
44839
44843
44843
44857
44857
44866
44869
44871
44881
44883
44883
44885
44899
44900
44901
44901
44912
44915
44928
44938
44945
44952
44953
44957
44957
44959
44961
44962
44962
44962
44965
44982
44995
44997
45001
45002
45002
45004
45006
45007
45008
45009
45011
45021
45024
45025
45025
45026
45036
45038
45038
45038
45041
45047
45053
45073
45079
45094
45101
45109
45113
45113
45115
45121
45131
45134
45135
45136
45151
45155
45156
45158
45191
45197
45199
45219
45229
45230
45234
45235
45244
45251
45252
45262
45266
45280
45281
45283
45284
45289
45290
45291
45294
45295
45298
45305
45319
45329
45344
45350
45362
45363
45366
45368
45369
45369
45372
45381
45384
45386
45397
45404
45404
45406
45406
45418
45423
45423
45423
45428
45430
45433
45435
45448
45466
45469
45471
45478
45486
45486
45493
45500
45503
45507
45512
45532
45533
45542
45546
45571
45576
45578
45579
45590
45600
45604
45609
45614
45617
45628
45629
45632
45655
45655
45656
45666
45676
45680
45681
45687
45697
45698
45705
45711
45714
45720
45724
45737
45739
45741
45743
45753
45765
45770
45777
45778
45782
45791
45794
45795
45798
45807
45814
45815
45825
45830
45845
45854
45854
45858
45863
45865
45883
45896
45900
45914
45916
45924
45925
45926
45930
45932
45933
45933
45935
45937
45942
45944
45949
45971
45983
45996
45998
46001
46006
46009
46015
46018
46038
46044
46044
46049
46062
46070
46071
46072
46077
46082
46084
46085
46096
46103
46105
46108
46113
46121
46129
46138
46139
46159
46160
46166
46176
46181
46183
46187
46195
46238
46251
46253
46256
46258
46261
46270
46272
46289
46298
46304
46305
46306
46311
46322
46330
46330
46337
46338
46340
46342
46347
46357
46357
46364
46367
46375
46381
46392
46393
46401
46410
46411
46415
46415
46422
46424
46430
46436
46452
46454
46458
46499
46503
46510
46523
46525
46543
46548
46551
46552
46554
46561
46562
46564
46567
46573
46575
46576
46579
46583
46589
46592
46595
46597
46600
46600
46609
46610
46613
46618
46619
46620
46622
46622
46626
46641
46654
46658
46663
46669
46670
46673
46681
46701
46709
46712
46713
46720
46729
46735
46755
46756
46758
46760
46770
46773
46775
46775
46779
46791
46792
46795
46802
46804
46805
46806
46807
46813
46816
46823
46833
46836
46842
46843
46844
46845
46846
46857
46859
46862
46866
46876
46890
46893
46897
46907
46914
46914
46924
46928
46937
46941
46943
46947
46949
46969
46970
46975
46976
46981
46986
46987
46990
46991
46998
47002
47019
47019
47022
47024
47033
47035
47037
47038
47056
47061
47062
47069
47070
47071
47072
47079
47089
47096
47100
47111
47123
47125
47129
47129
47135
47135
47141
47143
47154
47157
47164
47173
47173
47174
47176
47185
47186
47190
47198
47200
47204
47209
47216
47236
47242
47245
47258
47259
47262
47265
47267
47270
47271
47273
47281
47296
47296
47308
47308
47316
47323
47329
47333
47338
47345
47347
47352
47357
47360
47362
47370
47371
47380
47383
47389
47399
47422
47430
47451
47458
47464
47465
47470
47470
47474
47479
47495
47512
47517
47523
47526
47528
47532
47534
47543
47543
47544
47544
47554
47557
47561
47568
47574
47584
47589
47595
47596
47604
47605
47607
47612
47616
47617
47619
47622
47625
47629
47640
47641
47643
47645
47650
47654
47658
47658
47663
47664
47673
47674
47675
47677
47687
47696
47710
47714
47715
47728
47744
47747
47750
47751
47758
47764
47766
47787
47790
47791
47791
47792
47792
47792
47796
47802
47805
47805
47805
47807
47817
47822
47824
47826
47831
47842
47853
47854
47863
47866
47886
47888
47892
47892
47903
47904
47904
47933
47935
47938
47944
47959
47960
47978
47980
47990
47996
48012
48013
48022
48024
48025
48030
48037
48047
48049
48050
48052
48053
48070
48071
48084
48084
48085
48086
48093
48094
48098
48102
48114
48121
48125
48127
48131
48133
48142
48143
48152
48159
48160
48172
48190
48191
48195
48204
48214
48221
48227
48228
48228
48231
48240
48245
48253
48253
48254
48254
48260
48271
48287
48321
48330
48332
48345
48345
48357
48363
48370
48372
48379
48385
48387
48388
48393
48409
48413
48427
48428
48431
48435
48441
48447
48449
48450
48452
48453
48457
48458
48460
48461
48474
48474
48486
48487
48502
48518
48535
48536
48538
48546
48551
48561
48583
48592
48592
48592
48596
48597
48597
48603
48605
48610
48612
48629
48633
48650
48652
48654
48655
48657
48660
48665
48666
48667
48676
48684
48691
48696
48697
48699
48700
48712
48713
48716
48735
48763
48765
48771
48776
48786
48787
48794
48797
48805
48818
48821
48821
48823
48829
48829
48832
48839
48839
48850
48854
48857
48864
48865
48865
48868
48869
48873
48883
48885
48893
48895
48895
48908
48908
48909
48912
48914
48920
48926
48936
48936
48949
48968
48980
48982
48983
48996
48998
48999
49005
49007
49015
49018
49024
49024
49025
49032
49035
49039
49048
49052
49075
49080
49084
49094
49100
49101
49103
49110
49119
49121
49125
49131
49144
49145
49149
49150
49162
49163
49168
49169
49174
49181
49184
49199
49199
49203
49206
49207
49221
49222
49228
49228
49232
49240
49241
49247
49253
49259
49261
49269
49275
49281
49287
49300
49306
49319
49326
49331
49333
49338
49347
49351
49360
49364
49369
49375
49377
49383
49399
49401
49405
49408
49423
49424
49428
49451
49457
49465
49472
49475
49477
49479
49482
49493
49498
49500
49505
49506
49508
49511
49511
49515
49525
49531
49554
49564
49569
49570
49575
49576
49578
49580
49581
49589
49593
49594
49621
49630
49630
49638
49648
49650
49652
49653
49664
49669
49674
49684
49690
49696
49709
49717
49718
49722
49724
49745
49750
49798
49805
49805
49808
49815
49817
49817
49821
49831
49834
49838
49839
49855
49857
49865
49865
49872
49873
49875
49878
49881
49883
49884
49899
49904
49908
49909
49910
49912
49916
49916
49919
49927
49931
49935
49937
49943
49947
49956
49959
49985
49992
