24
39
74
104
119
157
163
167
176
179
181
185
227
267
269
287
290
295
306
313
329
365
401
440
441
448
497
504
527
528
573
603
603
621
635
670
678
678
702
733
755
786
794
798
872
894
896
917
977
987
1026
1042
1064
1069
1096
1099
1101
1118
1124
1137
1146
1157
1177
1185
1188
1212
1249
1298
1349
1377
1388
1393
1417
1478
1506
1510
1528
1599
1603
1614
1655
1704
1731
1778
1797
1806
1872
1877
1879
1896
1911
1914
1921
1926
1927
1928
1930
1972
1985
2000
2009
2034
2034
2071
2113
2120
2129
2133
2140
2140
2162
2209
2226
2283
2311
2323
2330
2340
2362
2380
2410
2448
2585
2588
2644
2658
2671
2704
2712
2722
2742
2795
2810
2816
2839
2853
2886
2906
2980
3003
3005
3019
3023
3029
3061
3067
3112
3162
3171
3178
3190
3236
3252
3265
3273
3297
3324
3341
3365
3392
3402
3457
3471
3489
3512
3514
3529
3530
3534
3550
3586
3592
3619
3642
3663
3696
3715
3750
3775
3779
3788
3812
3815
3837
3847
3860
3889
3907
3944
3945
3968
3979
3981
4043
4077
4080
4086
4090
4124
4140
4152
4173
4189
4213
4270
4275
4291
4328
4332
4382
4416
4419
4425
4436
4466
4482
4491
4500
4516
4554
4558
4560
4561
4586
4595
4613
4632
4640
4691
4757
4830
4844
4915
4935
4941
5076
5106
5108
5130
5131
5155
5159
5164
5193
5280
5281
5307
5348
5362
5375
5396
5414
5414
5415
5419
5421
5423
5434
5441
5458
5558
5567
5578
5622
5625
5648
5672
5683
5700
5716
5736
5769
5810
5812
5812
5825
5882
5890
5891
5906
5906
5918
5925
5945
5958
6030
6059
6069
6074
6076
6076
6093
6113
6158
6166
6174
6223
6225
6244
6280
6281
6281
6286
6292
6323
6362
6385
6400
6450
6451
6455
6467
6477
6486
6487
6507
6508
6515
6525
6566
6775
6775
6788
6808
6828
6838
6845
6850
6864
6886
6910
6915
6926
6972
6988
7046
7050
7155
7173
7196
7254
7257
7308
7325
7358
7381
7390
7400
7407
7435
7441
7450
7514
7533
7578
7644
7669
7682
7687
7701
7738
7741
7759
7762
7779
7810
7813
7815
7817
7821
7863
7892
7929
7962
7982
8037
8039
8052
8056
8104
8132
8180
8205
8258
8275
8296
8305
8305
8307
8320
8362
8362
8383
8389
8392
8393
8406
8508
8562
8583
8615
8673
8690
8698
8700
8724
8742
8743
8765
8800
8855
8875
8934
8959
9017
9027
9073
9084
9093
9109
9143
9156
9169
9232
9253
9260
9282
9290
9291
9296
9298
9310
9318
9318
9324
9339
9340
9347
9361
9385
9414
9426
9427
9427
9435
9437
9443
9450
9489
9501
9558
9574
9589
9647
9672
9678
9689
9728
9746
9792
9833
9859
9882
9920
9929
9955
9988
10010
10016
10033
10052
10057
10058
10091
10116
10210
10211
10249
10271
10277
10278
10310
10337
10372
10378
10499
10530
10636
10669
10674
10682
10689
10740
10742
10769
10774
10776
10821
10853
10883
10889
10913
10936
10942
11073
11100
11117
11129
11135
11145
11146
11156
11177
11194
11215
11226
11228
11233
11236
11260
11276
11344
11351
11369
11412
11436
11476
11590
11679
11680
11756
11768
11838
11839
11867
11891
11897
11912
11921
11938
11979
12029
12044
12055
12090
12132
12142
12145
12172
12185
12224
12270
12278
12290
12300
12305
12317
12363
12402
12417
12424
12431
12459
12466
12502
12514
12526
12532
12533
12548
12553
12567
12571
12590
12614
12616
12616
12618
12640
12642
12678
12744
12781
12839
12855
12869
12903
12920
12951
12970
12973
12996
13009
13029
13058
13065
13073
13080
13089
13119
13139
13159
13166
13189
13191
13211
13272
13283
13315
13407
13417
13507
13525
13570
13604
13612
13647
13657
13662
13667
13698
13704
13719
13723
13728
13769
13858
13859
13860
13863
13874
13889
13890
13929
13947
13965
13993
14009
14013
14017
14018
14027
14046
14126
14126
14138
14142
14237
14242
14333
14334
14372
14389
14391
14406
14498
14501
14504
14504
14585
14607
14615
14629
14634
14662
14669
14676
14689
14691
14707
14723
14730
14736
14768
14773
14774
14790
14796
14812
14821
14854
14854
14874
14889
14904
14924
14929
14964
14974
14976
15007
15009
15026
15032
15056
15077
15139
15143
15203
15206
15225
15258
15264
15272
15300
15309
15337
15367
15373
15389
15408
15438
15440
15460
15470
15492
15513
15529
15540
15554
15561
15571
15591
15613
15624
15643
15647
15658
15689
15701
15739
15787
15797
15801
15820
15840
15870
15895
15905
15918
15923
15938
15939
15960
15962
15963
15974
15988
16010
16025
16035
16040
16052
16076
16121
16142
16196
16212
16221
16226
16233
16261
16281
16288
16311
16340
16372
16394
16412
16423
16440
16443
16451
16452
16611
16621
16645
16733
16743
16782
16791
16798
16846
16847
16881
16887
16933
16955
16959
17016
17045
17091
17095
17139
17156
17187
17233
17242
17369
17413
17416
17460
17473
17497
17516
17538
17582
17615
17623
17649
17666
17678
17685
17721
17733
17743
17777
17805
17812
17815
17829
17858
17875
17890
18028
18031
18033
18050
18074
18085
18088
18118
18144
18152
18158
18164
18201
18208
18209
18220
18286
18348
18377
18395
18411
18412
18433
18434
18436
18441
18455
18463
18495
18502
18519
18541
18552
18556
18591
18601
18619
18627
18637
18644
18651
18705
18705
18752
18757
18789
18807
18891
18893
18907
18984
18999
19003
19090
19105
19128
19131
19133
19136
19143
19160
19163
19172
19215
19221
19230
19292
19296
19301
19307
19333
19335
19380
19415
19432
19432
19537
19569
19590
19607
19632
19643
19651
19663
19681
19684
19695
19710
19731
19743
19774
19789
19790
19794
19799
19805
19814
19844
19890
19911
19994
20029
20040
20048
20066
20086
20089
20116
20148
20152
20308
20332
20360
20367
20406
20440
20459
20529
20677
20762
20771
20812
20838
20867
20885
20894
20922
20935
20939
20951
21002
21002
21022
21068
21072
21095
21107
21137
21213
21247
21265
21271
21271
21285
21289
21290
21310
21349
21383
21478
21483
21497
21502
21518
21536
21558
21595
21633
21638
21646
21662
21678
21703
21710
21723
21723
21765
21769
21771
21816
21830
21832
21838
21926
21946
21956
21991
21999
22027
22069
22073
22096
22108
22118
22146
22151
22155
22172
22214
22240
22243
22270
22322
22335
22371
22376
22377
22385
22402
22407
22409
22412
22418
22454
22494
22513
22534
22578
22617
22621
22622
22639
22702
22728
22740
22743
22781
22797
22808
22818
22866
22901
22935
22946
22979
22995
23020
23049
23091
23178
23198
23242
23296
23307
23309
23320
23324
23328
23388
23395
23435
23489
23500
23559
23573
23650
23658
23682
23709
23718
23738
23744
23791
23826
23879
23899
23930
23934
23947
23970
23985
23985
24014
24017
24071
24076
24149
24174
24201
24248
24250
24264
24296
24312
24327
24378
24379
24400
24412
24416
24423
24439
24446
24467
24484
24592
24639
24655
24745
24758
24769
24787
24788
24813
24814
24816
24825
24935
24948
24958
24971
24971
24976
25004
25025
25087
25090
25103
25126
25198
25215
25265
25270
25273
25316
25341
25363
25400
25400
25442
25479
25518
25529
25537
25544
25601
25617
25629
25642
25653
25725
25803
25814
25817
25823
25835
25847
25872
25919
25920
25934
25941
25997
26000
26047
26104
26131
26166
26191
26243
26287
26316
26331
26350
26379
26412
26441
26460
26470
26470
26477
26488
26490
26509
26519
26566
26602
26604
26655
26661
26662
26715
26720
26734
26761
26762
26792
26799
26803
26814
26820
26831
26876
26889
26890
26901
26923
26943
26994
27044
27061
27102
27150
27154
27178
27196
27212
27217
27292
27296
27420
27427
27431
27453
27480
27487
27499
27521
27603
27604
27609
27636
27637
27689
27723
27723
27756
27768
27796
27800
27844
27851
27852
27864
27880
27897
27913
27939
27958
28008
28011
28028
28042
28064
28088
28123
28123
28128
28148
28162
28192
28219
28238
28238
28244
28249
28270
28275
28296
28424
28451
28479
28489
28521
28530
28537
28560
28566
28569
28575
28598
28600
28623
28623
28628
28650
28673
28722
28775
28793
28815
28837
28840
28870
28894
28897
28901
28917
28924
28956
28956
29028
29036
29044
29068
29077
29096
29129
29137
29144
29154
29180
29190
29191
29223
29247
29271
29292
29293
29344
29364
29396
29403
29403
29420
29428
29463
29533
29535
29557
29560
29570
29597
29629
29629
29631
29659
29661
29716
29717
29778
29810
29835
29852
29919
29922
29922
29954
29961
29966
30091
30094
30099
30105
30124
30148
30178
30195
30242
30258
30260
30265
30265
30267
30344
30361
30368
30404
30425
30472
30494
30500
30501
30528
30548
30579
30581
30592
30639
30645
30692
30727
30727
30728
30853
30854
30860
30882
30899
30954
30956
30989
30999
31018
31063
31063
31095
31117
31131
31140
31147
31183
31183
31187
31219
31232
31242
31248
31264
31298
31356
31360
31389
31409
31412
31420
31448
31508
31513
31517
31518
31532
31617
31621
31647
31677
31685
31701
31705
31708
31715
31787
31812
31870
31927
31931
31968
32009
32019
32043
32056
32069
32091
32132
32139
32148
32149
32159
32236
32241
32296
32296
32326
32335
32368
32393
32404
32430
32431
32473
32483
32483
32524
32534
32566
32588
32609
32613
32703
32734
32736
32741
32760
32777
32799
32808
32815
32833
32841
32876
32918
32927
32933
32934
32955
32965
32989
33017
33044
33051
33073
33111
33140
33144
33159
33171
33173
33258
33295
33305
33371
33379
33395
33415
33450
33456
33465
33484
33492
33497
33511
33511
33543
33551
33558
33603
33615
33617
33620
33623
33642
33673
33757
33786
33791
33794
33794
33847
33863
33877
33899
33937
33944
33960
33968
33984
34034
34036
34043
34046
34052
34066
34092
34116
34266
34287
34295
34351
34389
34427
34465
34477
34486
34487
34506
34518
34522
34550
34550
34617
34623
34628
34652
34665
34670
34673
34689
34692
34694
34715
34727
34736
34737
34757
34784
34793
34844
34858
34874
34881
34890
34903
34961
35030
35040
35062
35125
35154
35165
35310
35344
35394
35400
35412
35420
35428
35450
35457
35485
35511
35548
35557
35564
35613
35627
35652
35667
35673
35724
35728
35748
35763
35765
35778
35794
35830
35891
35892
35963
35973
35973
35974
35989
35994
36076
36077
36084
36084
36103
36121
36123
36211
36225
36279
36298
36344
36351
36370
36373
36383
36484
36493
36510
36583
36585
36591
36626
36634
36641
36663
36704
36715
36715
36747
36770
36776
36779
36781
36824
36828
36833
36848
36849
36871
36879
36881
36887
36928
37006
37033
37035
37059
37143
37144
37171
37182
37190
37215
37219
37254
37263
37279
37298
37300
37329
37357
37389
37392
37392
37394
37461
37500
37501
37509
37518
37520
37575
37595
37706
37718
37756
37792
37798
37801
37860
37897
37930
37935
37950
37962
37977
37977
38004
38006
38025
38083
38090
38110
38159
38161
38216
38217
38239
38240
38276
38333
38358
38362
38374
38399
38413
38419
38463
38466
38483
38505
38517
38521
38536
38543
38547
38627
38644
38650
38701
38724
38755
38779
38800
38866
38892
38914
38919
38926
38968
39027
39078
39082
39085
39104
39106
39114
39132
39140
39190
39190
39206
39232
39248
39254
39258
39321
39322
39364
39371
39392
39408
39420
39426
39428
39437
39444
39454
39476
39532
39548
39600
39601
39601
39626
39654
39702
39724
39816
39823
39825
39836
39847
39854
39856
39874
39881
39887
39907
39911
39974
39976
39979
39980
40081
40194
40213
40242
40251
40270
40281
40284
40348
40375
40391
40401
40411
40417
40426
40465
40523
40532
40550
40600
40602
40638
40699
40700
40703
40705
40751
40778
40801
40824
40829
40850
40852
40852
40871
40872
40880
40901
40913
40939
40939
40946
40952
40956
40967
41013
41014
41020
41026
41086
41098
41128
41204
41219
41238
41239
41245
41299
41313
41346
41376
41390
41397
41406
41424
41443
41474
41512
41560
41565
41577
41580
41585
41611
41638
41645
41665
41713
41726
41757
41787
41808
41820
41917
41930
41993
41995
41998
42004
42071
42083
42125
42175
42182
42236
42236
42267
42279
42321
42417
42423
42442
42445
42477
42540
42556
42563
42582
42624
42680
42763
42775
42831
42869
42879
42897
42916
42916
42933
42985
43000
43023
43048
43055
43062
43086
43092
43136
43145
43146
43154
43177
43182
43263
43293
43298
43304
43314
43330
43334
43338
43343
43349
43398
43406
43422
43452
43499
43506
43509
43530
43546
43554
43554
43556
43568
43587
43604
43613
43668
43694
43710
43711
43733
43741
43744
43747
43762
43773
43782
43816
43835
43888
43898
43939
43947
43970
43979
44019
44028
44030
44059
44060
44065
44067
44071
44072
44086
44091
44092
44103
44107
44115
44145
44153
44166
44169
44195
44218
44247
44258
44259
44263
44328
44357
44370
44392
44405
44481
44491
44493
44547
44556
44579
44582
44635
44646
44663
44669
44683
44703
44786
44788
44801
44807
44831
44852
44867
44883
44894
44919
44955
44966
44968
44973
45001
45092
45153
45155
45169
45191
45245
45261
45274
45329
45426
45445
45446
45453
45527
45530
45539
45556
45584
45608
45609
45611
45614
45715
45740
45777
45811
45826
45840
45881
45910
45954
45971
46009
46084
46131
46140
46167
46170
46219
46243
46244
46247
46250
46262
46298
46315
46326
46335
46360
46377
46396
46400
46412
46465
46486
46497
46524
46534
46541
46559
46574
46606
46613
46616
46640
46660
46663
46665
46671
46700
46715
46723
46792
46804
46850
46873
46902
46932
46941
46943
46976
46985
47033
47037
47084
47095
47096
47161
47165
47185
47186
47277
47333
47352
47440
47458
47462
47550
47557
47564
47567
47580
47582
47650
47773
47785
47786
47792
47799
47857
47884
47898
47910
47983
47991
48019
48024
48032
48102
48122
48129
48137
48178
48192
48194
48238
48241
48269
48279
48289
48302
48331
48358
48397
48418
48424
48433
48507
48542
48554
48576
48577
48622
48631
48636
48653
48733
48783
48814
48832
48834
48839
48871
48876
48909
48915
48929
48962
48962
48996
49055
49083
49159
49227
49242
49268
49310
49316
49321
49339
49412
49443
49462
49470
49471
49474
49517
49527
49554
49562
49577
49577
49642
49656
49669
49674
49705
49711
49714
49728
49737
49739
49744
49750
49792
49799
49836
49842
49845
49851
49884
49926
49934
49942
49955
49981
49983
