32
41
62
78
79
83
85
85
87
89
104
111
117
131
133
146
156
191
207
234
239
260
263
268
275
295
296
305
308
319
332
335
343
346
374
378
381
389
392
394
395
404
404
407
412
416
433
465
476
480
481
484
486
486
498
499
514
517
518
521
532
534
536
539
542
545
548
559
574
581
600
606
619
626
627
630
632
633
641
644
655
662
663
673
674
677
684
692
720
726
735
736
747
748
756
759
762
772
776
800
803
805
812
814
826
849
853
867
873
905
924
965
986
990
998
1006
1008
1008
1017
1021
1035
1039
1044
1048
1063
1070
1072
1076
1082
1086
1103
1113
1114
1122
1126
1130
1139
1146
1146
1167
1177
1178
1184
1191
1192
1195
1198
1218
1242
1263
1298
1302
1311
1312
1314
1339
1345
1351
1352
1374
1389
1406
1407
1411
1413
1422
1426
1435
1437
1438
1443
1453
1453
1456
1463
1465
1480
1481
1492
1494
1508
1515
1522
1529
1560
1569
1569
1582
1594
1602
1603
1604
1616
1621
1628
1633
1635
1639
1649
1653
1663
1670
1683
1683
1691
1697
1700
1701
1713
1720
1721
1765
1777
1783
1784
1785
1787
1790
1796
1813
1826
1830
1831
1841
1846
1848
1852
1856
1866
1872
1878
1888
1894
1910
1910
1910
1922
1924
1928
1929
1931
1939
1941
1946
1950
1954
1954
1965
1972
1989
1995
1995
2018
2030
2050
2057
2062
2066
2073
2074
2077
2081
2085
2098
2101
2124
2124
2132
2137
2150
2156
2158
2166
2166
2175
2176
2178
2180
2185
2186
2197
2199
2204
2205
2209
2213
2215
2224
2226
2226
2230
2235
2236
2239
2249
2251
2251
2265
2272
2281
2283
2285
2285
2297
2300
2316
2323
2325
2335
2345
2347
2353
2368
2383
2388
2396
2399
2407
2415
2415
2418
2433
2440
2440
2445
2448
2454
2457
2466
2478
2489
2493
2499
2501
2505
2513
2520
2524
2539
2541
2547
2548
2554
2555
2571
2580
2590
2592
2592
2594
2596
2598
2611
2618
2618
2632
2639
2640
2640
2645
2652
2653
2654
2662
2666
2670
2672
2673
2676
2685
2693
2699
2708
2711
2728
2732
2739
2755
2757
2759
2765
2768
2769
2776
2779
2791
2793
2801
2807
2809
2811
2826
2828
2843
2848
2862
2862
2864
2865
2881
2886
2896
2896
2900
2901
2903
2918
2923
2929
2949
2965
2972
3012
3014
3021
3023
3027
3031
3034
3037
3048
3058
3060
3061
3068
3084
3089
3093
3096
3101
3106
3109
3117
3119
3138
3143
3144
3153
3154
3162
3170
3173
3187
3204
3205
3212
3216
3221
3224
3235
3240
3254
3256
3257
3260
3266
3287
3297
3304
3305
3326
3333
3345
3348
3349
3361
3365
3368
3373
3374
3377
3382
3394
3403
3430
3433
3437
3450
3451
3455
3460
3467
3486
3486
3490
3490
3511
3523
3524
3526
3536
3543
3546
3561
3564
3570
3583
3586
3596
3598
3630
3633
3634
3639
3649
3651
3658
3660
3665
3669
3672
3690
3699
3702
3704
3707
3712
3720
3725
3733
3739
3742
3745
3760
3761
3780
3792
3798
3804
3811
3814
3820
3820
3821
3823
3829
3831
3846
3881
3881
3885
3892
3892
3893
3903
3904
3913
3914
3934
3938
3942
3942
3945
3958
3961
3963
3969
3970
3978
3982
3982
3988
4007
4012
4032
4034
4035
4040
4043
4050
4054
4056
4061
4066
4068
4079
4082
4086
4093
4094
4096
4111
4124
4134
4147
4148
4158
4165
4168
4170
4178
4180
4183
4186
4192
4203
4208
4214
4235
4243
4256
4276
4277
4299
4301
4312
4322
4333
4333
4339
4354
4355
4357
4357
4363
4368
4378
4378
4381
4384
4386
4391
4395
4397
4405
4408
4414
4425
4432
4438
4450
4459
4459
4465
4480
4482
4502
4509
4517
4528
4535
4562
4564
4565
4570
4579
4605
4606
4608
4634
4640
4643
4657
4664
4664
4665
4674
4684
4687
4695
4697
4705
4711
4717
4720
4726
4734
4734
4734
4744
4748
4755
4757
4761
4765
4771
4772
4773
4781
4781
4786
4792
4794
4804
4807
4809
4825
4831
4833
4857
4858
4871
4880
4882
4885
4885
4895
4902
4904
4908
4911
4918
4922
4922
4927
4938
4946
4958
4964
4973
4975
4976
4979
4983
4984
4987
4988
4989
5002
5035
5037
5066
5070
5073
5074
5084
5099
5110
5135
5145
5149
5151
5158
5163
5164
5176
5189
5194
5200
5201
5204
5221
5223
5235
5245
5247
5260
5261
5265
5268
5270
5277
5285
5287
5293
5297
5302
5305
5312
5312
5330
5332
5337
5350
5359
5361
5367
5367
5374
5375
5376
5380
5381
5389
5398
5399
5405
5405
5405
5406
5407
5421
5424
5439
5449
5454
5461
5463
5467
5469
5472
5474
5479
5480
5480
5485
5492
5497
5498
5503
5507
5516
5519
5523
5527
5529
5548
5550
5552
5565
5567
5578
5581
5589
5611
5615
5623
5626
5627
5641
5642
5650
5663
5664
5666
5668
5680
5683
5691
5691
5716
5723
5738
5749
5754
5754
5755
5756
5760
5765
5766
5781
5784
5786
5796
5802
5821
5830
5831
5833
5836
5837
5839
5843
5852
5853
5859
5862
5869
5871
5880
5883
5897
5905
5912
5916
5921
5922
5927
5929
5930
5933
5935
5940
5949
5954
5964
5967
5986
5987
5992
6018
6032
6033
6036
6040
6043
6075
6092
6092
6106
6120
6121
6125
6131
6133
6137
6140
6145
6152
6153
6157
6163
6165
6167
6176
6180
6183
6185
6186
6192
6197
6201
6212
6215
6226
6227
6241
6243
6247
6251
6266
6275
6277
6283
6283
6288
6292
6295
6296
6304
6304
6314
6327
6327
6348
6351
6352
6360
6365
6366
6374
6388
6402
6408
6419
6430
6433
6434
6446
6448
6449
6458
6460
6467
6475
6480
6483
6498
6498
6515
6523
6527
6532
6548
6561
6564
6570
6575
6579
6582
6583
6600
6622
6625
6632
6635
6636
6638
6644
6662
6664
6682
6683
6699
6699
6714
6716
6728
6740
6750
6751
6755
6758
6758
6770
6777
6783
6783
6784
6786
6788
6791
6793
6802
6807
6809
6810
6817
6822
6843
6844
6849
6857
6861
6867
6888
6889
6892
6903
6910
6931
6932
6963
6965
6981
6986
6988
6998
6999
6999
7001
7001
7002
7025
7032
7035
7037
7045
7051
7053
7057
7058
7059
7062
7070
7071
7074
7086
7099
7103
7108
7109
7110
7111
7122
7135
7136
7138
7144
7145
7145
7153
7157
7158
7159
7160
7164
7164
7172
7180
7186
7192
7211
7221
7227
7230
7264
7294
7304
7305
7306
7307
7310
7328
7340
7341
7360
7361
7362
7363
7364
7384
7386
7390
7401
7403
7404
7406
7408
7411
7418
7423
7430
7432
7433
7441
7441
7442
7449
7449
7451
7454
7456
7463
7472
7476
7481
7484
7485
7495
7497
7520
7526
7527
7544
7556
7565
7592
7594
7628
7629
7638
7641
7641
7655
7658
7680
7684
7684
7691
7698
7702
7715
7716
7716
7720
7723
7735
7736
7738
7738
7742
7743
7744
7745
7749
7754
7757
7768
7769
7770
7778
7788
7806
7810
7812
7813
7822
7834
7844
7845
7846
7853
7861
7861
7861
7863
7864
7864
7879
7881
7883
7884
7886
7895
7902
7907
7912
7916
7917
7927
7931
7937
7942
7945
7953
7955
7960
7966
7970
7977
7981
7985
7985
7994
7994
7996
7997
8001
8016
8018
8019
8019
8022
8030
8043
8061
8065
8070
8077
8087
8092
8096
8097
8100
8102
8111
8120
8130
8130
8144
8147
8152
8162
8163
8171
8171
8173
8173
8182
8183
8188
8192
8196
8196
8223
8230
8241
8243
8247
8248
8255
8261
8261
8261
8279
8281
8285
8311
8311
8312
8318
8324
8345
8349
8351
8353
8360
8384
8387
8387
8389
8393
8395
8438
8443
8458
8462
8465
8465
8468
8470
8471
8473
8495
8498
8505
8507
8509
8509
8510
8518
8518
8522
8523
8539
8547
8567
8573
8573
8576
8578
8602
8613
8619
8627
8629
8633
8635
8666
8673
8677
8678
8680
8687
8687
8705
8708
8717
8720
8722
8724
8753
8755
8756
8765
8768
8771
8778
8782
8784
8789
8803
8828
8829
8850
8851
8858
8864
8868
8886
8892
8908
8909
8912
8913
8926
8927
8930
8936
8937
8941
8950
8954
8954
8958
8979
8981
8991
8996
9000
9012
9014
9027
9029
9036
9045
9050
9062
9064
9064
9088
9102
9110
9118
9121
9121
9128
9136
9139
9167
9199
9205
9209
9216
9218
9230
9241
9244
9251
9252
9257
9270
9288
9291
9293
9296
9310
9323
9345
9348
9349
9353
9366
9375
9376
9376
9382
9384
9389
9392
9394
9394
9399
9430
9434
9440
9441
9442
9448
9451
9453
9459
9466
9470
9474
9477
9490
9492
9503
9522
9532
9565
9567
9568
9569
9600
9603
9610
9614
9616
9619
9634
9641
9663
9663
9664
9670
9673
9681
9687
9687
9691
9699
9703
9715
9720
9724
9733
9735
9736
9738
9751
9756
9760
9763
9766
9767
9767
9772
9775
9790
9801
9815
9826
9827
9829
9883
9891
9896
9900
9918
9925
9925
9933
9937
9937
9941
9942
9944
9947
9956
9957
9960
9961
9961
9962
9969
9969
9972
9980
9991
9992
9997
9998
10013
10016
10021
10030
10042
10043
10047
10053
10078
10110
10112
10114
10122
10123
10130
10139
10147
10149
10171
10174
10180
10213
10224
10234
10236
10245
10247
10248
10270
10273
10298
10300
10305
10309
10314
10320
10324
10330
10338
10341
10351
10352
10352
10367
10375
10396
10408
10417
10417
10430
10433
10442
10445
10445
10452
10458
10468
10468
10468
10469
10482
10486
10487
10494
10497
10499
10501
10502
10507
10520
10547
10570
10575
10584
10585
10590
10594
10612
10635
10637
10638
10643
10644
10653
10654
10662
10669
10672
10678
10682
10701
10706
10741
10749
10762
10764
10768
10770
10772
10774
10781
10784
10784
10797
10824
10827
10828
10834
10839
10857
10863
10872
10889
10907
10907
10921
10923
10938
10940
10948
10952
10955
10964
10976
10977
10983
10985
10988
10993
10994
10996
11011
11018
11020
11037
11039
11048
11054
11056
11060
11076
11084
11090
11115
11130
11133
11148
11158
11158
11160
11161
11162
11166
11177
11178
11186
11192
11204
11207
11211
11215
11225
11230
11232
11255
11256
11256
11262
11275
11292
11293
11293
11302
11307
11311
11325
11327
11328
11334
11346
11355
11359
11364
11368
11378
11385
11390
11391
11392
11401
11424
11439
11444
11456
11460
11461
11464
11474
11478
11483
11483
11494
11497
11514
11518
11527
11530
11534
11535
11535
11551
11564
11573
11576
11578
11580
11585
11595
11602
11610
11615
11617
11621
11625
11629
11630
11650
11657
11660
11665
11666
11668
11673
11674
11677
11686
11691
11695
11698
11699
11701
11708
11712
11723
11726
11735
11741
11748
11749
11755
11757
11759
11762
11776
11782
11789
11789
11798
11800
11814
11818
11821
11821
11824
11833
11840
11862
11868
11871
11893
11925
11930
11930
11933
11933
11942
11942
11957
11961
11963
11966
11980
11986
11986
11995
11997
12005
12008
12012
12023
12030
12035
12067
12070
12091
12093
12102
12110
12112
12113
12123
12131
12143
12168
12179
12181
12184
12190
12197
12216
12224
12233
12240
12247
12273
12276
12284
12288
12296
12306
12308
12311
12312
12314
12316
12320
12321
12322
12323
12330
12332
12334
12334
12339
12342
12350
12353
12353
12355
12361
12362
12363
12366
12386
12398
12400
12401
12404
12411
12430
12432
12442
12444
12447
12460
12473
12498
12501
12507
12509
12516
12516
12517
12521
12525
12530
12531
12543
12548
12560
12564
12565
12571
12580
12597
12599
12603
12610
12611
12614
12618
12619
12620
12632
12636
12644
12655
12659
12662
12665
12678
12682
12686
12687
12692
12698
12718
12720
12731
12734
12759
12767
12770
12774
12786
12802
12808
12812
12827
12836
12838
12845
12851
12883
12887
12887
12893
12898
12905
12908
12911
12915
12923
12928
12937
12943
12946
12946
12947
12948
12952
12952
12962
12964
12967
12969
12969
12971
12973
12973
12981
12983
13004
13010
13016
13034
13061
13070
13070
13075
13078
13088
13090
13105
13109
13110
13115
13115
13118
13119
13127
13134
13143
13154
13159
13162
13181
13182
13200
13206
13215
13215
13215
13223
13257
13275
13280
13281
13288
13294
13301
13303
13307
13315
13321
13326
13328
13333
13339
13342
13351
13357
13362
13373
13385
13399
13409
13423
13423
13431
13435
13439
13444
13447
13457
13464
13465
13465
13465
13470
13475
13476
13485
13487
13490
13501
13504
13514
13514
13518
13542
13562
13563
13564
13574
13576
13576
13596
13614
13619
13619
13641
13650
13650
13651
13659
13665
13667
13667
13672
13687
13689
13691
13701
13710
13714
13728
13731
13735
13756
13757
13758
13765
13781
13782
13784
13787
13805
13806
13807
13808
13809
13817
13826
13827
13836
13838
13842
13848
13855
13859
13863
13864
13871
13879
13884
13891
13900
13901
13904
13907
13917
13918
13929
13936
13940
13951
13963
13966
13968
13970
13983
13985
13989
13992
13995
13996
13999
14012
14012
14012
14030
14030
14031
14035
14039
14044
14045
14049
14063
14069
14071
14095
14103
14106
14125
14144
14148
14149
14151
14157
14158
14182
14185
14185
14185
14187
14194
14196
14217
14221
14251
14265
14266
14268
14275
14284
14287
14308
14327
14329
14335
14336
14336
14337
14342
14348
14355
14357
14365
14382
14388
14399
14410
14412
14415
14436
14438
14439
14440
14454
14458
14459
14461
14461
14501
14550
14552
14555
14556
14557
14558
14561
14563
14569
14578
14592
14600
14604
14607
14613
14615
14617
14630
14644
14648
14654
14662
14663
14666
14667
14674
14677
14688
14690
14703
14712
14714
14717
14729
14731
14731
14736
14764
14774
14779
14784
14788
14799
14804
14805
14811
14822
14826
14836
14840
14852
14862
14878
14882
14883
14885
14896
14897
14900
14904
14915
14916
14924
14924
14934
14934
14941
14942
14942
14956
14970
14983
14994
14999
14999
15000
15001
15002
15003
15003
15005
15016
15018
15018
15028
15045
15056
15062
15067
15071
15076
15078
15083
15114
15117
15120
15121
15122
15125
15127
15127
15128
15129
15133
15144
15148
15154
15157
15162
15163
15174
15174
15181
15197
15209
15223
15229
15237
15239
15241
15243
15248
15262
15274
15280
15286
15286
15287
15299
15308
15313
15316
15323
15326
15330
15339
15345
15346
15348
15360
15363
15365
15366
15367
15367
15373
15375
15375
15380
15382
15386
15392
15394
15405
15416
15422
15438
15442
15455
15460
15469
15489
15495
15498
15499
15518
15524
15524
15531
15544
15565
15571
15577
15578
15579
15588
15590
15621
15631
15643
15645
15646
15650
15669
15674
15676
15679
15681
15691
15710
15713
15720
15722
15745
15746
15754
15754
15755
15762
15778
15783
15787
15791
15792
15797
15799
15802
15810
15814
15816
15818
15820
15827
15828
15829
15835
15837
15848
15850
15856
15864
15873
15882
15883
15887
15888
15894
15913
15914
15921
15924
15927
15958
15958
15964
15970
15979
15980
15985
15989
16009
16018
16019
16037
16050
16054
16056
16067
16067
16079
16085
16088
16095
16102
16103
16107
16112
16116
16147
16149
16155
16168
16172
16175
16177
16181
16199
16209
16221
16224
16230
16232
16234
16242
16250
16251
16251
16266
16276
16277
16277
16284
16291
16298
16307
16310
16311
16315
16324
16332
16332
16334
16335
16354
16358
16362
16364
16366
16379
16388
16398
16401
16402
16404
16415
16420
16430
16437
16444
16450
16451
16454
16469
16485
16485
16497
16502
16518
16526
16535
16541
16542
16549
16549
16550
16558
16574
16576
16590
16595
16596
16599
16600
16602
16616
16645
16649
16655
16672
16685
16693
16702
16705
16724
16725
16734
16745
16751
16758
16760
16760
16761
16762
16764
16764
16773
16775
16780
16793
16796
16802
16803
16803
16804
16812
16825
16829
16840
16844
16850
16853
16860
16860
16864
16880
16881
16896
16898
16905
16908
16919
16921
16923
16927
16932
16939
16955
16957
16965
16976
16978
16983
16988
16988
16991
16993
17005
17006
17009
17038
17045
17049
17053
17056
17058
17065
17066
17070
17114
17118
17121
17122
17149
17158
17164
17172
17173
17175
17175
17185
17197
17210
17215
17217
17232
17241
17246
17252
17270
17270
17275
17286
17298
17299
17302
17315
17325
17325
17326
17328
17333
17345
17347
17350
17359
17370
17377
17385
17395
17398
17403
17410
17416
17420
17421
17425
17428
17430
17437
17443
17451
17452
17452
17456
17459
17495
17497
17497
17504
17509
17530
17531
17536
17541
17544
17549
17555
17555
17558
17568
17583
17596
17613
17617
17622
17623
17626
17633
17636
17638
17650
17656
17666
17672
17675
17687
17695
17702
17719
17725
17725
17732
17734
17738
17741
17742
17770
17772
17776
17778
17780
17781
17784
17803
17807
17827
17830
17838
17842
17844
17857
17866
17866
17868
17869
17869
17869
17875
17882
17885
17890
17890
17891
17897
17908
17909
17913
17919
17921
17924
17926
17926
17931
17935
17935
17935
17941
17947
17949
17953
17954
17956
17959
17963
18003
18004
18021
18029
18030
18045
18051
18052
18052
18053
18058
18075
18088
18091
18093
18095
18102
18109
18116
18118
18121
18121
18123
18126
18130
18135
18140
18148
18156
18160
18170
18172
18188
18189
18192
18201
18210
18211
18220
18223
18236
18238
18242
18245
18266
18274
18283
18287
18287
18306
18317
18318
18322
18338
18341
18359
18362
18366
18387
18397
18414
18436
18438
18469
18474
18480
18480
18483
18485
18493
18500
18504
18510
18520
18520
18522
18523
18526
18534
18534
18544
18549
18554
18558
18565
18571
18594
18595
18611
18629
18643
18653
18655
18659
18661
18662
18668
18669
18673
18679
18687
18688
18692
18694
18700
18708
18717
18718
18720
18721
18728
18734
18735
18737
18743
18751
18757
18769
18777
18781
18786
18793
18817
18834
18836
18838
18840
18843
18844
18845
18846
18863
18864
18866
18880
18886
18891
18895
18909
18917
18918
18918
18920
18924
18926
18938
18946
18948
18953
18964
18965
18972
18986
18988
19001
19002
19003
19008
19009
19013
19022
19040
19047
19047
19061
19062
19064
19067
19069
19079
19079
19089
19090
19092
19093
19096
19096
19100
19106
19111
19115
19130
19131
19139
19142
19167
19171
19174
19196
19196
19199
19204
19206
19211
19213
19227
19229
19233
19255
19269
19271
19283
19292
19294
19294
19295
19296
19304
19308
19309
19316
19319
19324
19329
19333
19338
19340
19344
19351
19352
19354
19374
19376
19383
19387
19388
19388
19389
19390
19398
19410
19414
19421
19424
19427
19431
19439
19460
19462
19465
19469
19470
19474
19477
19481
19483
19495
19505
19506
19508
19515
19531
19531
19536
19543
19551
19552
19554
19561
19564
19571
19581
19588
19592
19593
19594
19597
19603
19616
19618
19618
19622
19628
19629
19637
19645
19646
19648
19649
19657
19679
19681
19692
19695
19698
19698
19707
19713
19714
19715
19716
19724
19730
19749
19750
19770
19775
19781
19784
19793
19795
19810
19819
19824
19843
19843
19845
19853
19864
19864
19870
19870
19880
19887
19896
19898
19905
19921
19928
19935
19949
19953
19957
19959
19960
19961
19970
19978
19982
19985
20001
20005
20010
20012
20020
20025
20038
20046
20055
20062
20064
20074
20081
20089
20095
20103
20111
20125
20135
20147
20150
20152
20156
20158
20170
20172
20175
20177
20183
20187
20187
20198
20199
20200
20207
20211
20212
20212
20222
20234
20239
20241
20243
20244
20274
20275
20284
20285
20297
20298
20309
20315
20320
20324
20324
20342
20343
20357
20368
20384
20390
20401
20403
20404
20412
20419
20428
20438
20440
20440
20442
20445
20447
20453
20475
20481
20483
20491
20492
20495
20496
20497
20503
20504
20506
20530
20538
20540
20545
20554
20561
20569
20572
20579
20583
20592
20607
20639
20646
20651
20675
20691
20693
20699
20700
20700
20702
20725
20741
20743
20757
20765
20767
20767
20770
20783
20784
20794
20809
20810
20819
20825
20831
20849
20864
20883
20884
20884
20915
20918
20922
20923
20930
20938
20941
20946
20947
20949
20962
20963
20963
20966
20970
20971
20978
20979
20990
21012
21018
21025
21030
21040
21041
21041
21053
21055
21060
21065
21065
21065
21067
21068
21070
21074
21076
21116
21122
21126
21132
21134
21145
21152
21157
21176
21187
21191
21191
21212
21217
21228
21231
21240
21241
21242
21244
21249
21249
21252
21255
21255
21258
21259
21260
21272
21304
21310
21315
21322
21323
21337
21339
21339
21340
21341
21345
21349
21353
21360
21364
21365
21375
21377
21379
21381
21384
21390
21393
21403
21415
21418
21419
21420
21422
21439
21442
21446
21447
21460
21462
21462
21464
21468
21474
21477
21490
21500
21504
21522
21525
21534
21541
21547
21553
21554
21555
21560
21565
21567
21574
21579
21603
21605
21609
21610
21615
21621
21624
21655
21669
21670
21671
21672
21672
21682
21691
21696
21698
21701
21706
21711
21718
21721
21722
21725
21726
21729
21734
21737
21740
21776
21779
21782
21790
21792
21801
21804
21817
21835
21856
21856
21862
21874
21883
21893
21903
21904
21904
21911
21915
21915
21930
21943
21948
21948
21950
21953
21955
21959
21968
21971
21973
21978
21982
21989
22008
22009
22013
22022
22026
22041
22043
22049
22051
22054
22055
22055
22066
22073
22081
22082
22088
22092
22094
22105
22109
22110
22111
22113
22115
22130
22131
22133
22138
22147
22147
22155
22159
22164
22169
22178
22179
22183
22184
22189
22190
22191
22191
22200
22212
22215
22218
22223
22234
22240
22241
22244
22246
22247
22254
22262
22272
22276
22277
22281
22289
22292
22308
22327
22328
22336
22337
22339
22345
22346
22348
22351
22358
22360
22362
22371
22406
22411
22424
22430
22444
22445
22449
22451
22453
22453
22468
22488
22497
22523
22555
22565
22573
22579
22581
22581
22601
22602
22606
22613
22619
22625
22629
22637
22637
22651
22662
22666
22677
22685
22692
22694
22696
22703
22712
22726
22728
22737
22755
22756
22768
22773
22774
22776
22799
22807
22815
22816
22817
22822
22839
22856
22860
22860
22867
22887
22887
22895
22901
22902
22908
22910
22913
22914
22922
22929
22934
22940
22945
22947
22961
22961
22961
22969
22971
22973
22975
22978
22993
22994
22996
22997
23003
23010
23016
23022
23027
23028
23032
23038
23040
23048
23053
23054
23060
23086
23094
23096
23109
23110
23117
23120
23122
23126
23127
23128
23130
23138
23144
23145
23145
23158
23161
23169
23171
23173
23173
23175
23178
23178
23189
23193
23198
23199
23212
23216
23219
23224
23241
23251
23268
23274
23279
23286
23304
23306
23317
23320
23326
23326
23327
23335
23337
23340
23347
23349
23354
23359
23374
23375
23377
23389
23390
23396
23424
23436
23440
23461
23467
23472
23474
23487
23490
23495
23498
23504
23515
23516
23521
23523
23533
23536
23538
23564
23570
23580
23604
23605
23605
23609
23610
23616
23630
23632
23639
23658
23662
23669
23671
23673
23674
23689
23694
23698
23702
23718
23721
23723
23724
23733
23740
23743
23747
23751
23752
23752
23773
23779
23781
23790
23790
23795
23797
23811
23815
23816
23816
23818
23819
23824
23837
23839
23872
23878
23902
23903
23923
23928
23934
23950
23954
23978
23978
23986
23990
23993
23995
23998
24003
24017
24027
24033
24064
24065
24066
24080
24093
24116
24126
24142
24142
24144
24147
24147
24162
24175
24190
24202
24206
24221
24222
24223
24223
24234
24234
24235
24235
24241
24244
24247
24255
24268
24276
24285
24289
24290
24302
24305
24306
24317
24330
24337
24338
24351
24355
24368
24380
24380
24381
24383
24387
24390
24398
24403
24410
24422
24428
24432
24433
24434
24435
24450
24464
24471
24472
24475
24480
24485
24487
24487
24490
24491
24494
24500
24509
24531
24531
24539
24557
24566
24568
24574
24576
24583
24583
24589
24608
24610
24610
24622
24636
24651
24652
24660
24675
24681
24692
24696
24698
24714
24726
24744
24757
24759
24761
24762
24763
24767
24772
24781
24783
24787
24808
24816
24829
24830
24844
24858
24859
24863
24868
24868
24869
24870
24873
24875
24879
24886
24888
24902
24910
24910
24912
24915
24919
24921
24925
24944
24949
24954
24956
24962
24969
24997
25003
25006
25013
25018
25023
25024
25025
25028
25042
25055
25057
25061
25062
25068
25089
25092
25096
25102
25105
25115
25119
25120
25126
25131
25132
25147
25148
25149
25176
25176
25183
25190
25193
25202
25202
25205
25208
25208
25210
25216
25223
25227
25230
25238
25242
25245
25260
25264
25274
25275
25286
25290
25294
25296
25326
25338
25354
25355
25359
25369
25370
25381
25383
25383
25385
25388
25391
25393
25402
25412
25415
25417
25418
25426
25446
25446
25456
25476
25489
25499
25505
25510
25531
25550
25557
25574
25576
25587
25590
25599
25600
25607
25613
25618
25619
25620
25621
25624
25626
25627
25635
25638
25660
25667
25668
25683
25684
25720
25731
25758
25765
25768
25782
25784
25785
25794
25795
25795
25803
25813
25817
25822
25831
25835
25840
25858
25861
25867
25874
25875
25883
25889
25900
25907
25911
25915
25918
25921
25928
25937
25940
25946
25950
25950
25956
25967
25973
25976
25978
25980
25981
25981
25983
25984
25984
25993
26007
26016
26037
26039
26041
26048
26066
26066
26069
26071
26077
26082
26102
26102
26106
26107
26110
26120
26124
26126
26127
26128
26128
26129
26140
26145
26145
26147
26156
26164
26164
26166
26182
26185
26185
26199
26205
26212
26217
26225
26226
26229
26230
26235
26236
26240
26258
26259
26260
26262
26269
26280
26281
26286
26301
26308
26309
26311
26326
26327
26339
26341
26347
26350
26352
26353
26394
26400
26406
26409
26414
26423
26424
26432
26440
26444
26445
26448
26452
26455
26461
26470
26476
26480
26485
26504
26510
26512
26514
26515
26529
26546
26556
26559
26561
26574
26585
26586
26587
26592
26596
26602
26608
26609
26620
26624
26629
26630
26631
26633
26638
26655
26660
26660
26665
26670
26671
26675
26676
26677
26704
26709
26717
26744
26754
26767
26775
26776
26781
26782
26793
26794
26798
26799
26800
26802
26805
26813
26828
26836
26837
26842
26843
26843
26854
26855
26855
26859
26864
26875
26879
26892
26901
26903
26903
26906
26909
26912
26921
26923
26929
26929
26934
26948
26953
26954
26957
26959
26990
27004
27004
27007
27017
27032
27032
27033
27034
27038
27040
27042
27044
27052
27053
27054
27054
27057
27079
27083
27094
27110
27117
27120
27123
27123
27128
27141
27149
27163
27163
27166
27170
27178
27179
27180
27183
27185
27193
27202
27204
27209
27213
27218
27220
27225
27226
27231
27232
27236
27273
27273
27273
27277
27283
27298
27298
27306
27308
27319
27330
27336
27340
27343
27350
27358
27384
27387
27390
27406
27410
27414
27440
27448
27455
27471
27476
27491
27498
27506
27513
27514
27514
27515
27521
27535
27540
27549
27550
27552
27556
27561
27570
27575
27575
27620
27630
27634
27634
27638
27639
27647
27652
27667
27684
27687
27711
27715
27736
27753
27753
27762
27763
27771
27783
27790
27798
27806
27827
27831
27832
27853
27854
27856
27860
27881
27885
27902
27905
27917
27918
27920
27941
27943
27946
27962
27974
27976
27984
27984
28003
28007
28009
28012
28020
28026
28048
28049
28061
28078
28079
28084
28097
28104
28110
28119
28150
28157
28158
28177
28178
28183
28208
28219
28221
28229
28230
28255
28256
28261
28274
28274
28279
28281
28286
28301
28306
28310
28313
28316
28318
28330
28355
28367
28382
28383
28392
28399
28401
28404
28414
28414
28416
28416
28419
28420
28425
28429
28434
28444
28462
28467
28472
28477
28481
28483
28483
28491
28497
28502
28504
28505
28505
28507
28507
28528
28528
28534
28545
28552
28553
28559
28559
28560
28561
28563
28566
28567
28567
28571
28579
28580
28587
28588
28597
28598
28599
28601
28623
28623
28626
28627
28635
28641
28642
28644
28648
28660
28661
28665
28668
28681
28685
28688
28694
28702
28707
28708
28731
28735
28746
28748
28750
28752
28760
28776
28776
28780
28780
28786
28801
28829
28834
28839
28843
28856
28856
28865
28867
28869
28898
28916
28925
28927
28929
28933
28934
28940
28943
28954
28962
28976
28987
29008
29010
29010
29016
29018
29023
29024
29025
29031
29032
29036
29037
29040
29042
29042
29046
29048
29052
29053
29054
29084
29095
29103
29109
29111
29114
29132
29138
29144
29144
29156
29160
29163
29182
29184
29193
29201
29202
29207
29209
29224
29225
29227
29227
29228
29237
29259
29268
29277
29277
29281
29283
29288
29298
29303
29304
29314
29318
29326
29332
29333
29342
29342
29345
29348
29370
29370
29377
29384
29387
29388
29392
29392
29401
29409
29419
29426
29434
29463
29468
29473
29474
29504
29505
29508
29510
29510
29529
29531
29534
29550
29554
29556
29560
29574
29584
29588
29589
29594
29596
29600
29616
29640
29641
29658
29662
29662
29667
29668
29671
29673
29674
29679
29680
29681
29687
29694
29720
29720
29724
29734
29739
29748
29750
29753
29760
29762
29767
29772
29781
29792
29820
29822
29824
29826
29827
29842
29846
29852
29859
29860
29865
29883
29887
29889
29890
29892
29901
29902
29905
29908
29914
29918
29930
29935
29945
29957
29964
29974
29976
29983
29985
29989
29992
29994
29996
30005
30021
30022
30024
30029
30038
30039
30039
30039
30040
30043
30044
30050
30055
30083
30091
30103
30104
30112
30120
30123
30125
30138
30139
30143
30144
30146
30148
30149
30149
30151
30160
30161
30167
30176
30178
30182
30191
30193
30198
30202
30204
30214
30226
30245
30247
30247
30248
30253
30258
30269
30278
30278
30290
30297
30307
30314
30335
30337
30341
30343
30355
30369
30374
30394
30395
30395
30397
30402
30414
30422
30434
30440
30442
30444
30461
30471
30493
30500
30504
30511
30520
30529
30545
30547
30553
30563
30568
30571
30572
30597
30615
30615
30623
30626
30627
30630
30638
30644
30651
30664
30673
30678
30678
30680
30685
30686
30693
30704
30709
30724
30735
30739
30742
30745
30745
30749
30750
30764
30769
30775
30795
30804
30808
30811
30825
30830
30832
30832
30843
30844
30860
30865
30869
30872
30896
30904
30908
30914
30915
30916
30917
30923
30926
30928
30928
30933
30938
30944
30950
30959
30962
30992
30997
31006
31010
31019
31024
31028
31031
31039
31050
31057
31063
31070
31081
31085
31094
31098
31100
31100
31110
31111
31120
31124
31127
31132
31136
31140
31142
31145
31148
31159
31160
31165
31169
31189
31208
31224
31228
31259
31269
31271
31272
31274
31278
31283
31289
31293
31294
31299
31323
31327
31334
31341
31342
31350
31352
31355
31355
31357
31358
31362
31362
31366
31380
31384
31390
31392
31393
31396
31398
31399
31403
31403
31406
31408
31412
31426
31429
31435
31437
31441
31444
31452
31460
31463
31466
31468
31473
31477
31477
31480
31481
31481
31493
31494
31495
31505
31509
31510
31516
31517
31519
31524
31530
31552
31554
31562
31583
31590
31590
31596
31606
31608
31608
31618
31620
31626
31634
31648
31677
31688
31696
31699
31715
31726
31728
31732
31733
31743
31751
31758
31766
31779
31786
31786
31790
31792
31807
31820
31823
31839
31840
31843
31847
31859
31868
31883
31887
31890
31900
31922
31929
31937
31937
31963
31968
31974
31975
31983
31987
31990
32001
32002
32015
32016
32025
32028
32029
32038
32053
32060
32062
32065
32070
32077
32078
32079
32100
32106
32109
32112
32124
32126
32134
32152
32163
32164
32167
32171
32173
32174
32178
32178
32179
32179
32180
32182
32191
32195
32204
32206
32218
32220
32222
32230
32231
32233
32236
32257
32260
32274
32275
32282
32288
32292
32293
32306
32306
32310
32310
32321
32338
32360
32371
32376
32376
32380
32403
32404
32431
32431
32466
32467
32488
32498
32499
32501
32518
32532
32536
32544
32549
32560
32560
32572
32574
32578
32578
32582
32582
32584
32594
32597
32619
32624
32626
32627
32635
32642
32642
32647
32648
32649
32650
32656
32662
32664
32665
32668
32678
32690
32694
32696
32705
32717
32720
32722
32731
32732
32734
32736
32739
32744
32758
32758
32779
32787
32797
32798
32800
32819
32822
32823
32831
32840
32841
32860
32864
32879
32885
32893
32901
32903
32910
32915
32918
32919
32921
32922
32932
32934
32934
32936
32943
32945
32954
32954
32964
32966
32968
32972
32978
33010
33010
33013
33023
33025
33031
33042
33043
33044
33049
33053
33058
33072
33078
33083
33092
33115
33129
33131
33131
33132
33133
33134
33136
33140
33144
33149
33153
33160
33162
33171
33181
33191
33196
33198
33209
33212
33221
33226
33233
33236
33243
33245
33279
33293
33296
33297
33312
33320
33324
33328
33331
33335
33337
33356
33368
33370
33378
33383
33400
33404
33405
33416
33420
33427
33453
33458
33460
33473
33473
33474
33479
33479
33486
33498
33502
33510
33511
33523
33547
33549
33555
33555
33556
33561
33565
33565
33573
33579
33579
33591
33597
33629
33630
33632
33639
33642
33650
33652
33662
33667
33672
33672
33681
33685
33697
33699
33704
33707
33745
33753
33753
33799
33813
33814
33826
33833
33836
33837
33841
33852
33855
33867
33892
33903
33918
33929
33942
33950
33955
33960
33961
33961
33964
33968
33975
33978
33984
33986
33986
33999
34007
34020
34022
34023
34025
34030
34049
34056
34069
34079
34087
34089
34089
34091
34093
34096
34097
34101
34133
34133
34147
34157
34159
34166
34171
34210
34215
34215
34216
34224
34228
34239
34242
34245
34257
34258
34262
34267
34275
34285
34286
34297
34306
34316
34326
34330
34351
34356
34362
34374
34384
34387
34402
34406
34408
34412
34419
34437
34448
34450
34454
34458
34458
34465
34469
34471
34478
34493
34518
34523
34535
34535
34535
34536
34537
34538
34542
34549
34552
34553
34572
34572
34575
34577
34578
34585
34592
34602
34612
34612
34615
34618
34630
34654
34661
34666
34666
34681
34681
34684
34685
34688
34693
34711
34711
34713
34714
34716
34736
34737
34739
34750
34754
34757
34757
34758
34773
34805
34814
34823
34829
34849
34852
34854
34865
34866
34869
34875
34876
34903
34904
34909
34910
34916
34929
34929
34939
34955
34955
34956
34959
34960
34961
34962
34974
34975
34977
34984
34994
35002
35003
35019
35027
35034
35039
35040
35045
35053
35053
35057
35058
35059
35059
35066
35067
35070
35072
35078
35078
35085
35092
35121
35122
35126
35131
35134
35137
35140
35142
35142
35148
35154
35167
35173
35180
35180
35183
35186
35202
35204
35209
35219
35220
35245
35258
35264
35268
35270
35280
35285
35286
35298
35302
35307
35309
35312
35313
35321
35323
35328
35328
35330
35330
35337
35345
35348
35351
35355
35358
35374
35379
35391
35406
35410
35413
35427
35434
35434
35434
35436
35436
35447
35452
35453
35461
35467
35470
35489
35489
35516
35517
35526
35528
35529
35532
35533
35574
35604
35618
35625
35630
35636
35636
35659
35664
35686
35710
35715
35719
35721
35732
35734
35743
35745
35756
35758
35763
35766
35769
35782
35787
35793
35814
35823
35835
35839
35856
35856
35857
35873
35877
35885
35892
35897
35898
35902
35912
35925
35929
35938
35946
35948
35958
35970
35972
35972
35974
35983
35989
36011
36029
36039
36051
36054
36067
36068
36075
36087
36098
36114
36118
36129
36135
36139
36141
36145
36150
36152
36166
36172
36173
36180
36192
36197
36202
36204
36204
36204
36214
36215
36215
36221
36224
36231
36233
36235
36242
36246
36250
36251
36259
36261
36264
36268
36269
36275
36280
36292
36307
36311
36331
36333
36351
36364
36385
36392
36392
36406
36411
36413
36422
36428
36432
36435
36463
36471
36474
36474
36483
36484
36485
36491
36511
36522
36532
36539
36540
36541
36544
36547
36547
36550
36552
36552
36560
36560
36561
36565
36566
36570
36574
36577
36586
36588
36599
36601
36609
36612
36614
36620
36649
36657
36659
36672
36677
36677
36684
36693
36694
36694
36697
36697
36699
36720
36746
36748
36753
36764
36767
36773
36778
36783
36790
36794
36805
36809
36812
36816
36818
36832
36836
36839
36851
36854
36869
36874
36875
36880
36886
36890
36892
36896
36901
36907
36913
36926
36935
36938
36938
36956
36960
36961
36980
36989
36990
36994
36997
36997
36999
37013
37022
37025
37028
37039
37043
37051
37054
37074
37084
37089
37093
37103
37110
37121
37127
37128
37143
37144
37151
37156
37158
37161
37173
37179
37183
37189
37195
37203
37215
37234
37237
37240
37244
37246
37246
37247
37259
37281
37287
37291
37292
37293
37294
37298
37299
37302
37302
37310
37310
37331
37344
37344
37352
37360
37376
37377
37385
37387
37392
37406
37413
37414
37419
37420
37421
37438
37450
37453
37468
37473
37481
37506
37507
37508
37518
37521
37522
37527
37534
37537
37538
37541
37547
37548
37553
37559
37578
37582
37584
37594
37621
37636
37643
37662
37665
37671
37672
37680
37687
37694
37696
37714
37716
37716
37717
37738
37745
37775
37779
37785
37786
37786
37792
37800
37808
37825
37837
37838
37839
37848
37848
37862
37864
37866
37867
37871
37872
37881
37921
37928
37932
37932
37939
37945
37946
37948
37949
37959
37961
37974
37979
37985
37995
38003
38015
38040
38046
38050
38070
38085
38091
38092
38093
38096
38097
38106
38114
38116
38127
38136
38137
38141
38152
38152
38153
38184
38187
38187
38191
38205
38207
38211
38216
38226
38228
38240
38242
38253
38268
38281
38284
38295
38297
38301
38311
38316
38329
38342
38349
38349
38355
38356
38364
38368
38397
38397
38400
38434
38441
38447
38456
38457
38474
38482
38483
38484
38497
38530
38531
38541
38542
38553
38559
38561
38573
38573
38573
38578
38591
38612
38618
38624
38647
38654
38659
38671
38674
38680
38692
38695
38701
38707
38709
38713
38715
38737
38745
38745
38755
38757
38758
38764
38766
38799
38801
38820
38832
38838
38840
38847
38854
38860
38863
38865
38875
38875
38878
38884
38884
38888
38893
38893
38914
38917
38932
38939
38939
38940
38942
38943
38950
38952
38962
38963
38967
38974
38977
38979
38983
38984
39007
39009
39022
39025
39027
39035
39036
39039
39046
39049
39067
39067
39067
39070
39075
39081
39084
39087
39091
39092
39096
39103
39111
39123
39133
39148
39149
39173
39174
39178
39178
39181
39181
39195
39197
39212
39214
39215
39215
39228
39243
39245
39254
39257
39265
39266
39270
39274
39277
39284
39284
39287
39288
39289
39291
39298
39298
39309
39315
39320
39322
39338
39341
39342
39347
39349
39349
39365
39376
39380
39384
39392
39394
39398
39404
39416
39420
39431
39447
39453
39459
39459
39461
39464
39475
39476
39477
39477
39481
39486
39492
39494
39494
39510
39514
39518
39519
39525
39543
39543
39550
39555
39572
39577
39577
39593
39593
39606
39607
39627
39631
39631
39632
39634
39651
39658
39662
39666
39671
39683
39689
39689
39690
39694
39700
39705
39710
39711
39713
39713
39722
39725
39726
39743
39747
39749
39753
39758
39762
39764
39765
39767
39774
39775
39780
39782
39784
39787
39794
39797
39800
39806
39808
39816
39820
39821
39821
39846
39859
39861
39876
39880
39893
39904
39918
39918
39931
39942
39943
39947
39963
39964
39974
39986
40009
40012
40021
40030
40035
40041
40047
40053
40059
40059
40081
40087
40090
40100
40104
40108
40118
40125
40130
40139
40141
40169
40174
40177
40179
40182
40183
40196
40197
40202
40206
40207
40212
40214
40216
40227
40231
40249
40254
40264
40279
40280
40281
40282
40282
40283
40285
40289
40295
40302
40302
40303
40306
40308
40316
40318
40318
40334
40338
40344
40357
40363
40386
40399
40404
40404
40416
40430
40431
40432
40432
40450
40455
40462
40465
40477
40481
40490
40494
40500
40512
40523
40527
40528
40533
40541
40560
40562
40568
40569
40573
40596
40596
40616
40620
40621
40629
40629
40633
40635
40645
40645
40657
40661
40676
40678
40704
40710
40726
40727
40727
40731
40739
40743
40746
40749
40758
40772
40773
40774
40782
40793
40804
40810
40815
40815
40843
40859
40871
40874
40879
40892
40905
40906
40910
40916
40919
40926
40939
40940
40947
40949
40953
40962
40965
40977
40978
40980
40980
40982
40983
40989
41005
41008
41019
41036
41043
41046
41057
41061
41062
41070
41075
41078
41093
41102
41106
41106
41111
41113
41117
41117
41124
41126
41127
41144
41155
41155
41155
41158
41176
41185
41192
41199
41211
41214
41219
41233
41235
41238
41241
41257
41271
41273
41280
41313
41313
41314
41318
41323
41336
41339
41342
41347
41358
41362
41363
41364
41366
41367
41380
41392
41396
41399
41402
41417
41423
41429
41431
41433
41448
41453
41454
41457
41461
41467
41470
41474
41474
41482
41492
41505
41508
41510
41518
41525
41526
41527
41543
41548
41550
41551
41566
41569
41573
41574
41577
41583
41592
41593
41607
41611
41613
41619
41632
41633
41635
41638
41639
41641
41645
41648
41649
41652
41671
41678
41683
41704
41706
41717
41731
41731
41735
41738
41746
41751
41752
41752
41755
41755
41755
41773
41778
41778
41781
41783
41790
41792
41799
41809
41813
41813
41814
41820
41821
41830
41834
41835
41842
41852
41860
41861
41863
41866
41867
41870
41871
41873
41875
41880
41902
41907
41921
41921
41924
41950
41950
41961
41964
41969
41986
41987
42030
42031
42033
42057
42064
42083
42092
42097
42099
42101
42111
42115
42117
42129
42131
42138
42142
42144
42154
42155
42161
42163
42179
42188
42204
42208
42217
42225
42225
42227
42237
42243
42245
42247
42248
42263
42269
42274
42296
42298
42301
42309
42310
42310
42311
42329
42348
42352
42357
42362
42372
42373
42375
42375
42378
42378
42393
42397
42405
42422
42426
42432
42434
42436
42455
42473
42474
42483
42488
42495
42496
42497
42504
42506
42511
42515
42536
42539
42540
42546
42546
42548
42557
42559
42562
42562
42588
42590
42592
42592
42596
42611
42612
42614
42623
42624
42625
42631
42632
42643
42648
42654
42664
42669
42676
42686
42690
42691
42705
42717
42718
42727
42728
42730
42731
42735
42736
42737
42739
42748
42753
42763
42764
42768
42777
42777
42789
42790
42796
42801
42801
42805
42816
42823
42824
42839
42843
42864
42869
42873
42876
42885
42887
42890
42897
42899
42899
42903
42905
42912
42916
42919
42926
42949
42954
42968
42974
42981
42981
42994
42998
43011
43014
43023
43025
43037
43055
43062
43075
43083
43086
43093
43095
43101
43101
43103
43106
43116
43122
43138
43140
43146
43156
43157
43159
43160
43163
43186
43199
43200
43202
43203
43203
43208
43209
43214
43222
43228
43235
43245
43247
43254
43260
43267
43274
43287
43292
43293
43296
43305
43305
43314
43327
43328
43331
43333
43334
43343
43360
43373
43376
43380
43383
43388
43388
43396
43398
43403
43404
43405
43405
43410
43410
43412
43413
43414
43417
43422
43425
43431
43434
43446
43449
43450
43464
43469
43472
43473
43474
43475
43475
43475
43481
43483
43501
43511
43518
43520
43538
43543
43545
43557
43570
43575
43578
43580
43586
43587
43588
43596
43602
43604
43625
43626
43627
43630
43631
43640
43674
43684
43685
43691
43697
43701
43702
43704
43722
43723
43735
43737
43738
43743
43751
43757
43765
43767
43781
43787
43789
43795
43810
43818
43823
43823
43827
43838
43841
43845
43848
43850
43850
43859
43859
43872
43873
43877
43877
43878
43880
43889
43892
43896
43921
43931
43934
43965
43971
44004
44006
44011
44012
44013
44014
44021
44027
44038
44040
44046
44063
44069
44070
44071
44072
44074
44077
44088
44107
44108
44113
44124
44131
44131
44134
44171
44174
44178
44180
44180
44194
44199
44212
44218
44226
44230
44233
44235
44236
44241
44262
44272
44273
44277
44279
44283
44286
44290
44311
44315
44316
44346
44359
44369
44373
44377
44379
44381
44387
44390
44410
44418
44419
44422
44426
44446
44469
44469
44470
44472
44482
44487
44501
44518
44525
44526
44528
44549
44560
44573
44574
44575
44577
44577
44578
44585
44585
44590
44597
44599
44604
44606
44622
44624
44629
44632
44633
44649
44651
44656
44656
44662
44662
44663
44674
44676
44692
44724
44730
44738
44746
44748
44758
44760
44762
44764
44765
44766
44769
44774
44774
44785
44786
44796
44797
44813
44821
44826
44830
44834
44837
44846
44868
44869
44870
44880
44883
44897
44899
44915
44921
44923
44925
44927
44934
44940
44946
44946
44952
44957
44962
44966
44972
44975
44986
44998
45009
45013
45017
45021
45050
45052
45088
45091
45104
45114
45119
45125
45128
45136
45141
45142
45146
45160
45161
45163
45170
45171
45191
45197
45199
45201
45206
45218
45227
45238
45242
45246
45257
45258
45262
45265
45272
45273
45275
45280
45281
45283
45296
45300
45306
45313
45326
45336
45343
45345
45348
45361
45361
45372
45386
45386
45398
45399
45400
45420
45435
45441
45455
45481
45486
45491
45525
45540
45540
45545
45548
45550
45550
45558
45563
45565
45566
45569
45574
45577
45577
45582
45583
45583
45585
45587
45592
45593
45604
45608
45610
45610
45615
45615
45620
45627
45648
45651
45655
45657
45658
45676
45676
45679
45704
45723
45724
45729
45730
45741
45754
45758
45760
45768
45782
45793
45794
45818
45827
45829
45839
45841
45853
45861
45863
45870
45873
45882
45890
45897
45902
45908
45914
45914
45918
45934
45939
45953
45955
45955
45958
45962
45962
45965
45984
45989
45993
45995
45996
46006
46009
46010
46016
46016
46029
46032
46032
46037
46048
46053
46054
46070
46079
46080
46096
46098
46105
46109
46109
46113
46122
46137
46137
46140
46154
46161
46176
46190
46204
46209
46215
46219
46228
46237
46253
46266
46267
46273
46278
46286
46293
46294
46305
46317
46318
46320
46322
46322
46325
46327
46331
46331
46339
46373
46374
46388
46392
46403
46417
46420
46423
46425
46431
46432
46439
46451
46456
46457
46490
46496
46500
46504
46505
46510
46510
46514
46514
46523
46527
46531
46532
46537
46539
46542
46543
46556
46558
46570
46571
46583
46589
46592
46604
46604
46606
46613
46620
46626
46628
46632
46639
46641
46642
46643
46645
46647
46647
46654
46657
46659
46659
46673
46678
46683
46687
46720
46724
46733
46755
46777
46777
46782
46785
46786
46803
46807
46811
46812
46824
46833
46843
46846
46856
46860
46862
46867
46874
46881
46889
46889
46895
46897
46901
46902
46903
46903
46908
46920
46927
46939
46961
46971
46972
46972
46975
46982
47006
47006
47013
47017
47019
47027
47028
47032
47033
47035
47062
47067
47068
47070
47079
47083
47086
47093
47104
47106
47123
47129
47147
47157
47171
47181
47198
47204
47211
47211
47216
47218
47226
47229
47234
47234
47237
47242
47260
47268
47269
47278
47279
47283
47284
47290
47294
47297
47302
47307
47309
47316
47321
47329
47333
47334
47338
47343
47346
47357
47365
47380
47389
47400
47409
47410
47412
47414
47419
47430
47446
47464
47476
47479
47503
47514
47517
47522
47530
47532
47537
47538
47540
47542
47556
47556
47564
47570
47598
47603
47614
47615
47616
47641
47647
47652
47667
47681
47692
47697
47698
47700
47702
47702
47708
47710
47711
47714
47721
47724
47726
47727
47735
47735
47735
47745
47750
47753
47759
47773
47777
47779
47783
47796
47797
47803
47804
47820
47826
47831
47837
47839
47842
47864
47871
47883
47885
47886
47893
47894
47912
47926
47934
47943
47951
47957
47962
47964
47970
47976
47990
47994
47998
48014
48017
48017
48026
48031
48033
48038
48047
48050
48053
48059
48066
48088
48111
48120
48123
48123
48124
48129
48134
48135
48149
48154
48155
48173
48184
48188
48200
48212
48225
48225
48227
48235
48239
48265
48268
48268
48278
48282
48285
48292
48293
48299
48309
48319
48322
48329
48341
48351
48354
48355
48385
48392
48402
48409
48409
48409
48410
48412
48414
48419
48419
48425
48429
48441
48464
48468
48476
48479
48483
48486
48497
48501
48503
48505
48507
48532
48537
48547
48548
48563
48568
48570
48576
48581
48592
48599
48603
48605
48609
48618
48628
48631
48642
48654
48654
48658
48660
48664
48667
48673
48684
48689
48717
48721
48721
48721
48740
48754
48765
48768
48768
48772
48775
48776
48785
48791
48793
48825
48830
48838
48844
48847
48848
48860
48862
48864
48864
48868
48880
48886
48886
48890
48894
48895
48898
48907
48908
48911
48916
48930
48932
48937
48938
48947
48950
48960
48960
48963
48979
48984
49012
49014
49016
49027
49031
49031
49036
49037
49040
49040
49050
49054
49067
49070
49081
49087
49087
49104
49114
49118
49135
49143
49147
49150
49158
49161
49166
49168
49175
49189
49192
49201
49205
49205
49209
49211
49221
49223
49230
49238
49239
49240
49243
49249
49256
49269
49274
49274
49278
49297
49300
49330
49331
49345
49348
49353
49358
49364
49376
49380
49381
49382
49387
49394
49395
49401
49402
49413
49420
49424
49426
49426
49427
49447
49448
49475
49497
49499
49499
49502
49504
49531
49533
49549
49563
49571
49576
49580
49581
49582
49584
49592
49592
49606
49611
49621
49655
49656
49656
49657
49657
49676
49677
49692
49695
49696
49700
49702
49703
49710
49713
49723
49724
49727
49728
49733
49734
49735
49739
49745
49748
49761
49767
49767
49770
49789
49789
49810
49824
49833
49849
49862
49867
49874
49875
49879
49894
49901
49908
49911
49916
49918
49924
49924
49925
49942
49944
49951
49959
49962
49964
49966
49968
49969
49972
49975
49977
49979
