5
7
46
50
56
71
82
88
89
105
116
183
183
185
190
209
230
234
287
316
329
341
389
428
474
526
532
542
543
572
619
646
656
662
674
678
680
777
779
798
810
818
863
876
880
935
952
953
954
1002
1019
1019
1021
1083
1114
1128
1205
1225
1235
1279
1301
1319
1324
1327
1333
1385
1434
1482
1492
1512
1557
1562
1598
1618
1628
1634
1650
1693
1714
1727
1743
1786
1799
1800
1832
1878
1907
1919
1953
1982
1991
1998
2008
2039
2044
2061
2084
2086
2106
2115
2166
2219
2250
2264
2285
2306
2346
2350
2358
2359
2369
2403
2431
2463
2471
2510
2547
2549
2576
2581
2596
2618
2627
2641
2652
2657
2659
2661
2669
2693
2699
2724
2731
2791
2792
2806
2814
2887
2897
2909
2913
2940
2942
3042
3080
3092
3107
3166
3231
3236
3238
3238
3241
3288
3308
3327
3349
3369
3379
3381
3388
3392
3392
3404
3434
3440
3456
3461
3522
3525
3575
3600
3608
3609
3612
3616
3632
3668
3673
3681
3698
3699
3709
3762
3766
3770
3822
3851
3864
3943
3953
3954
3977
3990
3995
3996
3996
4007
4009
4015
4077
4088
4112
4118
4145
4150
4173
4249
4253
4260
4268
4273
4290
4315
4316
4321
4330
4357
4375
4387
4414
4414
4434
4475
4486
4491
4507
4515
4557
4570
4615
4622
4651
4652
4669
4697
4773
4777
4790
4795
4857
4867
4923
4943
5030
5038
5048
5054
5058
5077
5112
5118
5124
5125
5144
5147
5157
5160
5166
5187
5201
5229
5238
5269
5303
5313
5334
5344
5389
5408
5429
5439
5473
5486
5498
5519
5584
5594
5688
5690
5692
5717
5798
5824
5831
5832
5838
5840
5844
5856
5863
5904
5909
5949
5953
6007
6041
6044
6080
6087
6091
6115
6124
6140
6141
6203
6219
6242
6243
6276
6295
6311
6312
6367
6382
6386
6409
6412
6442
6444
6475
6477
6498
6504
6544
6577
6580
6582
6684
6689
6726
6737
6758
6758
6772
6786
6790
6857
6874
6881
6887
6894
6904
6921
6923
6947
6967
6972
6987
7060
7121
7147
7183
7200
7214
7266
7276
7302
7323
7354
7413
7442
7452
7474
7481
7557
7561
7572
7579
7592
7594
7595
7634
7679
7704
7707
7711
7753
7759
7772
7807
7815
7847
7861
7877
7881
7895
7925
7952
7956
7960
7973
7996
8001
8016
8019
8044
8098
8144
8148
8155
8175
8179
8182
8188
8200
8201
8204
8205
8241
8258
8327
8333
8351
8365
8427
8440
8455
8463
8467
8488
8495
8534
8548
8575
8580
8583
8588
8597
8597
8598
8651
8704
8706
8715
8735
8774
8778
8844
8874
8894
8947
8953
8961
8969
8988
9033
9044
9080
9094
9098
9212
9216
9231
9237
9239
9259
9312
9376
9395
9411
9470
9475
9486
9503
9542
9606
9624
9642
9645
9648
9717
9725
9735
9751
9767
9802
9836
9836
9865
9894
9922
9935
9948
9949
9956
9956
10004
10012
10017
10033
10035
10060
10064
10113
10115
10137
10166
10186
10212
10276
10288
10289
10297
10300
10317
10425
10443
10499
10531
10545
10582
10582
10590
10605
10635
10670
10696
10697
10709
10734
10779
10860
10863
10915
10994
11020
11042
11047
11058
11115
11124
11138
11138
11159
11159
11166
11170
11234
11234
11246
11258
11285
11292
11304
11322
11325
11325
11337
11344
11344
11358
11375
11392
11403
11407
11429
11429
11450
11455
11474
11543
11551
11564
11613
11616
11619
11667
11691
11691
11709
11740
11742
11779
11784
11826
11830
11842
11920
11938
11938
11951
11966
11996
12013
12019
12021
12021
12042
12069
12099
12103
12112
12123
12123
12124
12125
12136
12199
12208
12219
12223
12299
12312
12320
12340
12349
12404
12432
12439
12442
12478
12513
12526
12564
12564
12587
12593
12664
12685
12696
12748
12765
12767
12784
12788
12792
12822
12830
12847
12861
12899
12912
12942
12943
12946
12953
12954
12994
12998
13004
13091
13111
13159
13176
13227
13252
13253
13317
13340
13377
13381
13382
13442
13447
13461
13494
13497
13530
13534
13572
13574
13583
13584
13610
13629
13632
13638
13687
13699
13716
13724
13731
13787
13794
13842
13848
13853
13912
13913
13913
13914
13933
13958
13973
13977
13981
14002
14032
14032
14043
14053
14059
14072
14246
14253
14266
14267
14275
14313
14343
14345
14359
14378
14388
14389
14408
14415
14420
14436
14444
14489
14512
14548
14555
14561
14570
14591
14597
14598
14637
14642
14708
14727
14732
14738
14769
14861
14880
14896
14905
14974
14983
14995
14996
15009
15034
15040
15124
15130
15147
15166
15214
15215
15218
15235
15241
15249
15299
15299
15381
15412
15427
15442
15481
15613
15621
15640
15641
15647
15671
15691
15701
15722
15742
15778
15817
15829
15843
15856
15856
15874
15884
15899
15909
15942
15962
15989
16000
16048
16056
16057
16060
16082
16094
16109
16126
16128
16129
16146
16186
16191
16197
16222
16253
16257
16270
16279
16289
16295
16303
16380
16383
16433
16440
16452
16471
16491
16537
16543
16547
16547
16595
16614
16647
16658
16689
16697
16698
16716
16743
16765
16776
16777
16803
16899
16915
16929
16958
16975
16975
16983
16992
17000
17009
17013
17017
17035
17049
17077
17092
17130
17132
17179
17186
17207
17211
17214
17232
17250
17322
17329
17330
17330
17374
17381
17404
17404
17441
17520
17569
17571
17578
17607
17610
17643
17649
17657
17680
17691
17731
17764
17775
17808
17822
17846
17849
17850
17896
17899
17931
17938
17939
17986
17989
18002
18002
18049
18086
18087
18110
18143
18161
18166
18173
18236
18238
18241
18272
18282
18306
18316
18327
18362
18384
18394
18402
18404
18422
18484
18499
18515
18556
18576
18591
18601
18618
18620
18669
18679
18679
18709
18777
18812
18905
18923
18927
18929
18930
18947
18961
18978
18991
19000
19014
19056
19162
19174
19175
19246
19285
19287
19290
19296
19365
19400
19404
19445
19450
19456
19485
19506
19528
19534
19549
19572
19582
19610
19653
19662
19724
19736
19741
19744
19758
19781
19807
19816
19832
19847
19862
19882
19885
19917
19924
20020
20020
20036
20063
20076
20089
20115
20115
20183
20196
20204
20246
20300
20312
20350
20360
20377
20384
20405
20434
20464
20470
20508
20538
20539
20632
20635
20674
20677
20679
20698
20702
20740
20755
20782
20804
20806
20815
20816
20836
20940
20946
20949
20976
20978
21008
21009
21038
21046
21065
21088
21094
21097
21108
21132
21205
21211
21230
21235
21237
21243
21244
21256
21265
21271
21272
21280
21291
21297
21307
21364
21412
21449
21458
21461
21503
21521
21527
21533
21536
21540
21562
21569
21578
21583
21583
21583
21587
21592
21614
21657
21728
21734
21735
21753
21802
21824
21881
21912
21915
21950
21965
21968
21983
21988
21992
22011
22022
22028
22084
22129
22178
22191
22205
22258
22271
22311
22316
22419
22509
22532
22555
22559
22566
22576
22594
22607
22613
22615
22615
22666
22675
22693
22707
22734
22741
22757
22773
22782
22795
22800
22807
22823
22826
22895
22926
22938
22963
22964
23007
23035
23099
23108
23132
23145
23166
23205
23216
23219
23233
23289
23339
23380
23387
23398
23428
23434
23438
23458
23458
23494
23509
23512
23560
23585
23592
23608
23739
23752
23774
23775
23784
23829
23842
23845
23867
23877
23886
23893
23961
23991
24026
24065
24067
24076
24082
24085
24097
24118
24131
24143
24145
24202
24216
24255
24284
24300
24330
24374
24376
24418
24446
24478
24497
24536
24552
24591
24601
24615
24624
24662
24673
24683
24683
24761
24766
24806
24839
24848
24870
24905
24931
24940
24941
24941
24968
24991
25003
25014
25033
25040
25061
25062
25063
25065
25069
25113
25129
25131
25135
25144
25168
25195
25206
25223
25226
25240
25347
25351
25402
25472
25485
25487
25498
25506
25508
25540
25543
25550
25561
25613
25634
25640
25653
25672
25718
25723
25727
25788
25790
25794
25795
25812
25832
25846
25890
25892
25895
25901
25923
25935
25945
25959
25972
25972
25975
25977
26013
26017
26062
26089
26136
26139
26140
26144
26170
26186
26198
26218
26223
26238
26267
26286
26295
26299
26300
26311
26339
26347
26376
26456
26514
26526
26556
26563
26578
26586
26611
26614
26623
26624
26658
26659
26687
26701
26708
26730
26810
26855
26867
26915
26944
26947
26978
26999
27068
27086
27101
27138
27230
27232
27241
27264
27285
27292
27303
27304
27346
27381
27382
27390
27448
27470
27485
27486
27486
27499
27515
27530
27543
27572
27574
27648
27656
27662
27669
27703
27712
27718
27727
27751
27777
27780
27800
27864
27886
27897
27939
27940
27996
28007
28007
28028
28037
28062
28104
28105
28118
28153
28158
28167
28197
28224
28234
28267
28304
28346
28392
28398
28405
28419
28454
28489
28530
28547
28570
28617
28628
28633
28662
28685
28707
28715
28728
28760
28796
28828
28852
28859
28862
28869
28890
28912
28926
28944
28946
28950
29052
29084
29087
29117
29125
29127
29157
29171
29196
29244
29272
29273
29276
29286
29286
29303
29322
29374
29382
29385
29396
29407
29421
29440
29449
29465
29483
29543
29560
29564
29569
29617
29646
29647
29679
29720
29731
29828
29866
29894
29900
29907
29918
29929
29993
29993
30007
30019
30042
30067
30085
30093
30094
30102
30111
30172
30192
30200
30230
30237
30241
30272
30284
30306
30312
30490
30538
30561
30577
30590
30600
30630
30662
30670
30715
30804
30805
30835
30855
30862
30880
30886
30914
30916
30918
30930
30949
30963
30970
30973
31048
31057
31092
31124
31167
31218
31245
31257
31275
31278
31281
31298
31359
31379
31434
31475
31475
31487
31614
31653
31664
31683
31702
31748
31751
31753
31773
31816
31817
31903
31950
31960
31973
31974
31977
31988
32006
32029
32085
32090
32116
32119
32125
32141
32170
32197
32209
32209
32220
32255
32272
32282
32284
32301
32309
32345
32351
32354
32393
32401
32412
32433
32460
32489
32490
32506
32539
32549
32585
32614
32616
32628
32648
32654
32657
32691
32709
32716
32792
32829
32833
32840
32845
32860
32861
32863
32870
32889
32893
32928
32930
32942
32968
32970
32975
32983
33006
33019
33026
33045
33049
33052
33055
33111
33148
33156
33177
33201
33204
33212
33216
33222
33228
33249
33265
33317
33324
33393
33459
33481
33511
33545
33557
33569
33599
33604
33615
33649
33683
33691
33699
33726
33727
33732
33756
33778
33837
33854
33855
33882
33926
33931
33985
34019
34066
34067
34079
34084
34120
34121
34121
34144
34147
34175
34178
34200
34277
34284
34295
34295
34310
34312
34375
34385
34434
34455
34459
34462
34468
34507
34507
34535
34545
34558
34603
34626
34659
34714
34715
34723
34775
34796
34828
34829
34839
34844
34844
34877
34889
34896
34999
35004
35012
35052
35067
35069
35091
35110
35156
35164
35170
35183
35216
35222
35292
35396
35406
35414
35463
35468
35475
35476
35485
35523
35525
35573
35593
35605
35621
35653
35670
35679
35685
35726
35744
35748
35750
35756
35766
35785
35812
35814
35831
35847
35848
35849
35857
35873
35909
35923
35943
36008
36022
36027
36040
36045
36045
36049
36102
36118
36130
36168
36183
36225
36250
36261
36276
36287
36317
36330
36378
36382
36389
36390
36409
36415
36419
36430
36430
36467
36497
36505
36509
36520
36534
36551
36613
36631
36654
36666
36700
36717
36733
36743
36748
36753
36848
36863
36864
36870
36880
36884
36913
36917
36926
36927
36928
36934
36969
37012
37018
37031
37032
37056
37124
37141
37145
37169
37171
37181
37216
37218
37259
37278
37283
37288
37323
37336
37336
37357
37362
37364
37415
37423
37428
37436
37439
37443
37487
37495
37543
37557
37574
37601
37606
37612
37622
37627
37661
37666
37704
37734
37737
37737
37746
37767
37788
37805
37826
37833
37840
37922
37924
37950
37958
37971
37998
38057
38062
38078
38087
38090
38114
38173
38190
38195
38213
38221
38332
38339
38374
38380
38385
38441
38453
38464
38469
38478
38520
38588
38630
38655
38672
38676
38681
38708
38710
38732
38736
38748
38752
38763
38773
38816
38870
38871
38917
38921
38979
39023
39041
39051
39065
39068
39083
39106
39118
39145
39160
39162
39169
39218
39239
39241
39295
39341
39361
39377
39383
39383
39387
39426
39443
39485
39490
39504
39506
39511
39511
39527
39549
39587
39608
39627
39633
39640
39675
39706
39713
39715
39719
39730
39734
39736
39748
39752
39763
39776
39776
39779
39814
39819
39900
39923
39924
39941
39959
39978
39999
40013
40014
40047
40087
40122
40133
40168
40169
40174
40200
40216
40271
40273
40293
40313
40351
40363
40386
40421
40434
40468
40484
40521
40522
40534
40573
40589
40615
40617
40628
40629
40650
40656
40671
40688
40697
40709
40764
40788
40790
40793
40795
40807
40855
40876
40889
40896
40909
40949
40955
40984
40984
41062
41126
41170
41185
41212
41291
41295
41336
41344
41448
41464
41469
41491
41498
41582
41653
41675
41675
41727
41766
41774
41798
41799
41842
41853
41918
41926
41933
41938
41966
41999
42018
42034
42036
42061
42132
42193
42198
42234
42244
42246
42253
42259
42280
42282
42282
42285
42305
42318
42326
42349
42365
42409
42419
42419
42421
42462
42478
42511
42513
42515
42553
42558
42578
42591
42591
42597
42614
42643
42664
42691
42693
42734
42770
42771
42783
42816
42885
42898
42902
42932
42933
42944
42955
42955
42989
43049
43080
43081
43095
43123
43140
43158
43165
43188
43201
43212
43250
43271
43345
43349
43432
43458
43465
43475
43476
43488
43552
43601
43613
43631
43633
43683
43693
43719
43721
43731
43739
43741
43773
43809
43830
43837
43899
43900
43901
43905
43909
43911
43911
43970
43981
44031
44033
44059
44065
44067
44113
44121
44140
44165
44202
44238
44263
44293
44309
44349
44364
44387
44416
44445
44447
44476
44496
44515
44529
44533
44542
44637
44656
44677
44689
44715
44722
44725
44731
44754
44758
44803
44804
44821
44823
44857
44878
44907
44909
44941
44949
44950
44969
44973
44982
44986
45002
45003
45018
45095
45109
45134
45145
45146
45159
45208
45232
45269
45281
45304
45313
45331
45388
45461
45469
45494
45516
45551
45558
45562
45596
45604
45631
45642
45674
45701
45729
45795
45819
45822
45823
45856
45939
45944
45947
45970
46014
46059
46073
46074
46081
46103
46120
46128
46150
46162
46164
46183
46184
46190
46209
46244
46245
46257
46311
46330
46353
46365
46378
46410
46416
46430
46452
46461
46490
46506
46513
46525
46570
46584
46612
46636
46638
46640
46640
46641
46644
46731
46778
46779
46812
46844
46855
46889
46919
46931
46932
46936
46942
46942
47041
47066
47083
47121
47131
47133
47141
47151
47199
47200
47238
47250
47279
47280
47319
47359
47365
47368
47389
47401
47410
47445
47453
47465
47480
47512
47512
47539
47561
47575
47629
47643
47665
47675
47683
47691
47732
47758
47794
47795
47847
47900
48001
48030
48118
48141
48146
48166
48188
48189
48218
48247
48252
48272
48284
48296
48321
48343
48364
48416
48421
48425
48486
48503
48521
48524
48536
48538
48553
48584
48598
48605
48658
48677
48730
48732
48776
48784
48785
48792
48800
48868
48872
48891
48924
48933
48955
49002
49006
49014
49015
49017
49018
49051
49093
49097
49122
49127
49144
49174
49212
49280
49286
49310
49341
49347
49347
49349
49363
49369
49425
49494
49521
49539
49554
49558
49596
49599
49610
49638
49680
49689
49702
49704
49720
49752
49755
49783
49801
49810
49846
49854
49857
49927
49939
49953
49981
49984
49984
