31
52
88
145
153
185
194
230
236
251
262
263
278
281
315
327
359
399
451
471
494
498
530
607
616
636
640
839
840
840
842
848
899
930
958
1105
1125
1154
1158
1164
1177
1208
1251
1320
1329
1386
1410
1420
1463
1503
1509
1519
1546
1550
1574
1580
1595
1597
1601
1617
1659
1689
1694
1742
1750
1758
1769
1849
1854
1864
1873
1878
1900
1930
1976
1989
2024
2024
2039
2122
2147
2172
2205
2232
2249
2286
2293
2303
2323
2407
2429
2432
2442
2454
2472
2505
2585
2591
2671
2680
2685
2690
2700
2722
2724
2735
2738
2740
2751
2759
2767
2785
2787
2802
2810
2812
2847
2853
2868
2913
2915
2929
2968
2998
3001
3005
3080
3081
3132
3135
3149
3164
3192
3206
3256
3267
3272
3309
3329
3332
3386
3387
3443
3488
3497
3505
3513
3513
3515
3515
3550
3563
3565
3574
3652
3660
3750
3759
3760
3805
3832
3897
3898
3922
3946
4018
4041
4053
4072
4081
4085
4095
4145
4169
4179
4220
4278
4279
4300
4313
4335
4344
4388
4393
4399
4461
4493
4500
4506
4514
4524
4539
4559
4560
4578
4638
4649
4683
4689
4695
4709
4739
4805
4834
4857
4860
4870
4886
4893
4924
4942
5000
5012
5024
5037
5096
5115
5177
5184
5194
5212
5220
5265
5275
5297
5303
5315
5322
5344
5346
5399
5405
5429
5463
5475
5480
5508
5523
5546
5549
5562
5611
5656
5684
5701
5712
5715
5734
5773
5773
5813
5840
5841
5871
5925
5926
5956
5972
6002
6079
6090
6106
6161
6169
6214
6216
6222
6225
6287
6353
6354
6374
6457
6467
6532
6533
6583
6588
6604
6625
6640
6755
6770
6824
6922
6933
6958
6990
6995
7041
7050
7077
7080
7148
7171
7179
7192
7224
7246
7250
7275
7293
7330
7343
7344
7357
7369
7426
7459
7473
7477
7489
7501
7514
7540
7545
7553
7556
7563
7573
7605
7606
7646
7661
7666
7674
7675
7699
7717
7759
7763
7824
7841
7877
7882
7897
7899
7945
7976
7987
8006
8013
8156
8230
8290
8303
8357
8362
8364
8396
8412
8467
8479
8481
8508
8512
8547
8580
8594
8604
8645
8680
8734
8734
8744
8746
8805
8863
8913
8933
8939
8967
8975
8979
9018
9050
9055
9111
9151
9157
9161
9169
9192
9203
9206
9218
9220
9224
9271
9276
9300
9330
9347
9347
9388
9417
9428
9432
9457
9515
9537
9557
9579
9605
9638
9667
9682
9728
9791
9808
9870
9881
9892
9901
9922
9936
9938
9971
9972
9974
9979
10030
10050
10079
10104
10108
10128
10140
10147
10184
10210
10325
10326
10355
10423
10453
10491
10495
10497
10514
10593
10610
10623
10626
10627
10703
10762
10817
10854
10895
10905
10926
10936
10964
10981
10981
10983
11013
11034
11046
11047
11056
11060
11076
11121
11134
11204
11221
11232
11273
11325
11359
11373
11387
11424
11463
11497
11537
11539
11557
11585
11602
11610
11700
11739
11813
11829
11849
11877
11880
11882
11887
11897
11909
11912
11917
11939
11941
12012
12028
12055
12077
12077
12088
12129
12168
12196
12213
12221
12238
12241
12242
12265
12288
12302
12334
12357
12358
12398
12444
12469
12573
12574
12580
12616
12623
12629
12645
12662
12665
12670
12678
12716
12735
12740
12758
12761
12770
12787
12794
12797
12826
12845
12865
12883
12905
12953
12963
12975
13028
13117
13149
13156
13193
13203
13213
13215
13219
13228
13256
13261
13267
13296
13331
13351
13415
13443
13452
13468
13499
13515
13527
13538
13566
13582
13633
13637
13645
13664
13675
13676
13680
13842
13852
13873
13879
13881
13889
13931
13931
13958
13993
14117
14164
14200
14211
14216
14221
14225
14261
14265
14268
14317
14335
14366
14388
14395
14451
14483
14485
14488
14502
14535
14564
14574
14575
14596
14612
14615
14626
14640
14643
14660
14709
14726
14748
14765
14814
14817
14822
14826
14858
14861
14869
14892
14894
14909
14912
14954
14983
15027
15038
15040
15055
15064
15074
15101
15101
15111
15118
15123
15131
15136
15137
15152
15159
15178
15233
15237
15270
15276
15277
15289
15305
15373
15394
15398
15403
15430
15433
15441
15454
15459
15514
15521
15545
15560
15570
15586
15587
15596
15607
15638
15720
15750
15779
15786
15824
15830
15844
15850
15857
15868
15905
15914
15926
15936
15991
16012
16066
16076
16117
16125
16155
16169
16170
16171
16182
16189
16225
16301
16356
16385
16385
16407
16410
16455
16464
16465
16467
16486
16489
16496
16508
16530
16547
16559
16585
16585
16616
16653
16675
16678
16721
16770
16803
16863
16939
16963
16973
17006
17016
17017
17028
17084
17137
17152
17229
17239
17322
17322
17466
17474
17512
17518
17527
17548
17559
17561
17601
17620
17686
17693
17713
17718
17736
17740
17749
17822
17822
17841
17849
17874
17899
17920
17944
18019
18043
18102
18110
18131
18134
18140
18190
18190
18198
18200
18211
18225
18303
18340
18357
18419
18431
18434
18445
18457
18458
18522
18526
18543
18544
18547
18563
18571
18619
18643
18661
18686
18690
18694
18711
18809
18817
18819
18828
18844
18869
18871
18929
18944
18957
18960
18972
19023
19025
19077
19126
19129
19137
19176
19227
19249
19292
19308
19325
19332
19340
19498
19529
19529
19613
19621
19690
19692
19701
19721
19745
19746
19751
19832
19854
19893
19902
19904
19913
19914
19925
19927
19929
19955
19991
20103
20125
20126
20144
20145
20158
20191
20195
20214
20237
20249
20252
20258
20259
20273
20279
20285
20286
20292
20311
20375
20398
20474
20500
20510
20575
20577
20596
20603
20681
20700
20705
20725
20742
20754
20791
20817
20819
20830
20884
20914
20914
20928
20936
20937
20941
20976
20992
20996
20999
21022
21024
21045
21058
21062
21087
21206
21210
21224
21257
21277
21302
21305
21312
21318
21320
21333
21333
21359
21387
21402
21427
21461
21468
21536
21537
21568
21587
21589
21593
21629
21631
21649
21660
21667
21689
21698
21708
21714
21714
21728
21728
21731
21738
21801
21806
21847
21874
21875
21881
21919
21921
21925
21926
21953
21967
21999
22014
22028
22035
22086
22122
22139
22143
22199
22216
22221
22222
22261
22288
22288
22306
22319
22327
22337
22345
22348
22356
22359
22426
22497
22517
22579
22592
22594
22599
22625
22630
22684
22698
22705
22715
22730
22756
22808
22815
22841
22861
22875
22892
22906
22986
22993
23015
23025
23034
23050
23068
23085
23137
23145
23177
23203
23263
23270
23284
23295
23301
23366
23400
23407
23410
23413
23429
23455
23464
23499
23516
23534
23546
23560
23589
23596
23622
23676
23685
23716
23750
23755
23756
23763
23808
23813
23840
23850
23867
23878
23897
23910
23967
23967
23986
24013
24050
24057
24108
24127
24144
24152
24173
24211
24224
24231
24242
24266
24292
24316
24330
24358
24385
24419
24435
24474
24474
24510
24534
24598
24674
24758
24761
24765
24766
24766
24767
24769
24809
24839
24876
24932
24994
25010
25016
25024
25047
25055
25092
25105
25117
25174
25177
25216
25218
25229
25241
25250
25273
25282
25301
25316
25318
25335
25336
25366
25446
25451
25453
25462
25491
25499
25520
25554
25569
25589
25677
25691
25699
25717
25723
25726
25763
25770
25846
25853
25862
25878
25900
25913
25943
25949
25957
25961
25984
25992
25993
26005
26011
26015
26059
26077
26137
26166
26168
26207
26227
26241
26244
26286
26293
26298
26317
26335
26375
26377
26386
26390
26410
26434
26447
26464
26466
26502
26527
26549
26567
26591
26633
26637
26646
26654
26687
26701
26727
26741
26752
26765
26768
26810
26858
26863
26913
26969
26995
27053
27077
27109
27158
27159
27176
27182
27189
27251
27256
27268
27291
27292
27299
27303
27312
27317
27318
27321
27347
27352
27371
27373
27393
27402
27479
27523
27546
27557
27565
27620
27673
27682
27683
27688
27696
27762
27764
27776
27785
27810
27810
27831
27832
27851
27869
27981
27998
28004
28010
28045
28062
28066
28081
28105
28153
28171
28199
28207
28219
28246
28280
28284
28317
28345
28346
28348
28372
28400
28425
28524
28538
28577
28611
28614
28644
28654
28678
28680
28693
28713
28742
28758
28768
28790
28840
28872
28891
28904
28949
28989
29036
29046
29133
29152
29201
29224
29224
29291
29302
29315
29333
29349
29373
29387
29421
29446
29450
29487
29498
29580
29600
29618
29623
29649
29653
29661
29694
29731
29766
29773
29774
29778
29826
29838
29841
29862
29885
29976
30015
30031
30057
30076
30100
30134
30165
30176
30189
30198
30210
30232
30233
30242
30256
30278
30282
30285
30285
30326
30355
30362
30380
30385
30385
30405
30457
30464
30523
30524
30596
30630
30633
30642
30672
30676
30689
30699
30762
30780
30805
30816
30864
30885
30895
30924
30936
30951
30967
31002
31047
31051
31054
31065
31082
31097
31107
31154
31180
31182
31246
31250
31255
31262
31271
31274
31328
31343
31370
31394
31397
31426
31440
31475
31518
31536
31587
31594
31657
31664
31679
31739
31779
31810
31826
31827
31847
31859
31937
31963
32044
32122
32146
32170
32205
32226
32240
32252
32299
32320
32320
32362
32367
32370
32390
32414
32428
32445
32462
32499
32537
32538
32576
32611
32614
32620
32638
32668
32683
32747
32753
32835
32836
32838
32912
32923
32929
32943
32971
32996
33001
33015
33025
33026
33039
33051
33088
33093
33109
33142
33142
33144
33187
33244
33245
33246
33322
33334
33391
33391
33418
33447
33468
33471
33502
33513
33515
33524
33526
33548
33553
33570
33584
33594
33600
33604
33609
33617
33627
33644
33646
33660
33683
33689
33715
33738
33782
33785
33788
33792
33840
33855
33858
33909
33929
33951
34007
34017
34024
34050
34080
34099
34126
34316
34369
34423
34433
34471
34475
34508
34524
34542
34550
34555
34569
34606
34635
34638
34657
34664
34665
34673
34709
34715
34748
34770
34777
34804
34817
34879
34886
34904
34920
34925
34964
34973
34978
34986
35003
35006
35047
35055
35064
35099
35111
35140
35187
35205
35283
35285
35293
35306
35346
35361
35365
35365
35368
35401
35414
35440
35512
35543
35551
35552
35552
35578
35607
35624
35663
35672
35693
35698
35717
35718
35737
35750
35759
35780
35783
35790
35798
35804
35820
35821
35832
35847
35852
35858
35895
35899
35903
35908
35913
35924
35925
35982
36041
36072
36074
36104
36112
36191
36203
36240
36242
36275
36276
36292
36294
36338
36355
36444
36483
36503
36509
36522
36523
36525
36556
36597
36607
36643
36664
36666
36716
36724
36745
36749
36765
36767
36776
36792
36817
36818
36837
36839
36859
36905
36908
36922
36943
36950
36970
36983
37002
37005
37017
37049
37058
37081
37084
37085
37106
37111
37112
37154
37220
37237
37241
37250
37323
37337
37363
37376
37399
37409
37423
37432
37439
37461
37471
37552
37595
37618
37661
37688
37766
37804
37813
37829
37895
37939
37956
37980
38007
38022
38085
38108
38149
38152
38160
38201
38240
38296
38318
38320
38347
38377
38386
38388
38413
38416
38462
38510
38511
38512
38514
38573
38590
38595
38667
38701
38728
38781
38820
38889
38894
38909
38922
38985
39018
39046
39051
39065
39081
39104
39114
39116
39165
39179
39198
39230
39234
39234
39271
39290
39365
39397
39416
39438
39442
39474
39502
39507
39621
39635
39635
39643
39653
39658
39659
39722
39724
39813
39867
39938
39959
39977
40011
40040
40120
40181
40199
40276
40288
40293
40320
40367
40389
40412
40414
40431
40441
40492
40517
40538
40544
40664
40670
40690
40695
40702
40737
40760
40777
40783
40784
40808
40871
40898
40901
40923
40944
40945
40976
40984
41050
41153
41183
41190
41193
41221
41236
41267
41296
41298
41314
41350
41371
41464
41473
41495
41510
41575
41576
41628
41645
41746
41753
41787
41800
41828
41847
41867
41874
41874
41890
41901
41910
41938
41967
41978
41998
42027
42095
42114
42117
42133
42172
42175
42226
42236
42248
42251
42259
42286
42340
42434
42437
42488
42499
42595
42636
42644
42671
42702
42708
42752
42837
42838
42893
42941
42946
42951
42953
43020
43036
43059
43134
43159
43161
43197
43211
43221
43222
43242
43262
43264
43288
43297
43301
43378
43389
43426
43427
43462
43499
43510
43517
43564
43569
43572
43639
43672
43687
43691
43751
43771
43780
43809
43824
43832
43835
43849
43890
43894
43904
43928
43975
44004
44007
44037
44051
44063
44104
44113
44128
44148
44154
44167
44194
44213
44217
44219
44245
44257
44321
44321
44329
44375
44389
44403
44426
44456
44488
44515
44547
44588
44594
44604
44676
44689
44716
44717
44753
44777
44822
44864
44941
44954
45010
45055
45071
45074
45084
45095
45134
45134
45213
45220
45262
45264
45339
45375
45380
45405
45463
45549
45558
45587
45593
45631
45640
45681
45687
45721
45794
45811
45849
45852
45872
45891
45916
45940
45985
45993
45998
46019
46048
46064
46124
46139
46154
46250
46251
46259
46297
46312
46329
46333
46334
46339
46345
46386
46397
46421
46451
46455
46456
46505
46525
46560
46567
46569
46603
46634
46674
46683
46698
46744
46771
46799
46799
46838
46860
46864
46882
46892
46899
46911
46931
46971
47007
47034
47047
47057
47083
47087
47116
47147
47172
47180
47193
47215
47221
47232
47255
47273
47322
47323
47324
47340
47354
47385
47417
47429
47462
47473
47476
47488
47491
47521
47522
47528
47538
47586
47596
47600
47628
47629
47629
47642
47643
47653
47655
47685
47710
47735
47742
47801
47840
47841
47886
47936
47943
47974
47993
48048
48125
48127
48128
48148
48150
48160
48173
48180
48187
48191
48214
48238
48238
48260
48312
48330
48342
48367
48370
48409
48423
48433
48467
48486
48492
48527
48549
48587
48591
48603
48617
48621
48633
48648
48657
48665
48675
48687
48706
48729
48738
48816
48877
48879
48889
48895
48907
48916
48934
48943
48944
48949
48950
48959
48964
48969
48995
49110
49130
49165
49173
49189
49197
49202
49208
49221
49249
49286
49310
49332
49355
49363
49381
49381
49382
49410
49439
49467
49475
49477
49521
49539
49589
49645
49651
49653
49665
49666
49674
49699
49736
49744
49782
49844
49859
49880
49952
49970
