4
9
11
17
51
55
65
72
109
115
117
120
126
133
146
150
158
185
224
247
271
272
279
323
330
362
382
384
402
406
441
449
477
478
511
519
557
594
608
636
683
690
692
707
715
716
720
736
743
754
760
782
825
825
834
910
912
923
927
931
931
965
973
1005
1049
1055
1067
1094
1103
1122
1133
1198
1222
1222
1231
1257
1267
1293
1297
1316
1339
1342
1351
1351
1380
1396
1442
1464
1466
1479
1517
1549
1570
1581
1606
1666
1678
1687
1700
1707
1729
1731
1748
1765
1779
1780
1796
1800
1805
1809
1815
1843
1872
1890
1973
1993
2001
2004
2023
2116
2148
2169
2180
2203
2210
2221
2223
2277
2289
2322
2362
2365
2374
2383
2399
2492
2520
2530
2558
2578
2624
2632
2633
2640
2643
2662
2665
2669
2679
2680
2694
2713
2716
2716
2719
2731
2762
2774
2809
2827
2856
2860
2869
2877
2878
2894
2897
2901
2910
2925
2959
2966
2973
2979
2982
2998
3001
3006
3034
3038
3055
3055
3058
3086
3108
3117
3139
3144
3145
3163
3179
3200
3217
3217
3220
3244
3253
3270
3272
3309
3327
3335
3339
3346
3388
3389
3396
3408
3413
3416
3418
3427
3434
3453
3462
3493
3496
3497
3514
3525
3526
3533
3538
3544
3555
3560
3576
3578
3580
3599
3600
3601
3609
3615
3646
3761
3779
3787
3813
3837
3843
3847
3876
3887
3900
3904
3928
3937
3954
3956
3962
3966
3980
3983
4009
4013
4019
4025
4031
4042
4062
4065
4080
4090
4123
4125
4142
4146
4146
4161
4173
4191
4228
4228
4237
4240
4241
4257
4260
4270
4313
4374
4406
4424
4425
4438
4444
4455
4465
4473
4501
4568
4580
4587
4601
4621
4624
4625
4645
4649
4674
4687
4715
4727
4745
4754
4786
4826
4829
4830
4845
4847
4866
4867
4894
4917
4920
4943
4968
4982
4989
5000
5027
5046
5058
5060
5072
5135
5137
5153
5162
5180
5183
5221
5225
5231
5280
5282
5290
5294
5314
5322
5326
5331
5340
5345
5401
5409
5415
5415
5418
5424
5431
5456
5466
5492
5494
5496
5501
5514
5521
5526
5528
5547
5547
5563
5577
5578
5589
5592
5606
5616
5644
5682
5684
5700
5715
5716
5726
5727
5759
5771
5775
5786
5786
5804
5882
5896
5914
5920
5932
5939
5952
5955
5988
6003
6008
6015
6026
6031
6036
6057
6064
6091
6092
6094
6141
6141
6142
6165
6179
6185
6233
6233
6277
6288
6289
6289
6294
6332
6349
6355
6363
6381
6390
6404
6408
6442
6449
6487
6503
6504
6513
6560
6561
6565
6592
6609
6640
6654
6670
6685
6701
6717
6718
6726
6746
6800
6815
6820
6821
6837
6873
6880
6907
6908
6925
6944
6957
6975
7005
7013
7016
7018
7074
7088
7117
7128
7197
7215
7231
7247
7263
7265
7303
7305
7308
7330
7334
7336
7359
7383
7388
7410
7411
7413
7414
7434
7454
7483
7509
7533
7537
7551
7556
7567
7590
7608
7609
7622
7629
7632
7634
7664
7669
7680
7693
7741
7741
7777
7780
7792
7794
7830
7839
7843
7844
7847
7876
7896
7909
7961
7993
7995
8011
8013
8016
8024
8049
8052
8057
8071
8077
8080
8082
8091
8111
8116
8122
8161
8203
8204
8207
8215
8248
8261
8269
8271
8289
8291
8389
8416
8462
8489
8492
8499
8499
8501
8538
8541
8543
8581
8624
8636
8638
8653
8670
8701
8708
8708
8718
8729
8781
8801
8869
8874
8881
8896
8908
8909
8910
8917
8947
8969
8989
9002
9003
9018
9022
9036
9082
9092
9112
9131
9176
9190
9199
9204
9216
9226
9228
9228
9276
9282
9319
9320
9323
9347
9367
9393
9409
9425
9441
9459
9482
9491
9531
9542
9544
9560
9561
9562
9594
9615
9622
9653
9653
9659
9696
9697
9788
9816
9826
9842
9846
9862
9870
9880
9885
9889
9896
9903
9903
9908
9926
9941
9968
9986
9994
9999
10004
10011
10022
10036
10089
10109
10111
10115
10133
10138
10141
10170
10176
10200
10209
10245
10277
10280
10309
10335
10339
10344
10360
10367
10368
10374
10376
10379
10384
10401
10416
10422
10427
10434
10455
10465
10484
10539
10555
10573
10576
10610
10616
10623
10655
10671
10691
10698
10705
10711
10712
10735
10770
10778
10779
10779
10783
10802
10835
10835
10845
10915
10919
10934
10937
10941
10942
10977
11015
11020
11023
11034
11041
11046
11086
11089
11090
11137
11158
11166
11201
11221
11230
11290
11295
11303
11317
11322
11355
11360
11398
11405
11435
11445
11452
11459
11467
11488
11588
11590
11595
11597
11619
11628
11634
11644
11654
11667
11704
11717
11749
11751
11757
11759
11763
11769
11778
11788
11794
11802
11804
11812
11854
11855
11857
11857
11864
11877
11904
11919
11921
11945
11946
11950
11952
11960
11967
11997
12003
12031
12113
12118
12141
12165
12170
12173
12183
12189
12197
12214
12219
12258
12258
12331
12332
12348
12361
12402
12417
12432
12439
12455
12458
12516
12530
12540
12547
12569
12593
12635
12652
12655
12656
12688
12730
12761
12774
12775
12779
12783
12819
12821
12834
12843
12851
12895
12923
12944
12993
13027
13028
13048
13072
13093
13179
13185
13187
13189
13198
13201
13258
13273
13277
13293
13303
13314
13316
13325
13360
13372
13380
13388
13388
13397
13433
13454
13493
13494
13509
13529
13531
13543
13547
13548
13583
13585
13610
13629
13646
13646
13670
13698
13708
13717
13723
13747
13759
13778
13796
13857
13885
13887
13904
13930
13949
13962
13983
14034
14058
14080
14125
14135
14146
14173
14185
14190
14196
14206
14230
14302
14341
14351
14355
14359
14367
14373
14405
14418
14456
14484
14493
14508
14523
14530
14532
14571
14581
14583
14597
14622
14626
14655
14724
14737
14758
14758
14774
14798
14813
14814
14819
14840
14843
14843
14846
14882
14886
14904
14921
14923
14936
14951
15006
15017
15029
15076
15077
15080
15082
15206
15213
15221
15245
15264
15280
15303
15312
15315
15323
15329
15329
15358
15365
15366
15392
15425
15440
15455
15461
15464
15478
15547
15552
15573
15581
15587
15587
15603
15654
15658
15666
15666
15683
15743
15760
15763
15817
15840
15841
15860
15869
15873
15914
15933
15934
15960
15971
15975
15983
15984
16033
16034
16039
16051
16062
16069
16114
16136
16177
16198
16209
16227
16263
16270
16292
16319
16325
16348
16369
16382
16382
16396
16402
16403
16424
16443
16443
16449
16476
16487
16519
16541
16553
16557
16557
16565
16576
16585
16599
16609
16617
16621
16630
16633
16634
16669
16681
16682
16687
16712
16714
16763
16769
16824
16838
16868
16876
16882
16887
16888
16896
16910
16926
16944
16968
16972
16995
17002
17022
17037
17049
17051
17053
17066
17084
17121
17146
17149
17157
17165
17177
17198
17207
17214
17283
17298
17342
17372
17378
17403
17403
17405
17405
17410
17430
17434
17446
17451
17455
17464
17473
17475
17486
17506
17534
17539
17549
17606
17609
17614
17624
17664
17678
17683
17704
17735
17754
17788
17798
17847
17870
17890
17894
17904
17911
17933
17939
17944
17948
17965
18000
18017
18021
18035
18052
18076
18095
18099
18166
18173
18178
18205
18207
18228
18251
18270
18270
18288
18312
18317
18335
18350
18355
18359
18375
18399
18407
18420
18433
18433
18467
18534
18541
18573
18579
18582
18590
18594
18604
18609
18615
18634
18644
18653
18659
18672
18678
18680
18682
18687
18691
18743
18745
18761
18764
18765
18818
18819
18821
18832
18835
18849
18863
18874
18879
18883
18890
18900
18933
18949
18956
18972
18973
18984
18996
19006
19011
19023
19025
19026
19031
19045
19068
19100
19119
19137
19168
19191
19203
19209
19212
19242
19246
19281
19283
19286
19328
19342
19345
19351
19352
19355
19356
19367
19378
19389
19418
19446
19454
19473
19486
19509
19515
19517
19534
19534
19564
19567
19572
19575
19590
19590
19614
19616
19623
19651
19674
19703
19752
19755
19771
19774
19777
19787
19832
19837
19864
19868
19907
19934
19943
19949
19961
19989
20060
20096
20098
20106
20126
20176
20179
20200
20288
20298
20303
20340
20342
20349
20349
20399
20402
20405
20410
20438
20446
20479
20486
20584
20586
20605
20625
20626
20656
20657
20675
20685
20720
20759
20759
20768
20775
20776
20796
20805
20818
20838
20856
20867
20868
20868
20876
20877
20884
20900
20934
20940
21002
21007
21017
21036
21067
21067
21073
21081
21098
21106
21107
21110
21127
21147
21153
21159
21175
21224
21263
21264
21273
21288
21299
21338
21381
21388
21399
21439
21445
21453
21473
21478
21484
21555
21576
21581
21584
21593
21601
21605
21609
21621
21659
21711
21717
21729
21731
21733
21735
21810
21814
21823
21831
21834
21845
21909
21915
21921
21943
21946
21953
21957
21962
22005
22009
22043
22059
22121
22163
22169
22179
22182
22188
22237
22247
22248
22266
22282
22283
22291
22316
22323
22333
22401
22407
22409
22413
22430
22462
22474
22522
22533
22539
22540
22572
22577
22615
22675
22677
22680
22696
22703
22709
22728
22785
22796
22803
22818
22822
22825
22840
22853
22859
22879
22883
22895
22902
22916
22935
22942
22943
22958
22959
22965
23003
23003
23047
23047
23059
23094
23125
23147
23151
23157
23178
23186
23194
23201
23255
23255
23262
23286
23309
23316
23318
23332
23337
23344
23346
23352
23357
23364
23382
23382
23391
23418
23421
23438
23442
23479
23492
23498
23519
23535
23566
23581
23589
23603
23634
23642
23654
23667
23683
23689
23708
23711
23759
23761
23770
23773
23785
23807
23847
23854
23901
23901
23903
23924
23928
23951
23953
23953
23963
23966
23970
23987
24021
24021
24038
24075
24081
24101
24106
24152
24157
24157
24165
24181
24196
24229
24238
24269
24270
24276
24292
24312
24329
24343
24345
24350
24382
24424
24433
24445
24449
24460
24466
24531
24537
24574
24574
24593
24615
24622
24631
24634
24638
24659
24668
24699
24700
24711
24718
24732
24769
24806
24811
24814
24817
24822
24845
24863
24874
24888
24888
24903
24920
24956
24957
24957
24970
25009
25011
25049
25099
25100
25107
25116
25119
25121
25154
25165
25185
25188
25199
25215
25224
25232
25233
25246
25254
25258
25264
25272
25286
25332
25353
25358
25374
25386
25423
25487
25524
25536
25581
25637
25658
25681
25701
25703
25726
25748
25755
25762
25798
25801
25813
25830
25839
25844
25897
25909
25954
25963
25964
25964
25972
25976
25981
25993
26000
26026
26053
26086
26091
26118
26157
26160
26174
26215
26237
26242
26254
26272
26281
26283
26315
26320
26333
26333
26340
26342
26354
26393
26455
26461
26535
26536
26554
26555
26556
26597
26609
26623
26631
26634
26641
26655
26670
26684
26691
26695
26709
26720
26726
26746
26753
26758
26764
26773
26778
26780
26787
26791
26802
26807
26808
26825
26840
26841
26841
26843
26857
26863
26866
26873
26903
26906
26947
26995
26997
27001
27018
27025
27079
27098
27115
27125
27146
27147
27155
27157
27169
27173
27183
27186
27217
27223
27230
27230
27235
27242
27246
27350
27353
27359
27362
27362
27368
27374
27380
27471
27480
27480
27494
27505
27511
27523
27575
27677
27695
27743
27753
27760
27769
27771
27784
27788
27803
27827
27851
27905
27951
27987
28000
28006
28022
28025
28031
28064
28104
28117
28140
28143
28149
28197
28198
28207
28239
28239
28243
28252
28300
28309
28309
28318
28321
28367
28368
28385
28405
28412
28416
28438
28447
28462
28463
28489
28493
28505
28524
28544
28550
28551
28557
28567
28614
28615
28622
28638
28639
28678
28713
28721
28733
28733
28809
28822
28883
28898
28925
28953
28971
29007
29019
29025
29040
29043
29044
29053
29057
29078
29093
29093
29113
29118
29124
29138
29144
29144
29175
29177
29183
29184
29186
29204
29214
29230
29248
29289
29315
29339
29355
29373
29378
29379
29443
29447
29462
29486
29487
29493
29499
29526
29561
29572
29574
29583
29600
29603
29617
29622
29730
29755
29760
29781
29818
29837
29853
29860
29895
29927
29940
29960
29966
29967
30032
30036
30041
30058
30113
30124
30125
30170
30175
30236
30268
30270
30282
30290
30294
30300
30303
30314
30314
30327
30337
30345
30356
30357
30400
30414
30422
30432
30460
30463
30469
30554
30569
30579
30601
30634
30640
30644
30655
30696
30705
30713
30726
30727
30771
30807
30812
30816
30830
30839
30854
30877
30881
30888
30901
30937
30949
30951
30966
30996
31013
31022
31023
31030
31034
31042
31049
31057
31081
31085
31094
31101
31104
31171
31196
31222
31240
31250
31255
31280
31285
31291
31305
31311
31314
31322
31330
31350
31352
31356
31367
31370
31376
31417
31430
31451
31454
31461
31478
31490
31500
31545
31548
31568
31573
31580
31590
31597
31622
31630
31647
31654
31674
31676
31681
31692
31696
31721
31735
31736
31771
31794
31825
31826
31842
31901
31901
31916
31918
31940
31946
31952
31962
31974
32058
32065
32074
32103
32110
32115
32130
32185
32302
32303
32325
32337
32344
32361
32376
32411
32416
32428
32431
32449
32451
32469
32472
32526
32556
32567
32577
32578
32590
32600
32606
32685
32687
32690
32699
32726
32728
32750
32759
32779
32785
32863
32867
32879
32884
32898
32901
32904
32912
32913
32972
32979
32990
33003
33017
33018
33024
33025
33029
33035
33036
33038
33040
33055
33058
33069
33104
33153
33182
33203
33204
33242
33244
33269
33269
33286
33290
33307
33312
33314
33319
33321
33336
33339
33347
33350
33354
33368
33394
33402
33426
33436
33500
33500
33502
33510
33523
33547
33583
33603
33608
33636
33649
33649
33668
33696
33701
33712
33743
33770
33809
33824
33859
33866
33874
33890
33911
33916
33925
33949
33986
33997
34009
34021
34034
34035
34048
34091
34123
34134
34140
34173
34177
34201
34205
34206
34208
34227
34228
34252
34267
34276
34292
34306
34329
34333
34340
34390
34412
34415
34438
34453
34460
34466
34471
34471
34491
34495
34515
34526
34530
34538
34545
34578
34583
34588
34594
34607
34638
34644
34674
34690
34692
34700
34707
34711
34727
34756
34770
34774
34811
34827
34868
34898
34902
34910
34911
34942
34979
34984
34998
35009
35063
35092
35117
35131
35148
35148
35151
35166
35167
35168
35169
35170
35177
35180
35182
35206
35226
35228
35232
35243
35251
35278
35292
35296
35305
35323
35333
35339
35347
35358
35372
35374
35391
35392
35410
35438
35440
35462
35467
35474
35492
35619
35646
35727
35744
35746
35775
35801
35816
35856
35888
35889
35896
35896
35936
35955
35967
35989
35996
35996
36006
36031
36038
36038
36053
36056
36063
36071
36092
36101
36111
36113
36140
36144
36158
36158
36171
36180
36215
36241
36249
36268
36280
36290
36305
36306
36317
36333
36341
36370
36422
36437
36446
36467
36477
36501
36514
36532
36533
36538
36562
36578
36598
36613
36631
36655
36682
36707
36712
36743
36750
36763
36764
36774
36821
36828
36860
36921
36926
36930
36941
36961
36993
37007
37020
37043
37046
37047
37053
37056
37063
37125
37149
37151
37170
37174
37197
37201
37218
37218
37223
37243
37248
37263
37287
37300
37305
37374
37391
37405
37417
37455
37479
37481
37489
37525
37531
37537
37575
37592
37595
37650
37668
37703
37719
37721
37730
37734
37740
37740
37746
37757
37772
37857
37907
37917
37934
37940
37961
37972
37975
37994
38007
38008
38029
38034
38057
38066
38079
38088
38096
38141
38142
38157
38161
38168
38171
38176
38223
38227
38240
38244
38249
38263
38265
38294
38320
38323
38351
38353
38386
38388
38394
38412
38414
38419
38439
38443
38470
38475
38481
38503
38539
38553
38556
38561
38607
38673
38681
38697
38699
38700
38718
38720
38721
38753
38758
38827
38861
38889
38892
38952
38961
38971
39005
39013
39054
39057
39062
39069
39114
39114
39135
39161
39184
39198
39223
39286
39318
39320
39324
39328
39328
39345
39399
39408
39412
39429
39451
39470
39497
39543
39554
39602
39603
39603
39639
39648
39648
39687
39688
39694
39703
39706
39737
39748
39765
39802
39806
39811
39831
39837
39861
39864
39881
39962
39969
39977
40033
40048
40058
40089
40107
40109
40113
40117
40118
40123
40129
40152
40184
40247
40296
40314
40345
40354
40364
40377
40403
40410
40429
40431
40441
40477
40483
40497
40499
40548
40574
40592
40608
40635
40638
40664
40667
40675
40786
40798
40804
40820
40821
40826
40844
40845
40852
40854
40855
40855
40864
40910
40936
40949
40996
41004
41012
41023
41026
41054
41065
41066
41076
41087
41094
41130
41134
41145
41150
41154
41222
41225
41228
41229
41262
41273
41284
41294
41304
41332
41353
41354
41412
41419
41424
41453
41460
41478
41480
41490
41520
41523
41531
41542
41552
41555
41559
41574
41576
41588
41607
41629
41655
41661
41682
41697
41710
41783
41792
41802
41807
41823
41832
41853
41854
41872
41889
41914
41923
41976
41982
41998
42016
42018
42058
42070
42085
42151
42183
42200
42230
42251
42274
42287
42296
42312
42330
42361
42367
42373
42379
42451
42456
42467
42488
42494
42499
42538
42567
42571
42587
42627
42659
42669
42704
42719
42767
42772
42775
42792
42837
42845
42851
42854
42871
42885
42889
42912
42923
42929
42956
42965
42991
43004
43016
43016
43072
43080
43084
43086
43086
43088
43121
43126
43128
43131
43134
43142
43195
43205
43206
43237
43238
43242
43246
43247
43262
43303
43307
43330
43338
43341
43386
43392
43395
43418
43432
43433
43440
43441
43441
43441
43484
43511
43518
43532
43533
43548
43560
43566
43578
43591
43618
43632
43650
43663
43695
43733
43764
43780
43785
43789
43823
43840
43867
43869
43874
43884
43895
43895
43917
43935
43950
43955
43957
43973
44043
44091
44099
44108
44109
44122
44126
44137
44159
44226
44231
44232
44234
44274
44278
44281
44292
44297
44298
44308
44318
44336
44344
44377
44387
44433
44434
44442
44491
44500
44502
44509
44516
44543
44549
44594
44644
44662
44744
44746
44765
44770
44793
44793
44794
44804
44826
44857
44865
44868
44928
44935
44941
44942
44979
45008
45014
45025
45027
45029
45038
45051
45078
45095
45099
45103
45104
45108
45121
45127
45134
45191
45207
45216
45253
45261
45293
45333
45341
45377
45389
45390
45392
45398
45413
45418
45454
45461
45483
45512
45531
45538
45551
45553
45555
45572
45573
45612
45617
45624
45634
45640
45674
45684
45702
45707
45722
45724
45730
45737
45743
45755
45787
45833
45842
45862
45873
45903
45933
45955
45982
46071
46072
46088
46103
46106
46112
46124
46125
46126
46132
46148
46151
46156
46160
46225
46226
46244
46260
46261
46265
46272
46288
46315
46322
46361
46362
46368
46385
46431
46438
46469
46477
46488
46493
46514
46517
46518
46522
46559
46582
46594
46618
46623
46644
46696
46705
46719
46745
46782
46794
46799
46804
46816
46856
46858
46899
46908
46926
46932
46937
46938
46958
46966
46973
47000
47001
47029
47033
47040
47059
47094
47112
47126
47185
47226
47231
47236
47269
47308
47315
47338
47398
47408
47451
47463
47487
47493
47546
47557
47557
47558
47562
47578
47608
47647
47662
47679
47698
47713
47725
47726
47753
47754
47788
47810
47815
47820
47826
47831
47864
47866
47942
47945
47946
47950
47951
47992
48003
48018
48037
48038
48043
48044
48069
48071
48114
48149
48153
48167
48168
48168
48187
48197
48208
48209
48216
48221
48242
48263
48335
48345
48354
48362
48375
48382
48413
48415
48428
48434
48469
48476
48489
48492
48524
48559
48581
48582
48590
48596
48606
48619
48639
48681
48692
48702
48710
48714
48715
48739
48793
48795
48844
48897
48924
48989
49000
49016
49021
49047
49065
49087
49097
49109
49138
49149
49162
49162
49163
49163
49172
49180
49218
49219
49230
49233
49250
49264
49284
49314
49331
49339
49397
49406
49415
49441
49444
49514
49520
49530
49539
49602
49606
49642
49722
49733
49760
49762
49766
49766
49775
49792
49805
49820
49826
49854
49875
49886
49886
49904
49918
49924
49926
49935
49936
