38
51
204
266
270
280
288
298
347
431
455
528
562
598
704
721
731
750
752
776
849
867
914
940
968
1010
1203
1284
1348
1428
1459
1467
1501
1567
1598
1607
1629
1644
1653
1691
1705
1806
1807
1817
1906
1913
1915
1937
1954
1967
2005
2010
2013
2013
2073
2094
2105
2139
2151
2215
2256
2287
2410
2477
2523
2548
2619
2637
2660
2686
2723
2785
2808
2859
2886
2890
2913
3050
3060
3068
3072
3112
3215
3260
3292
3322
3325
3360
3470
3475
3478
3531
3589
3604
3632
3691
3729
3826
3828
3851
3861
3862
3890
3890
3900
3918
3947
3996
4026
4037
4068
4077
4172
4180
4191
4238
4270
4273
4311
4490
4560
4588
4639
4651
4674
4677
4744
4797
4871
4960
4991
5001
5025
5027
5096
5135
5139
5196
5302
5313
5386
5412
5505
5526
5559
5593
5608
5628
5683
5698
5788
5912
5963
5986
6007
6031
6114
6150
6230
6248
6260
6263
6324
6414
6459
6501
6515
6515
6695
6717
6811
6832
6884
6895
6952
6999
7001
7053
7154
7164
7214
7239
7239
7251
7291
7380
7465
7520
7525
7617
7628
7634
7674
7684
7708
7712
7716
7731
7743
7754
7758
7764
7863
7956
7960
8007
8012
8077
8120
8157
8201
8290
8334
8359
8376
8394
8485
8497
8498
8499
8547
8580
8582
8661
8693
8747
8763
8770
8795
8835
8863
8888
8890
8922
9010
9088
9110
9202
9221
9243
9288
9299
9346
9397
9425
9492
9503
9550
9607
9632
9645
9670
9760
9772
9800
9820
9847
9912
10026
10027
10047
10105
10113
10202
10326
10333
10348
10352
10356
10492
10558
10669
10669
10763
10766
10795
10799
10943
11074
11116
11196
11197
11269
11368
11376
11406
11432
11451
11480
11534
11627
11661
11682
11724
11739
11764
11831
11855
11902
11917
11957
11992
12049
12115
12185
12235
12248
12250
12256
12288
12376
12427
12442
12562
12626
12651
12664
12752
12755
12756
12761
12771
12809
12916
12974
13058
13134
13183
13183
13235
13244
13296
13311
13390
13438
13450
13552
13556
13584
13602
13606
13618
13634
13655
13672
13674
13691
13697
13801
13831
13837
13864
13916
13930
13962
14026
14027
14183
14219
14231
14322
14371
14375
14392
14440
14525
14557
14568
14605
14634
14651
14659
14680
14785
14838
14862
14872
15070
15079
15174
15253
15340
15357
15381
15435
15475
15512
15568
15585
15590
15616
15690
15705
15706
15710
15774
15779
15784
15800
15855
15860
15875
15882
15910
16002
16115
16133
16177
16234
16265
16271
16315
16330
16412
16441
16545
16648
16740
16813
16829
16836
16943
16959
16962
17037
17055
17067
17091
17103
17126
17137
17172
17196
17230
17262
17304
17400
17435
17463
17467
17520
17536
17544
17551
17552
17577
17587
17620
17716
17719
17888
17923
17943
17996
18005
18022
18034
18141
18159
18173
18196
18219
18230
18287
18306
18349
18456
18459
18490
18524
18534
18573
18678
18710
18807
18814
18818
18830
18886
18891
18901
19039
19123
19327
19393
19405
19423
19508
19555
19571
19617
19660
19708
19710
19847
19856
19876
19908
19936
19976
19995
20051
20075
20204
20232
20293
20318
20323
20345
20369
20387
20417
20432
20434
20445
20464
20553
20591
20642
20656
20673
20675
20687
20704
20708
20708
20749
20750
20764
20817
20904
21079
21087
21103
21139
21140
21154
21165
21178
21192
21226
21259
21259
21278
21282
21294
21298
21342
21376
21386
21462
21467
21501
21573
21574
21661
21704
21707
21755
21829
21843
21852
21908
21910
21923
21965
21988
22012
22028
22104
22176
22183
22207
22259
22444
22456
22516
22517
22530
22572
22606
22619
22665
22666
22667
22697
22712
22723
22742
22760
22790
22862
22894
22895
22935
22989
22989
23084
23140
23168
23235
23280
23296
23322
23339
23340
23341
23367
23406
23406
23410
23419
23455
23485
23533
23637
23646
23664
23740
23807
23835
23859
24001
24030
24095
24126
24139
24182
24187
24195
24213
24316
24318
24321
24326
24340
24372
24386
24442
24463
24486
24533
24561
24583
24585
24590
24637
24646
24648
24665
24746
24763
24782
24802
24808
24837
24847
24890
24927
24935
24989
24992
25031
25065
25071
25083
25129
25210
25217
25233
25251
25251
25254
25278
25327
25355
25407
25427
25445
25480
25487
25506
25520
25660
25751
25783
25799
25849
25941
25951
25978
25990
26019
26207
26224
26240
26265
26297
26329
26365
26397
26401
26466
26467
26470
26527
26532
26558
26602
26622
26641
26669
26690
26704
26712
26720
26741
26796
26855
26896
27094
27339
27355
27381
27384
27407
27418
27425
27473
27501
27576
27594
27597
27614
27670
27682
27753
27871
27872
27926
27975
27980
28005
28005
28049
28081
28099
28153
28157
28232
28295
28353
28443
28443
28492
28554
28588
28637
28710
28796
28851
28895
28944
28959
28994
29017
29146
29151
29183
29278
29298
29353
29462
29489
29518
29525
29552
29644
29669
29681
29722
29756
29772
29786
29862
29886
29903
30001
30043
30046
30056
30075
30077
30101
30139
30185
30207
30227
30243
30309
30357
30482
30496
30533
30591
30665
30688
30697
30698
30699
30722
30755
30777
30856
30910
30945
30955
30989
31041
31050
31092
31112
31133
31139
31143
31144
31234
31263
31326
31328
31336
31340
31354
31370
31510
31520
31535
31606
31649
31649
31740
31773
31820
31838
31847
31852
31934
31941
31947
32042
32067
32080
32099
32208
32211
32246
32347
32395
32439
32478
32491
32545
32648
32675
32681
32694
32754
32755
32786
32821
32821
32883
32927
32939
32941
32958
32958
33001
33022
33022
33024
33154
33174
33287
33296
33339
33363
33394
33515
33516
33525
33586
33703
33746
33797
33812
33836
33838
33897
33907
33914
33947
33961
33988
34061
34064
34070
34090
34183
34198
34367
34410
34435
34449
34588
34617
34623
34701
34789
34795
34922
34942
34945
35002
35015
35019
35116
35117
35150
35158
35170
35182
35247
35249
35289
35309
35368
35381
35395
35409
35440
35469
35472
35487
35505
35634
35640
35645
35688
35697
35730
35804
35819
35828
35834
35854
35972
36017
36041
36055
36061
36105
36116
36133
36140
36148
36162
36176
36187
36237
36259
36264
36279
36293
36305
36334
36438
36480
36511
36573
36590
36591
36607
36630
36764
36813
36814
36847
36910
36986
37007
37011
37019
37021
37104
37252
37281
37342
37439
37486
37496
37569
37570
37627
37646
37666
37773
37795
37849
37850
37914
37933
37957
38002
38012
38039
38112
38184
38240
38305
38393
38405
38423
38509
38540
38545
38630
38683
38692
38710
38765
38832
38835
38895
38935
38970
38977
39017
39087
39118
39183
39183
39201
39244
39259
39324
39368
39407
39471
39519
39521
39624
39662
39749
39756
39772
39797
39838
39950
39961
39971
39980
40092
40126
40184
40218
40279
40284
40390
40396
40411
40491
40519
40530
40579
40621
40703
40720
40804
40831
40837
40911
40935
40972
40973
40977
40977
40996
41017
41055
41088
41098
41100
41144
41155
41195
41299
41302
41305
41344
41398
41404
41409
41440
41492
41531
41568
41579
41618
41638
41659
41703
41710
41805
41813
41835
41835
41864
41881
41905
41937
42000
42013
42014
42075
42080
42083
42120
42135
42179
42220
42222
42229
42246
42251
42312
42352
42364
42426
42455
42497
42575
42599
42634
42642
42686
42777
42865
42876
42879
42976
43026
43050
43065
43091
43162
43166
43332
43354
43404
43427
43491
43538
43565
43637
43661
43665
43782
43823
43836
43886
43892
43965
43983
44075
44135
44156
44162
44260
44261
44264
44348
44349
44353
44442
44450
44593
44600
44657
44781
44825
44840
44844
44861
44871
44871
45058
45113
45139
45146
45171
45179
45203
45217
45406
45434
45474
45484
45494
45494
45549
45570
45636
45640
45685
45693
45728
45757
45830
45835
45903
46003
46009
46033
46035
46070
46070
46143
46328
46340
46362
46370
46380
46403
46462
46505
46507
46546
46560
46570
46637
46651
46707
46711
46812
46841
46887
46892
46900
46964
47015
47063
47074
47090
47097
47118
47125
47161
47173
47274
47364
47367
47386
47424
47438
47474
47493
47528
47569
47646
47669
47698
47748
47764
47779
47790
47795
47811
47842
47854
47934
47940
48022
48116
48221
48238
48246
48263
48263
48288
48309
48396
48442
48542
48544
48579
48598
48622
48628
48634
48685
48689
48711
48724
48728
48756
48772
48785
48793
48836
48864
48869
48877
48885
48916
48967
49031
49075
49106
49134
49145
49153
49159
49163
49180
49192
49232
49310
49374
49388
49431
49439
49449
49482
49657
49744
49762
49766
49770
49772
49785
49803
49846
49849
49886
