24
50
61
215
286
331
342
343
360
369
372
379
432
460
502
562
600
621
629
635
653
687
750
758
773
882
885
965
1039
1071
1072
1083
1093
1120
1133
1135
1155
1169
1179
1215
1230
1250
1266
1291
1317
1327
1330
1331
1341
1423
1429
1430
1495
1523
1545
1591
1605
1645
1665
1676
1726
1743
1773
1789
1822
1823
1830
1984
2027
2034
2035
2046
2260
2289
2308
2327
2411
2412
2414
2454
2492
2500
2507
2529
2530
2564
2675
2684
2685
2780
2871
2897
2914
2940
2963
3107
3133
3142
3178
3193
3202
3204
3237
3249
3256
3258
3277
3337
3389
3393
3396
3403
3416
3438
3460
3497
3523
3541
3575
3645
3651
3798
3900
3907
3925
3942
3976
3996
4213
4251
4283
4328
4391
4479
4507
4539
4547
4602
4622
4629
4649
4733
4774
4809
4856
4883
4885
4905
4966
4972
4979
5094
5110
5196
5218
5223
5290
5346
5382
5386
5454
5461
5495
5501
5531
5560
5574
5592
5593
5629
5759
5760
5763
5768
5854
5873
5873
5919
5992
5997
6066
6067
6070
6089
6098
6103
6115
6134
6135
6175
6234
6240
6246
6279
6334
6391
6416
6444
6491
6491
6677
6681
6697
6724
6747
6758
6806
6806
6884
6891
6942
7044
7051
7080
7091
7091
7105
7129
7170
7179
7182
7198
7278
7308
7374
7433
7466
7481
7504
7506
7526
7579
7604
7643
7754
7762
7771
7873
7900
7937
7959
7983
7993
8004
8030
8051
8054
8087
8145
8168
8277
8362
8429
8441
8478
8493
8494
8504
8525
8533
8544
8625
8652
8760
8767
8779
8779
8851
8884
8975
8999
9001
9021
9045
9091
9139
9161
9167
9190
9199
9375
9389
9410
9419
9439
9480
9485
9587
9631
9637
9697
9706
9721
9736
9763
9779
9923
10037
10131
10166
10205
10216
10320
10378
10388
10432
10441
10451
10484
10512
10554
10659
10720
10724
10732
10762
10772
10782
10790
10801
10806
10833
10880
10923
10930
10957
10971
11030
11034
11043
11051
11097
11106
11153
11159
11313
11353
11375
11399
11421
11491
11506
11511
11631
11674
11682
11697
11739
11772
11822
11835
11839
11914
11933
11944
11976
11994
12013
12015
12018
12061
12122
12130
12151
12178
12207
12210
12222
12234
12246
12291
12357
12372
12420
12424
12450
12595
12596
12611
12618
12675
12705
12721
12729
12773
12826
12840
12846
12867
12901
12923
12952
12958
13005
13008
13078
13109
13110
13191
13213
13302
13326
13401
13492
13503
13547
13584
13590
13635
13682
13721
13724
13724
13752
13755
13794
13803
13818
13860
13918
13922
13960
13965
13970
14002
14026
14027
14166
14235
14283
14287
14293
14433
14447
14498
14631
14737
14775
14779
15002
15031
15055
15122
15131
15191
15255
15348
15356
15408
15423
15454
15513
15517
15531
15536
15626
15631
15645
15678
15794
15822
15887
15896
15899
15939
15991
15997
16007
16021
16079
16080
16115
16176
16187
16216
16237
16329
16334
16338
16368
16441
16460
16487
16493
16505
16506
16508
16521
16559
16570
16574
16614
16637
16666
16696
16699
16804
16827
16845
16876
16931
16936
17008
17009
17021
17024
17068
17068
17074
17096
17120
17212
17281
17341
17377
17498
17511
17562
17621
17629
17632
17766
17776
17782
17838
17856
17951
17955
18008
18032
18110
18128
18196
18199
18199
18221
18246
18248
18250
18386
18429
18489
18590
18591
18646
18696
18710
18717
18738
18743
18768
18798
18843
18855
18856
18911
18934
18939
19025
19039
19220
19222
19303
19394
19409
19413
19485
19498
19519
19538
19547
19637
19722
19723
19729
19759
19764
19789
19831
19843
19862
19896
19915
19927
19963
20076
20098
20118
20210
20257
20263
20280
20295
20465
20486
20511
20552
20583
20595
20609
20692
20834
20846
20849
20852
20963
20989
21040
21116
21139
21187
21225
21236
21247
21255
21257
21342
21357
21522
21525
21547
21576
21608
21670
21675
21766
21774
21808
21825
21834
21885
21906
21961
21966
22001
22010
22019
22028
22030
22094
22155
22172
22222
22239
22252
22258
22278
22362
22398
22466
22534
22542
22587
22591
22597
22627
22673
22677
22683
22696
22706
22709
22715
22775
22835
22940
23052
23064
23098
23138
23171
23201
23215
23265
23281
23329
23362
23423
23502
23510
23525
23568
23581
23607
23637
23659
23706
23716
23740
23830
23830
23878
24102
24118
24180
24217
24310
24447
24453
24530
24569
24618
24647
24650
24689
24728
24757
24889
24919
24972
25089
25111
25129
25159
25215
25337
25355
25390
25396
25412
25550
25567
25572
25662
25668
25725
25729
25770
25896
25907
25926
25932
25974
25983
26074
26081
26099
26134
26140
26227
26289
26301
26498
26511
26564
26600
26670
26770
26777
26831
26847
26877
26878
26927
26980
27046
27126
27167
27169
27217
27238
27271
27341
27383
27400
27520
27524
27542
27565
27584
27623
27638
27643
27672
27812
27828
28082
28269
28286
28320
28325
28338
28425
28427
28460
28483
28498
28540
28581
28589
28599
28636
28669
28736
28752
28753
28801
28808
28817
28864
28870
28982
29015
29138
29173
29183
29191
29210
29228
29297
29309
29315
29337
29383
29417
29418
29474
29477
29488
29522
29527
29531
29581
29594
29637
29720
29774
29782
29786
29788
29794
29798
29826
29897
29984
29991
29995
30022
30081
30082
30096
30124
30129
30195
30219
30259
30361
30396
30409
30467
30584
30588
30622
30682
30687
30687
30693
30705
30778
30876
30947
30970
30971
31005
31067
31096
31116
31137
31176
31232
31242
31244
31258
31263
31275
31325
31327
31332
31337
31388
31394
31425
31446
31465
31497
31532
31570
31639
31708
31745
31816
31820
31824
31845
31904
31970
31990
31998
32014
32038
32048
32063
32066
32099
32159
32216
32224
32276
32276
32345
32358
32393
32427
32456
32459
32476
32514
32550
32679
32688
32706
32724
32835
32840
32896
32906
32943
33019
33029
33059
33153
33254
33263
33264
33319
33333
33386
33450
33460
33479
33649
33747
33820
33864
33865
33916
33932
33951
34005
34024
34064
34070
34094
34156
34305
34346
34383
34383
34394
34512
34520
34527
34577
34607
34635
34779
34798
34799
34803
34807
34833
34880
34953
35017
35039
35053
35105
35151
35305
35356
35377
35471
35476
35545
35547
35558
35594
35632
35713
35718
35744
35769
35829
35835
35838
36019
36024
36045
36058
36165
36190
36194
36204
36206
36262
36270
36294
36294
36317
36324
36376
36404
36452
36507
36545
36548
36577
36615
36620
36630
36641
36827
36862
36921
36937
36978
36980
37031
37079
37097
37183
37247
37249
37263
37290
37298
37325
37330
37339
37366
37377
37446
37446
37539
37570
37651
37757
37792
37915
37941
38055
38058
38107
38155
38262
38271
38294
38357
38374
38381
38436
38437
38458
38491
38508
38546
38604
38610
38662
38663
38674
38706
38755
38771
38780
38791
38793
38801
38803
38827
38831
38865
38878
38984
38986
39003
39015
39215
39343
39344
39372
39430
39569
39603
39607
39741
39798
39912
39925
39947
40002
40016
40051
40053
40188
40201
40221
40270
40444
40444
40486
40614
40671
40681
40692
40725
40741
40758
40786
40812
40881
40970
40996
40997
41066
41083
41085
41118
41175
41187
41199
41236
41303
41314
41352
41370
41380
41384
41386
41418
41421
41446
41481
41493
41508
41526
41559
41563
41600
41692
41724
41764
41868
41891
41896
42005
42061
42081
42172
42235
42290
42354
42432
42435
42447
42595
42672
42714
42719
42754
42766
42773
42800
42980
43040
43070
43142
43145
43182
43222
43232
43262
43271
43280
43301
43301
43328
43337
43365
43411
43436
43483
43485
43511
43512
43616
43697
43719
43747
43750
43816
43828
43846
43890
43915
43929
43976
44027
44031
44127
44129
44164
44197
44200
44243
44248
44337
44371
44434
44453
44516
44552
44674
44677
44730
44731
44815
44913
44917
44941
45005
45087
45146
45201
45291
45305
45354
45381
45385
45461
45468
45541
45636
45756
45791
45819
45909
45922
45929
46079
46124
46136
46149
46328
46390
46454
46569
46583
46653
46664
46673
46738
46772
46778
46817
46855
46895
46934
46970
47035
47085
47104
47245
47332
47346
47373
47513
47608
47625
47639
47651
47653
47741
47756
47795
47808
47850
47880
47903
47930
47931
47970
47990
48020
48054
48055
48117
48126
48282
48287
48297
48376
48425
48473
48493
48531
48670
48683
48760
48781
48798
48861
48884
48974
48992
49036
49064
49120
49150
49177
49204
49262
49304
49372
49404
49407
49485
49560
49594
49603
49608
49647
49674
49724
49761
49881
49893
49910
49930
49952
