15
21
22
59
78
85
91
94
95
117
130
152
161
172
194
197
200
202
204
211
211
224
230
239
258
288
291
298
306
317
318
348
383
391
405
409
414
424
441
444
458
514
516
526
546
554
590
602
611
625
634
646
660
661
697
726
737
757
765
781
784
812
820
843
865
870
902
904
908
929
942
973
1000
1007
1021
1022
1048
1076
1115
1121
1141
1161
1180
1180
1183
1194
1210
1211
1211
1223
1266
1276
1280
1311
1329
1332
1348
1355
1366
1385
1423
1439
1444
1454
1461
1472
1482
1493
1508
1515
1523
1550
1572
1580
1630
1652
1654
1659
1691
1735
1750
1752
1757
1757
1760
1768
1769
1781
1797
1855
1870
1893
1916
1926
1926
1952
1953
1957
1980
1981
1986
1992
2022
2022
2034
2077
2124
2163
2171
2182
2205
2206
2208
2219
2225
2252
2282
2286
2299
2313
2320
2335
2343
2346
2349
2370
2372
2382
2383
2397
2411
2411
2417
2449
2477
2479
2490
2497
2500
2551
2582
2584
2589
2612
2636
2640
2646
2650
2696
2713
2733
2754
2784
2786
2796
2800
2828
2853
2863
2865
2872
2944
2945
2963
2973
2981
2992
2999
3010
3020
3033
3046
3100
3105
3116
3139
3140
3154
3163
3168
3169
3169
3181
3186
3191
3222
3243
3248
3272
3280
3282
3304
3355
3380
3402
3416
3418
3453
3461
3474
3482
3502
3503
3511
3531
3560
3599
3621
3632
3633
3640
3660
3674
3719
3727
3735
3744
3776
3777
3814
3815
3838
3840
3846
3850
3871
3894
3896
3928
3932
3969
3994
4009
4038
4056
4081
4083
4132
4134
4142
4226
4238
4253
4268
4277
4300
4314
4321
4323
4347
4350
4394
4395
4425
4440
4458
4465
4471
4475
4489
4502
4503
4576
4599
4611
4648
4662
4666
4676
4682
4688
4689
4693
4715
4716
4731
4759
4762
4765
4765
4774
4776
4780
4789
4791
4796
4821
4833
4916
4974
4978
4985
4992
5006
5022
5040
5086
5089
5090
5092
5105
5107
5140
5148
5175
5183
5197
5230
5235
5252
5254
5261
5280
5290
5321
5330
5355
5360
5371
5419
5422
5494
5502
5533
5536
5560
5568
5573
5582
5600
5624
5634
5652
5662
5671
5681
5701
5741
5741
5748
5780
5794
5802
5819
5829
5915
5928
5989
6019
6033
6039
6044
6050
6053
6077
6079
6087
6091
6098
6115
6125
6140
6182
6190
6207
6220
6226
6237
6260
6262
6275
6303
6346
6353
6358
6363
6379
6455
6475
6506
6548
6550
6555
6593
6603
6642
6644
6658
6673
6685
6686
6714
6742
6763
6821
6821
6822
6836
6842
6854
6855
6857
6875
6892
6898
6909
6922
6930
6938
6957
6959
6965
6980
6988
7005
7020
7041
7045
7050
7062
7066
7078
7093
7111
7136
7142
7143
7156
7156
7163
7169
7175
7183
7198
7206
7215
7218
7219
7258
7258
7261
7261
7272
7273
7278
7286
7288
7292
7308
7328
7367
7373
7376
7395
7420
7431
7442
7444
7485
7485
7502
7516
7518
7522
7533
7559
7564
7565
7573
7584
7592
7611
7625
7627
7661
7663
7678
7681
7689
7707
7713
7719
7755
7763
7770
7801
7808
7831
7837
7862
7864
7876
7898
7915
7933
7943
7943
7952
7952
7967
7974
7983
8019
8028
8053
8061
8079
8080
8114
8124
8149
8170
8239
8253
8263
8279
8293
8296
8312
8337
8347
8349
8382
8397
8398
8445
8481
8487
8495
8497
8512
8523
8549
8571
8574
8619
8641
8662
8670
8678
8682
8699
8702
8713
8721
8747
8774
8788
8788
8815
8824
8841
8843
8863
8879
8892
8893
8894
8903
8949
8959
8965
8967
8972
8982
9001
9002
9012
9068
9069
9080
9113
9145
9145
9151
9154
9178
9195
9196
9212
9253
9265
9277
9319
9322
9331
9340
9348
9401
9420
9426
9433
9479
9515
9519
9543
9548
9602
9615
9616
9664
9677
9681
9696
9703
9723
9727
9737
9749
9751
9760
9761
9773
9806
9820
9822
9827
9840
9872
9904
9908
9912
9931
9932
9948
9995
10002
10009
10049
10056
10077
10080
10087
10090
10093
10108
10128
10129
10133
10169
10185
10193
10200
10206
10208
10221
10224
10231
10275
10278
10283
10290
10336
10337
10342
10372
10384
10423
10462
10467
10468
10479
10481
10513
10522
10536
10544
10552
10562
10612
10616
10624
10631
10632
10679
10761
10785
10788
10820
10866
10875
10881
10938
10955
10955
10978
10999
11007
11008
11038
11064
11069
11077
11089
11092
11093
11106
11123
11130
11145
11162
11198
11199
11200
11206
11262
11271
11281
11288
11318
11319
11332
11334
11341
11367
11370
11398
11406
11425
11431
11435
11482
11492
11493
11496
11515
11544
11544
11545
11563
11619
11635
11643
11651
11674
11676
11690
11710
11747
11764
11765
11809
11824
11860
11862
11873
11889
11892
11903
11934
11941
11943
11947
11960
11969
11976
11977
11982
11984
12002
12006
12036
12040
12102
12109
12157
12165
12167
12171
12171
12177
12183
12185
12208
12261
12289
12296
12302
12318
12333
12352
12384
12388
12398
12424
12445
12448
12449
12478
12488
12489
12506
12525
12534
12570
12575
12583
12594
12604
12609
12611
12644
12645
12645
12656
12686
12695
12700
12714
12715
12715
12723
12729
12735
12740
12752
12765
12776
12831
12835
12863
12864
12881
12900
12902
12909
12923
12928
12932
12967
12970
12986
12990
12998
13005
13008
13019
13028
13077
13119
13120
13167
13175
13194
13204
13220
13228
13236
13239
13251
13260
13279
13308
13341
13349
13351
13352
13374
13383
13416
13422
13422
13452
13457
13473
13587
13593
13622
13625
13656
13687
13691
13694
13723
13725
13748
13770
13771
13784
13804
13807
13813
13827
13868
13883
13926
13948
13956
13956
13975
13982
14030
14033
14047
14049
14065
14084
14094
14129
14132
14148
14151
14183
14189
14200
14206
14221
14224
14227
14266
14267
14271
14277
14287
14288
14293
14336
14360
14362
14375
14378
14394
14413
14427
14433
14453
14454
14472
14479
14483
14501
14508
14527
14530
14555
14564
14570
14585
14597
14599
14608
14626
14627
14629
14632
14633
14646
14671
14686
14700
14707
14718
14727
14764
14775
14777
14802
14804
14806
14837
14841
14850
14900
14901
14904
14944
14961
15000
15027
15043
15044
15145
15150
15152
15152
15182
15197
15208
15239
15243
15247
15264
15274
15277
15311
15316
15336
15349
15356
15382
15386
15391
15428
15464
15489
15491
15492
15500
15500
15513
15535
15563
15574
15608
15622
15631
15635
15639
15644
15646
15653
15670
15674
15679
15720
15760
15806
15833
15835
15846
15858
15876
15881
15887
15907
15914
15914
15927
15927
15945
15964
15971
15984
16008
16033
16071
16081
16113
16135
16164
16184
16227
16228
16231
16240
16257
16271
16302
16320
16345
16355
16360
16378
16382
16386
16408
16410
16426
16429
16433
16450
16482
16485
16491
16517
16536
16538
16544
16546
16570
16572
16603
16625
16626
16642
16647
16649
16669
16671
16682
16702
16704
16712
16719
16720
16753
16760
16772
16794
16819
16825
16826
16836
16838
16840
16876
16884
16906
16931
16947
16999
17014
17033
17042
17060
17074
17074
17090
17101
17102
17103
17111
17147
17158
17167
17168
17181
17184
17185
17216
17224
17232
17240
17293
17295
17329
17330
17368
17391
17406
17408
17435
17444
17472
17477
17491
17548
17555
17571
17582
17604
17611
17619
17620
17662
17666
17666
17709
17755
17759
17784
17805
17814
17825
17825
17841
17854
17871
17888
17892
17913
17931
17953
17987
18011
18014
18033
18039
18063
18099
18100
18102
18111
18117
18123
18137
18166
18199
18202
18219
18231
18261
18307
18319
18339
18357
18364
18369
18452
18459
18484
18503
18503
18505
18507
18518
18529
18548
18568
18583
18613
18614
18657
18686
18690
18722
18723
18727
18799
18853
18869
18881
18904
18930
18932
18939
18962
18971
18973
18991
19000
19021
19022
19063
19088
19091
19117
19123
19155
19155
19157
19177
19188
19234
19246
19247
19253
19262
19313
19352
19357
19360
19369
19374
19384
19391
19394
19441
19461
19464
19465
19482
19490
19509
19510
19572
19575
19584
19600
19625
19627
19628
19654
19713
19718
19721
19725
19739
19739
19786
19794
19794
19807
19839
19853
19858
19862
19866
19866
19873
19877
19878
19888
19892
19898
19920
19923
19934
19937
19986
20009
20020
20022
20026
20029
20030
20031
20037
20044
20052
20066
20078
20095
20121
20126
20149
20149
20158
20187
20196
20219
20222
20227
20242
20255
20269
20281
20297
20340
20361
20377
20397
20409
20434
20444
20460
20513
20533
20547
20549
20553
20562
20571
20579
20582
20583
20637
20652
20695
20729
20730
20731
20746
20755
20760
20781
20805
20807
20810
20811
20821
20824
20825
20843
20855
20871
20877
20880
20895
20904
20905
20906
20912
20923
20930
20935
20950
20957
20957
20975
20984
21001
21002
21040
21061
21067
21105
21110
21126
21156
21166
21192
21196
21212
21214
21218
21255
21260
21262
21267
21275
21285
21289
21289
21300
21301
21339
21342
21360
21361
21364
21390
21420
21484
21487
21539
21546
21568
21570
21571
21575
21576
21587
21602
21625
21669
21702
21720
21722
21761
21764
21774
21788
21795
21826
21859
21864
21878
21878
21881
21889
21906
21908
21922
21927
21933
21937
21942
21955
21970
21988
21995
22000
22002
22017
22034
22049
22094
22096
22109
22138
22146
22149
22168
22179
22181
22205
22222
22228
22234
22236
22242
22246
22266
22302
22303
22330
22338
22339
22366
22376
22399
22407
22413
22419
22420
22444
22456
22468
22486
22486
22487
22521
22525
22536
22542
22561
22563
22573
22578
22592
22613
22614
22627
22640
22652
22672
22678
22723
22731
22736
22738
22747
22747
22748
22749
22758
22762
22763
22768
22795
22810
22811
22820
22841
22853
22868
22879
22901
22966
22968
22999
23001
23016
23051
23062
23064
23065
23100
23116
23143
23161
23171
23200
23219
23236
23250
23255
23315
23341
23343
23355
23362
23387
23388
23391
23409
23410
23412
23430
23434
23434
23456
23459
23462
23490
23492
23500
23507
23607
23610
23640
23645
23649
23668
23668
23672
23679
23684
23709
23733
23739
23769
23792
23810
23811
23835
23841
23857
23861
23863
23928
23931
23938
23942
23965
23990
24013
24026
24036
24036
24038
24051
24055
24066
24074
24076
24084
24087
24094
24108
24126
24129
24141
24151
24162
24173
24193
24209
24224
24225
24259
24299
24329
24330
24340
24345
24394
24400
24404
24416
24417
24423
24437
24448
24456
24467
24468
24491
24493
24498
24524
24550
24556
24569
24596
24599
24612
24613
24618
24622
24677
24685
24689
24694
24713
24729
24736
24737
24740
24750
24756
24757
24799
24800
24818
24847
24860
24908
24937
24940
24960
24964
24969
24970
24986
24993
25000
25028
25033
25041
25049
25071
25075
25137
25145
25149
25164
25168
25173
25187
25197
25218
25226
25240
25241
25272
25274
25287
25295
25314
25324
25327
25358
25363
25379
25386
25387
25403
25428
25459
25486
25517
25574
25577
25590
25601
25610
25613
25620
25636
25645
25671
25683
25685
25703
25703
25733
25740
25767
25769
25782
25796
25818
25822
25838
25854
25862
25863
25901
25908
25953
25955
26020
26038
26041
26042
26043
26045
26049
26081
26101
26122
26160
26168
26180
26186
26196
26211
26242
26254
26255
26257
26282
26292
26295
26297
26299
26314
26338
26347
26362
26373
26390
26415
26429
26459
26460
26482
26485
26503
26507
26519
26553
26561
26608
26624
26645
26670
26674
26680
26699
26699
26708
26720
26722
26726
26737
26744
26759
26765
26767
26791
26797
26801
26813
26825
26832
26869
26873
26876
26890
26928
26941
26958
26976
27038
27054
27056
27068
27072
27088
27091
27092
27097
27111
27112
27152
27182
27208
27235
27264
27267
27280
27312
27356
27368
27373
27378
27380
27387
27410
27419
27419
27449
27465
27508
27510
27529
27551
27584
27602
27611
27624
27632
27646
27674
27682
27718
27728
27762
27771
27780
27813
27816
27842
27844
27862
27863
27889
27899
27920
27922
27922
27932
27935
27949
27958
27969
28003
28008
28051
28061
28076
28099
28111
28118
28124
28126
28139
28143
28169
28172
28220
28252
28290
28312
28318
28339
28358
28418
28423
28427
28470
28475
28495
28497
28512
28517
28526
28530
28540
28557
28569
28570
28576
28588
28593
28603
28609
28611
28625
28626
28635
28647
28653
28657
28681
28698
28718
28733
28755
28756
28777
28792
28821
28824
28835
28838
28847
28855
28859
28859
28868
28906
28907
28910
28929
28936
28939
28961
28967
28968
28977
28978
28992
28993
28994
28998
29004
29006
29017
29017
29022
29030
29034
29055
29065
29093
29122
29136
29150
29186
29201
29204
29228
29242
29248
29269
29278
29288
29293
29296
29299
29304
29321
29325
29354
29379
29411
29420
29423
29425
29491
29504
29521
29525
29532
29533
29542
29566
29575
29583
29588
29607
29611
29641
29676
29694
29697
29700
29719
29739
29780
29796
29799
29804
29826
29840
29845
29855
29861
29870
29895
29908
29916
29926
29963
29971
29980
29982
29990
29998
29999
30015
30033
30042
30053
30107
30108
30154
30159
30162
30169
30183
30183
30208
30213
30225
30235
30247
30274
30277
30283
30304
30307
30317
30332
30350
30357
30414
30422
30430
30441
30442
30451
30459
30482
30499
30502
30503
30518
30560
30576
30617
30658
30684
30685
30694
30703
30716
30732
30735
30741
30743
30747
30771
30788
30795
30796
30801
30801
30827
30857
30875
30900
30905
30914
30931
30945
30952
30958
30965
30971
30988
30989
30998
31012
31019
31067
31081
31083
31087
31090
31096
31120
31128
31134
31144
31144
31162
31208
31211
31272
31272
31302
31306
31312
31346
31384
31405
31421
31430
31431
31444
31462
31490
31500
31501
31519
31523
31525
31544
31553
31570
31581
31584
31589
31619
31654
31680
31687
31723
31748
31779
31781
31787
31798
31809
31821
31833
31838
31849
31857
31877
31890
31933
31941
31944
31959
31985
31988
31995
32013
32016
32031
32039
32042
32056
32061
32072
32085
32094
32119
32181
32197
32230
32233
32248
32253
32258
32269
32308
32354
32361
32367
32381
32383
32445
32454
32473
32482
32501
32502
32527
32530
32532
32551
32557
32604
32605
32624
32625
32675
32728
32739
32767
32792
32803
32823
32840
32855
32860
32861
32862
32865
32872
32878
32881
32881
32895
32898
32899
32899
32902
32916
32919
32928
32930
32938
32939
32953
32955
32965
32975
32976
32980
33032
33107
33133
33137
33146
33155
33170
33171
33183
33203
33209
33212
33214
33223
33247
33256
33257
33265
33266
33287
33299
33322
33340
33346
33374
33391
33392
33403
33417
33420
33424
33457
33475
33477
33520
33527
33532
33546
33560
33571
33575
33589
33686
33689
33703
33708
33732
33744
33759
33770
33770
33788
33791
33801
33826
33835
33868
33869
33892
33899
33922
33924
33933
33940
33974
33999
34012
34032
34039
34073
34080
34092
34097
34097
34101
34102
34123
34199
34202
34215
34219
34221
34243
34250
34260
34264
34268
34286
34292
34297
34303
34303
34317
34320
34329
34330
34331
34335
34336
34341
34343
34353
34361
34369
34371
34376
34378
34385
34387
34399
34400
34405
34411
34418
34434
34442
34457
34459
34468
34469
34475
34486
34489
34528
34554
34556
34560
34578
34612
34631
34646
34652
34658
34660
34667
34671
34673
34683
34688
34696
34703
34730
34734
34734
34765
34791
34815
34823
34828
34872
34924
34952
34970
34985
34997
35021
35047
35078
35086
35104
35115
35130
35136
35146
35155
35171
35179
35180
35188
35192
35281
35281
35282
35288
35290
35313
35328
35346
35365
35376
35381
35385
35386
35393
35430
35430
35432
35440
35466
35477
35538
35587
35616
35649
35673
35696
35745
35745
35770
35792
35794
35827
35832
35848
35866
35870
35877
35905
35911
35929
35946
35959
35968
35986
36007
36010
36011
36028
36034
36055
36087
36090
36097
36105
36108
36138
36154
36158
36168
36171
36172
36198
36209
36230
36232
36244
36244
36256
36270
36273
36289
36291
36301
36342
36343
36372
36373
36383
36394
36402
36406
36411
36427
36432
36435
36437
36439
36444
36445
36446
36450
36450
36486
36488
36490
36492
36504
36507
36521
36525
36526
36527
36533
36566
36572
36599
36604
36701
36712
36714
36721
36724
36749
36757
36801
36805
36838
36854
36860
36868
36885
36903
36913
36947
36949
36973
36974
36989
37042
37057
37063
37065
37084
37087
37094
37108
37161
37185
37185
37202
37216
37217
37234
37241
37253
37253
37263
37310
37320
37329
37336
37344
37357
37401
37402
37407
37412
37421
37441
37466
37480
37484
37513
37515
37517
37529
37530
37538
37549
37550
37553
37573
37583
37595
37608
37624
37624
37662
37685
37703
37705
37710
37710
37726
37750
37753
37781
37803
37833
37834
37837
37847
37848
37908
37922
37925
37934
37947
37974
38008
38041
38062
38063
38096
38101
38103
38115
38117
38142
38161
38162
38194
38218
38257
38282
38326
38333
38336
38393
38402
38438
38463
38477
38497
38530
38554
38555
38559
38561
38562
38569
38596
38611
38624
38646
38659
38680
38691
38696
38713
38732
38733
38737
38744
38745
38752
38765
38785
38786
38803
38816
38822
38845
38853
38854
38855
38862
38879
38880
38894
38897
38899
38921
38923
38926
38931
38950
38953
38971
38987
39015
39031
39048
39053
39054
39073
39091
39126
39170
39178
39193
39209
39212
39223
39249
39269
39270
39272
39286
39301
39343
39348
39355
39386
39415
39431
39432
39434
39440
39441
39446
39463
39484
39491
39505
39508
39511
39523
39529
39569
39572
39579
39593
39595
39595
39614
39619
39679
39682
39700
39713
39737
39777
39784
39787
39799
39805
39805
39815
39825
39835
39838
39878
39883
39903
39925
39950
39980
39983
39988
40013
40023
40052
40070
40070
40089
40100
40121
40158
40187
40188
40220
40270
40274
40304
40319
40320
40330
40335
40339
40341
40348
40365
40412
40425
40428
40431
40439
40531
40535
40574
40583
40595
40603
40611
40651
40653
40675
40677
40688
40701
40707
40718
40723
40740
40744
40751
40771
40788
40835
40845
40850
40881
40890
40912
40918
40931
40936
40964
40969
40984
40990
41011
41013
41025
41027
41041
41105
41109
41139
41141
41143
41174
41215
41217
41229
41238
41255
41287
41367
41383
41393
41408
41419
41423
41428
41432
41452
41455
41467
41503
41515
41521
41536
41545
41547
41559
41572
41608
41618
41618
41624
41632
41645
41679
41680
41703
41719
41731
41739
41748
41751
41754
41765
41783
41824
41825
41828
41836
41856
41865
41867
41879
41885
41888
41890
41896
41901
41905
41906
41942
41950
41957
41967
41974
42006
42012
42035
42080
42082
42089
42106
42107
42128
42131
42133
42168
42170
42184
42209
42210
42227
42249
42260
42276
42282
42320
42327
42339
42343
42344
42365
42376
42394
42397
42406
42406
42408
42423
42425
42429
42429
42438
42491
42499
42509
42510
42511
42522
42526
42530
42543
42544
42549
42552
42584
42587
42603
42607
42608
42616
42625
42632
42645
42656
42658
42661
42681
42704
42712
42726
42739
42774
42778
42807
42828
42853
42857
42870
42874
42885
42897
42906
42915
42916
42926
42958
42969
42980
43009
43011
43038
43044
43064
43065
43068
43073
43079
43080
43094
43098
43105
43144
43151
43166
43179
43183
43192
43239
43252
43274
43289
43292
43301
43303
43305
43318
43331
43343
43367
43367
43396
43474
43505
43516
43546
43567
43585
43592
43593
43612
43614
43618
43642
43670
43673
43694
43698
43709
43739
43769
43787
43812
43818
43824
43842
43861
43865
43868
43883
43884
43890
43897
43903
43914
43931
43932
43935
43952
43977
43988
43999
44019
44060
44063
44068
44084
44091
44104
44109
44119
44173
44173
44193
44201
44206
44222
44226
44230
44236
44253
44263
44294
44309
44310
44319
44320
44330
44332
44336
44389
44401
44425
44442
44442
44445
44448
44460
44463
44475
44498
44506
44528
44540
44565
44576
44599
44637
44644
44658
44693
44718
44718
44742
44743
44745
44761
44765
44771
44816
44830
44839
44841
44846
44853
44881
44883
44900
44985
44991
45010
45010
45012
45035
45044
45073
45074
45086
45108
45114
45120
45121
45130
45146
45151
45179
45183
45236
45253
45256
45278
45281
45284
45288
45296
45297
45330
45346
45374
45388
45427
45458
45472
45500
45526
45535
45551
45555
45557
45579
45587
45595
45603
45618
45625
45631
45683
45737
45751
45762
45767
45781
45782
45785
45820
45850
45863
45904
45938
45946
45974
45984
46012
46031
46047
46104
46112
46136
46165
46167
46201
46206
46209
46213
46217
46236
46241
46251
46266
46277
46288
46295
46300
46308
46327
46343
46347
46378
46388
46396
46424
46427
46436
46446
46453
46454
46483
46484
46496
46528
46530
46533
46548
46552
46556
46564
46581
46583
46586
46591
46597
46611
46612
46616
46645
46652
46673
46680
46691
46747
46780
46788
46803
46809
46826
46842
46853
46867
46889
46914
46927
46934
46970
46985
47007
47008
47027
47028
47049
47076
47097
47105
47138
47154
47157
47158
47164
47209
47215
47219
47223
47231
47249
47269
47278
47282
47290
47305
47314
47317
47325
47332
47332
47336
47337
47364
47384
47397
47480
47500
47510
47515
47516
47519
47533
47579
47587
47627
47639
47644
47651
47655
47661
47675
47689
47691
47704
47736
47752
47767
47807
47814
47820
47825
47849
47850
47850
47859
47865
47871
47892
47915
47923
47925
47943
47976
47984
47990
47997
48004
48020
48021
48025
48044
48045
48068
48080
48081
48093
48102
48114
48140
48233
48251
48296
48306
48369
48406
48425
48430
48438
48447
48467
48473
48473
48492
48504
48518
48526
48549
48552
48570
48581
48584
48584
48603
48605
48606
48634
48683
48709
48721
48726
48730
48754
48758
48785
48788
48805
48832
48861
48864
48868
48869
48885
48886
48898
48931
48931
48937
48949
48972
48990
49000
49019
49019
49024
49045
49050
49081
49099
49103
49117
49147
49156
49167
49186
49215
49236
49245
49247
49253
49257
49284
49319
49373
49375
49379
49398
49416
49435
49515
49523
49523
49525
49572
49586
49588
49599
49602
49623
49641
49674
49686
49689
49693
49703
49726
49727
49730
49736
49738
49742
49743
49747
49756
49767
49772
49782
49798
49801
49806
49819
49825
49849
49854
49855
49863
49866
49873
49882
49897
49899
49917
49922
49940
49940
49942
49947
49959
49964
49985
49994
