2
8
10
14
17
17
19
27
36
44
62
63
77
90
94
96
117
135
140
149
158
183
187
190
205
211
217
226
235
252
261
278
279
289
289
302
303
305
309
325
325
332
337
338
341
348
365
377
380
386
395
397
413
415
421
425
435
445
459
463
464
483
487
487
488
492
498
515
520
525
533
535
544
546
565
575
577
581
595
597
599
600
609
610
625
627
628
630
632
655
657
658
661
688
695
696
696
705
711
712
722
741
741
743
745
754
755
756
765
793
800
805
817
843
845
854
858
861
861
883
886
901
907
911
915
920
928
941
941
941
955
965
965
965
966
967
972
982
984
986
989
1000
1012
1018
1025
1027
1040
1055
1059
1061
1068
1071
1073
1078
1083
1095
1118
1128
1142
1147
1165
1168
1173
1179
1195
1205
1215
1234
1235
1235
1236
1240
1250
1251
1260
1268
1276
1277
1280
1294
1303
1307
1317
1324
1325
1329
1336
1336
1338
1338
1343
1353
1354
1374
1405
1409
1413
1414
1415
1427
1431
1443
1444
1449
1451
1452
1466
1468
1469
1494
1498
1511
1512
1519
1520
1529
1530
1540
1545
1546
1564
1575
1579
1594
1618
1622
1629
1630
1635
1642
1644
1650
1651
1652
1655
1699
1709
1715
1751
1759
1764
1766
1769
1772
1773
1798
1805
1809
1810
1841
1843
1847
1857
1862
1862
1876
1879
1886
1895
1902
1916
1921
1922
1931
1942
1944
1950
1965
1982
2006
2008
2010
2014
2021
2049
2049
2051
2055
2057
2064
2065
2066
2069
2085
2088
2089
2092
2093
2098
2107
2112
2113
2121
2129
2129
2134
2137
2139
2142
2161
2170
2183
2185
2187
2192
2193
2200
2202
2202
2223
2225
2234
2249
2267
2271
2272
2275
2285
2289
2290
2293
2296
2300
2307
2310
2314
2324
2324
2337
2346
2354
2369
2385
2391
2394
2409
2416
2418
2425
2430
2430
2431
2435
2435
2446
2454
2460
2461
2471
2502
2505
2525
2541
2549
2560
2569
2572
2572
2580
2587
2591
2591
2595
2598
2599
2600
2607
2607
2615
2617
2635
2651
2660
2664
2667
2677
2678
2678
2690
2690
2695
2697
2705
2709
2717
2737
2763
2770
2777
2782
2785
2786
2797
2814
2818
2829
2832
2842
2866
2869
2869
2874
2882
2882
2883
2893
2900
2900
2901
2903
2903
2908
2910
2933
2935
2936
2941
2945
2947
2954
2955
2957
2963
2965
2971
2973
2977
2980
2980
2980
2982
2987
3032
3038
3045
3056
3063
3063
3067
3091
3108
3115
3116
3122
3133
3148
3150
3174
3179
3185
3187
3195
3201
3214
3220
3221
3231
3234
3237
3237
3240
3243
3252
3293
3295
3296
3297
3326
3331
3332
3334
3335
3336
3344
3345
3347
3348
3352
3353
3355
3368
3368
3371
3401
3424
3427
3433
3436
3447
3452
3462
3465
3466
3488
3490
3500
3505
3505
3509
3510
3515
3539
3543
3546
3551
3562
3563
3564
3577
3586
3601
3604
3610
3610
3622
3642
3643
3653
3656
3664
3678
3699
3713
3717
3719
3729
3732
3742
3742
3745
3753
3753
3757
3768
3777
3792
3799
3803
3806
3844
3846
3847
3849
3851
3865
3881
3887
3895
3901
3911
3919
3924
3930
3938
3968
3971
3971
3987
3995
3996
4013
4017
4020
4021
4025
4028
4030
4031
4034
4039
4045
4065
4067
4076
4091
4092
4092
4094
4103
4105
4109
4115
4138
4143
4147
4153
4162
4168
4170
4175
4198
4210
4210
4211
4216
4220
4227
4234
4234
4251
4251
4253
4253
4266
4291
4293
4295
4319
4338
4339
4341
4357
4360
4367
4389
4395
4402
4404
4410
4414
4415
4420
4428
4431
4444
4448
4465
4471
4472
4491
4494
4499
4500
4501
4507
4517
4525
4526
4526
4531
4533
4534
4553
4554
4559
4573
4576
4582
4585
4597
4600
4609
4614
4616
4634
4635
4637
4646
4655
4656
4667
4668
4669
4671
4676
4684
4684
4700
4700
4703
4706
4720
4723
4738
4743
4745
4750
4753
4757
4763
4772
4780
4789
4789
4792
4794
4815
4824
4831
4845
4851
4857
4869
4871
4871
4871
4877
4877
4881
4882
4892
4893
4906
4918
4929
4934
4937
4940
4940
4944
4944
4950
4959
4975
4991
5000
5005
5018
5019
5042
5044
5045
5048
5060
5069
5074
5074
5084
5085
5087
5088
5095
5096
5117
5134
5160
5162
5167
5172
5180
5183
5186
5187
5196
5206
5209
5209
5226
5239
5240
5256
5256
5265
5270
5274
5284
5297
5297
5300
5310
5310
5313
5315
5321
5323
5327
5331
5355
5358
5372
5380
5382
5383
5384
5384
5385
5387
5393
5398
5409
5417
5445
5452
5461
5475
5484
5495
5508
5517
5519
5526
5538
5541
5550
5558
5568
5578
5583
5585
5590
5609
5617
5629
5633
5639
5641
5642
5651
5656
5670
5686
5687
5690
5694
5707
5710
5721
5730
5737
5757
5763
5790
5790
5796
5799
5802
5815
5818
5821
5822
5825
5830
5833
5845
5851
5862
5863
5866
5877
5885
5895
5916
5925
5929
5932
5940
5942
5955
5964
5967
5977
5981
5990
6001
6002
6010
6011
6040
6048
6053
6056
6062
6064
6074
6075
6080
6092
6092
6093
6094
6095
6097
6101
6102
6108
6110
6114
6115
6126
6136
6140
6144
6172
6177
6196
6197
6208
6216
6225
6227
6228
6229
6237
6262
6283
6295
6306
6309
6313
6323
6331
6337
6340
6343
6352
6372
6372
6374
6377
6377
6378
6384
6392
6395
6399
6411
6420
6434
6435
6437
6439
6443
6444
6451
6455
6462
6466
6467
6469
6477
6482
6485
6487
6490
6515
6524
6529
6531
6536
6537
6539
6547
6551
6572
6585
6591
6592
6595
6602
6603
6607
6617
6624
6624
6629
6634
6638
6638
6645
6647
6662
6667
6675
6687
6692
6696
6710
6716
6716
6722
6755
6757
6763
6783
6786
6787
6796
6799
6804
6805
6816
6820
6823
6845
6855
6862
6866
6872
6881
6887
6888
6914
6916
6924
6935
6941
6975
6989
6989
6994
6994
6995
7004
7021
7028
7030
7030
7035
7040
7041
7045
7047
7069
7071
7072
7091
7093
7101
7135
7138
7150
7157
7161
7165
7167
7177
7184
7185
7186
7203
7203
7209
7225
7225
7234
7236
7240
7249
7252
7253
7264
7272
7274
7278
7284
7297
7300
7310
7315
7331
7334
7348
7352
7361
7369
7370
7380
7396
7400
7402
7405
7406
7418
7427
7429
7437
7456
7465
7466
7467
7467
7472
7474
7476
7479
7485
7485
7492
7519
7530
7539
7546
7551
7558
7564
7577
7579
7583
7585
7610
7621
7624
7633
7637
7637
7639
7643
7665
7685
7703
7703
7711
7761
7771
7776
7777
7787
7801
7801
7813
7814
7830
7834
7838
7841
7866
7867
7875
7893
7902
7903
7906
7916
7938
7938
7944
7955
7958
7973
7996
8008
8046
8053
8063
8064
8072
8080
8086
8087
8094
8096
8101
8103
8116
8120
8122
8123
8124
8125
8127
8135
8146
8147
8150
8154
8157
8164
8167
8168
8174
8181
8187
8188
8204
8221
8227
8227
8240
8266
8274
8278
8283
8284
8303
8304
8304
8313
8340
8352
8383
8388
8408
8415
8415
8424
8424
8426
8427
8434
8439
8446
8451
8460
8471
8474
8477
8478
8485
8494
8494
8495
8500
8503
8504
8505
8506
8518
8522
8526
8526
8528
8529
8541
8542
8547
8553
8559
8560
8583
8584
8591
8602
8603
8619
8642
8653
8676
8679
8689
8695
8701
8701
8706
8737
8740
8746
8753
8764
8779
8787
8791
8796
8800
8807
8810
8818
8827
8829
8830
8834
8852
8856
8861
8866
8866
8876
8883
8885
8890
8893
8922
8924
8926
8927
8928
8931
8949
8950
8961
8961
8964
8971
8975
8981
8988
8993
8995
9012
9029
9044
9046
9048
9054
9069
9094
9100
9102
9107
9108
9131
9137
9138
9139
9143
9148
9151
9156
9173
9179
9186
9188
9197
9199
9212
9213
9214
9218
9227
9229
9235
9245
9266
9278
9294
9301
9302
9311
9312
9313
9318
9339
9340
9342
9346
9351
9355
9358
9370
9377
9387
9391
9397
9400
9406
9418
9424
9428
9436
9438
9444
9448
9452
9454
9475
9476
9486
9504
9508
9517
9520
9524
9529
9531
9533
9533
9534
9537
9544
9552
9559
9571
9578
9579
9579
9603
9613
9619
9625
9627
9629
9632
9636
9637
9644
9645
9649
9651
9655
9656
9658
9660
9666
9670
9679
9696
9699
9699
9702
9711
9725
9729
9743
9748
9756
9766
9770
9783
9783
9792
9807
9818
9819
9822
9833
9844
9851
9858
9858
9867
9873
9881
9890
9898
9903
9909
9909
9914
9917
9918
9941
9948
9949
9978
9986
9990
9996
10005
10006
10011
10015
10019
10030
10034
10036
10038
10044
10047
10047
10047
10059
10065
10077
10084
10085
10087
10090
10100
10106
10111
10120
10129
10130
10137
10168
10169
10197
10217
10218
10222
10224
10229
10244
10245
10255
10258
10300
10325
10329
10339
10339
10342
10345
10348
10352
10357
10368
10369
10369
10373
10376
10377
10400
10401
10403
10405
10407
10419
10429
10431
10434
10436
10461
10477
10478
10478
10484
10485
10486
10489
10501
10504
10504
10508
10510
10518
10523
10524
10551
10570
10570
10570
10571
10576
10577
10604
10606
10614
10616
10619
10630
10645
10649
10649
10659
10678
10706
10708
10715
10719
10719
10737
10740
10759
10761
10786
10801
10803
10831
10841
10869
10869
10879
10880
10880
10906
10915
10916
10921
10936
10941
10941
10952
10953
10965
10966
10967
10970
10981
10982
10986
11003
11012
11020
11023
11031
11031
11032
11046
11069
11075
11082
11083
11089
11090
11093
11098
11105
11116
11116
11124
11125
11128
11143
11143
11151
11152
11155
11162
11163
11164
11168
11175
11188
11202
11209
11225
11238
11239
11248
11271
11272
11286
11296
11315
11325
11331
11333
11341
11343
11345
11345
11347
11350
11357
11358
11366
11382
11388
11393
11419
11425
11426
11440
11447
11451
11458
11465
11468
11470
11486
11493
11500
11513
11527
11534
11536
11539
11560
11565
11566
11572
11576
11578
11589
11614
11626
11629
11631
11649
11678
11679
11679
11686
11686
11690
11690
11713
11720
11732
11743
11744
11753
11758
11760
11765
11768
11778
11790
11791
11822
11825
11835
11838
11838
11839
11843
11851
11864
11868
11880
11881
11901
11907
11911
11914
11915
11919
11923
11929
11930
11937
11961
11969
11970
11971
11990
11991
11993
11999
12004
12006
12012
12023
12038
12041
12048
12052
12056
12057
12069
12093
12103
12117
12123
12130
12141
12148
12153
12159
12164
12171
12173
12177
12178
12189
12191
12204
12205
12219
12221
12236
12238
12239
12243
12271
12278
12280
12281
12285
12286
12296
12296
12299
12317
12327
12347
12370
12371
12375
12376
12381
12388
12394
12397
12401
12411
12411
12419
12431
12440
12444
12445
12447
12450
12452
12455
12465
12471
12473
12475
12476
12486
12488
12490
12496
12511
12530
12534
12535
12537
12541
12543
12551
12554
12555
12555
12557
12563
12567
12586
12592
12593
12594
12601
12618
12623
12631
12634
12636
12637
12641
12642
12643
12667
12668
12670
12675
12681
12684
12691
12704
12712
12716
12717
12725
12734
12735
12735
12736
12736
12740
12744
12772
12782
12784
12796
12807
12816
12824
12844
12850
12855
12864
12875
12880
12884
12894
12942
12946
12953
12956
12960
12965
12967
12973
12980
12980
12983
12984
12987
12987
12994
12997
13003
13016
13018
13037
13039
13066
13070
13072
13101
13111
13118
13119
13120
13136
13143
13145
13153
13158
13160
13171
13181
13184
13185
13201
13208
13214
13216
13228
13228
13234
13234
13234
13236
13250
13268
13270
13286
13305
13317
13334
13343
13344
13351
13376
13382
13387
13397
13416
13424
13432
13433
13435
13437
13439
13444
13451
13456
13480
13488
13495
13503
13505
13509
13512
13520
13523
13523
13524
13528
13532
13542
13558
13562
13572
13582
13589
13595
13598
13598
13600
13601
13611
13615
13624
13632
13644
13645
13651
13651
13671
13674
13688
13691
13716
13720
13722
13724
13725
13736
13746
13759
13768
13801
13812
13824
13829
13833
13834
13847
13849
13850
13867
13875
13876
13877
13878
13881
13887
13900
13921
13925
13927
13929
13931
13936
13937
13943
13944
13947
13948
13951
13957
13964
13970
13971
13973
13979
13982
13983
13991
14008
14017
14048
14052
14057
14061
14061
14063
14074
14079
14081
14081
14097
14101
14107
14115
14118
14138
14139
14159
14169
14178
14188
14205
14205
14224
14244
14258
14260
14262
14265
14265
14275
14277
14302
14305
14317
14318
14328
14363
14368
14375
14377
14390
14392
14395
14406
14409
14416
14419
14424
14424
14454
14486
14486
14491
14499
14504
14516
14533
14534
14554
14556
14558
14566
14576
14586
14593
14605
14606
14607
14623
14636
14638
14671
14674
14685
14688
14688
14719
14722
14730
14732
14738
14740
14745
14747
14779
14781
14790
14793
14800
14808
14831
14835
14845
14846
14854
14857
14859
14871
14872
14876
14886
14896
14934
14935
14946
14960
14974
14979
14984
14985
14986
14997
15000
15001
15009
15017
15023
15023
15033
15041
15045
15056
15081
15094
15096
15099
15105
15108
15113
15115
15124
15125
15127
15129
15131
15139
15144
15145
15145
15150
15151
15152
15162
15167
15185
15186
15186
15188
15194
15217
15219
15224
15226
15227
15231
15233
15244
15263
15265
15267
15268
15268
15273
15280
15281
15282
15293
15298
15302
15310
15311
15315
15315
15315
15319
15324
15332
15337
15348
15377
15378
15386
15407
15411
15446
15447
15455
15466
15476
15487
15501
15502
15513
15516
15523
15529
15535
15542
15550
15551
15553
15556
15559
15560
15563
15584
15588
15593
15595
15598
15601
15605
15607
15613
15619
15631
15636
15638
15643
15645
15650
15669
15671
15677
15678
15679
15699
15704
15704
15707
15737
15748
15753
15756
15760
15763
15769
15777
15780
15806
15813
15820
15832
15835
15842
15849
15865
15865
15867
15873
15874
15892
15898
15904
15905
15915
15915
15918
15936
15944
15947
15951
15966
15967
15971
15972
15987
15996
15998
16004
16008
16013
16022
16043
16052
16062
16063
16073
16079
16079
16082
16106
16114
16124
16130
16131
16132
16135
16138
16143
16149
16164
16164
16166
16169
16182
16207
16217
16219
16231
16237
16242
16247
16248
16251
16255
16257
16262
16262
16284
16285
16295
16304
16307
16314
16330
16331
16352
16355
16355
16361
16370
16377
16384
16389
16393
16397
16421
16426
16429
16429
16438
16448
16453
16455
16463
16464
16476
16480
16481
16488
16495
16496
16500
16513
16518
16519
16519
16524
16524
16527
16531
16541
16541
16549
16552
16554
16555
16556
16562
16562
16567
16574
16587
16594
16611
16617
16632
16636
16638
16638
16646
16654
16659
16660
16692
16704
16704
16725
16729
16731
16739
16741
16742
16746
16757
16766
16776
16776
16779
16780
16790
16803
16812
16813
16826
16831
16834
16841
16842
16844
16845
16846
16847
16852
16861
16867
16870
16878
16881
16888
16892
16905
16907
16908
16911
16912
16919
16922
16923
16928
16948
16949
16957
16966
16973
16974
16975
16995
16998
16998
17010
17019
17028
17037
17043
17049
17055
17058
17071
17082
17098
17098
17107
17111
17131
17137
17141
17149
17149
17152
17170
17174
17176
17178
17180
17181
17191
17193
17201
17215
17228
17238
17255
17262
17279
17280
17282
17293
17301
17305
17316
17317
17332
17341
17349
17373
17380
17381
17386
17401
17411
17412
17424
17427
17435
17438
17451
17470
17472
17477
17497
17506
17529
17534
17550
17552
17556
17559
17568
17578
17584
17598
17607
17616
17623
17624
17632
17639
17645
17665
17665
17670
17673
17686
17694
17699
17701
17707
17711
17718
17732
17740
17741
17746
17752
17756
17762
17764
17797
17803
17803
17805
17809
17811
17823
17824
17830
17832
17833
17864
17885
17890
17893
17904
17913
17914
17918
17922
17934
17952
17958
17958
17959
17962
17962
17971
17978
17998
18000
18013
18018
18022
18023
18026
18040
18049
18055
18056
18066
18078
18085
18088
18093
18097
18098
18108
18110
18117
18117
18127
18154
18161
18162
18163
18164
18165
18168
18170
18176
18181
18187
18187
18204
18212
18214
18218
18218
18223
18234
18236
18238
18243
18248
18249
18261
18284
18299
18311
18319
18330
18366
18382
18385
18411
18417
18430
18434
18442
18449
18455
18457
18468
18473
18487
18489
18491
18496
18500
18503
18511
18522
18528
18536
18544
18554
18557
18575
18585
18588
18588
18590
18603
18606
18613
18619
18662
18676
18689
18689
18691
18722
18724
18724
18733
18741
18743
18743
18745
18746
18754
18755
18758
18771
18771
18773
18776
18785
18789
18790
18792
18798
18801
18803
18820
18827
18837
18838
18844
18850
18858
18861
18862
18868
18869
18874
18891
18894
18904
18914
18927
18942
18944
18944
18952
18956
18959
18978
19012
19015
19022
19023
19024
19029
19032
19042
19044
19049
19051
19053
19053
19070
19073
19079
19095
19097
19124
19142
19146
19149
19153
19158
19164
19165
19175
19177
19179
19180
19188
19188
19197
19199
19206
19223
19233
19234
19250
19250
19257
19299
19312
19317
19344
19347
19349
19350
19356
19357
19362
19365
19368
19380
19387
19393
19395
19414
19417
19424
19427
19437
19443
19449
19449
19451
19456
19458
19468
19479
19485
19488
19489
19503
19504
19514
19514
19519
19520
19527
19533
19539
19561
19566
19585
19594
19595
19596
19614
19637
19639
19639
19645
19652
19654
19655
19656
19688
19693
19706
19714
19728
19732
19745
19751
19760
19766
19766
19766
19772
19775
19775
19778
19778
19781
19791
19797
19802
19821
19836
19848
19850
19859
19861
19866
19897
19898
19903
19905
19916
19918
19932
19940
19950
19954
19961
19969
19974
19976
19978
19996
19998
19999
20002
20003
20010
20011
20017
20023
20038
20044
20055
20057
20068
20084
20095
20110
20126
20127
20147
20156
20187
20203
20209
20214
20218
20222
20234
20235
20237
20245
20247
20260
20277
20282
20283
20283
20290
20300
20310
20318
20324
20325
20325
20334
20335
20352
20366
20376
20384
20384
20395
20423
20428
20442
20447
20454
20455
20465
20467
20477
20492
20493
20494
20497
20497
20511
20511
20513
20516
20518
20524
20536
20539
20539
20542
20542
20566
20573
20579
20581
20588
20600
20601
20603
20605
20617
20619
20620
20623
20633
20633
20636
20636
20636
20637
20638
20639
20642
20644
20644
20645
20648
20653
20657
20671
20680
20682
20694
20694
20711
20714
20714
20722
20725
20728
20745
20745
20745
20752
20754
20756
20761
20761
20770
20790
20791
20800
20816
20826
20830
20834
20851
20859
20862
20869
20872
20881
20890
20901
20911
20920
20950
20956
20964
20978
20988
20994
21003
21006
21008
21009
21013
21015
21016
21020
21054
21057
21059
21065
21071
21081
21093
21103
21109
21112
21113
21115
21119
21121
21127
21128
21129
21130
21130
21133
21138
21143
21149
21152
21156
21163
21164
21173
21184
21186
21186
21200
21201
21204
21220
21225
21227
21242
21245
21245
21246
21254
21260
21268
21276
21278
21296
21296
21297
21300
21310
21311
21331
21333
21334
21338
21338
21338
21394
21406
21407
21410
21411
21416
21420
21425
21429
21437
21438
21438
21445
21447
21449
21451
21459
21466
21480
21482
21491
21494
21494
21500
21500
21511
21527
21541
21553
21568
21570
21572
21574
21577
21599
21599
21617
21618
21627
21636
21653
21674
21678
21680
21689
21697
21724
21729
21755
21756
21757
21762
21768
21779
21782
21783
21788
21797
21798
21803
21808
21808
21822
21826
21829
21830
21844
21845
21854
21862
21865
21866
21893
21896
21898
21914
21916
21919
21927
21928
21928
21934
21936
21959
21962
21966
21971
21976
21981
21993
21995
21999
22003
22006
22015
22017
22018
22043
22049
22061
22076
22078
22086
22091
22094
22102
22114
22126
22134
22146
22173
22174
22193
22196
22199
22215
22230
22248
22251
22253
22258
22259
22267
22268
22270
22274
22283
22289
22290
22293
22295
22312
22352
22355
22369
22370
22371
22389
22396
22404
22418
22429
22436
22446
22449
22457
22460
22467
22468
22468
22483
22510
22524
22528
22549
22550
22554
22565
22580
22582
22583
22597
22597
22605
22608
22614
22627
22628
22639
22645
22651
22651
22673
22675
22679
22693
22703
22710
22712
22715
22723
22725
22730
22730
22752
22765
22785
22785
22786
22787
22791
22796
22798
22799
22803
22815
22825
22836
22842
22852
22855
22862
22864
22872
22886
22894
22904
22919
22923
22927
22943
22945
22949
22965
22965
22967
22970
22975
22982
22985
22992
23011
23011
23022
23032
23033
23088
23094
23097
23100
23113
23115
23120
23124
23125
23141
23147
23148
23149
23154
23163
23169
23196
23197
23199
23201
23203
23215
23217
23219
23221
23221
23233
23236
23253
23268
23269
23270
23280
23282
23284
23299
23312
23317
23321
23334
23346
23356
23376
23376
23388
23389
23401
23403
23407
23415
23416
23418
23418
23423
23433
23436
23461
23466
23466
23467
23484
23496
23514
23534
23538
23550
23552
23555
23555
23557
23560
23563
23580
23581
23590
23598
23622
23625
23638
23642
23661
23670
23680
23688
23689
23690
23717
23734
23735
23759
23765
23770
23776
23787
23788
23795
23801
23806
23819
23820
23836
23842
23849
23864
23866
23878
23882
23898
23904
23915
23919
23924
23930
23930
23930
23931
23946
23951
23964
23968
23974
23978
23993
23997
24004
24014
24038
24039
24043
24055
24072
24075
24075
24080
24082
24091
24092
24103
24107
24109
24118
24121
24124
24131
24136
24156
24157
24179
24197
24202
24211
24213
24216
24226
24232
24250
24258
24262
24265
24270
24275
24278
24290
24295
24299
24307
24312
24313
24323
24331
24332
24357
24378
24381
24408
24422
24422
24430
24433
24449
24450
24455
24466
24471
24492
24494
24506
24513
24532
24535
24556
24564
24572
24573
24596
24600
24602
24603
24609
24625
24630
24635
24660
24670
24676
24678
24682
24688
24691
24694
24694
24706
24711
24721
24724
24727
24734
24736
24736
24742
24745
24750
24750
24756
24771
24772
24777
24781
24787
24790
24815
24815
24816
24819
24822
24827
24850
24852
24853
24889
24890
24911
24925
24930
24934
24935
24935
24938
24965
24982
24989
25003
25004
25007
25012
25015
25016
25018
25042
25043
25044
25050
25059
25066
25072
25081
25086
25106
25108
25114
25119
25123
25128
25198
25199
25200
25208
25210
25212
25219
25222
25250
25265
25272
25291
25292
25295
25311
25315
25319
25323
25325
25330
25333
25335
25340
25352
25362
25387
25396
25407
25423
25428
25441
25452
25475
25475
25480
25492
25493
25496
25501
25512
25514
25519
25519
25524
25527
25530
25538
25542
25549
25555
25561
25563
25565
25580
25588
25589
25593
25598
25598
25611
25615
25621
25632
25633
25633
25634
25634
25641
25647
25687
25689
25695
25705
25707
25709
25714
25722
25730
25763
25767
25768
25781
25782
25786
25803
25819
25823
25825
25833
25836
25837
25839
25849
25852
25863
25867
25867
25869
25873
25887
25893
25897
25904
25915
25921
25923
25933
25939
25959
25961
25962
26004
26016
26018
26026
26027
26029
26034
26034
26038
26060
26060
26065
26067
26106
26113
26123
26123
26135
26140
26147
26167
26185
26188
26190
26192
26193
26195
26201
26203
26211
26215
26239
26242
26247
26247
26250
26253
26258
26260
26265
26275
26277
26296
26306
26320
26351
26355
26355
26361
26368
26379
26381
26384
26397
26400
26402
26404
26410
26425
26431
26431
26436
26438
26448
26449
26461
26471
26471
26474
26483
26487
26489
26494
26495
26498
26500
26500
26513
26526
26556
26556
26558
26559
26560
26565
26569
26580
26581
26582
26593
26597
26606
26606
26607
26611
26611
26614
26615
26617
26626
26639
26645
26646
26667
26670
26671
26684
26687
26704
26705
26712
26714
26714
26715
26716
26750
26753
26760
26760
26762
26762
26765
26768
26777
26792
26796
26804
26806
26821
26827
26833
26839
26847
26849
26851
26853
26872
26874
26878
26878
26885
26886
26891
26891
26895
26897
26908
26913
26928
26935
26949
26951
26968
26972
26973
26973
26981
26993
27009
27013
27025
27036
27039
27044
27048
27069
27071
27073
27083
27091
27091
27105
27131
27136
27137
27139
27149
27153
27162
27164
27168
27172
27173
27178
27186
27190
27192
27203
27217
27220
27224
27228
27242
27246
27253
27268
27277
27302
27307
27317
27321
27328
27345
27349
27351
27356
27411
27421
27440
27441
27442
27458
27461
27463
27465
27472
27478
27488
27488
27490
27498
27508
27512
27515
27524
27533
27544
27545
27570
27575
27575
27580
27588
27592
27596
27604
27632
27641
27647
27665
27667
27670
27673
27681
27686
27698
27727
27736
27738
27741
27748
27755
27759
27762
27770
27778
27794
27796
27799
27799
27812
27827
27852
27860
27869
27870
27870
27885
27890
27899
27902
27920
27947
27951
27957
27963
27966
27980
27988
28000
28002
28002
28003
28011
28015
28015
28017
28019
28021
28025
28036
28038
28062
28066
28068
28071
28076
28083
28088
28089
28099
28112
28115
28118
28119
28128
28130
28131
28135
28142
28156
28160
28171
28183
28184
28188
28195
28222
28227
28261
28294
28295
28297
28303
28304
28327
28328
28335
28339
28350
28354
28356
28357
28361
28364
28366
28377
28383
28389
28390
28395
28412
28412
28428
28430
28431
28442
28448
28471
28472
28497
28502
28504
28507
28518
28526
28528
28531
28535
28536
28542
28549
28560
28581
28585
28588
28588
28594
28596
28597
28600
28615
28620
28626
28627
28662
28672
28696
28697
28716
28717
28728
28732
28735
28737
28739
28746
28756
28763
28771
28774
28787
28790
28791
28796
28798
28803
28810
28813
28825
28860
28887
28903
28913
28919
28922
28924
28951
28953
28958
28960
28969
28988
28995
29002
29002
29010
29035
29049
29056
29064
29064
29065
29069
29070
29073
29080
29118
29124
29131
29131
29163
29166
29175
29176
29181
29190
29203
29212
29216
29221
29222
29255
29256
29263
29268
29276
29299
29315
29317
29329
29330
29339
29343
29349
29352
29354
29361
29362
29366
29367
29371
29384
29388
29401
29401
29406
29412
29429
29429
29433
29439
29442
29442
29443
29444
29447
29454
29465
29470
29474
29494
29500
29504
29506
29507
29511
29511
29514
29516
29532
29535
29550
29560
29564
29597
29597
29598
29603
29607
29612
29620
29621
29624
29641
29651
29669
29670
29673
29677
29677
29677
29681
29684
29685
29690
29692
29710
29716
29739
29756
29764
29767
29773
29792
29797
29818
29837
29844
29845
29847
29851
29853
29855
29856
29857
29865
29873
29883
29884
29891
29900
29903
29903
29904
29910
29915
29930
29932
29951
29981
30000
30008
30009
30010
30012
30030
30061
30078
30081
30089
30098
30109
30110
30113
30119
30130
30135
30143
30147
30149
30151
30167
30171
30173
30174
30181
30182
30202
30208
30218
30219
30227
30230
30231
30236
30236
30242
30245
30245
30248
30249
30251
30266
30269
30278
30285
30292
30307
30309
30309
30319
30331
30335
30336
30342
30348
30349
30349
30359
30362
30363
30370
30377
30387
30398
30405
30409
30423
30430
30438
30441
30454
30458
30459
30468
30473
30476
30487
30504
30506
30508
30513
30515
30517
30518
30526
30536
30537
30557
30564
30575
30577
30579
30583
30590
30611
30635
30637
30639
30644
30655
30660
30667
30669
30680
30687
30689
30694
30698
30700
30704
30733
30738
30740
30742
30763
30764
30779
30786
30800
30804
30814
30818
30829
30835
30837
30851
30853
30856
30859
30896
30898
30902
30906
30914
30918
30922
30925
30926
30958
30973
30983
30986
31007
31009
31047
31054
31055
31064
31078
31086
31100
31102
31102
31109
31117
31120
31120
31121
31129
31139
31149
31158
31161
31162
31164
31164
31168
31192
31193
31198
31205
31207
31222
31231
31252
31264
31266
31272
31282
31292
31304
31306
31306
31306
31311
31313
31318
31320
31340
31349
31353
31353
31353
31354
31359
31362
31365
31372
31374
31380
31388
31388
31391
31398
31400
31400
31406
31410
31411
31412
31412
31413
31415
31428
31430
31435
31442
31445
31459
31467
31470
31475
31477
31479
31487
31488
31495
31499
31499
31500
31513
31523
31529
31535
31548
31555
31558
31560
31568
31578
31580
31585
31587
31595
31597
31598
31609
31612
31624
31625
31628
31633
31634
31638
31649
31659
31663
31665
31670
31677
31683
31696
31697
31698
31724
31734
31745
31756
31789
31793
31795
31803
31809
31811
31837
31848
31853
31854
31868
31870
31870
31874
31875
31887
31888
31912
31915
31916
31918
31920
31920
31974
31975
31981
31984
31989
31991
32020
32030
32044
32048
32062
32073
32074
32085
32091
32106
32114
32115
32123
32123
32128
32143
32149
32166
32170
32175
32176
32179
32181
32187
32192
32193
32194
32201
32205
32214
32222
32237
32251
32260
32265
32287
32288
32295
32301
32315
32330
32343
32350
32353
32354
32356
32358
32360
32361
32375
32381
32384
32387
32389
32394
32401
32422
32423
32429
32451
32453
32455
32458
32459
32468
32472
32475
32494
32495
32511
32512
32527
32529
32550
32566
32571
32588
32590
32592
32597
32606
32607
32610
32611
32620
32623
32645
32646
32646
32651
32661
32669
32678
32699
32700
32703
32703
32705
32731
32735
32753
32776
32783
32802
32803
32805
32814
32830
32847
32848
32860
32866
32878
32909
32911
32922
32924
32949
32963
32965
32969
32994
32997
32999
33003
33019
33034
33035
33037
33045
33050
33085
33105
33106
33111
33117
33119
33126
33132
33135
33162
33164
33182
33189
33192
33209
33226
33228
33229
33229
33248
33258
33260
33268
33269
33279
33294
33294
33297
33302
33309
33313
33314
33323
33339
33342
33344
33358
33365
33370
33372
33389
33389
33393
33400
33402
33403
33408
33419
33429
33432
33448
33453
33464
33473
33473
33476
33490
33501
33503
33507
33508
33511
33514
33514
33518
33523
33524
33552
33554
33559
33576
33579
33581
33588
33593
33606
33607
33607
33627
33631
33641
33644
33648
33653
33659
33661
33667
33671
33671
33677
33678
33679
33691
33696
33708
33722
33735
33760
33761
33765
33766
33769
33778
33778
33779
33787
33788
33790
33791
33801
33810
33816
33818
33820
33828
33833
33839
33840
33854
33863
33880
33899
33899
33903
33903
33905
33914
33923
33933
33934
33944
33947
33957
33960
33962
33963
33963
33976
33988
33989
33992
33996
34036
34051
34059
34065
34073
34083
34099
34103
34103
34109
34115
34117
34121
34134
34144
34146
34160
34162
34176
34188
34189
34189
34200
34209
34216
34219
34247
34253
34277
34284
34286
34287
34289
34298
34303
34308
34319
34331
34331
34334
34338
34350
34357
34358
34362
34371
34374
34378
34393
34396
34397
34405
34410
34415
34422
34424
34433
34437
34442
34446
34448
34472
34473
34479
34481
34481
34489
34492
34500
34510
34513
34522
34534
34535
34535
34543
34552
34560
34563
34566
34572
34574
34580
34582
34592
34598
34604
34613
34626
34626
34637
34640
34642
34680
34681
34688
34688
34703
34705
34719
34731
34733
34734
34736
34738
34753
34757
34757
34768
34771
34772
34773
34780
34785
34786
34790
34793
34808
34811
34820
34840
34847
34848
34851
34852
34857
34863
34867
34868
34887
34904
34904
34910
34931
34938
34940
34942
34945
34959
34961
34968
34968
34981
34986
34990
35005
35012
35015
35017
35024
35027
35049
35050
35066
35087
35087
35092
35095
35095
35099
35110
35112
35119
35141
35142
35145
35152
35163
35165
35175
35195
35204
35213
35241
35246
35260
35269
35272
35276
35277
35278
35281
35292
35295
35302
35310
35319
35320
35322
35327
35327
35330
35338
35353
35354
35357
35360
35361
35361
35388
35409
35410
35415
35417
35428
35434
35436
35437
35439
35446
35452
35468
35469
35494
35499
35506
35506
35509
35509
35510
35512
35538
35540
35545
35568
35571
35577
35589
35600
35602
35610
35613
35614
35617
35618
35618
35628
35638
35642
35688
35698
35714
35734
35740
35744
35753
35756
35758
35780
35791
35812
35819
35821
35828
35830
35843
35846
35860
35863
35866
35870
35874
35887
35893
35906
35907
35943
35952
35959
35969
35971
35971
35974
35983
35985
35995
35997
36004
36004
36009
36020
36023
36030
36046
36050
36051
36052
36055
36059
36066
36067
36073
36078
36083
36084
36092
36102
36104
36105
36106
36115
36130
36142
36155
36157
36162
36163
36167
36172
36181
36186
36197
36219
36226
36231
36242
36259
36261
36264
36271
36272
36279
36289
36295
36301
36301
36312
36320
36321
36331
36331
36337
36342
36352
36376
36376
36383
36385
36403
36406
36413
36414
36415
36437
36438
36445
36451
36454
36458
36471
36474
36481
36486
36490
36497
36499
36501
36502
36505
36507
36508
36519
36527
36536
36537
36549
36565
36567
36590
36599
36600
36602
36618
36632
36633
36637
36640
36641
36644
36647
36650
36671
36672
36680
36684
36691
36695
36699
36729
36739
36751
36757
36775
36781
36790
36791
36794
36796
36799
36803
36808
36816
36819
36839
36849
36850
36868
36873
36875
36891
36900
36901
36918
36936
36945
36947
36947
36957
36960
36962
36963
36970
36983
36985
36991
36991
37009
37012
37019
37021
37032
37041
37053
37057
37060
37065
37072
37098
37111
37116
37121
37123
37138
37149
37194
37197
37200
37204
37205
37207
37231
37238
37240
37246
37251
37253
37266
37266
37280
37284
37286
37296
37297
37317
37324
37328
37340
37344
37362
37383
37384
37387
37391
37398
37402
37403
37418
37425
37437
37444
37446
37453
37485
37493
37508
37509
37529
37531
37534
37534
37539
37553
37559
37560
37567
37589
37595
37601
37604
37609
37609
37614
37619
37625
37626
37628
37642
37652
37654
37671
37684
37700
37721
37722
37726
37728
37728
37749
37766
37768
37785
37805
37824
37828
37828
37828
37845
37845
37849
37856
37856
37859
37861
37865
37875
37877
37882
37896
37899
37902
37908
37912
37919
37924
37927
37946
37974
37983
37983
37987
37987
37993
37995
38010
38016
38017
38022
38030
38032
38037
38062
38072
38072
38078
38081
38096
38119
38129
38130
38141
38145
38150
38151
38155
38161
38162
38164
38167
38168
38176
38202
38203
38207
38210
38210
38214
38215
38217
38224
38229
38230
38231
38232
38249
38254
38257
38268
38273
38275
38279
38291
38294
38298
38302
38306
38309
38310
38312
38313
38328
38329
38334
38370
38377
38382
38389
38405
38410
38417
38422
38425
38448
38473
38506
38509
38514
38520
38523
38526
38526
38529
38529
38530
38531
38532
38540
38554
38560
38563
38568
38578
38580
38587
38597
38600
38616
38623
38625
38625
38635
38639
38645
38661
38674
38678
38679
38687
38688
38688
38692
38714
38717
38724
38730
38750
38756
38771
38772
38785
38785
38789
38793
38793
38802
38807
38809
38822
38848
38858
38861
38863
38866
38873
38882
38888
38900
38903
38912
38915
38924
38927
38930
38930
38934
38954
38960
38961
38972
38977
38977
38981
38985
38988
38993
39013
39019
39021
39033
39048
39052
39060
39069
39077
39098
39114
39116
39136
39137
39138
39145
39145
39146
39156
39158
39161
39180
39186
39201
39208
39214
39216
39228
39234
39238
39244
39252
39255
39260
39267
39273
39278
39292
39297
39309
39322
39329
39340
39345
39351
39353
39365
39369
39370
39374
39375
39377
39377
39381
39385
39395
39399
39403
39419
39423
39432
39441
39443
39455
39464
39476
39486
39494
39496
39501
39502
39518
39520
39521
39553
39555
39559
39572
39576
39577
39580
39593
39594
39605
39622
39638
39658
39659
39663
39668
39669
39673
39685
39702
39704
39706
39709
39723
39730
39748
39754
39755
39757
39759
39759
39765
39772
39775
39793
39800
39802
39806
39807
39810
39813
39822
39823
39824
39856
39868
39877
39895
39900
39910
39910
39916
39940
39944
39952
39954
39954
39961
39962
39963
39971
39971
39978
39979
39981
40003
40003
40007
40016
40018
40020
40022
40028
40032
40034
40045
40052
40053
40053
40062
40069
40072
40079
40088
40101
40107
40116
40116
40118
40126
40136
40136
40139
40142
40144
40149
40151
40152
40155
40184
40186
40201
40201
40220
40228
40246
40247
40255
40264
40274
40287
40291
40292
40298
40307
40313
40336
40340
40348
40362
40365
40366
40382
40387
40388
40398
40399
40404
40413
40413
40446
40457
40457
40465
40472
40480
40489
40491
40501
40506
40525
40532
40542
40543
40545
40550
40556
40557
40575
40582
40591
40594
40605
40607
40614
40617
40637
40642
40665
40714
40749
40753
40767
40781
40782
40790
40791
40809
40824
40843
40851
40852
40856
40864
40866
40874
40875
40906
40914
40915
40915
40918
40920
40920
40925
40943
40965
40972
40978
40983
40997
41001
41003
41007
41010
41010
41018
41018
41020
41020
41023
41024
41038
41051
41058
41060
41062
41064
41075
41087
41092
41103
41103
41105
41108
41109
41116
41119
41119
41120
41122
41127
41137
41144
41144
41151
41162
41171
41171
41172
41176
41182
41185
41189
41208
41210
41230
41232
41237
41242
41244
41248
41258
41275
41280
41284
41285
41298
41315
41316
41321
41323
41333
41339
41344
41349
41351
41355
41363
41363
41367
41390
41393
41395
41398
41402
41404
41410
41416
41419
41427
41430
41437
41451
41455
41469
41472
41476
41476
41492
41494
41523
41528
41534
41538
41548
41551
41571
41575
41577
41585
41588
41592
41612
41612
41615
41616
41625
41626
41628
41631
41632
41643
41647
41649
41657
41659
41662
41682
41685
41690
41691
41697
41698
41705
41709
41723
41728
41731
41732
41735
41746
41755
41775
41775
41775
41776
41779
41783
41784
41786
41789
41790
41791
41794
41794
41795
41802
41816
41817
41824
41826
41831
41833
41846
41856
41885
41891
41894
41898
41905
41938
41945
41955
41956
41961
41964
41979
41985
41988
41990
41999
42002
42008
42016
42025
42076
42081
42086
42109
42112
42113
42115
42131
42132
42137
42139
42147
42151
42154
42157
42177
42178
42184
42186
42186
42208
42221
42221
42227
42238
42239
42239
42245
42248
42252
42254
42255
42258
42259
42266
42269
42292
42299
42315
42320
42322
42322
42326
42328
42331
42339
42339
42343
42352
42353
42372
42386
42394
42397
42409
42412
42413
42422
42431
42435
42441
42442
42447
42451
42456
42471
42483
42494
42496
42501
42504
42540
42548
42563
42573
42582
42586
42606
42609
42631
42635
42643
42645
42692
42702
42717
42717
42718
42719
42720
42736
42740
42741
42764
42772
42774
42778
42782
42792
42819
42822
42826
42829
42829
42847
42857
42862
42868
42888
42896
42899
42916
42922
42935
42952
42954
42964
42973
42980
42980
42983
42983
42986
43001
43006
43006
43006
43007
43008
43016
43027
43028
43038
43039
43046
43048
43048
43050
43050
43058
43061
43071
43076
43092
43108
43111
43114
43116
43121
43126
43135
43143
43155
43162
43164
43166
43176
43182
43185
43186
43196
43197
43200
43203
43218
43220
43221
43237
43256
43278
43282
43288
43289
43300
43311
43313
43313
43320
43322
43324
43333
43338
43348
43351
43356
43358
43368
43375
43384
43388
43402
43406
43411
43411
43432
43435
43439
43444
43459
43467
43474
43475
43493
43499
43499
43500
43504
43508
43512
43519
43523
43524
43530
43531
43531
43538
43539
43539
43543
43547
43553
43554
43570
43577
43585
43596
43613
43628
43630
43634
43640
43647
43657
43660
43663
43664
43665
43672
43682
43686
43686
43717
43723
43731
43736
43745
43745
43749
43757
43764
43767
43774
43776
43782
43787
43792
43811
43815
43816
43823
43830
43831
43839
43856
43857
43865
43870
43875
43887
43894
43907
43910
43919
43954
43961
43964
43969
43977
43984
43985
43994
44003
44009
44013
44018
44020
44023
44028
44033
44038
44050
44050
44062
44078
44081
44088
44095
44105
44115
44121
44123
44125
44128
44128
44129
44139
44140
44156
44160
44164
44171
44173
44179
44193
44207
44215
44218
44220
44225
44232
44242
44242
44245
44248
44262
44264
44273
44276
44277
44277
44282
44283
44287
44300
44301
44301
44308
44309
44319
44333
44338
44338
44341
44360
44367
44367
44376
44379
44379
44382
44385
44387
44394
44407
44408
44410
44411
44415
44416
44420
44422
44430
44431
44440
44441
44443
44448
44462
44466
44472
44473
44474
44485
44488
44505
44517
44518
44538
44547
44561
44562
44563
44571
44596
44608
44612
44620
44626
44636
44638
44652
44655
44660
44661
44663
44665
44665
44684
44684
44688
44695
44723
44728
44731
44740
44742
44744
44748
44757
44766
44768
44769
44782
44783
44795
44800
44805
44818
44830
44838
44846
44849
44851
44861
44870
44876
44877
44884
44889
44903
44906
44916
44920
44924
44933
44943
44952
44954
44964
44970
44971
44976
44986
44987
44991
44993
45004
45009
45011
45015
45016
45044
45046
45057
45066
45070
45077
45080
45085
45086
45089
45091
45101
45138
45138
45138
45139
45141
45151
45161
45162
45164
45165
45168
45187
45188
45192
45194
45197
45206
45209
45215
45224
45224
45225
45228
45229
45242
45246
45247
45247
45251
45254
45279
45279
45288
45290
45301
45309
45311
45313
45321
45324
45340
45352
45352
45353
45357
45369
45371
45381
45390
45392
45399
45407
45411
45418
45425
45433
45438
45445
45452
45459
45465
45469
45482
45488
45494
45509
45517
45523
45525
45537
45539
45550
45551
45560
45563
45571
45587
45593
45595
45599
45604
45605
45608
45609
45610
45618
45643
45646
45648
45655
45666
45672
45681
45702
45707
45723
45734
45745
45752
45753
45758
45766
45767
45770
45781
45790
45795
45811
45814
45819
45830
45832
45840
45841
45863
45869
45871
45873
45879
45886
45895
45899
45906
45906
45913
45915
45928
45934
45957
45983
45988
45994
46000
46002
46017
46018
46024
46053
46060
46060
46065
46070
46095
46100
46104
46106
46114
46114
46135
46143
46146
46148
46151
46156
46156
46166
46185
46186
46189
46190
46206
46215
46226
46238
46239
46242
46278
46280
46288
46293
46295
46299
46318
46323
46326
46330
46336
46342
46349
46359
46366
46372
46374
46384
46386
46390
46406
46411
46415
46417
46418
46427
46430
46434
46437
46445
46447
46448
46457
46458
46463
46524
46526
46526
46527
46531
46533
46544
46550
46554
46560
46567
46592
46594
46596
46597
46601
46606
46606
46617
46618
46619
46621
46623
46649
46667
46670
46672
46686
46700
46702
46704
46706
46710
46710
46722
46724
46729
46741
46751
46754
46771
46775
46787
46791
46798
46804
46807
46823
46825
46828
46828
46829
46833
46836
46837
46852
46859
46865
46867
46867
46874
46883
46885
46910
46924
46930
46966
46976
46983
46993
46998
47010
47019
47024
47028
47033
47035
47044
47049
47050
47054
47061
47063
47063
47074
47090
47093
47098
47099
47100
47119
47120
47123
47129
47140
47141
47141
47149
47166
47168
47172
47178
47181
47188
47199
47203
47209
47213
47216
47217
47218
47223
47225
47232
47242
47248
47253
47257
47260
47264
47266
47270
47284
47290
47312
47313
47314
47321
47331
47359
47360
47367
47368
47377
47386
47388
47389
47392
47393
47393
47395
47412
47414
47438
47443
47449
47454
47458
47480
47484
47502
47502
47504
47504
47510
47510
47517
47519
47524
47528
47528
47535
47549
47554
47580
47583
47586
47587
47589
47595
47599
47612
47623
47628
47630
47649
47651
47651
47688
47692
47694
47696
47707
47715
47719
47727
47727
47749
47763
47769
47805
47817
47832
47836
47839
47854
47868
47873
47875
47881
47892
47901
47904
47907
47910
47913
47917
47919
47922
47926
47929
47934
47955
47959
47973
47981
47982
47984
47985
47994
47999
48002
48004
48017
48021
48026
48032
48039
48041
48080
48095
48105
48105
48114
48124
48145
48183
48191
48192
48197
48205
48210
48218
48233
48235
48243
48250
48258
48262
48268
48288
48293
48303
48311
48318
48331
48341
48366
48385
48387
48395
48405
48407
48425
48428
48432
48438
48467
48478
48495
48500
48501
48508
48548
48557
48560
48569
48599
48607
48616
48625
48625
48635
48641
48647
48660
48662
48674
48682
48685
48692
48693
48697
48700
48704
48705
48705
48712
48714
48717
48735
48747
48747
48757
48775
48781
48784
48787
48787
48792
48800
48807
48814
48814
48832
48835
48846
48851
48851
48857
48860
48863
48896
48905
48908
48912
48925
48925
48925
48954
48961
48976
48981
48982
48983
48989
48996
49000
49002
49027
49044
49052
49055
49059
49077
49077
49078
49086
49086
49087
49087
49099
49117
49130
49134
49146
49149
49152
49166
49172
49184
49203
49205
49214
49216
49222
49239
49256
49258
49272
49287
49292
49293
49293
49295
49304
49321
49322
49326
49329
49332
49333
49338
49345
49350
49370
49371
49377
49393
49394
49403
49403
49405
49410
49415
49418
49421
49434
49434
49437
49443
49451
49451
49456
49464
49474
49474
49492
49494
49494
49500
49513
49516
49521
49523
49534
49541
49545
49548
49550
49551
49553
49554
49562
49567
49577
49581
49587
49595
49600
49603
49610
49624
49639
49645
49651
49653
49654
49654
49664
49667
49668
49669
49669
49712
49712
49725
49729
49736
49750
49757
49764
49767
49768
49771
49779
49783
49785
49794
49795
49820
49824
49837
49839
49841
49842
49843
49866
49869
49877
49904
49907
49934
49941
49944
49952
49965
49965
49975
49985
49991
