13
36
37
44
45
54
54
62
65
68
88
100
108
108
108
114
115
124
131
133
144
146
147
149
154
161
180
182
183
183
197
206
208
209
215
217
218
219
225
229
246
247
252
262
281
285
292
292
293
303
303
307
321
323
324
329
339
340
341
359
376
377
380
383
393
393
394
402
408
416
427
427
442
442
444
448
453
464
470
471
473
488
499
530
535
535
536
547
553
561
574
576
578
585
610
620
624
636
639
641
644
648
655
658
683
686
690
696
701
704
713
713
713
716
719
721
721
721
723
736
750
752
754
757
758
766
777
785
799
813
828
829
830
833
842
849
854
857
864
868
879
892
895
897
902
909
913
921
928
930
933
942
944
949
956
959
977
978
979
988
1010
1012
1018
1029
1031
1039
1050
1053
1054
1056
1058
1058
1069
1081
1082
1083
1087
1105
1113
1118
1126
1133
1138
1141
1144
1163
1163
1165
1165
1170
1174
1183
1209
1216
1221
1222
1223
1226
1232
1239
1245
1263
1270
1272
1273
1281
1283
1285
1286
1288
1301
1306
1309
1316
1329
1334
1343
1371
1373
1377
1377
1385
1386
1388
1399
1404
1414
1428
1442
1444
1447
1449
1449
1450
1450
1456
1465
1469
1471
1472
1473
1475
1476
1478
1479
1486
1502
1503
1506
1522
1525
1540
1545
1559
1560
1561
1576
1583
1586
1599
1600
1606
1610
1627
1629
1644
1656
1677
1681
1681
1692
1701
1704
1706
1706
1714
1718
1721
1725
1727
1731
1744
1744
1744
1765
1789
1794
1803
1804
1812
1826
1849
1850
1850
1853
1863
1863
1871
1890
1890
1890
1904
1914
1920
1925
1925
1928
1944
1946
1947
1952
1954
1956
1961
1977
1990
1996
2004
2023
2024
2031
2035
2043
2044
2047
2048
2053
2059
2073
2084
2085
2095
2097
2117
2119
2125
2127
2129
2134
2138
2153
2155
2156
2162
2163
2165
2170
2172
2179
2192
2193
2196
2199
2216
2224
2239
2260
2261
2270
2270
2271
2272
2297
2307
2311
2318
2325
2342
2358
2360
2374
2384
2404
2409
2412
2413
2427
2428
2433
2447
2448
2448
2473
2474
2479
2479
2485
2510
2511
2513
2526
2528
2536
2544
2551
2557
2558
2569
2573
2573
2581
2586
2608
2611
2611
2614
2622
2625
2630
2633
2637
2637
2638
2642
2649
2649
2670
2674
2682
2694
2699
2706
2707
2710
2714
2716
2719
2728
2738
2743
2744
2747
2747
2755
2756
2761
2770
2775
2781
2783
2789
2791
2798
2804
2818
2820
2827
2828
2832
2833
2850
2850
2860
2862
2867
2868
2875
2877
2909
2910
2914
2915
2924
2930
2946
2950
2955
2968
2971
2989
2995
2996
3011
3020
3021
3023
3026
3060
3069
3074
3074
3078
3087
3089
3089
3092
3104
3105
3120
3127
3129
3137
3149
3150
3151
3152
3153
3155
3162
3194
3195
3198
3203
3203
3204
3214
3234
3242
3246
3262
3264
3265
3274
3277
3281
3281
3291
3292
3294
3304
3306
3317
3326
3327
3330
3334
3340
3343
3364
3388
3392
3400
3403
3415
3416
3422
3430
3436
3451
3453
3454
3458
3466
3483
3483
3489
3490
3497
3504
3505
3505
3509
3510
3514
3524
3527
3530
3537
3540
3544
3544
3544
3549
3556
3559
3562
3569
3573
3584
3585
3585
3588
3595
3603
3610
3620
3623
3628
3632
3645
3645
3649
3650
3650
3654
3666
3669
3691
3703
3703
3707
3719
3722
3733
3737
3757
3761
3766
3768
3770
3776
3780
3785
3800
3805
3817
3822
3823
3826
3830
3854
3871
3871
3878
3909
3920
3921
3925
3930
3938
3940
3941
3949
3962
3968
3976
3988
4003
4009
4009
4017
4025
4026
4033
4047
4083
4087
4089
4101
4105
4119
4133
4143
4144
4148
4157
4160
4168
4170
4172
4176
4180
4180
4184
4193
4195
4197
4201
4202
4205
4206
4208
4212
4213
4215
4236
4249
4258
4270
4279
4285
4288
4289
4306
4310
4310
4313
4321
4326
4327
4331
4347
4362
4363
4367
4374
4380
4385
4392
4398
4422
4425
4430
4434
4454
4455
4459
4459
4466
4471
4472
4485
4486
4499
4499
4513
4532
4534
4535
4536
4538
4546
4559
4561
4564
4573
4581
4595
4603
4617
4623
4625
4638
4663
4671
4672
4700
4704
4705
4707
4714
4714
4717
4719
4728
4736
4738
4744
4751
4753
4766
4766
4768
4771
4777
4778
4782
4784
4784
4803
4817
4818
4823
4826
4827
4828
4831
4842
4849
4873
4884
4885
4887
4888
4898
4902
4904
4904
4925
4925
4941
4943
4945
4952
4952
4956
4957
4961
4963
4969
4972
4976
4977
5005
5015
5015
5016
5017
5031
5032
5047
5052
5058
5066
5070
5071
5082
5093
5108
5111
5114
5117
5122
5123
5125
5125
5131
5149
5153
5157
5170
5172
5178
5203
5204
5207
5209
5232
5238
5248
5249
5260
5266
5280
5289
5294
5295
5297
5303
5315
5330
5330
5334
5336
5336
5340
5345
5347
5372
5380
5388
5397
5406
5407
5430
5435
5441
5444
5459
5463
5485
5491
5512
5514
5514
5538
5562
5573
5573
5575
5577
5600
5603
5606
5608
5630
5632
5635
5639
5647
5666
5667
5671
5715
5716
5721
5728
5735
5741
5748
5759
5763
5767
5769
5772
5774
5775
5778
5780
5803
5809
5827
5830
5840
5844
5863
5874
5883
5892
5905
5921
5921
5922
5929
5932
5935
5940
5945
5947
5950
5956
5972
5985
6008
6010
6033
6040
6044
6077
6079
6081
6086
6088
6095
6098
6101
6105
6117
6125
6138
6145
6151
6161
6167
6169
6171
6177
6178
6182
6187
6193
6195
6197
6205
6212
6216
6220
6231
6232
6232
6235
6248
6251
6261
6265
6276
6288
6291
6297
6300
6311
6330
6332
6338
6354
6369
6371
6379
6387
6389
6390
6406
6408
6411
6451
6451
6455
6462
6474
6474
6474
6482
6488
6496
6509
6511
6534
6542
6559
6559
6567
6571
6571
6592
6597
6598
6600
6614
6624
6646
6649
6656
6658
6662
6664
6670
6681
6683
6683
6696
6705
6721
6724
6735
6742
6757
6762
6763
6770
6773
6775
6777
6781
6792
6797
6806
6808
6816
6819
6825
6839
6847
6866
6874
6874
6876
6881
6887
6911
6916
6923
6924
6932
6932
6934
6941
6944
6946
6949
6970
6984
6995
7003
7011
7043
7055
7075
7081
7085
7092
7110
7128
7131
7143
7143
7144
7148
7157
7160
7160
7173
7181
7184
7184
7187
7189
7191
7213
7219
7221
7223
7225
7234
7244
7245
7270
7275
7290
7297
7299
7301
7301
7327
7328
7339
7343
7344
7348
7355
7364
7369
7370
7370
7372
7373
7376
7379
7379
7387
7390
7395
7414
7415
7430
7445
7468
7471
7484
7484
7487
7495
7496
7504
7508
7520
7537
7542
7550
7559
7560
7577
7590
7594
7596
7600
7609
7611
7616
7623
7626
7627
7639
7640
7643
7644
7649
7657
7664
7670
7682
7702
7708
7709
7714
7722
7729
7735
7735
7738
7743
7746
7751
7753
7755
7769
7772
7779
7788
7791
7803
7822
7824
7825
7828
7831
7833
7834
7835
7836
7838
7841
7842
7843
7849
7853
7854
7872
7886
7898
7899
7903
7905
7909
7918
7918
7920
7927
7933
7937
7939
7941
7941
7944
7952
7952
7966
7986
7993
7994
7994
8001
8005
8008
8011
8013
8015
8023
8024
8028
8032
8050
8054
8055
8059
8060
8060
8063
8079
8081
8081
8090
8121
8122
8127
8131
8136
8149
8152
8161
8166
8179
8188
8192
8197
8198
8198
8198
8200
8207
8226
8227
8233
8240
8254
8258
8260
8266
8272
8279
8293
8302
8303
8306
8333
8334
8342
8375
8387
8396
8406
8408
8411
8415
8418
8428
8429
8433
8436
8441
8443
8444
8446
8457
8460
8469
8471
8472
8489
8497
8505
8508
8526
8529
8538
8557
8562
8567
8603
8612
8616
8621
8623
8626
8636
8643
8648
8655
8659
8663
8664
8671
8674
8681
8683
8685
8688
8692
8693
8695
8700
8705
8720
8731
8740
8744
8753
8760
8767
8767
8769
8770
8786
8787
8813
8814
8817
8832
8832
8857
8870
8876
8881
8889
8896
8908
8913
8931
8931
8948
8952
8956
8962
8971
8977
8980
8989
8999
9009
9010
9014
9022
9024
9031
9033
9040
9041
9048
9048
9050
9052
9054
9054
9058
9066
9084
9085
9086
9090
9103
9104
9111
9120
9127
9128
9129
9133
9141
9151
9152
9153
9159
9163
9163
9164
9168
9172
9172
9184
9197
9200
9207
9209
9222
9223
9232
9233
9235
9239
9241
9246
9251
9253
9260
9266
9272
9273
9274
9284
9284
9286
9286
9314
9322
9323
9324
9331
9336
9341
9345
9393
9404
9440
9444
9448
9453
9456
9463
9465
9477
9483
9484
9486
9489
9492
9493
9494
9495
9500
9503
9504
9527
9548
9552
9575
9578
9580
9590
9590
9593
9598
9606
9617
9632
9648
9651
9673
9693
9715
9723
9731
9738
9748
9756
9760
9770
9778
9781
9793
9793
9795
9805
9807
9822
9831
9848
9851
9862
9869
9876
9877
9879
9884
9888
9894
9911
9913
9923
9926
9938
9966
9968
9970
9985
9994
10002
10014
10017
10038
10042
10046
10046
10047
10055
10058
10068
10070
10077
10097
10105
10130
10143
10145
10150
10153
10160
10161
10161
10165
10172
10183
10189
10191
10201
10204
10210
10219
10220
10239
10240
10244
10254
10255
10259
10263
10265
10266
10267
10274
10276
10277
10280
10292
10301
10305
10308
10308
10314
10316
10318
10330
10338
10346
10346
10349
10369
10372
10375
10376
10392
10395
10396
10409
10410
10410
10416
10417
10426
10429
10433
10438
10442
10442
10443
10448
10451
10455
10460
10462
10463
10469
10469
10470
10503
10506
10514
10516
10523
10531
10536
10537
10540
10542
10546
10546
10548
10552
10561
10569
10574
10577
10583
10594
10600
10614
10617
10627
10629
10639
10641
10645
10656
10666
10689
10693
10695
10700
10710
10711
10718
10727
10731
10734
10744
10750
10750
10763
10763
10765
10768
10772
10779
10789
10793
10803
10811
10823
10828
10831
10833
10834
10835
10836
10836
10841
10844
10856
10866
10873
10879
10885
10886
10886
10889
10893
10894
10895
10900
10901
10913
10913
10923
10927
10930
10932
10937
10938
10938
10942
10943
10949
10967
10973
10976
10984
10987
10993
10997
11000
11003
11008
11008
11011
11021
11021
11030
11040
11043
11047
11051
11059
11065
11073
11079
11083
11085
11101
11101
11103
11119
11134
11149
11149
11151
11159
11161
11163
11179
11179
11180
11192
11195
11196
11199
11206
11209
11213
11216
11219
11225
11239
11241
11260
11262
11267
11275
11282
11295
11305
11306
11310
11310
11315
11325
11331
11347
11352
11354
11360
11371
11375
11376
11390
11397
11399
11413
11414
11422
11425
11437
11472
11473
11477
11483
11487
11502
11508
11510
11519
11521
11535
11535
11539
11542
11550
11553
11569
11569
11579
11596
11597
11605
11612
11614
11619
11621
11628
11636
11641
11653
11669
11675
11679
11681
11688
11692
11699
11701
11707
11710
11727
11734
11741
11744
11745
11752
11755
11773
11778
11783
11798
11811
11818
11820
11829
11829
11830
11832
11833
11838
11845
11849
11864
11884
11887
11895
11900
11911
11914
11935
11945
11950
11953
11955
11958
11961
11963
11971
11973
11978
11986
11995
11997
12004
12006
12012
12018
12033
12041
12043
12044
12051
12077
12080
12081
12083
12089
12091
12094
12109
12120
12120
12157
12159
12162
12176
12188
12209
12212
12214
12231
12237
12240
12249
12260
12261
12262
12285
12285
12294
12295
12302
12304
12305
12305
12327
12346
12351
12353
12354
12356
12357
12360
12361
12374
12380
12393
12405
12418
12418
12426
12447
12476
12481
12486
12487
12499
12501
12505
12524
12546
12549
12556
12556
12559
12582
12582
12587
12589
12592
12595
12596
12598
12619
12621
12636
12640
12643
12643
12652
12652
12653
12655
12670
12678
12709
12710
12710
12711
12731
12733
12734
12743
12744
12749
12771
12772
12777
12781
12785
12788
12789
12802
12806
12812
12815
12827
12848
12886
12888
12889
12890
12894
12894
12895
12896
12897
12906
12919
12919
12923
12929
12934
12939
12940
12942
12946
12949
12955
12959
12971
12987
12991
12994
12999
13002
13009
13021
13022
13022
13042
13045
13050
13055
13056
13071
13072
13073
13074
13076
13079
13082
13085
13091
13098
13104
13106
13114
13120
13122
13130
13132
13153
13166
13168
13175
13182
13187
13197
13205
13243
13250
13258
13264
13264
13277
13278
13279
13296
13298
13303
13304
13307
13317
13320
13321
13331
13333
13343
13352
13357
13364
13374
13381
13382
13403
13406
13420
13424
13430
13431
13436
13467
13471
13471
13474
13482
13498
13500
13501
13502
13508
13545
13549
13549
13550
13562
13577
13592
13599
13602
13605
13613
13618
13631
13632
13650
13654
13656
13660
13661
13662
13670
13682
13686
13690
13692
13692
13695
13703
13709
13711
13716
13718
13722
13748
13750
13753
13760
13761
13766
13767
13782
13783
13792
13794
13799
13806
13812
13823
13830
13849
13855
13871
13895
13908
13921
13922
13945
13948
13949
13952
13952
13957
13960
13963
13963
13964
13966
13967
13982
13994
13999
14009
14019
14025
14032
14040
14051
14059
14059
14072
14073
14083
14083
14104
14105
14115
14124
14125
14135
14136
14156
14159
14167
14171
14196
14200
14202
14222
14222
14228
14231
14236
14243
14244
14258
14262
14264
14265
14268
14271
14278
14286
14286
14287
14291
14298
14307
14309
14319
14330
14331
14331
14341
14344
14345
14363
14366
14375
14388
14399
14404
14416
14422
14426
14429
14431
14434
14440
14444
14458
14466
14473
14476
14490
14493
14499
14501
14502
14508
14522
14545
14555
14556
14561
14565
14570
14577
14583
14600
14608
14621
14632
14633
14637
14638
14648
14654
14658
14659
14659
14673
14682
14701
14702
14707
14724
14726
14730
14732
14733
14745
14797
14809
14811
14820
14828
14835
14839
14847
14850
14854
14861
14870
14883
14887
14889
14896
14904
14916
14924
14930
14934
14941
14942
14943
14946
14957
14958
14961
14971
14976
14998
14999
15002
15012
15015
15020
15022
15022
15043
15053
15058
15065
15067
15071
15078
15088
15089
15090
15094
15096
15100
15121
15122
15142
15151
15158
15166
15168
15173
15176
15191
15193
15195
15199
15204
15209
15210
15218
15223
15225
15226
15228
15229
15234
15244
15254
15259
15260
15268
15269
15272
15297
15303
15318
15320
15326
15328
15339
15348
15352
15353
15355
15383
15387
15387
15400
15403
15406
15407
15425
15431
15434
15438
15449
15451
15458
15458
15459
15462
15464
15464
15465
15466
15472
15475
15483
15488
15509
15512
15529
15530
15530
15532
15532
15533
15550
15559
15563
15587
15609
15614
15645
15647
15647
15653
15660
15662
15664
15669
15687
15692
15694
15696
15702
15709
15714
15718
15723
15737
15740
15749
15749
15756
15775
15782
15785
15793
15816
15825
15828
15830
15832
15835
15836
15839
15841
15842
15847
15850
15851
15854
15871
15873
15873
15883
15892
15897
15903
15904
15911
15914
15929
15934
15941
15954
15956
15957
15958
15971
15976
15982
15990
15997
16019
16021
16043
16049
16050
16056
16063
16076
16082
16086
16093
16115
16128
16132
16138
16140
16145
16150
16157
16159
16159
16162
16168
16171
16174
16184
16189
16191
16197
16200
16201
16244
16255
16257
16264
16289
16302
16315
16330
16345
16350
16363
16367
16379
16381
16384
16385
16388
16389
16391
16393
16415
16415
16418
16421
16434
16436
16444
16445
16446
16450
16451
16451
16458
16466
16469
16469
16470
16475
16481
16491
16502
16519
16526
16546
16552
16556
16563
16563
16566
16570
16572
16576
16579
16582
16583
16588
16590
16599
16603
16604
16606
16609
16613
16629
16638
16640
16642
16652
16658
16658
16667
16668
16671
16673
16674
16691
16692
16696
16697
16698
16699
16701
16713
16714
16725
16726
16730
16733
16736
16744
16750
16759
16760
16763
16764
16774
16795
16809
16825
16835
16837
16843
16844
16845
16854
16855
16860
16861
16863
16863
16878
16882
16887
16888
16898
16909
16916
16922
16922
16937
16941
16942
16948
16964
16964
16981
16990
16993
17003
17005
17005
17006
17034
17041
17048
17064
17073
17084
17085
17090
17090
17093
17094
17110
17117
17123
17133
17144
17146
17151
17156
17165
17173
17183
17185
17215
17221
17224
17233
17245
17247
17250
17252
17258
17259
17266
17275
17277
17285
17294
17306
17314
17318
17324
17326
17326
17334
17340
17341
17341
17368
17371
17381
17382
17382
17387
17390
17391
17405
17407
17423
17425
17449
17456
17459
17470
17475
17484
17509
17511
17524
17553
17554
17559
17560
17562
17564
17567
17569
17569
17570
17572
17573
17576
17579
17580
17589
17593
17596
17608
17623
17636
17637
17647
17652
17657
17661
17662
17667
17672
17683
17709
17715
17721
17725
17727
17734
17736
17744
17747
17773
17774
17780
17789
17809
17814
17821
17822
17823
17831
17850
17853
17859
17868
17875
17875
17880
17884
17897
17899
17901
17922
17924
17926
17929
17929
17934
17950
17952
17968
17970
17975
17982
17994
17995
17996
17996
17997
18013
18014
18018
18020
18021
18026
18031
18033
18035
18036
18040
18064
18065
18071
18079
18083
18089
18091
18097
18099
18102
18119
18132
18135
18140
18140
18144
18144
18154
18177
18178
18183
18185
18195
18198
18202
18207
18207
18207
18210
18210
18214
18225
18226
18228
18228
18228
18229
18230
18247
18250
18253
18263
18272
18275
18285
18286
18290
18302
18323
18326
18340
18343
18352
18356
18361
18370
18381
18383
18387
18388
18389
18389
18394
18402
18405
18414
18424
18428
18429
18434
18434
18445
18457
18461
18464
18466
18475
18478
18479
18481
18482
18495
18503
18513
18513
18522
18532
18535
18544
18546
18547
18550
18555
18568
18586
18596
18597
18603
18610
18610
18613
18613
18633
18638
18656
18663
18670
18676
18682
18683
18684
18687
18691
18693
18705
18708
18722
18724
18734
18735
18739
18747
18748
18758
18759
18767
18798
18800
18800
18807
18824
18826
18836
18839
18840
18845
18849
18868
18871
18872
18893
18903
18904
18909
18936
18939
18940
18942
18950
18956
18974
18998
19001
19003
19018
19019
19029
19036
19036
19056
19076
19081
19088
19093
19094
19099
19115
19122
19128
19133
19139
19151
19153
19161
19166
19171
19183
19184
19196
19198
19200
19203
19210
19212
19219
19221
19232
19237
19239
19243
19262
19289
19298
19301
19313
19320
19322
19324
19324
19324
19326
19329
19332
19334
19338
19338
19338
19341
19343
19347
19351
19355
19356
19359
19360
19366
19370
19379
19392
19393
19402
19403
19403
19414
19416
19417
19419
19420
19424
19425
19428
19431
19438
19447
19448
19456
19459
19461
19461
19467
19489
19491
19492
19499
19500
19510
19515
19516
19526
19541
19545
19552
19571
19580
19606
19607
19614
19622
19622
19627
19633
19634
19634
19636
19636
19645
19655
19658
19663
19669
19677
19680
19686
19687
19688
19697
19698
19701
19704
19707
19708
19724
19726
19733
19745
19746
19762
19772
19793
19797
19826
19826
19828
19831
19844
19863
19865
19875
19876
19876
19886
19896
19902
19907
19908
19912
19912
19923
19926
19928
19934
19943
19961
19966
19969
19972
19975
19976
19987
19990
19992
19993
19993
20000
20005
20007
20008
20011
20013
20022
20025
20031
20039
20044
20044
20047
20053
20065
20067
20078
20088
20094
20097
20102
20106
20109
20125
20127
20128
20150
20151
20171
20171
20185
20186
20192
20196
20199
20202
20212
20213
20213
20214
20215
20218
20233
20243
20247
20253
20269
20273
20294
20295
20304
20306
20307
20310
20313
20323
20340
20351
20353
20362
20362
20363
20366
20369
20373
20383
20391
20391
20393
20394
20395
20397
20404
20425
20445
20455
20465
20467
20468
20485
20490
20492
20495
20500
20502
20502
20509
20514
20520
20522
20541
20557
20559
20560
20565
20569
20574
20576
20586
20594
20603
20609
20623
20625
20630
20632
20633
20645
20654
20677
20678
20680
20680
20681
20681
20690
20696
20696
20713
20719
20721
20723
20727
20729
20733
20746
20749
20756
20764
20765
20781
20781
20788
20796
20797
20804
20810
20812
20820
20823
20824
20827
20833
20847
20863
20867
20875
20881
20888
20892
20894
20899
20902
20910
20916
20923
20929
20936
20941
20946
20947
20952
20953
20954
20957
20980
20985
20987
20992
20993
20995
21010
21019
21021
21038
21039
21045
21048
21049
21050
21062
21080
21082
21088
21088
21117
21125
21135
21135
21139
21139
21142
21149
21152
21164
21166
21190
21194
21207
21230
21237
21242
21253
21253
21256
21263
21263
21269
21279
21281
21284
21292
21295
21298
21301
21309
21311
21312
21322
21329
21330
21331
21331
21332
21338
21341
21354
21356
21359
21374
21377
21382
21383
21401
21414
21428
21438
21440
21444
21446
21447
21450
21463
21464
21470
21472
21472
21475
21480
21480
21487
21489
21489
21500
21502
21503
21510
21511
21530
21535
21536
21537
21540
21546
21550
21551
21555
21565
21568
21576
21578
21579
21581
21590
21600
21607
21609
21610
21614
21621
21629
21635
21640
21642
21647
21654
21655
21668
21668
21670
21681
21682
21683
21689
21690
21707
21709
21719
21725
21731
21733
21736
21740
21763
21773
21773
21788
21814
21815
21821
21825
21825
21827
21829
21831
21832
21838
21844
21862
21882
21894
21897
21901
21907
21911
21913
21916
21931
21937
21937
21938
21939
21941
21958
21974
21974
21978
21990
22003
22016
22023
22023
22026
22027
22027
22044
22054
22058
22065
22071
22076
22080
22086
22093
22093
22098
22102
22105
22108
22113
22132
22140
22142
22144
22171
22176
22177
22183
22188
22189
22194
22209
22214
22221
22237
22243
22244
22250
22253
22255
22256
22287
22290
22297
22298
22306
22321
22321
22327
22336
22352
22358
22372
22372
22382
22386
22409
22411
22415
22430
22436
22438
22442
22448
22452
22458
22460
22460
22461
22463
22471
22472
22495
22498
22498
22500
22501
22502
22506
22514
22516
22519
22529
22532
22533
22535
22539
22545
22568
22570
22587
22591
22593
22597
22603
22607
22609
22609
22617
22627
22630
22634
22635
22641
22641
22648
22656
22666
22680
22683
22688
22690
22691
22691
22691
22693
22726
22729
22739
22745
22748
22760
22784
22797
22798
22807
22819
22827
22832
22842
22855
22858
22869
22872
22878
22881
22882
22890
22895
22909
22920
22930
22946
22948
22954
22965
22991
22991
22993
23002
23005
23005
23006
23020
23022
23022
23023
23024
23027
23034
23055
23065
23076
23080
23090
23101
23104
23111
23123
23126
23129
23130
23145
23156
23179
23192
23199
23201
23211
23222
23229
23233
23233
23248
23252
23256
23260
23261
23273
23288
23291
23292
23292
23294
23299
23316
23320
23324
23326
23330
23331
23331
23333
23340
23343
23346
23346
23352
23353
23376
23381
23383
23383
23388
23401
23402
23404
23411
23412
23416
23426
23440
23443
23448
23456
23466
23469
23473
23483
23487
23490
23508
23516
23521
23534
23535
23537
23561
23569
23570
23571
23580
23585
23591
23596
23601
23601
23643
23651
23659
23669
23679
23690
23695
23702
23710
23710
23711
23715
23716
23721
23750
23756
23762
23780
23780
23784
23787
23796
23798
23799
23807
23811
23814
23819
23820
23821
23830
23838
23841
23844
23850
23851
23855
23860
23862
23868
23870
23875
23884
23885
23893
23896
23896
23897
23942
23947
23949
23959
23963
23966
23966
23979
23981
23982
23994
23995
23996
24014
24017
24019
24024
24029
24033
24038
24039
24044
24059
24061
24077
24085
24085
24088
24088
24092
24094
24100
24103
24106
24110
24114
24116
24120
24135
24136
24141
24156
24166
24178
24184
24184
24188
24193
24196
24207
24215
24217
24227
24242
24248
24256
24260
24262
24268
24269
24281
24292
24314
24322
24324
24329
24334
24349
24353
24358
24367
24402
24405
24407
24409
24417
24418
24430
24438
24442
24443
24451
24460
24491
24494
24500
24504
24520
24528
24547
24549
24551
24556
24557
24559
24565
24576
24577
24590
24590
24636
24650
24656
24665
24677
24681
24686
24708
24710
24732
24758
24778
24785
24786
24788
24794
24795
24804
24807
24826
24827
24832
24834
24841
24842
24843
24847
24853
24858
24861
24863
24865
24868
24869
24869
24876
24887
24891
24892
24894
24895
24899
24904
24904
24906
24907
24914
24923
24928
24931
24937
24940
24955
24964
24970
24971
24974
24974
24975
24975
24979
24995
24997
25000
25008
25020
25022
25026
25036
25037
25040
25046
25049
25052
25060
25061
25067
25076
25079
25082
25087
25090
25093
25113
25121
25122
25123
25158
25177
25189
25193
25194
25197
25207
25210
25212
25231
25233
25246
25247
25264
25276
25282
25287
25289
25294
25296
25306
25310
25313
25316
25318
25324
25336
25336
25343
25360
25376
25396
25406
25409
25412
25442
25453
25454
25460
25466
25470
25478
25482
25484
25485
25490
25491
25501
25505
25508
25533
25535
25561
25561
25569
25578
25598
25600
25601
25602
25613
25615
25616
25623
25633
25635
25643
25661
25662
25664
25674
25678
25688
25698
25714
25717
25720
25726
25740
25746
25766
25768
25771
25777
25779
25783
25801
25808
25815
25825
25829
25844
25860
25860
25865
25865
25869
25871
25872
25879
25880
25884
25889
25892
25919
25922
25923
25927
25935
25938
25938
25944
25944
25968
25971
25980
25987
25995
26001
26006
26008
26009
26011
26022
26032
26033
26043
26054
26056
26067
26068
26070
26072
26073
26074
26084
26084
26085
26095
26095
26100
26102
26110
26116
26123
26132
26139
26145
26147
26148
26157
26159
26159
26166
26176
26182
26203
26204
26216
26225
26226
26226
26234
26255
26259
26270
26272
26294
26302
26305
26323
26325
26339
26341
26344
26362
26366
26368
26383
26391
26392
26394
26406
26408
26414
26422
26434
26442
26444
26458
26459
26463
26464
26483
26488
26490
26506
26510
26512
26523
26529
26529
26531
26535
26554
26568
26569
26578
26582
26591
26594
26596
26598
26599
26599
26602
26616
26625
26626
26630
26632
26633
26633
26635
26647
26650
26654
26654
26656
26658
26663
26674
26694
26707
26709
26710
26726
26752
26752
26753
26755
26762
26764
26773
26774
26793
26799
26806
26807
26808
26815
26820
26821
26831
26839
26840
26842
26844
26853
26858
26863
26863
26869
26873
26882
26891
26895
26895
26906
26911
26913
26916
26916
26926
26931
26943
26954
26958
26959
26961
26965
26968
26973
26974
26980
26990
26998
27005
27006
27007
27026
27028
27040
27041
27043
27048
27053
27060
27060
27064
27071
27075
27075
27082
27088
27090
27095
27100
27103
27104
27107
27117
27118
27121
27124
27129
27130
27136
27148
27154
27154
27155
27168
27172
27183
27185
27189
27197
27201
27214
27221
27223
27223
27226
27229
27230
27233
27239
27245
27248
27251
27266
27281
27284
27293
27293
27311
27320
27324
27325
27327
27328
27343
27350
27379
27391
27394
27395
27398
27399
27409
27409
27414
27419
27422
27439
27444
27459
27462
27465
27466
27488
27489
27489
27489
27499
27499
27501
27504
27504
27506
27518
27525
27531
27535
27535
27536
27546
27563
27567
27571
27571
27576
27581
27587
27594
27598
27614
27617
27619
27624
27631
27632
27636
27642
27644
27651
27653
27662
27680
27682
27693
27707
27712
27712
27722
27725
27736
27738
27741
27746
27759
27765
27769
27770
27786
27786
27790
27797
27806
27815
27822
27826
27829
27833
27836
27842
27847
27856
27860
27871
27873
27874
27896
27898
27918
27951
27952
27956
27959
27965
27970
27972
27973
27975
27976
27976
27979
27993
27993
27997
28000
28000
28005
28017
28029
28048
28052
28066
28074
28086
28091
28094
28097
28098
28107
28109
28113
28114
28121
28124
28129
28129
28133
28134
28141
28144
28151
28162
28162
28169
28174
28174
28185
28206
28206
28207
28215
28245
28259
28263
28281
28288
28305
28328
28343
28350
28350
28355
28365
28371
28376
28380
28381
28390
28397
28399
28403
28403
28422
28426
28431
28432
28450
28456
28456
28464
28471
28473
28482
28495
28505
28516
28516
28529
28544
28546
28548
28571
28596
28598
28619
28638
28640
28640
28650
28653
28653
28653
28655
28659
28694
28698
28706
28711
28713
28718
28735
28738
28746
28749
28752
28759
28761
28782
28784
28785
28787
28802
28806
28813
28822
28824
28825
28832
28855
28865
28869
28876
28877
28885
28888
28895
28897
28898
28901
28903
28906
28912
28914
28917
28928
28928
28946
28962
28963
28973
28974
28978
28984
28993
28995
28996
29006
29008
29010
29014
29024
29026
29031
29052
29056
29061
29066
29071
29071
29092
29100
29106
29107
29107
29131
29144
29152
29160
29161
29163
29165
29167
29173
29179
29191
29191
29208
29227
29243
29257
29265
29271
29275
29283
29295
29314
29322
29324
29329
29356
29361
29361
29396
29401
29403
29404
29404
29414
29419
29422
29424
29424
29429
29437
29437
29437
29441
29452
29456
29458
29462
29465
29469
29474
29485
29494
29499
29499
29511
29516
29526
29526
29531
29531
29533
29535
29535
29537
29541
29542
29542
29542
29546
29554
29556
29557
29561
29561
29569
29584
29587
29592
29592
29597
29606
29632
29658
29660
29662
29670
29675
29678
29682
29694
29709
29710
29716
29719
29722
29724
29729
29735
29740
29744
29749
29765
29768
29771
29775
29789
29800
29811
29817
29828
29830
29839
29852
29854
29855
29876
29880
29884
29885
29890
29893
29903
29903
29906
29911
29960
29971
29986
29994
29995
30007
30012
30043
30046
30049
30057
30060
30064
30078
30083
30084
30086
30090
30092
30098
30100
30101
30104
30115
30120
30127
30127
30129
30131
30133
30141
30141
30147
30150
30156
30166
30166
30168
30170
30171
30191
30200
30202
30209
30213
30232
30246
30250
30256
30266
30266
30269
30276
30294
30301
30315
30328
30334
30341
30343
30347
30355
30355
30363
30366
30369
30374
30375
30390
30402
30408
30412
30440
30460
30467
30476
30483
30488
30495
30498
30499
30512
30519
30538
30540
30562
30565
30567
30569
30572
30574
30582
30582
30584
30584
30584
30586
30596
30600
30613
30633
30637
30650
30651
30652
30662
30669
30678
30691
30695
30703
30704
30715
30715
30717
30725
30728
30738
30743
30743
30749
30752
30752
30752
30755
30770
30781
30793
30799
30806
30832
30840
30848
30855
30859
30867
30869
30875
30877
30878
30878
30881
30882
30893
30933
30946
30950
30959
30959
30973
30973
30974
30978
30991
30992
30998
31008
31017
31027
31032
31036
31036
31037
31039
31039
31042
31046
31046
31046
31059
31068
31078
31089
31091
31101
31116
31125
31140
31146
31149
31151
31159
31160
31168
31180
31184
31192
31204
31206
31211
31216
31230
31249
31266
31290
31294
31295
31304
31317
31333
31346
31361
31364
31368
31387
31388
31393
31410
31411
31419
31426
31434
31447
31457
31478
31480
31491
31495
31509
31522
31529
31545
31555
31560
31560
31562
31571
31578
31580
31582
31594
31597
31598
31598
31598
31604
31614
31617
31619
31633
31643
31644
31645
31656
31660
31661
31668
31670
31673
31674
31678
31683
31684
31688
31700
31705
31710
31723
31728
31732
31737
31739
31740
31742
31748
31750
31760
31764
31772
31784
31793
31808
31814
31821
31832
31833
31834
31837
31838
31841
31853
31859
31861
31866
31879
31879
31890
31904
31917
31917
31924
31936
31943
31944
31948
31961
31968
31973
31984
31994
32007
32010
32013
32015
32015
32024
32040
32041
32042
32043
32046
32053
32058
32060
32061
32063
32069
32071
32075
32087
32092
32095
32104
32112
32112
32116
32123
32124
32127
32135
32136
32138
32143
32144
32147
32149
32153
32156
32157
32159
32160
32170
32183
32187
32187
32193
32200
32228
32252
32254
32267
32284
32286
32291
32293
32296
32299
32301
32307
32323
32337
32345
32347
32351
32360
32369
32379
32379
32386
32394
32400
32408
32408
32423
32425
32426
32444
32460
32463
32466
32467
32473
32475
32481
32482
32482
32483
32493
32493
32497
32522
32533
32539
32550
32558
32564
32566
32568
32572
32580
32589
32594
32599
32599
32600
32617
32620
32622
32637
32639
32647
32670
32671
32678
32712
32716
32718
32719
32721
32733
32738
32738
32739
32740
32746
32751
32757
32764
32772
32778
32779
32783
32797
32800
32804
32810
32811
32812
32816
32816
32817
32835
32840
32841
32843
32846
32853
32855
32859
32863
32864
32867
32871
32895
32908
32915
32915
32916
32922
32923
32939
32940
32947
32948
32950
32953
32955
32959
32960
32974
32979
32981
32988
32996
32996
33006
33010
33016
33020
33021
33022
33025
33027
33030
33047
33050
33065
33067
33071
33080
33082
33087
33088
33103
33112
33112
33122
33135
33135
33144
33150
33181
33184
33195
33204
33210
33224
33226
33229
33249
33255
33263
33267
33279
33285
33299
33309
33312
33313
33314
33318
33330
33334
33336
33337
33343
33344
33354
33357
33361
33381
33389
33395
33416
33423
33440
33442
33443
33445
33445
33445
33449
33451
33454
33458
33468
33473
33476
33492
33498
33503
33503
33517
33518
33520
33522
33540
33555
33567
33570
33572
33587
33589
33603
33604
33605
33609
33620
33625
33625
33633
33636
33641
33645
33654
33662
33670
33671
33673
33678
33682
33685
33717
33720
33737
33746
33747
33748
33755
33756
33757
33759
33771
33782
33792
33794
33796
33804
33809
33812
33814
33818
33818
33819
33824
33826
33838
33840
33869
33891
33893
33893
33893
33915
33920
33932
33943
33944
33948
33965
33973
33975
33976
33981
33992
33992
33993
33997
34002
34003
34013
34015
34022
34025
34027
34046
34048
34048
34052
34053
34059
34066
34074
34082
34085
34096
34097
34105
34143
34145
34148
34152
34168
34173
34183
34202
34216
34216
34227
34234
34235
34236
34240
34245
34248
34250
34260
34265
34268
34272
34296
34298
34299
34299
34307
34307
34309
34315
34325
34325
34326
34331
34334
34336
34344
34352
34365
34380
34382
34388
34405
34422
34432
34435
34435
34443
34451
34451
34456
34467
34469
34493
34499
34502
34520
34526
34530
34532
34544
34547
34569
34574
34580
34587
34592
34606
34616
34627
34634
34652
34663
34679
34685
34687
34693
34697
34717
34720
34730
34738
34747
34749
34779
34815
34815
34828
34828
34829
34835
34841
34855
34860
34860
34860
34873
34880
34881
34893
34903
34909
34917
34929
34943
34953
34973
34993
35010
35010
35011
35015
35029
35032
35043
35053
35059
35064
35081
35095
35095
35097
35098
35099
35100
35103
35103
35107
35129
35132
35164
35166
35170
35172
35177
35181
35185
35197
35202
35210
35211
35216
35216
35223
35225
35227
35238
35242
35249
35253
35257
35262
35267
35273
35274
35277
35288
35292
35292
35300
35308
35313
35318
35319
35322
35322
35324
35331
35332
35337
35345
35345
35349
35361
35370
35371
35377
35387
35394
35397
35410
35423
35425
35426
35430
35432
35432
35437
35452
35462
35469
35473
35479
35480
35481
35488
35507
35511
35534
35535
35540
35546
35547
35548
35559
35563
35575
35585
35597
35598
35628
35636
35638
35641
35641
35643
35652
35654
35655
35658
35660
35663
35666
35672
35693
35695
35696
35704
35715
35716
35718
35726
35729
35730
35731
35736
35745
35749
35749
35754
35761
35767
35772
35785
35799
35799
35809
35813
35813
35818
35826
35834
35842
35846
35847
35847
35848
35849
35851
35863
35865
35865
35869
35878
35884
35884
35889
35896
35897
35906
35924
35929
35940
35943
35945
35946
35955
35955
35964
35976
35976
35977
35986
36008
36020
36023
36033
36036
36037
36047
36049
36050
36054
36069
36080
36080
36087
36088
36089
36098
36103
36108
36121
36131
36134
36135
36136
36156
36158
36160
36168
36170
36186
36196
36200
36209
36210
36210
36215
36217
36217
36219
36222
36224
36228
36241
36247
36255
36271
36272
36272
36304
36309
36309
36325
36331
36336
36338
36350
36367
36377
36380
36383
36405
36410
36412
36420
36422
36429
36439
36458
36460
36461
36467
36474
36480
36485
36489
36499
36506
36520
36523
36527
36537
36539
36550
36551
36553
36556
36556
36557
36558
36564
36565
36575
36582
36586
36586
36588
36604
36605
36605
36611
36615
36624
36648
36651
36654
36657
36663
36668
36669
36670
36676
36676
36678
36679
36680
36694
36698
36704
36712
36718
36721
36727
36730
36732
36744
36746
36753
36754
36757
36764
36764
36778
36787
36792
36798
36800
36801
36804
36805
36814
36836
36840
36840
36842
36851
36856
36858
36859
36861
36863
36866
36870
36885
36887
36891
36901
36905
36935
36939
36953
36955
36955
36965
36976
36976
36981
36999
37001
37015
37020
37027
37030
37041
37043
37057
37061
37068
37077
37080
37103
37108
37109
37110
37117
37129
37134
37149
37155
37158
37158
37159
37164
37172
37178
37183
37189
37191
37193
37194
37200
37206
37206
37221
37224
37225
37225
37230
37235
37236
37244
37266
37267
37275
37296
37299
37314
37319
37324
37331
37335
37342
37349
37352
37364
37381
37390
37407
37408
37415
37418
37428
37429
37446
37455
37456
37457
37459
37459
37467
37468
37475
37493
37499
37501
37528
37540
37541
37551
37560
37576
37577
37587
37615
37619
37625
37627
37637
37644
37652
37675
37687
37690
37714
37720
37721
37723
37724
37730
37736
37738
37744
37747
37754
37762
37769
37769
37781
37781
37795
37805
37806
37806
37811
37812
37827
37831
37834
37836
37837
37842
37847
37849
37853
37856
37862
37868
37870
37872
37881
37888
37889
37895
37895
37897
37897
37902
37914
37930
37942
37944
37945
37946
37957
37963
37964
37971
37972
37974
37975
37988
37997
38006
38008
38010
38021
38025
38029
38032
38032
38035
38040
38041
38043
38048
38055
38059
38066
38073
38074
38076
38083
38099
38101
38104
38106
38144
38145
38146
38158
38168
38170
38174
38179
38179
38180
38181
38196
38199
38213
38215
38222
38223
38234
38246
38251
38253
38272
38283
38286
38287
38296
38311
38322
38333
38338
38342
38353
38354
38355
38360
38368
38372
38381
38386
38392
38395
38421
38436
38455
38467
38523
38530
38531
38533
38535
38536
38537
38541
38550
38554
38583
38585
38586
38587
38591
38592
38596
38596
38607
38611
38623
38627
38630
38630
38636
38637
38641
38649
38649
38661
38662
38663
38668
38672
38675
38680
38684
38699
38710
38720
38738
38739
38743
38750
38771
38776
38779
38782
38792
38797
38808
38811
38816
38826
38831
38832
38834
38840
38845
38871
38885
38886
38889
38890
38904
38908
38928
38932
38948
38950
38952
38953
38956
38969
38970
38970
38970
38971
38974
38977
38980
38983
39025
39027
39027
39029
39037
39049
39059
39062
39064
39065
39069
39074
39076
39084
39085
39094
39098
39109
39120
39135
39136
39158
39159
39163
39167
39181
39194
39211
39215
39236
39241
39249
39262
39300
39309
39313
39313
39315
39323
39334
39335
39337
39339
39340
39342
39343
39355
39355
39361
39382
39383
39398
39406
39407
39419
39429
39431
39432
39437
39442
39451
39477
39481
39490
39505
39507
39529
39530
39534
39537
39552
39563
39565
39565
39577
39582
39583
39588
39601
39617
39621
39633
39642
39646
39658
39659
39674
39691
39693
39693
39693
39694
39714
39719
39719
39737
39741
39744
39745
39747
39751
39756
39757
39757
39770
39773
39778
39784
39785
39789
39799
39802
39807
39825
39830
39846
39847
39858
39874
39875
39876
39883
39887
39889
39893
39893
39901
39902
39907
39922
39931
39950
39957
39970
39976
39981
39983
39985
39990
39993
40005
40005
40009
40010
40011
40014
40017
40020
40037
40044
40049
40050
40053
40074
40079
40080
40090
40092
40093
40095
40102
40107
40125
40134
40163
40171
40180
40181
40191
40193
40193
40209
40209
40212
40222
40225
40230
40238
40248
40248
40250
40253
40269
40276
40282
40285
40293
40295
40296
40297
40301
40308
40308
40310
40330
40338
40352
40376
40392
40404
40411
40417
40426
40441
40442
40462
40472
40479
40484
40488
40496
40511
40511
40513
40517
40523
40536
40543
40544
40548
40571
40571
40575
40584
40589
40596
40609
40614
40622
40622
40629
40664
40666
40670
40677
40684
40689
40692
40695
40696
40700
40703
40706
40711
40721
40724
40743
40759
40767
40767
40769
40770
40779
40780
40782
40786
40788
40796
40805
40809
40811
40811
40814
40816
40816
40818
40818
40821
40832
40842
40866
40866
40873
40875
40876
40881
40896
40903
40907
40917
40926
40938
40941
40943
40949
40953
40961
40968
40997
40998
41010
41013
41023
41028
41030
41040
41047
41048
41050
41069
41069
41072
41074
41075
41086
41088
41113
41117
41118
41120
41122
41126
41129
41137
41151
41152
41158
41160
41163
41163
41165
41171
41172
41173
41183
41184
41185
41191
41201
41202
41203
41209
41211
41211
41212
41216
41225
41249
41252
41264
41268
41279
41281
41283
41287
41293
41307
41307
41319
41323
41330
41332
41337
41338
41338
41344
41345
41346
41348
41361
41369
41377
41382
41396
41403
41406
41406
41409
41414
41418
41431
41435
41435
41441
41445
41465
41465
41479
41489
41495
41497
41500
41502
41516
41516
41519
41521
41530
41530
41530
41531
41532
41534
41535
41551
41556
41560
41560
41561
41562
41571
41577
41581
41583
41596
41606
41607
41643
41648
41648
41656
41656
41668
41687
41689
41698
41704
41717
41743
41770
41772
41773
41795
41806
41807
41814
41829
41849
41858
41861
41865
41867
41867
41884
41900
41904
41922
41934
41940
41951
41956
41963
41964
41990
41997
42000
42000
42009
42015
42016
42017
42035
42042
42042
42043
42050
42050
42067
42069
42069
42073
42081
42083
42084
42085
42091
42092
42104
42107
42128
42145
42146
42157
42159
42168
42169
42186
42202
42202
42205
42209
42215
42217
42220
42223
42234
42237
42243
42244
42254
42262
42263
42270
42274
42282
42285
42293
42297
42298
42300
42331
42336
42337
42344
42346
42346
42349
42356
42358
42362
42364
42364
42367
42389
42391
42394
42399
42405
42409
42423
42432
42453
42460
42472
42477
42478
42479
42489
42517
42527
42533
42542
42543
42543
42545
42550
42550
42551
42557
42566
42574
42580
42591
42597
42604
42629
42634
42635
42636
42646
42650
42650
42651
42653
42665
42673
42681
42696
42698
42714
42721
42724
42727
42735
42747
42750
42752
42755
42768
42774
42786
42790
42791
42795
42812
42830
42831
42842
42865
42872
42878
42890
42910
42919
42926
42933
42945
42960
42961
42961
42968
42970
42975
42991
42992
43000
43002
43009
43022
43024
43025
43036
43036
43059
43065
43069
43076
43079
43085
43112
43128
43137
43141
43141
43146
43150
43152
43153
43155
43167
43168
43202
43219
43223
43233
43235
43242
43243
43243
43251
43255
43257
43278
43278
43284
43297
43306
43306
43324
43342
43346
43357
43359
43362
43364
43378
43378
43383
43396
43404
43409
43417
43420
43424
43426
43434
43436
43437
43441
43445
43481
43481
43495
43513
43516
43526
43530
43548
43551
43557
43560
43564
43564
43567
43579
43580
43583
43585
43601
43602
43608
43608
43616
43626
43630
43636
43639
43655
43657
43665
43676
43676
43677
43685
43686
43698
43706
43709
43719
43730
43747
43756
43763
43783
43790
43791
43807
43812
43817
43835
43854
43868
43871
43871
43880
43899
43899
43903
43905
43908
43910
43918
43921
43927
43941
43944
43949
43952
43957
43958
43961
43967
43978
43985
43986
43992
43998
43999
44005
44009
44010
44014
44016
44018
44018
44018
44024
44031
44052
44067
44069
44080
44090
44094
44109
44111
44114
44115
44121
44122
44127
44135
44145
44164
44164
44165
44169
44170
44178
44185
44186
44195
44196
44197
44214
44251
44254
44264
44274
44275
44288
44297
44301
44317
44323
44325
44340
44343
44361
44368
44383
44397
44407
44412
44417
44418
44421
44440
44442
44447
44457
44460
44488
44493
44512
44513
44514
44518
44523
44536
44540
44549
44553
44562
44568
44569
44575
44582
44583
44596
44609
44616
44626
44626
44627
44629
44635
44641
44643
44647
44650
44657
44658
44661
44662
44663
44667
44673
44678
44683
44688
44693
44703
44704
44708
44709
44714
44719
44722
44725
44727
44738
44741
44752
44758
44767
44767
44769
44777
44781
44786
44802
44803
44809
44809
44811
44821
44823
44837
44837
44841
44850
44857
44868
44876
44884
44892
44895
44911
44920
44924
44927
44938
44943
44945
44955
44958
44965
44974
44977
44991
44991
44991
45000
45004
45017
45034
45038
45045
45046
45049
45052
45067
45073
45093
45096
45103
45104
45111
45131
45156
45160
45169
45173
45178
45179
45183
45184
45185
45186
45193
45198
45206
45212
45225
45229
45249
45254
45257
45268
45278
45301
45305
45307
45309
45314
45322
45322
45325
45327
45333
45354
45360
45367
45370
45381
45382
45402
45403
45407
45407
45407
45409
45411
45411
45438
45439
45440
45450
45460
45465
45466
45481
45486
45487
45491
45500
45503
45506
45523
45524
45532
45532
45551
45554
45568
45572
45572
45573
45574
45580
45586
45589
45590
45607
45607
45609
45612
45623
45625
45625
45628
45648
45670
45678
45680
45682
45684
45685
45691
45693
45709
45713
45721
45732
45737
45738
45739
45741
45741
45744
45761
45761
45778
45779
45782
45784
45789
45793
45793
45803
45809
45813
45815
45823
45830
45842
45845
45852
45862
45865
45867
45878
45892
45896
45896
45904
45907
45919
45962
45965
45971
45974
45976
45989
45997
46001
46005
46009
46010
46012
46018
46021
46022
46032
46036
46052
46056
46072
46074
46075
46099
46117
46121
46123
46123
46127
46141
46144
46147
46157
46162
46171
46176
46190
46213
46215
46223
46232
46234
46236
46244
46246
46250
46276
46276
46282
46297
46298
46300
46305
46306
46320
46328
46343
46346
46347
46353
46356
46358
46365
46373
46375
46378
46382
46391
46395
46402
46441
46445
46451
46455
46455
46457
46466
46472
46494
46495
46496
46505
46514
46546
46552
46564
46568
46588
46589
46593
46601
46602
46603
46617
46618
46620
46633
46634
46638
46640
46665
46675
46680
46693
46696
46708
46708
46710
46711
46731
46738
46740
46744
46761
46771
46784
46786
46790
46791
46791
46804
46809
46810
46822
46836
46844
46853
46859
46863
46865
46866
46866
46879
46881
46883
46883
46883
46884
46885
46902
46903
46918
46920
46929
46935
46936
46939
46944
46966
46999
47003
47014
47019
47020
47027
47039
47061
47065
47067
47069
47077
47087
47092
47101
47111
47118
47119
47154
47156
47162
47169
47186
47199
47200
47210
47225
47228
47241
47241
47272
47279
47286
47288
47298
47301
47302
47306
47306
47314
47314
47321
47322
47325
47329
47330
47332
47353
47356
47368
47370
47372
47374
47377
47383
47383
47396
47398
47400
47405
47412
47412
47426
47440
47442
47444
47448
47451
47456
47457
47460
47461
47464
47480
47487
47493
47497
47509
47524
47526
47543
47544
47556
47560
47564
47565
47567
47570
47572
47577
47578
47579
47583
47596
47608
47621
47628
47632
47632
47637
47639
47640
47656
47660
47660
47665
47687
47694
47695
47697
47712
47712
47714
47715
47725
47725
47748
47757
47765
47778
47778
47789
47791
47792
47804
47811
47816
47836
47840
47845
47848
47864
47874
47880
47887
47896
47904
47907
47909
47910
47910
47914
47929
47931
47941
47946
47954
47954
47956
47958
47974
47982
47985
47994
47995
48005
48010
48014
48017
48023
48029
48035
48041
48042
48044
48044
48055
48057
48061
48066
48071
48074
48079
48085
48099
48099
48105
48108
48109
48117
48117
48127
48128
48130
48140
48169
48170
48175
48177
48179
48183
48184
48187
48195
48202
48212
48218
48218
48218
48226
48232
48236
48236
48236
48237
48239
48239
48243
48256
48261
48262
48273
48276
48281
48285
48285
48289
48290
48291
48296
48314
48317
48323
48326
48330
48332
48335
48341
48352
48355
48356
48368
48376
48382
48387
48392
48403
48421
48427
48436
48443
48446
48452
48452
48455
48457
48461
48462
48472
48480
48481
48486
48494
48523
48525
48552
48553
48557
48562
48564
48566
48572
48573
48599
48611
48621
48626
48626
48644
48645
48663
48663
48676
48679
48687
48698
48705
48708
48710
48723
48733
48749
48772
48775
48782
48784
48818
48821
48824
48848
48854
48868
48874
48897
48906
48910
48910
48912
48913
48916
48935
48946
48948
48968
48973
49001
49019
49031
49044
49049
49053
49055
49058
49070
49089
49096
49100
49102
49123
49126
49137
49138
49140
49146
49156
49162
49163
49165
49186
49198
49200
49204
49213
49214
49216
49223
49232
49233
49265
49265
49275
49278
49283
49285
49288
49291
49293
49305
49318
49322
49326
49332
49333
49337
49357
49379
49383
49389
49396
49418
49420
49423
49423
49427
49430
49451
49452
49455
49468
49475
49489
49492
49498
49513
49513
49517
49521
49521
49527
49532
49535
49544
49554
49555
49556
49562
49568
49574
49604
49604
49623
49633
49640
49647
49657
49660
49660
49668
49670
49672
49675
49677
49678
49684
49684
49695
49697
49702
49703
49718
49720
49720
49721
49722
49726
49734
49744
49748
49750
49754
49755
49757
49761
49765
49766
49789
49795
49795
49800
49801
49805
49812
49814
49819
49821
49828
49829
49833
49845
49850
49852
49861
49863
49865
49870
49873
49879
49890
49900
49907
49914
49916
49921
49925
49931
49933
49936
49939
49941
49955
49955
49961
49962
49972
49972
49981
49985
49990
49996
