4
8
12
20
21
59
80
124
137
141
159
179
230
251
258
264
271
293
299
314
332
343
346
386
393
395
399
400
426
449
456
481
500
518
532
540
540
548
582
603
608
624
647
653
653
659
660
690
693
703
707
720
725
738
739
757
794
794
829
834
843
849
851
859
880
890
892
893
902
933
954
963
988
996
1021
1031
1032
1058
1075
1085
1086
1089
1125
1128
1149
1150
1161
1169
1199
1218
1285
1293
1308
1314
1315
1320
1323
1330
1359
1365
1404
1412
1418
1435
1458
1495
1513
1523
1527
1530
1545
1550
1554
1555
1557
1600
1611
1631
1675
1689
1697
1739
1742
1754
1792
1798
1806
1807
1816
1845
1847
1848
1872
1897
1915
1938
1944
1998
1998
2019
2024
2025
2032
2067
2100
2107
2112
2123
2151
2160
2165
2168
2171
2174
2175
2193
2197
2220
2241
2255
2264
2267
2275
2306
2334
2338
2353
2368
2371
2375
2404
2415
2416
2430
2432
2442
2448
2455
2466
2480
2487
2489
2497
2523
2527
2547
2562
2583
2585
2601
2611
2647
2660
2678
2701
2704
2722
2740
2791
2802
2840
2844
2846
2850
2853
2906
2909
2913
2921
2924
2933
2942
2946
2948
2958
2972
2985
2985
2992
3013
3023
3038
3117
3149
3153
3176
3177
3185
3192
3198
3204
3241
3245
3248
3264
3265
3274
3285
3292
3310
3313
3313
3319
3337
3355
3402
3403
3414
3448
3451
3456
3463
3474
3476
3528
3539
3554
3557
3596
3600
3601
3607
3623
3637
3639
3641
3648
3649
3661
3665
3666
3667
3684
3684
3693
3719
3791
3795
3814
3822
3827
3842
3870
3882
3893
3930
3939
3950
3963
3980
3985
3989
3994
4000
4020
4023
4038
4041
4043
4043
4053
4054
4065
4071
4075
4095
4171
4172
4182
4182
4183
4193
4200
4214
4232
4242
4253
4257
4264
4281
4289
4304
4323
4327
4336
4371
4381
4382
4393
4395
4401
4408
4428
4447
4460
4492
4509
4520
4526
4532
4544
4556
4574
4625
4655
4660
4710
4714
4736
4796
4832
4833
4864
4869
4882
4910
4936
4946
4957
4973
5002
5005
5012
5027
5029
5035
5038
5053
5060
5089
5101
5127
5129
5155
5157
5201
5219
5250
5270
5293
5304
5327
5330
5338
5339
5365
5372
5373
5425
5429
5430
5431
5434
5437
5449
5458
5463
5487
5499
5535
5559
5577
5591
5604
5624
5641
5657
5658
5689
5694
5708
5709
5725
5732
5739
5764
5764
5767
5778
5801
5802
5844
5846
5854
5877
5916
5923
5957
5966
5991
6014
6053
6071
6089
6090
6099
6116
6176
6179
6221
6233
6234
6236
6255
6264
6272
6282
6284
6294
6302
6334
6336
6355
6360
6365
6379
6383
6383
6391
6400
6414
6442
6469
6492
6494
6503
6520
6533
6558
6560
6568
6593
6613
6621
6635
6657
6662
6675
6679
6680
6699
6702
6709
6748
6758
6781
6801
6811
6856
6857
6859
6879
6881
6881
6886
6896
6912
6913
6924
6957
6968
6990
7006
7011
7012
7015
7020
7032
7035
7050
7080
7179
7191
7197
7203
7210
7231
7233
7234
7246
7247
7250
7275
7281
7281
7292
7324
7332
7341
7341
7355
7374
7390
7415
7422
7439
7452
7467
7482
7498
7504
7529
7554
7583
7602
7611
7613
7617
7622
7633
7639
7643
7646
7665
7682
7702
7709
7715
7733
7766
7786
7820
7824
7832
7832
7841
7882
7890
7918
7939
7961
7976
7996
7999
8003
8006
8044
8079
8080
8085
8089
8107
8139
8140
8141
8166
8167
8178
8211
8214
8226
8237
8254
8260
8282
8300
8302
8339
8362
8365
8381
8381
8392
8413
8417
8425
8462
8464
8464
8474
8485
8522
8524
8526
8542
8557
8581
8589
8600
8613
8618
8646
8655
8662
8725
8744
8766
8771
8777
8780
8784
8786
8808
8811
8815
8825
8834
8847
8884
8944
8953
9025
9043
9055
9063
9072
9075
9078
9095
9104
9105
9110
9110
9113
9119
9120
9137
9147
9150
9164
9195
9208
9215
9223
9232
9285
9288
9293
9302
9317
9368
9378
9401
9407
9431
9432
9451
9458
9460
9478
9485
9488
9490
9509
9512
9516
9529
9531
9534
9554
9610
9616
9627
9632
9644
9645
9674
9686
9748
9757
9773
9786
9791
9802
9803
9808
9823
9828
9841
9852
9865
9878
9907
9929
9943
9982
10003
10013
10034
10037
10039
10039
10065
10076
10084
10098
10111
10118
10123
10148
10150
10163
10182
10187
10188
10222
10230
10248
10260
10280
10291
10297
10337
10353
10381
10390
10398
10399
10399
10403
10412
10425
10431
10436
10445
10446
10475
10498
10500
10504
10509
10510
10522
10533
10539
10548
10552
10556
10613
10617
10619
10620
10641
10653
10661
10678
10688
10691
10703
10723
10728
10731
10736
10743
10750
10809
10811
10822
10895
10909
10916
10968
10980
11032
11048
11059
11107
11148
11176
11200
11203
11204
11212
11221
11232
11234
11235
11238
11256
11263
11263
11290
11305
11331
11333
11396
11401
11443
11444
11454
11456
11510
11524
11526
11529
11544
11575
11580
11587
11590
11603
11612
11624
11635
11636
11641
11649
11669
11686
11687
11698
11700
11706
11728
11736
11743
11746
11749
11756
11771
11778
11787
11809
11828
11832
11875
11885
11909
11919
11930
11959
11971
12024
12024
12024
12027
12052
12062
12065
12073
12115
12118
12140
12152
12171
12174
12192
12222
12236
12247
12276
12304
12339
12346
12366
12389
12391
12404
12416
12417
12422
12422
12442
12462
12470
12476
12506
12530
12544
12555
12558
12571
12579
12585
12589
12591
12622
12632
12635
12640
12644
12657
12666
12680
12684
12686
12695
12705
12710
12736
12744
12747
12748
12758
12771
12772
12773
12786
12787
12793
12810
12840
12854
12858
12859
12903
12910
12948
12948
12949
12984
12989
12995
13001
13011
13023
13027
13040
13051
13064
13067
13075
13082
13083
13087
13088
13104
13133
13137
13151
13161
13180
13199
13233
13268
13276
13289
13289
13290
13304
13332
13346
13347
13357
13358
13377
13381
13393
13401
13409
13427
13431
13435
13436
13437
13452
13473
13475
13527
13527
13536
13543
13548
13554
13558
13563
13564
13567
13573
13580
13598
13602
13606
13614
13631
13640
13651
13654
13680
13695
13706
13743
13775
13803
13834
13857
13861
13865
13867
13881
13895
13917
13935
13935
13942
13948
13962
13983
13989
13994
13997
13998
13998
14016
14023
14037
14040
14071
14078
14086
14096
14103
14125
14130
14180
14189
14194
14205
14239
14251
14253
14270
14279
14295
14295
14316
14318
14335
14340
14345
14359
14371
14371
14384
14410
14413
14423
14423
14471
14479
14493
14495
14540
14541
14562
14602
14636
14638
14647
14649
14652
14653
14665
14687
14724
14756
14771
14807
14810
14813
14828
14834
14838
14888
14898
14906
14919
14925
14935
14943
14964
14968
14976
15003
15015
15032
15057
15065
15085
15098
15161
15168
15173
15179
15205
15221
15227
15227
15254
15267
15270
15283
15308
15318
15322
15323
15346
15375
15454
15455
15464
15465
15470
15493
15498
15515
15548
15567
15576
15595
15626
15634
15642
15655
15671
15679
15683
15732
15744
15782
15784
15821
15824
15826
15830
15843
15845
15847
15852
15864
15966
15968
15971
15979
16005
16026
16031
16064
16064
16075
16099
16110
16131
16139
16141
16141
16144
16146
16151
16153
16190
16197
16211
16256
16257
16264
16264
16273
16295
16323
16335
16335
16340
16342
16383
16404
16426
16435
16498
16508
16508
16519
16525
16530
16558
16565
16566
16577
16621
16623
16632
16632
16637
16643
16653
16675
16682
16687
16698
16731
16731
16734
16750
16755
16790
16802
16804
16833
16840
16862
16869
16876
16880
16892
16895
16897
16907
16910
16913
16916
16929
16945
16949
16976
16985
16997
17021
17023
17029
17031
17056
17065
17076
17090
17145
17167
17169
17175
17180
17233
17246
17260
17269
17273
17274
17291
17294
17300
17337
17350
17374
17376
17395
17428
17429
17451
17458
17484
17518
17519
17521
17526
17550
17568
17600
17604
17636
17637
17640
17658
17684
17696
17713
17726
17731
17758
17759
17770
17782
17807
17814
17817
17826
17834
17860
17866
17867
17882
17900
17909
17918
17936
17946
17961
17962
17968
17982
18006
18007
18038
18050
18083
18093
18112
18114
18151
18158
18193
18197
18200
18219
18221
18225
18247
18250
18259
18260
18261
18282
18295
18316
18338
18357
18362
18377
18380
18401
18433
18448
18462
18470
18472
18475
18478
18488
18496
18502
18556
18559
18562
18565
18612
18623
18626
18627
18648
18669
18684
18687
18696
18707
18708
18718
18740
18755
18763
18772
18778
18810
18817
18820
18831
18848
18853
18870
18883
18928
18929
18942
18953
18967
18974
18975
18982
18983
18993
18996
19005
19024
19028
19031
19039
19041
19042
19045
19049
19050
19074
19087
19118
19163
19195
19209
19218
19220
19250
19279
19298
19304
19336
19341
19357
19360
19362
19362
19365
19391
19396
19398
19398
19435
19455
19461
19473
19475
19495
19502
19521
19523
19530
19544
19560
19582
19586
19607
19607
19648
19651
19656
19662
19681
19697
19712
19730
19734
19764
19766
19767
19767
19786
19788
19792
19794
19794
19795
19801
19830
19857
19864
19898
19903
19911
19941
19943
19948
19952
19953
19965
19979
20011
20037
20038
20041
20046
20073
20081
20084
20114
20120
20121
20122
20124
20159
20188
20202
20212
20223
20225
20242
20273
20316
20321
20326
20336
20345
20349
20353
20366
20376
20385
20401
20420
20422
20424
20428
20439
20448
20459
20492
20514
20522
20531
20543
20552
20563
20581
20600
20611
20627
20639
20648
20681
20686
20688
20704
20713
20718
20725
20729
20730
20758
20772
20782
20787
20833
20881
20904
20935
20950
20952
20977
21011
21016
21025
21043
21048
21049
21070
21080
21099
21099
21111
21127
21165
21168
21173
21187
21201
21203
21204
21206
21208
21234
21264
21278
21298
21299
21306
21320
21321
21323
21325
21329
21330
21364
21398
21398
21402
21410
21422
21439
21457
21460
21466
21492
21509
21535
21551
21575
21593
21599
21609
21624
21628
21634
21637
21639
21649
21656
21658
21662
21665
21669
21675
21675
21676
21677
21689
21693
21695
21708
21713
21720
21724
21735
21759
21761
21775
21781
21803
21804
21812
21825
21836
21870
21875
21894
21913
21920
21925
21948
21953
21954
21983
21989
21990
22010
22038
22096
22132
22141
22144
22149
22158
22177
22196
22200
22230
22240
22246
22252
22266
22299
22308
22317
22350
22363
22364
22368
22371
22381
22394
22402
22412
22413
22429
22436
22466
22490
22494
22533
22555
22592
22604
22609
22612
22640
22642
22663
22702
22723
22723
22739
22743
22772
22774
22826
22836
22836
22886
22894
22926
22938
22951
22956
22960
22960
22961
22969
22977
22978
23038
23057
23068
23094
23101
23105
23114
23141
23147
23172
23184
23185
23191
23194
23243
23248
23250
23259
23263
23264
23300
23302
23315
23326
23365
23379
23394
23435
23453
23454
23473
23474
23479
23480
23498
23500
23552
23565
23627
23673
23687
23694
23735
23755
23759
23774
23775
23781
23791
23813
23843
23858
23859
23860
23870
23874
23878
23908
23918
23921
23933
23935
23968
23979
23983
23995
24000
24021
24029
24060
24107
24114
24129
24150
24166
24184
24185
24198
24203
24212
24227
24228
24235
24245
24252
24307
24316
24332
24334
24335
24342
24345
24365
24381
24381
24410
24466
24502
24552
24553
24559
24562
24578
24580
24581
24601
24633
24634
24634
24641
24653
24667
24678
24690
24699
24700
24701
24705
24710
24711
24712
24718
24731
24759
24765
24783
24784
24792
24810
24823
24826
24846
24854
24857
24883
24887
24891
24918
24945
24953
24958
24974
24993
25005
25006
25036
25045
25055
25060
25062
25077
25108
25118
25139
25150
25157
25166
25181
25190
25198
25231
25248
25257
25279
25305
25307
25310
25325
25354
25364
25389
25398
25399
25450
25466
25490
25512
25513
25519
25530
25554
25566
25566
25586
25617
25619
25702
25709
25714
25714
25747
25750
25767
25784
25797
25816
25870
25872
25874
25877
25884
25938
25939
25947
25958
25971
25985
25990
25993
26001
26004
26012
26031
26066
26068
26074
26088
26090
26117
26127
26176
26179
26219
26226
26238
26251
26254
26325
26335
26339
26343
26410
26418
26435
26436
26441
26495
26498
26528
26531
26555
26584
26627
26632
26633
26642
26656
26658
26711
26725
26746
26753
26771
26776
26781
26781
26787
26789
26790
26806
26815
26823
26830
26842
26852
26854
26876
26879
26883
26893
26893
26895
26924
26954
26967
26974
26977
26995
26997
27003
27005
27010
27023
27026
27038
27061
27067
27069
27079
27110
27111
27113
27120
27135
27157
27163
27181
27197
27201
27204
27206
27215
27232
27235
27245
27274
27276
27279
27313
27317
27321
27357
27359
27374
27380
27389
27405
27407
27416
27442
27449
27455
27459
27470
27475
27481
27482
27494
27506
27518
27537
27570
27573
27602
27602
27614
27615
27617
27624
27624
27673
27700
27700
27706
27726
27794
27801
27810
27811
27812
27818
27824
27834
27835
27839
27864
27879
27886
27900
27909
27913
27915
27919
27952
27982
27984
27986
27999
28028
28029
28036
28052
28062
28070
28072
28074
28104
28124
28144
28154
28162
28170
28213
28226
28227
28239
28240
28242
28297
28320
28340
28340
28349
28353
28369
28374
28385
28396
28420
28420
28422
28438
28443
28449
28458
28495
28496
28506
28507
28507
28511
28521
28524
28543
28567
28568
28569
28569
28571
28589
28615
28639
28665
28685
28694
28708
28717
28724
28730
28748
28768
28769
28770
28794
28823
28827
28831
28833
28834
28845
28855
28861
28903
28912
28924
28927
28936
28940
28943
28998
29011
29060
29077
29083
29093
29132
29146
29168
29183
29184
29212
29226
29227
29234
29234
29240
29261
29277
29296
29316
29325
29341
29348
29364
29396
29411
29451
29455
29462
29465
29479
29489
29511
29525
29527
29529
29559
29564
29570
29584
29586
29623
29646
29651
29664
29676
29684
29687
29708
29731
29748
29749
29756
29759
29776
29781
29789
29836
29840
29846
29867
29872
29876
29894
29902
29905
29905
29949
29973
29983
29996
30008
30011
30017
30025
30036
30037
30048
30059
30060
30073
30074
30084
30087
30104
30118
30122
30123
30146
30152
30157
30158
30188
30193
30194
30212
30214
30227
30244
30272
30274
30290
30293
30308
30322
30322
30334
30338
30340
30371
30374
30376
30379
30381
30397
30407
30414
30421
30445
30456
30457
30473
30476
30484
30542
30562
30571
30581
30593
30597
30622
30655
30656
30664
30669
30677
30704
30712
30714
30719
30719
30728
30735
30741
30741
30741
30752
30756
30759
30769
30773
30774
30789
30803
30805
30827
30834
30839
30853
30894
30898
30906
30910
30922
30945
30952
30953
30957
30987
30995
31042
31054
31057
31096
31100
31110
31113
31140
31151
31169
31175
31176
31191
31229
31232
31233
31247
31272
31290
31304
31338
31342
31383
31408
31446
31447
31456
31471
31489
31493
31494
31511
31530
31535
31570
31575
31589
31652
31668
31676
31684
31718
31723
31724
31757
31761
31766
31784
31785
31823
31830
31831
31838
31843
31855
31889
31895
31898
31899
31904
31924
31956
32000
32024
32028
32031
32035
32048
32050
32062
32073
32105
32108
32123
32129
32181
32190
32203
32224
32256
32261
32269
32284
32304
32309
32318
32321
32325
32325
32348
32352
32353
32359
32367
32367
32385
32401
32404
32420
32442
32443
32444
32454
32457
32477
32497
32498
32504
32513
32540
32540
32552
32573
32582
32590
32592
32597
32607
32614
32614
32640
32645
32651
32657
32665
32666
32674
32708
32711
32723
32724
32729
32751
32752
32765
32788
32794
32812
32828
32830
32843
32856
32871
32880
32881
32909
32916
32944
32949
32955
32971
32985
32987
33006
33008
33026
33033
33036
33049
33080
33104
33134
33148
33168
33190
33205
33210
33213
33230
33258
33263
33264
33282
33289
33292
33299
33302
33311
33332
33370
33379
33383
33391
33396
33431
33431
33432
33445
33446
33448
33450
33457
33466
33474
33478
33489
33499
33510
33528
33535
33544
33547
33571
33582
33589
33597
33622
33635
33644
33646
33653
33661
33673
33708
33716
33726
33731
33775
33775
33804
33841
33845
33860
33878
33880
33881
33885
33887
33898
33923
33929
33936
33964
34013
34024
34026
34029
34032
34052
34054
34092
34106
34112
34147
34182
34188
34201
34211
34215
34229
34232
34239
34245
34258
34264
34270
34286
34288
34290
34299
34306
34320
34345
34356
34384
34390
34414
34415
34431
34432
34432
34458
34459
34474
34490
34497
34517
34547
34548
34554
34583
34597
34647
34677
34681
34687
34688
34701
34706
34713
34724
34724
34739
34741
34757
34772
34784
34785
34788
34802
34804
34804
34840
34861
34873
34895
34896
34913
34932
34955
34988
34991
35004
35021
35028
35047
35049
35049
35060
35064
35064
35065
35079
35081
35109
35112
35116
35118
35118
35153
35169
35173
35183
35185
35190
35214
35229
35233
35259
35268
35278
35293
35305
35320
35327
35337
35340
35340
35340
35342
35342
35366
35392
35427
35432
35438
35444
35475
35520
35602
35608
35627
35630
35651
35658
35673
35677
35678
35679
35682
35715
35715
35749
35752
35762
35767
35776
35780
35798
35843
35852
35859
35869
35876
35915
35934
35940
35941
35945
35955
35956
35964
35971
35993
35995
36021
36061
36112
36115
36136
36142
36153
36165
36166
36169
36181
36199
36203
36207
36222
36241
36261
36304
36313
36315
36334
36340
36365
36365
36371
36405
36417
36435
36438
36440
36463
36467
36468
36476
36497
36506
36531
36542
36583
36606
36648
36668
36692
36697
36716
36718
36729
36754
36764
36764
36776
36782
36806
36825
36852
36853
36856
36862
36864
36876
36915
36922
36967
36973
36974
37005
37008
37009
37013
37049
37069
37070
37098
37102
37107
37115
37119
37129
37134
37140
37172
37213
37220
37224
37286
37322
37325
37329
37334
37353
37358
37364
37381
37403
37404
37419
37441
37454
37455
37470
37471
37511
37540
37544
37575
37601
37601
37602
37606
37610
37642
37682
37700
37714
37715
37729
37767
37789
37799
37813
37848
37853
37856
37901
37905
37944
37969
37987
38014
38027
38072
38089
38096
38101
38114
38134
38152
38217
38223
38241
38269
38276
38297
38316
38323
38327
38372
38372
38400
38417
38423
38426
38434
38454
38468
38470
38476
38488
38495
38514
38538
38552
38583
38590
38615
38622
38622
38656
38658
38694
38704
38717
38742
38754
38761
38767
38781
38799
38807
38823
38829
38832
38885
38900
38910
38919
38935
38939
38939
38962
38986
38989
38989
39005
39014
39020
39039
39057
39064
39076
39093
39112
39114
39125
39127
39143
39143
39148
39196
39224
39232
39239
39246
39287
39306
39311
39318
39319
39326
39336
39339
39342
39353
39357
39379
39386
39394
39402
39402
39404
39406
39408
39440
39440
39455
39456
39468
39485
39497
39525
39547
39567
39576
39624
39649
39654
39667
39676
39688
39702
39741
39746
39762
39792
39804
39893
39895
39905
39915
39922
39952
39980
39981
39992
40014
40021
40036
40050
40052
40070
40094
40128
40132
40179
40225
40228
40230
40230
40231
40240
40246
40271
40272
40273
40301
40324
40362
40363
40431
40432
40441
40466
40469
40480
40499
40560
40561
40577
40597
40601
40615
40622
40627
40629
40638
40641
40665
40673
40677
40679
40697
40711
40712
40713
40719
40722
40744
40745
40777
40782
40785
40795
40810
40842
40872
40874
40882
40905
40917
40932
40958
40975
40982
40990
40997
41008
41016
41042
41061
41090
41131
41147
41154
41159
41182
41202
41228
41230
41230
41238
41273
41279
41281
41291
41299
41300
41304
41339
41346
41347
41353
41366
41386
41401
41420
41427
41437
41453
41455
41458
41464
41545
41550
41551
41579
41592
41616
41640
41659
41660
41668
41675
41693
41742
41832
41837
41873
41875
41879
41884
41887
41888
41890
41891
41892
41897
41905
41919
41923
41927
41946
41951
41951
41955
41968
41979
42001
42009
42013
42014
42020
42045
42094
42120
42127
42173
42181
42185
42193
42204
42214
42225
42227
42235
42252
42264
42264
42265
42268
42281
42328
42348
42369
42372
42409
42411
42422
42431
42436
42451
42455
42462
42467
42474
42481
42486
42488
42502
42506
42519
42529
42531
42545
42547
42551
42564
42577
42581
42589
42594
42602
42611
42621
42640
42643
42652
42655
42666
42668
42672
42699
42705
42706
42707
42717
42718
42721
42726
42745
42764
42784
42786
42805
42805
42811
42817
42817
42833
42838
42853
42873
42888
42914
42932
42948
42950
42967
42987
43006
43011
43030
43045
43076
43077
43084
43096
43099
43118
43131
43136
43141
43168
43267
43278
43282
43303
43307
43309
43327
43334
43348
43354
43364
43367
43369
43387
43390
43393
43406
43418
43427
43454
43455
43458
43458
43464
43486
43490
43508
43516
43537
43537
43552
43558
43562
43582
43605
43611
43615
43627
43699
43705
43720
43731
43731
43732
43787
43789
43791
43794
43822
43829
43836
43844
43845
43851
43856
43866
43871
43896
43910
43918
43920
43923
43924
43930
43940
43970
43981
44006
44011
44027
44044
44055
44092
44134
44138
44142
44156
44164
44175
44194
44198
44233
44238
44262
44273
44284
44299
44308
44319
44330
44365
44382
44396
44400
44410
44425
44441
44442
44443
44449
44451
44453
44455
44457
44498
44537
44540
44543
44547
44576
44586
44591
44601
44616
44651
44654
44660
44667
44732
44746
44760
44770
44773
44776
44809
44811
44817
44842
44851
44864
44876
44883
44900
44902
44902
44915
44918
44923
44930
44934
44953
44969
44970
44980
44997
45006
45024
45027
45030
45047
45060
45064
45088
45088
45130
45145
45152
45187
45188
45194
45202
45218
45223
45228
45239
45244
45247
45264
45287
45288
45315
45335
45355
45364
45371
45371
45416
45422
45426
45451
45459
45468
45488
45503
45504
45518
45531
45586
45588
45596
45611
45620
45623
45627
45636
45638
45662
45664
45673
45680
45686
45690
45697
45699
45718
45730
45734
45746
45772
45795
45797
45807
45815
45836
45842
45878
45880
45894
45922
45929
45946
45963
45972
45973
45978
45991
46035
46037
46050
46057
46059
46067
46083
46087
46098
46123
46142
46158
46159
46184
46222
46227
46229
46236
46245
46253
46266
46276
46289
46296
46303
46316
46332
46348
46363
46365
46373
46393
46404
46412
46431
46440
46448
46477
46485
46486
46492
46497
46510
46521
46522
46560
46565
46582
46582
46588
46626
46652
46688
46710
46725
46727
46736
46743
46752
46754
46784
46811
46828
46828
46837
46875
46880
46881
46909
46914
46917
46963
46979
46981
46995
47017
47026
47026
47039
47048
47055
47064
47069
47073
47074
47082
47085
47178
47179
47183
47183
47217
47220
47226
47230
47245
47259
47270
47288
47304
47320
47347
47381
47385
47386
47391
47394
47396
47398
47399
47402
47403
47409
47418
47421
47436
47438
47447
47452
47471
47503
47543
47547
47552
47562
47575
47585
47591
47601
47607
47607
47636
47664
47683
47685
47715
47720
47726
47730
47741
47761
47767
47772
47779
47790
47798
47798
47806
47816
47816
47831
47839
47840
47846
47853
47861
47886
47929
47931
47946
47977
47985
48022
48027
48029
48030
48062
48068
48081
48087
48123
48127
48141
48143
48157
48159
48168
48222
48234
48235
48246
48253
48255
48258
48269
48277
48289
48319
48330
48359
48367
48403
48418
48434
48456
48473
48488
48512
48555
48555
48565
48569
48605
48607
48613
48618
48623
48626
48629
48630
48631
48632
48639
48645
48650
48663
48674
48701
48708
48711
48717
48721
48747
48785
48792
48796
48801
48831
48835
48882
48884
48892
48919
48934
48936
48942
48946
48971
48990
49004
49040
49060
49074
49079
49107
49116
49141
49147
49148
49182
49188
49196
49196
49271
49289
49298
49303
49321
49323
49349
49353
49370
49374
49383
49392
49393
49398
49401
49436
49483
49487
49497
49512
49525
49554
49578
49586
49600
49604
49605
49673
49676
49678
49680
49681
49682
49694
49720
49727
49736
49755
49772
49793
49833
49870
49881
49886
49896
49904
49914
49922
49933
49951
