3
4
8
14
20
21
30
35
38
45
46
48
49
53
53
56
60
60
69
78
85
88
94
100
117
121
130
140
143
147
147
154
166
172
179
183
183
190
199
202
207
209
217
223
225
228
233
245
250
253
263
266
269
271
279
298
298
307
313
316
320
325
327
356
361
372
379
384
406
409
416
422
426
433
433
435
456
462
467
469
469
470
472
473
493
495
496
498
499
503
506
522
537
541
556
558
561
568
568
570
571
582
586
586
589
600
602
602
611
622
626
630
635
640
643
646
654
656
666
673
675
679
681
703
712
718
742
744
751
759
764
767
770
775
786
792
798
800
808
820
832
840
860
861
863
871
874
884
885
891
894
896
898
899
905
917
921
923
925
926
928
939
966
971
971
972
978
994
1003
1027
1040
1043
1077
1082
1088
1090
1096
1102
1113
1114
1114
1127
1151
1152
1154
1160
1160
1170
1172
1178
1185
1186
1189
1191
1196
1229
1230
1236
1241
1241
1252
1252
1260
1261
1273
1280
1282
1295
1298
1304
1316
1319
1319
1321
1330
1334
1336
1345
1353
1357
1369
1388
1390
1392
1404
1404
1405
1413
1418
1425
1427
1429
1431
1453
1455
1458
1465
1483
1492
1506
1506
1511
1522
1530
1533
1534
1539
1539
1540
1577
1579
1580
1584
1586
1596
1612
1625
1631
1631
1634
1645
1647
1652
1660
1678
1689
1710
1721
1723
1727
1729
1732
1762
1765
1769
1804
1806
1819
1820
1823
1842
1850
1862
1868
1884
1886
1889
1892
1895
1895
1908
1917
1921
1921
1944
1947
1948
1956
1961
1962
1962
1964
1971
1972
1998
2001
2005
2036
2049
2072
2073
2085
2094
2095
2099
2118
2127
2132
2133
2147
2150
2189
2191
2200
2204
2222
2224
2240
2246
2252
2258
2273
2279
2280
2281
2297
2301
2302
2315
2324
2329
2340
2351
2352
2359
2363
2369
2372
2372
2373
2375
2391
2395
2403
2409
2427
2440
2444
2448
2450
2451
2465
2469
2476
2491
2501
2501
2502
2512
2514
2518
2530
2533
2533
2540
2543
2554
2560
2562
2574
2577
2592
2592
2599
2600
2604
2622
2636
2644
2649
2656
2659
2663
2665
2675
2687
2693
2695
2702
2704
2708
2708
2714
2731
2732
2745
2746
2761
2762
2766
2773
2786
2786
2790
2793
2793
2800
2801
2805
2819
2823
2829
2830
2830
2845
2845
2857
2860
2866
2868
2878
2879
2880
2898
2899
2910
2912
2919
2924
2924
2930
2937
2947
2948
2951
2952
2964
2964
2968
2989
2989
3023
3024
3030
3033
3044
3061
3061
3065
3067
3073
3081
3083
3085
3094
3099
3102
3127
3132
3133
3137
3150
3151
3156
3159
3162
3179
3181
3199
3199
3207
3208
3218
3224
3230
3237
3246
3259
3280
3293
3302
3306
3314
3317
3325
3331
3339
3345
3353
3357
3360
3363
3363
3370
3373
3374
3376
3377
3377
3395
3397
3405
3405
3406
3417
3418
3424
3441
3441
3448
3450
3451
3453
3459
3471
3485
3489
3490
3490
3492
3493
3513
3525
3531
3536
3543
3550
3564
3569
3569
3578
3594
3601
3612
3619
3619
3621
3621
3627
3636
3641
3645
3648
3664
3666
3672
3688
3689
3702
3709
3723
3727
3729
3732
3743
3747
3758
3759
3761
3764
3766
3770
3784
3787
3791
3793
3819
3824
3829
3853
3858
3863
3871
3874
3888
3891
3896
3905
3913
3913
3916
3919
3925
3929
3939
3941
3954
3956
3969
3974
3977
3986
3998
4002
4028
4039
4042
4047
4078
4082
4086
4089
4095
4101
4114
4123
4124
4127
4135
4148
4157
4164
4169
4170
4171
4174
4176
4177
4198
4210
4214
4214
4216
4217
4225
4226
4229
4231
4237
4239
4240
4242
4250
4251
4261
4269
4287
4293
4313
4327
4338
4346
4349
4353
4355
4356
4361
4363
4364
4365
4371
4376
4380
4392
4392
4394
4395
4396
4408
4408
4408
4424
4432
4433
4433
4434
4440
4442
4444
4446
4454
4457
4472
4474
4478
4482
4483
4497
4517
4520
4527
4531
4534
4537
4539
4549
4552
4554
4556
4556
4559
4580
4588
4595
4595
4600
4608
4613
4615
4617
4626
4640
4649
4655
4657
4672
4677
4680
4688
4688
4713
4717
4722
4727
4728
4732
4744
4757
4765
4767
4774
4779
4787
4790
4793
4799
4800
4808
4818
4841
4843
4849
4849
4852
4864
4865
4869
4870
4875
4880
4886
4902
4903
4910
4923
4943
4957
4971
4979
4981
4981
4987
5011
5026
5034
5035
5053
5060
5069
5077
5083
5087
5096
5098
5105
5108
5116
5119
5119
5125
5128
5143
5157
5158
5168
5175
5178
5189
5198
5210
5210
5213
5218
5221
5221
5227
5233
5237
5244
5247
5248
5288
5295
5297
5306
5308
5311
5317
5321
5321
5326
5329
5331
5348
5352
5363
5368
5375
5382
5383
5384
5386
5390
5403
5407
5411
5416
5419
5439
5443
5446
5451
5457
5461
5467
5467
5473
5487
5487
5498
5498
5518
5534
5537
5542
5547
5549
5552
5570
5572
5581
5592
5605
5618
5623
5648
5680
5696
5698
5715
5729
5733
5748
5761
5772
5774
5777
5786
5803
5806
5807
5809
5827
5829
5839
5863
5878
5883
5894
5896
5899
5912
5915
5918
5920
5923
5932
5944
5983
5983
5989
5994
6015
6017
6018
6022
6038
6038
6041
6051
6064
6069
6071
6082
6087
6098
6119
6126
6127
6127
6137
6141
6145
6146
6153
6153
6156
6160
6180
6187
6193
6195
6196
6206
6214
6220
6222
6229
6244
6248
6249
6249
6272
6276
6278
6281
6285
6288
6292
6298
6305
6323
6325
6338
6350
6352
6364
6365
6371
6374
6399
6401
6409
6433
6439
6445
6446
6446
6453
6454
6458
6464
6474
6478
6488
6488
6491
6495
6508
6513
6522
6524
6536
6552
6556
6559
6565
6566
6576
6598
6598
6606
6609
6611
6611
6612
6614
6614
6616
6621
6623
6625
6636
6641
6647
6676
6708
6729
6737
6744
6745
6768
6773
6792
6792
6793
6809
6811
6812
6829
6830
6834
6855
6856
6857
6859
6866
6870
6876
6888
6889
6892
6899
6901
6906
6907
6911
6918
6936
6947
6952
6955
6959
6964
6967
6979
6980
7006
7012
7018
7021
7022
7028
7029
7031
7036
7036
7041
7042
7048
7052
7067
7071
7072
7102
7111
7112
7115
7131
7134
7141
7145
7158
7169
7171
7180
7182
7183
7187
7191
7195
7196
7200
7203
7205
7212
7212
7213
7213
7217
7227
7229
7233
7237
7240
7251
7257
7258
7261
7264
7273
7289
7294
7295
7300
7304
7304
7307
7314
7328
7342
7344
7350
7353
7363
7365
7379
7380
7381
7382
7382
7386
7387
7394
7395
7396
7399
7402
7403
7413
7414
7416
7419
7423
7425
7447
7453
7459
7468
7472
7478
7482
7484
7487
7490
7493
7502
7529
7540
7541
7544
7545
7554
7555
7556
7559
7560
7570
7573
7576
7593
7596
7602
7603
7604
7617
7626
7638
7638
7638
7638
7656
7657
7664
7667
7679
7682
7682
7688
7691
7694
7695
7695
7701
7702
7709
7714
7715
7719
7727
7734
7735
7738
7740
7746
7756
7786
7787
7789
7789
7794
7797
7826
7828
7837
7846
7847
7851
7853
7857
7863
7869
7884
7887
7918
7921
7939
7952
7954
7963
7965
7989
7996
8002
8010
8035
8039
8044
8046
8057
8062
8066
8080
8098
8113
8113
8114
8116
8118
8124
8138
8139
8148
8151
8158
8160
8162
8174
8174
8178
8180
8184
8185
8192
8195
8203
8206
8207
8211
8215
8220
8228
8232
8236
8244
8245
8245
8246
8247
8256
8257
8258
8260
8262
8270
8292
8302
8307
8329
8329
8336
8342
8350
8353
8356
8358
8359
8360
8362
8362
8370
8390
8390
8406
8415
8432
8438
8445
8447
8447
8451
8455
8464
8464
8465
8474
8480
8502
8515
8528
8556
8564
8570
8573
8575
8576
8576
8597
8601
8611
8619
8649
8649
8657
8681
8693
8698
8702
8705
8706
8716
8721
8728
8732
8747
8751
8753
8759
8765
8781
8788
8792
8796
8801
8813
8822
8826
8841
8844
8860
8876
8879
8884
8895
8906
8907
8909
8923
8924
8925
8926
8928
8934
8936
8939
8954
8963
8966
8969
8971
8971
8973
8982
8990
8993
8997
8998
9004
9004
9009
9015
9019
9026
9028
9033
9039
9042
9043
9043
9052
9054
9058
9061
9063
9065
9088
9088
9096
9096
9116
9131
9131
9133
9142
9144
9151
9154
9154
9156
9156
9166
9191
9191
9191
9210
9210
9215
9223
9224
9228
9235
9236
9243
9249
9254
9265
9269
9278
9286
9303
9317
9338
9338
9340
9344
9356
9361
9363
9364
9372
9379
9382
9382
9385
9385
9389
9390
9396
9400
9408
9414
9422
9430
9440
9448
9469
9469
9471
9475
9479
9480
9483
9484
9509
9513
9516
9526
9528
9538
9545
9550
9560
9561
9562
9563
9566
9567
9571
9572
9576
9579
9592
9596
9598
9608
9611
9617
9621
9622
9622
9630
9635
9641
9642
9645
9651
9656
9660
9661
9661
9664
9667
9675
9680
9691
9692
9696
9697
9700
9710
9716
9725
9749
9749
9750
9756
9778
9796
9803
9820
9821
9823
9839
9841
9850
9857
9882
9889
9897
9898
9899
9905
9908
9909
9913
9919
9921
9922
9932
9939
9948
9957
9970
9971
9971
9973
9975
9976
9985
9985
9993
9993
9994
10008
10014
10017
10018
10019
10025
10026
10028
10036
10044
10071
10075
10076
10079
10083
10090
10094
10097
10122
10127
10128
10136
10136
10137
10139
10139
10148
10154
10155
10173
10173
10174
10186
10193
10207
10216
10221
10222
10223
10247
10248
10251
10254
10263
10264
10272
10280
10285
10298
10299
10325
10334
10347
10352
10358
10361
10365
10382
10386
10391
10396
10409
10412
10412
10429
10432
10436
10452
10458
10459
10462
10462
10473
10477
10479
10480
10485
10506
10523
10528
10531
10533
10539
10543
10545
10548
10549
10563
10579
10585
10587
10592
10596
10601
10607
10607
10613
10618
10629
10632
10638
10671
10678
10681
10708
10710
10721
10728
10731
10742
10742
10753
10768
10781
10784
10788
10790
10805
10810
10810
10813
10815
10816
10834
10834
10835
10847
10857
10868
10881
10882
10883
10927
10928
10935
10947
10950
10976
10979
10997
10999
11001
11010
11012
11023
11031
11037
11038
11042
11051
11055
11066
11068
11086
11103
11107
11112
11115
11119
11121
11122
11133
11136
11136
11139
11140
11150
11155
11157
11161
11162
11168
11175
11183
11189
11190
11206
11207
11209
11210
11225
11231
11235
11236
11253
11255
11267
11286
11291
11291
11300
11306
11307
11309
11317
11323
11329
11334
11335
11347
11359
11362
11365
11383
11383
11388
11407
11420
11423
11433
11438
11438
11442
11473
11476
11480
11491
11491
11492
11508
11509
11515
11516
11516
11519
11552
11566
11573
11573
11584
11586
11587
11593
11621
11624
11624
11628
11637
11638
11650
11661
11673
11676
11677
11689
11690
11694
11710
11710
11719
11724
11725
11730
11743
11743
11765
11766
11766
11769
11773
11777
11782
11784
11785
11786
11787
11791
11801
11816
11832
11850
11851
11860
11861
11877
11877
11884
11885
11887
11889
11901
11901
11906
11919
11921
11925
11929
11930
11930
11930
11940
11941
11944
11948
11948
11962
11974
11975
11993
11994
11995
11998
12001
12004
12007
12016
12018
12021
12028
12035
12050
12060
12070
12075
12077
12081
12084
12087
12087
12094
12100
12109
12117
12117
12121
12129
12132
12137
12145
12147
12150
12151
12167
12168
12169
12176
12179
12179
12188
12188
12202
12204
12204
12206
12209
12213
12220
12222
12233
12245
12259
12260
12282
12287
12288
12288
12292
12293
12297
12304
12310
12323
12324
12326
12332
12348
12350
12359
12359
12371
12373
12374
12383
12388
12401
12405
12417
12433
12438
12441
12456
12459
12462
12464
12480
12481
12481
12486
12494
12498
12503
12506
12509
12522
12526
12563
12563
12570
12580
12594
12597
12600
12609
12613
12613
12622
12622
12625
12628
12635
12639
12648
12649
12661
12667
12669
12691
12696
12698
12707
12709
12720
12721
12758
12764
12779
12792
12793
12807
12812
12815
12815
12815
12817
12819
12823
12826
12829
12840
12842
12846
12848
12849
12864
12867
12875
12886
12892
12893
12899
12899
12903
12910
12910
12911
12914
12917
12931
12957
12960
12962
12962
12966
12966
12975
12981
12982
12994
12995
13001
13001
13003
13014
13016
13021
13025
13026
13028
13029
13047
13053
13073
13076
13090
13094
13096
13101
13103
13112
13131
13136
13137
13142
13147
13154
13158
13172
13182
13191
13191
13192
13193
13193
13204
13205
13207
13217
13220
13224
13225
13228
13230
13234
13236
13238
13249
13265
13267
13268
13276
13280
13294
13297
13297
13303
13308
13310
13310
13314
13338
13339
13347
13358
13361
13362
13367
13370
13386
13388
13398
13401
13422
13425
13427
13428
13432
13449
13456
13476
13476
13476
13480
13480
13481
13481
13505
13523
13539
13541
13544
13545
13545
13546
13550
13552
13560
13564
13565
13567
13572
13572
13577
13583
13598
13602
13604
13606
13606
13610
13620
13627
13635
13637
13648
13653
13663
13671
13680
13690
13705
13711
13739
13743
13745
13748
13749
13754
13755
13757
13765
13769
13789
13789
13790
13824
13828
13838
13839
13839
13840
13845
13855
13866
13880
13882
13886
13894
13900
13902
13905
13910
13910
13926
13928
13930
13955
13956
13966
13967
13974
13981
13986
14030
14037
14044
14046
14052
14057
14062
14067
14070
14087
14092
14092
14097
14101
14118
14125
14131
14137
14145
14160
14201
14206
14210
14219
14223
14225
14228
14233
14236
14239
14241
14246
14246
14249
14256
14258
14267
14273
14279
14280
14284
14287
14296
14299
14316
14318
14321
14333
14337
14340
14354
14355
14357
14372
14385
14388
14390
14395
14401
14401
14404
14405
14406
14413
14420
14424
14428
14433
14439
14441
14442
14451
14452
14453
14454
14454
14455
14463
14463
14483
14493
14500
14501
14516
14529
14533
14538
14546
14558
14561
14561
14574
14598
14604
14615
14618
14619
14621
14623
14633
14636
14645
14645
14651
14654
14663
14668
14672
14677
14680
14694
14695
14698
14707
14709
14731
14739
14743
14785
14803
14804
14805
14810
14815
14832
14840
14841
14851
14853
14859
14865
14873
14875
14881
14883
14885
14888
14892
14892
14895
14898
14898
14902
14907
14909
14913
14928
14930
14933
14951
14957
14964
14965
14975
14979
14991
14998
15020
15025
15030
15030
15041
15051
15052
15052
15052
15060
15073
15077
15080
15101
15101
15102
15104
15105
15108
15111
15115
15121
15126
15133
15137
15145
15154
15158
15163
15163
15180
15183
15185
15190
15191
15202
15209
15210
15216
15222
15234
15234
15239
15248
15260
15267
15271
15277
15278
15292
15297
15298
15308
15311
15314
15328
15341
15347
15349
15358
15359
15361
15366
15373
15392
15400
15428
15430
15435
15446
15462
15463
15473
15475
15478
15481
15490
15492
15498
15501
15507
15516
15528
15537
15548
15554
15556
15563
15564
15567
15568
15575
15587
15608
15623
15630
15631
15640
15646
15659
15659
15665
15669
15676
15682
15684
15697
15707
15707
15721
15725
15725
15728
15731
15736
15739
15739
15747
15749
15749
15756
15757
15760
15764
15771
15783
15784
15785
15792
15801
15826
15828
15837
15837
15845
15854
15863
15864
15865
15869
15877
15888
15890
15892
15894
15895
15896
15904
15906
15907
15913
15918
15933
15933
15933
15939
15944
15945
15945
15949
15956
15961
15972
15979
15981
15983
15986
15987
15988
15992
15993
16002
16020
16021
16024
16027
16033
16040
16049
16059
16068
16069
16073
16095
16098
16106
16124
16129
16139
16141
16143
16150
16153
16161
16162
16165
16168
16175
16190
16195
16200
16207
16217
16218
16220
16227
16227
16233
16240
16257
16295
16302
16308
16324
16325
16332
16335
16348
16351
16353
16354
16358
16362
16364
16371
16375
16379
16379
16379
16386
16390
16393
16403
16410
16414
16414
16448
16455
16456
16465
16471
16476
16480
16486
16488
16496
16498
16501
16513
16515
16523
16530
16532
16536
16537
16542
16546
16555
16564
16565
16567
16572
16573
16574
16585
16605
16605
16605
16608
16610
16610
16613
16618
16618
16622
16628
16641
16644
16649
16649
16652
16653
16661
16667
16670
16673
16673
16685
16695
16696
16703
16706
16707
16713
16714
16731
16736
16745
16760
16766
16767
16768
16770
16777
16778
16781
16786
16795
16799
16801
16808
16819
16820
16825
16826
16830
16838
16840
16848
16848
16855
16858
16860
16864
16869
16895
16897
16911
16915
16919
16925
16932
16934
16939
16941
16952
16956
16957
16960
16967
16967
16969
16970
16975
16988
16996
16997
17014
17038
17040
17054
17075
17077
17083
17088
17088
17093
17095
17112
17120
17129
17149
17154
17157
17159
17162
17176
17177
17191
17214
17219
17236
17238
17240
17240
17249
17252
17254
17269
17283
17283
17287
17294
17303
17305
17309
17326
17333
17339
17342
17356
17356
17358
17365
17367
17368
17370
17374
17380
17381
17387
17392
17393
17395
17396
17396
17397
17406
17409
17422
17422
17423
17423
17436
17438
17441
17465
17474
17475
17475
17477
17484
17487
17489
17490
17491
17508
17519
17523
17532
17533
17537
17540
17540
17552
17555
17555
17560
17566
17569
17571
17575
17582
17586
17587
17589
17591
17595
17603
17608
17609
17610
17615
17619
17621
17621
17624
17626
17633
17635
17660
17669
17689
17690
17691
17691
17698
17702
17704
17714
17717
17721
17725
17730
17732
17733
17736
17744
17750
17753
17753
17775
17783
17791
17803
17808
17809
17820
17831
17845
17859
17861
17862
17869
17872
17877
17896
17900
17904
17907
17919
17924
17929
17929
17936
17950
17953
17968
17969
17974
17981
18002
18003
18006
18010
18010
18023
18024
18026
18028
18041
18055
18072
18077
18081
18086
18099
18099
18114
18115
18125
18132
18137
18146
18148
18154
18155
18156
18157
18170
18174
18180
18183
18186
18194
18196
18197
18207
18210
18216
18234
18237
18244
18249
18256
18258
18270
18270
18276
18287
18290
18304
18304
18306
18310
18314
18315
18324
18334
18339
18362
18363
18382
18383
18385
18389
18398
18399
18410
18411
18421
18427
18429
18464
18470
18475
18476
18484
18504
18507
18509
18513
18521
18529
18531
18534
18537
18539
18550
18553
18564
18569
18569
18571
18581
18585
18585
18607
18609
18610
18624
18661
18662
18666
18676
18682
18684
18690
18691
18694
18702
18703
18705
18705
18709
18715
18720
18723
18723
18729
18737
18739
18751
18753
18761
18774
18782
18785
18797
18804
18811
18834
18835
18848
18853
18853
18854
18864
18865
18867
18870
18875
18882
18908
18916
18921
18928
18938
18943
18944
18947
18952
18955
18957
18959
18964
18969
18971
18972
18977
18983
18997
19008
19016
19033
19047
19047
19048
19050
19051
19055
19056
19061
19067
19068
19073
19081
19081
19083
19084
19097
19097
19098
19102
19104
19111
19114
19120
19126
19127
19149
19155
19162
19164
19171
19178
19181
19189
19191
19195
19197
19198
19201
19204
19208
19219
19233
19240
19270
19281
19288
19291
19300
19317
19330
19343
19347
19352
19353
19363
19367
19367
19370
19377
19384
19384
19388
19393
19393
19404
19411
19414
19429
19435
19443
19447
19454
19468
19486
19504
19507
19508
19517
19521
19524
19528
19530
19535
19536
19539
19543
19548
19551
19558
19559
19561
19585
19588
19592
19593
19596
19607
19613
19618
19623
19625
19628
19628
19629
19634
19641
19647
19653
19661
19666
19676
19680
19686
19689
19707
19715
19716
19721
19730
19732
19733
19737
19746
19762
19768
19770
19778
19783
19788
19789
19792
19793
19795
19797
19804
19807
19809
19818
19850
19851
19858
19858
19864
19868
19872
19879
19885
19893
19897
19898
19917
19917
19917
19920
19921
19925
19930
19933
19940
19949
19951
19958
19986
19988
19992
19995
19996
20000
20002
20003
20007
20011
20011
20016
20031
20048
20050
20054
20055
20060
20084
20101
20122
20125
20131
20136
20144
20144
20146
20150
20152
20155
20167
20169
20172
20178
20180
20190
20219
20227
20227
20229
20230
20237
20247
20258
20266
20275
20285
20286
20296
20306
20308
20314
20319
20325
20357
20357
20358
20363
20376
20379
20387
20398
20400
20404
20413
20414
20422
20423
20430
20445
20453
20458
20461
20491
20500
20503
20505
20507
20516
20520
20522
20524
20526
20528
20538
20565
20565
20578
20581
20610
20612
20614
20624
20628
20648
20651
20656
20659
20662
20662
20662
20671
20671
20671
20682
20691
20700
20709
20711
20727
20734
20735
20739
20747
20749
20749
20753
20770
20774
20777
20790
20807
20814
20817
20822
20825
20825
20825
20845
20889
20893
20899
20906
20910
20917
20918
20929
20945
20964
20968
20968
20971
20972
20973
20979
20985
20987
20987
20994
21006
21008
21013
21021
21021
21040
21063
21063
21063
21065
21072
21091
21094
21096
21098
21113
21119
21124
21144
21147
21167
21170
21186
21187
21212
21214
21215
21222
21224
21225
21231
21237
21238
21242
21245
21245
21267
21281
21285
21288
21295
21298
21305
21320
21329
21334
21335
21335
21336
21337
21342
21351
21353
21357
21366
21367
21374
21378
21388
21409
21423
21428
21428
21428
21431
21447
21455
21455
21467
21468
21475
21491
21494
21497
21500
21501
21507
21519
21522
21527
21555
21561
21569
21571
21581
21588
21589
21595
21606
21612
21621
21624
21641
21643
21651
21655
21657
21666
21666
21667
21670
21671
21672
21710
21711
21724
21729
21731
21732
21735
21746
21752
21785
21787
21788
21797
21798
21799
21800
21800
21802
21811
21813
21813
21823
21825
21825
21826
21829
21835
21836
21837
21839
21858
21864
21871
21882
21898
21899
21901
21909
21920
21936
21945
21948
21950
21954
21958
21965
21969
21982
21997
21998
21999
22009
22010
22013
22015
22017
22025
22026
22027
22037
22040
22041
22044
22046
22047
22057
22064
22073
22075
22081
22082
22085
22092
22097
22107
22112
22112
22113
22116
22122
22124
22131
22131
22134
22138
22150
22154
22157
22165
22171
22178
22182
22189
22193
22194
22196
22200
22214
22217
22223
22227
22234
22244
22266
22269
22271
22271
22271
22275
22295
22296
22302
22313
22317
22345
22350
22353
22357
22360
22363
22375
22381
22383
22387
22391
22392
22404
22411
22434
22448
22493
22500
22502
22504
22508
22510
22515
22518
22529
22533
22535
22539
22550
22551
22557
22574
22579
22579
22579
22582
22586
22590
22598
22609
22619
22621
22656
22659
22661
22665
22690
22710
22714
22717
22724
22736
22738
22744
22748
22754
22755
22762
22763
22791
22792
22800
22810
22812
22814
22815
22819
22820
22826
22830
22835
22837
22838
22847
22857
22857
22858
22859
22863
22867
22876
22880
22886
22888
22896
22897
22898
22900
22903
22908
22913
22920
22941
22956
22958
22961
22962
22965
22974
22976
22981
22988
22995
22997
22999
23006
23007
23022
23022
23029
23033
23041
23044
23053
23073
23074
23081
23088
23095
23106
23107
23110
23114
23118
23121
23123
23124
23125
23128
23135
23137
23138
23140
23148
23154
23156
23160
23166
23170
23173
23186
23186
23190
23193
23194
23194
23198
23205
23217
23219
23226
23233
23246
23247
23249
23250
23262
23265
23272
23278
23290
23292
23292
23296
23298
23299
23299
23306
23307
23318
23323
23324
23329
23331
23347
23348
23349
23357
23365
23371
23371
23380
23380
23383
23384
23385
23390
23411
23427
23433
23433
23438
23448
23461
23466
23472
23486
23491
23501
23503
23506
23539
23542
23543
23544
23561
23566
23569
23577
23582
23584
23585
23586
23587
23588
23590
23593
23599
23599
23606
23619
23624
23626
23629
23649
23657
23659
23664
23666
23677
23694
23699
23707
23711
23717
23737
23742
23744
23745
23752
23757
23774
23781
23784
23785
23791
23801
23817
23826
23827
23835
23838
23840
23842
23843
23851
23860
23865
23869
23870
23904
23906
23914
23915
23921
23933
23933
23938
23943
23950
23952
23958
23962
23966
23968
23976
23985
23987
23993
24003
24008
24010
24012
24024
24027
24032
24038
24041
24044
24050
24059
24060
24064
24071
24072
24074
24077
24079
24079
24086
24090
24099
24113
24120
24124
24133
24138
24160
24162
24173
24174
24177
24178
24189
24198
24202
24210
24217
24225
24227
24234
24239
24244
24252
24253
24254
24280
24298
24299
24324
24331
24331
24337
24352
24354
24364
24366
24371
24378
24378
24388
24390
24399
24400
24401
24403
24403
24406
24435
24456
24457
24468
24470
24473
24498
24510
24512
24528
24542
24553
24559
24568
24571
24577
24602
24604
24611
24615
24631
24634
24644
24655
24666
24675
24676
24677
24684
24691
24697
24703
24703
24712
24712
24716
24726
24729
24731
24732
24734
24745
24753
24757
24765
24777
24791
24793
24803
24807
24821
24830
24833
24838
24846
24848
24852
24853
24854
24875
24875
24884
24885
24886
24891
24898
24903
24907
24919
24920
24936
24942
24955
24958
24960
24967
24970
24984
24988
25001
25002
25005
25006
25008
25012
25023
25046
25047
25047
25063
25073
25074
25081
25084
25085
25086
25092
25098
25098
25107
25133
25137
25152
25162
25172
25199
25203
25219
25224
25225
25230
25231
25242
25250
25266
25275
25278
25281
25291
25296
25299
25302
25304
25310
25310
25314
25319
25320
25326
25329
25335
25336
25347
25355
25355
25356
25366
25370
25381
25388
25391
25394
25395
25397
25404
25410
25413
25419
25422
25428
25430
25437
25439
25445
25450
25455
25463
25466
25486
25491
25506
25507
25516
25527
25537
25546
25551
25552
25553
25557
25567
25580
25582
25584
25588
25615
25634
25651
25657
25675
25690
25694
25697
25704
25712
25713
25716
25722
25769
25777
25787
25793
25797
25824
25837
25838
25849
25859
25863
25866
25874
25882
25887
25888
25891
25891
25894
25898
25904
25908
25918
25920
25921
25921
25926
25933
25939
25945
25967
25969
25997
26002
26003
26012
26017
26017
26020
26025
26035
26039
26040
26057
26059
26062
26066
26088
26089
26091
26093
26096
26109
26113
26122
26123
26125
26127
26128
26135
26136
26146
26147
26158
26160
26169
26172
26190
26190
26192
26195
26199
26199
26201
26206
26209
26215
26217
26222
26227
26228
26234
26241
26242
26244
26244
26245
26259
26262
26262
26264
26283
26295
26296
26299
26299
26302
26324
26327
26340
26340
26341
26347
26349
26350
26350
26357
26364
26370
26376
26381
26382
26403
26408
26417
26419
26423
26428
26446
26463
26470
26474
26475
26484
26487
26492
26495
26495
26495
26496
26499
26500
26504
26504
26507
26517
26528
26530
26545
26551
26557
26561
26567
26569
26571
26574
26578
26583
26594
26608
26610
26610
26618
26624
26625
26633
26641
26661
26665
26671
26678
26681
26683
26683
26687
26694
26695
26704
26711
26732
26751
26753
26755
26763
26763
26764
26770
26773
26782
26784
26803
26808
26819
26821
26827
26828
26831
26839
26840
26842
26859
26866
26867
26870
26872
26877
26904
26910
26924
26925
26928
26932
26936
26943
26955
26965
26974
26984
26993
26997
27003
27012
27013
27017
27034
27036
27037
27039
27044
27062
27077
27081
27090
27103
27103
27117
27147
27148
27149
27150
27171
27173
27179
27189
27191
27192
27193
27195
27195
27205
27217
27227
27231
27243
27250
27255
27270
27288
27294
27301
27319
27320
27328
27334
27334
27337
27338
27346
27347
27349
27350
27356
27371
27373
27375
27377
27381
27396
27420
27421
27431
27433
27434
27439
27440
27440
27441
27444
27447
27452
27462
27463
27464
27469
27470
27472
27478
27494
27538
27548
27550
27555
27560
27564
27569
27570
27580
27582
27598
27599
27610
27612
27617
27625
27630
27631
27633
27645
27671
27688
27694
27695
27698
27701
27706
27714
27719
27730
27734
27737
27739
27739
27740
27745
27763
27764
27775
27785
27789
27793
27803
27813
27818
27826
27838
27839
27861
27867
27875
27881
27895
27897
27911
27917
27917
27920
27926
27940
27944
27945
27956
27967
27968
27970
27973
27982
27983
27985
27999
28007
28014
28014
28019
28026
28033
28049
28050
28057
28061
28064
28064
28070
28108
28116
28117
28117
28128
28131
28133
28140
28142
28143
28144
28148
28154
28159
28177
28195
28199
28200
28204
28227
28244
28253
28257
28260
28265
28271
28272
28272
28280
28290
28300
28304
28305
28311
28314
28319
28322
28325
28335
28343
28362
28366
28367
28368
28376
28379
28381
28385
28389
28391
28394
28395
28401
28404
28404
28407
28422
28454
28458
28461
28466
28470
28473
28477
28480
28483
28485
28485
28492
28515
28518
28526
28540
28554
28567
28568
28569
28570
28571
28581
28584
28585
28593
28629
28630
28644
28644
28659
28659
28662
28674
28677
28685
28690
28704
28705
28710
28721
28721
28724
28725
28728
28728
28737
28737
28745
28747
28758
28764
28766
28776
28784
28792
28802
28806
28811
28812
28814
28816
28833
28833
28850
28851
28853
28856
28857
28858
28861
28868
28873
28882
28882
28888
28890
28900
28903
28904
28910
28913
28920
28923
28940
28948
28948
28965
28977
28981
28989
28991
28995
28999
29002
29004
29018
29027
29033
29033
29080
29082
29095
29102
29114
29114
29115
29125
29144
29149
29151
29155
29157
29159
29161
29165
29166
29172
29177
29179
29180
29190
29213
29220
29230
29235
29241
29247
29251
29254
29254
29260
29263
29274
29276
29279
29283
29288
29290
29296
29308
29310
29311
29317
29317
29328
29342
29352
29354
29354
29369
29379
29384
29385
29391
29391
29393
29399
29414
29424
29432
29437
29449
29458
29458
29460
29463
29479
29483
29500
29504
29515
29523
29549
29556
29570
29573
29597
29610
29619
29628
29637
29666
29673
29678
29685
29703
29710
29715
29717
29735
29738
29743
29747
29751
29751
29766
29771
29772
29780
29784
29784
29788
29789
29789
29799
29802
29812
29813
29820
29826
29830
29838
29842
29862
29869
29870
29880
29890
29892
29893
29897
29897
29906
29916
29917
29935
29937
29950
29956
29970
29971
29981
29994
30013
30014
30015
30018
30025
30039
30044
30046
30066
30092
30097
30109
30122
30128
30132
30166
30168
30172
30179
30190
30193
30194
30199
30202
30214
30231
30231
30232
30236
30245
30252
30255
30257
30262
30265
30266
30269
30270
30290
30297
30303
30317
30321
30328
30356
30358
30366
30374
30399
30405
30409
30409
30411
30418
30437
30437
30438
30449
30456
30458
30473
30476
30483
30488
30495
30514
30519
30540
30542
30547
30572
30583
30598
30609
30623
30631
30637
30654
30661
30661
30664
30666
30676
30698
30708
30717
30726
30733
30745
30751
30751
30759
30763
30767
30774
30775
30777
30778
30787
30787
30789
30791
30796
30798
30799
30800
30802
30808
30828
30832
30832
30838
30840
30848
30865
30878
30880
30882
30883
30886
30893
30908
30913
30924
30929
30933
30946
30948
30952
30957
30962
30963
30963
30974
30977
30980
30989
30998
31000
31007
31009
31018
31024
31036
31039
31055
31061
31074
31078
31079
31089
31093
31100
31119
31151
31161
31170
31182
31198
31204
31205
31207
31214
31220
31222
31222
31223
31224
31224
31225
31226
31229
31232
31232
31233
31249
31251
31253
31254
31261
31267
31275
31293
31295
31306
31307
31311
31313
31333
31340
31340
31342
31347
31355
31355
31359
31363
31367
31371
31373
31379
31384
31388
31391
31395
31402
31409
31416
31422
31425
31429
31432
31442
31445
31452
31455
31456
31459
31491
31514
31527
31532
31532
31547
31550
31550
31568
31572
31573
31581
31592
31595
31598
31621
31625
31651
31654
31663
31685
31692
31700
31711
31716
31731
31738
31753
31756
31758
31767
31769
31777
31782
31788
31796
31799
31800
31815
31816
31824
31824
31827
31830
31837
31850
31867
31868
31875
31876
31882
31882
31885
31889
31890
31891
31897
31905
31914
31914
31927
31929
31941
31953
31956
31959
31973
31979
31979
31984
31989
31990
31991
31994
31995
31998
32006
32008
32011
32014
32015
32020
32021
32023
32024
32026
32028
32028
32037
32048
32052
32059
32065
32076
32080
32083
32087
32097
32101
32104
32109
32114
32125
32128
32137
32155
32159
32161
32166
32172
32177
32179
32186
32189
32197
32198
32202
32204
32217
32229
32234
32240
32246
32247
32251
32263
32263
32269
32281
32296
32315
32317
32318
32324
32331
32333
32334
32342
32343
32355
32355
32365
32368
32369
32378
32378
32384
32391
32393
32398
32404
32413
32429
32430
32432
32434
32435
32438
32440
32448
32456
32463
32477
32478
32499
32500
32512
32520
32524
32528
32532
32534
32550
32561
32563
32579
32586
32594
32609
32609
32616
32617
32626
32633
32640
32645
32646
32652
32661
32662
32675
32676
32679
32679
32679
32684
32692
32697
32699
32699
32705
32708
32733
32736
32742
32760
32764
32771
32771
32779
32782
32785
32793
32794
32797
32797
32799
32807
32808
32825
32846
32851
32861
32863
32866
32870
32878
32898
32899
32905
32915
32919
32920
32949
32955
32962
32962
32978
32979
32996
32996
33009
33013
33020
33021
33022
33024
33027
33033
33035
33042
33049
33051
33056
33057
33058
33059
33063
33073
33074
33081
33083
33085
33088
33101
33114
33115
33130
33138
33138
33143
33160
33161
33165
33167
33175
33181
33184
33195
33200
33212
33213
33225
33237
33241
33248
33248
33266
33266
33275
33275
33277
33279
33283
33287
33291
33296
33298
33299
33300
33303
33319
33332
33333
33334
33346
33347
33357
33362
33368
33378
33380
33401
33404
33410
33412
33422
33443
33453
33457
33457
33462
33465
33469
33479
33483
33487
33494
33494
33500
33508
33514
33517
33517
33521
33549
33551
33569
33571
33571
33574
33575
33592
33603
33603
33608
33610
33613
33620
33621
33648
33652
33652
33652
33668
33668
33680
33682
33682
33689
33706
33720
33724
33756
33773
33783
33783
33810
33811
33815
33819
33825
33828
33835
33839
33845
33863
33863
33874
33890
33907
33909
33913
33915
33917
33925
33927
33933
33954
33956
33960
33963
33966
33970
33974
33984
33987
33989
33992
34003
34003
34008
34022
34024
34030
34047
34055
34056
34057
34059
34063
34069
34078
34085
34086
34091
34091
34100
34101
34102
34105
34111
34111
34111
34123
34136
34139
34148
34157
34173
34178
34186
34187
34189
34223
34226
34237
34244
34253
34271
34287
34287
34300
34313
34320
34332
34332
34342
34346
34359
34371
34390
34399
34405
34405
34412
34415
34418
34428
34450
34451
34456
34458
34459
34469
34484
34485
34494
34503
34504
34511
34518
34519
34520
34520
34522
34534
34542
34548
34550
34554
34555
34566
34571
34571
34576
34597
34607
34611
34621
34626
34630
34638
34639
34640
34648
34657
34663
34678
34678
34690
34694
34699
34702
34717
34723
34725
34734
34736
34739
34739
34747
34764
34768
34769
34772
34774
34777
34777
34798
34809
34816
34822
34824
34827
34830
34848
34849
34851
34855
34857
34858
34862
34867
34867
34869
34871
34873
34895
34900
34900
34907
34910
34919
34932
34950
34952
34952
34957
34959
34960
34963
34967
34969
34976
34987
34987
34992
35003
35004
35016
35035
35053
35057
35062
35068
35077
35081
35087
35089
35103
35103
35104
35118
35123
35127
35128
35128
35134
35141
35144
35147
35155
35161
35165
35172
35177
35180
35182
35184
35185
35205
35216
35227
35230
35231
35246
35247
35248
35250
35253
35266
35275
35284
35288
35295
35309
35311
35312
35341
35342
35343
35346
35351
35372
35392
35392
35395
35416
35417
35426
35437
35450
35456
35459
35460
35478
35482
35483
35487
35493
35495
35495
35501
35503
35505
35509
35516
35521
35523
35540
35562
35573
35580
35580
35581
35583
35588
35594
35604
35615
35619
35621
35630
35635
35644
35651
35656
35662
35673
35674
35683
35697
35702
35702
35707
35708
35711
35719
35731
35733
35757
35761
35769
35769
35771
35775
35776
35783
35819
35825
35826
35833
35833
35834
35835
35835
35839
35841
35858
35858
35859
35873
35889
35898
35898
35903
35912
35914
35917
35918
35920
35927
35940
35946
35974
35976
35985
35991
35993
36010
36021
36022
36030
36065
36068
36079
36083
36093
36108
36109
36110
36111
36113
36119
36120
36125
36130
36135
36137
36152
36154
36165
36168
36170
36171
36184
36185
36192
36199
36200
36206
36213
36218
36223
36227
36227
36232
36232
36235
36239
36243
36244
36244
36246
36249
36262
36273
36280
36281
36281
36286
36291
36292
36293
36312
36319
36326
36326
36334
36349
36354
36354
36356
36360
36366
36372
36378
36383
36384
36387
36396
36406
36408
36413
36417
36420
36424
36432
36440
36442
36442
36446
36446
36447
36454
36458
36458
36461
36465
36499
36501
36504
36506
36507
36535
36538
36549
36560
36562
36573
36592
36596
36603
36604
36619
36630
36632
36634
36635
36662
36683
36712
36731
36732
36732
36735
36736
36737
36744
36754
36758
36767
36776
36779
36780
36796
36801
36816
36820
36829
36833
36835
36842
36843
36849
36852
36857
36864
36864
36868
36871
36871
36882
36886
36889
36898
36908
36920
36925
36943
36944
36961
36970
36971
36984
36989
36990
36992
36994
37003
37004
37005
37008
37010
37014
37023
37030
37035
37036
37036
37037
37037
37040
37053
37054
37107
37122
37132
37136
37136
37138
37142
37152
37159
37162
37166
37168
37169
37172
37175
37186
37187
37189
37192
37192
37200
37208
37211
37215
37219
37227
37229
37230
37236
37240
37246
37254
37262
37265
37278
37279
37294
37307
37308
37312
37322
37326
37326
37331
37336
37341
37343
37353
37357
37406
37416
37416
37416
37419
37437
37444
37445
37454
37460
37465
37482
37488
37493
37501
37510
37527
37533
37538
37544
37549
37549
37555
37561
37568
37573
37579
37581
37586
37592
37594
37615
37620
37622
37623
37631
37644
37645
37658
37658
37660
37663
37686
37686
37701
37710
37711
37717
37724
37725
37726
37727
37728
37730
37735
37740
37743
37745
37746
37754
37758
37759
37761
37770
37772
37773
37795
37797
37798
37801
37807
37813
37824
37836
37836
37839
37842
37850
37853
37857
37857
37858
37860
37860
37866
37871
37872
37874
37883
37889
37892
37908
37932
37937
37938
37941
37944
37958
37976
37977
37982
37984
37987
37988
37994
37997
37999
38019
38028
38034
38034
38043
38049
38052
38053
38056
38058
38067
38078
38080
38081
38088
38091
38094
38099
38121
38151
38160
38175
38180
38184
38185
38195
38196
38205
38219
38224
38232
38232
38237
38249
38252
38256
38256
38268
38269
38270
38270
38274
38278
38278
38294
38304
38310
38315
38327
38331
38332
38336
38348
38351
38358
38364
38375
38389
38390
38391
38418
38426
38431
38437
38446
38446
38449
38451
38451
38463
38464
38468
38471
38475
38476
38477
38496
38512
38518
38525
38535
38536
38540
38541
38555
38556
38561
38569
38570
38571
38572
38573
38581
38583
38594
38595
38596
38600
38600
38623
38626
38641
38662
38687
38688
38693
38703
38727
38728
38730
38739
38750
38757
38773
38775
38777
38778
38784
38786
38786
38792
38799
38801
38807
38810
38818
38824
38825
38826
38826
38840
38849
38850
38851
38851
38851
38865
38879
38894
38897
38910
38924
38930
38932
38942
38953
38957
38975
38978
38981
38997
39011
39011
39016
39018
39023
39034
39041
39043
39044
39044
39046
39050
39058
39062
39066
39079
39083
39102
39115
39129
39147
39151
39158
39165
39166
39176
39180
39194
39201
39204
39220
39231
39238
39238
39240
39241
39245
39245
39246
39246
39251
39255
39266
39267
39274
39276
39277
39280
39282
39284
39299
39304
39309
39310
39323
39330
39341
39344
39346
39352
39355
39369
39384
39385
39409
39412
39413
39416
39425
39431
39434
39462
39466
39467
39472
39479
39491
39499
39508
39534
39536
39553
39553
39567
39569
39573
39578
39579
39583
39586
39590
39592
39594
39602
39606
39606
39614
39614
39617
39618
39622
39630
39630
39630
39641
39646
39661
39666
39693
39696
39702
39715
39720
39733
39751
39759
39777
39794
39796
39807
39821
39821
39822
39824
39828
39829
39846
39846
39847
39854
39854
39856
39884
39890
39894
39897
39904
39905
39907
39918
39923
39937
39940
39946
39948
39950
39953
39954
39954
39964
39972
39975
39988
39992
39994
40001
40003
40009
40016
40022
40033
40035
40037
40042
40062
40066
40067
40087
40090
40094
40100
40102
40110
40117
40119
40124
40125
40132
40133
40143
40144
40155
40157
40168
40170
40188
40195
40199
40203
40213
40220
40225
40225
40228
40249
40252
40255
40259
40260
40266
40283
40283
40289
40294
40297
40312
40314
40321
40323
40333
40334
40350
40356
40357
40391
40393
40393
40401
40403
40413
40422
40422
40423
40430
40431
40453
40458
40460
40462
40467
40478
40479
40501
40507
40511
40522
40530
40531
40541
40543
40547
40549
40550
40556
40568
40571
40610
40613
40616
40628
40636
40642
40658
40662
40669
40675
40689
40718
40719
40735
40756
40807
40816
40820
40822
40824
40825
40829
40835
40838
40842
40856
40862
40862
40867
40871
40874
40881
40893
40898
40901
40902
40910
40920
40936
40939
40955
40956
40959
40964
40980
40984
41000
41004
41014
41019
41024
41033
41035
41041
41042
41042
41045
41052
41055
41057
41061
41062
41065
41066
41082
41083
41085
41094
41115
41116
41116
41116
41128
41129
41154
41171
41172
41180
41186
41213
41222
41240
41241
41244
41247
41257
41261
41261
41270
41271
41271
41275
41287
41289
41289
41294
41323
41334
41338
41360
41361
41372
41373
41382
41389
41412
41420
41421
41422
41434
41438
41446
41451
41456
41465
41470
41481
41486
41488
41496
41499
41510
41511
41515
41516
41516
41517
41533
41544
41546
41553
41563
41573
41592
41603
41609
41618
41625
41635
41641
41647
41655
41656
41666
41678
41700
41712
41715
41727
41754
41756
41759
41774
41775
41786
41787
41789
41797
41815
41819
41825
41826
41828
41831
41833
41841
41847
41856
41860
41861
41864
41877
41877
41882
41884
41887
41892
41894
41901
41903
41909
41911
41926
41928
41930
41936
41940
41940
41958
41959
41963
41967
41974
41979
41981
41987
42002
42006
42011
42025
42028
42035
42043
42044
42050
42065
42070
42072
42076
42084
42085
42095
42107
42109
42114
42116
42122
42139
42140
42146
42148
42152
42156
42158
42160
42160
42161
42163
42165
42170
42174
42174
42175
42184
42192
42193
42193
42197
42199
42205
42210
42211
42213
42217
42223
42223
42223
42230
42231
42237
42239
42248
42256
42259
42261
42264
42282
42292
42303
42307
42309
42312
42323
42325
42333
42333
42338
42346
42352
42360
42366
42366
42367
42391
42395
42409
42413
42422
42425
42430
42437
42439
42440
42444
42448
42463
42463
42466
42470
42472
42489
42491
42492
42497
42507
42518
42520
42539
42555
42555
42556
42573
42579
42581
42597
42607
42611
42613
42619
42660
42661
42664
42664
42667
42667
42681
42684
42694
42696
42701
42707
42708
42712
42713
42727
42741
42746
42748
42759
42777
42781
42784
42796
42802
42804
42804
42809
42819
42841
42843
42854
42864
42881
42891
42892
42905
42911
42924
42930
42932
42936
42936
42937
42941
42948
42955
42965
42966
42973
42977
42999
43003
43004
43008
43009
43013
43018
43020
43026
43031
43032
43034
43036
43038
43039
43059
43063
43083
43091
43095
43099
43108
43109
43111
43116
43118
43121
43123
43143
43149
43150
43153
43155
43162
43168
43170
43179
43181
43191
43198
43199
43209
43210
43215
43218
43225
43238
43256
43258
43265
43265
43267
43267
43285
43298
43312
43318
43325
43335
43336
43342
43350
43354
43355
43361
43363
43373
43382
43388
43399
43418
43421
43426
43436
43438
43455
43457
43459
43469
43469
43473
43477
43481
43482
43488
43494
43502
43520
43537
43537
43543
43547
43553
43554
43555
43558
43565
43566
43568
43568
43577
43579
43580
43584
43585
43586
43594
43595
43596
43602
43603
43614
43615
43616
43618
43620
43625
43627
43629
43630
43638
43640
43641
43643
43655
43659
43667
43671
43673
43682
43684
43685
43695
43700
43701
43703
43703
43726
43730
43747
43764
43774
43784
43785
43785
43806
43819
43822
43829
43836
43838
43840
43854
43855
43855
43856
43860
43865
43868
43871
43875
43877
43880
43889
43894
43898
43900
43900
43901
43923
43924
43933
43934
43979
43988
43999
44009
44016
44023
44031
44037
44039
44039
44044
44053
44053
44056
44057
44058
44063
44065
44067
44068
44068
44070
44071
44072
44072
44080
44083
44096
44098
44105
44108
44110
44111
44112
44119
44122
44128
44141
44141
44147
44147
44160
44186
44189
44202
44203
44205
44210
44225
44231
44238
44241
44249
44261
44265
44271
44277
44278
44279
44288
44292
44297
44297
44304
44306
44309
44318
44320
44321
44328
44328
44334
44334
44342
44343
44347
44354
44356
44357
44357
44364
44365
44369
44376
44388
44389
44390
44390
44395
44405
44409
44410
44411
44416
44422
44430
44431
44444
44451
44458
44469
44482
44497
44504
44510
44537
44540
44558
44573
44579
44587
44589
44591
44593
44609
44611
44612
44628
44641
44642
44643
44645
44649
44650
44658
44681
44688
44691
44694
44695
44697
44706
44710
44716
44717
44724
44733
44738
44739
44743
44743
44746
44750
44751
44752
44758
44770
44771
44784
44807
44821
44831
44834
44837
44847
44860
44875
44876
44876
44888
44894
44897
44900
44905
44912
44915
44916
44922
44922
44925
44936
44943
44950
44957
44957
44965
44975
44992
44994
44999
45009
45021
45030
45050
45051
45054
45057
45071
45073
45075
45085
45088
45092
45108
45120
45135
45138
45145
45152
45174
45175
45180
45191
45192
45197
45201
45206
45214
45221
45226
45226
45230
45237
45244
45244
45252
45256
45258
45273
45276
45283
45293
45293
45307
45308
45315
45317
45321
45323
45324
45329
45330
45346
45349
45351
45352
45358
45364
45370
45377
45390
45401
45402
45404
45408
45426
45430
45433
45434
45434
45437
45442
45451
45452
45453
45455
45455
45462
45466
45471
45471
45472
45477
45480
45485
45497
45511
45512
45515
45519
45522
45530
45531
45532
45546
45560
45569
45576
45596
45601
45602
45612
45617
45618
45621
45621
45625
45626
45635
45635
45648
45649
45657
45657
45657
45660
45660
45680
45689
45697
45703
45726
45733
45736
45738
45738
45741
45761
45773
45773
45793
45804
45817
45832
45835
45837
45842
45845
45846
45855
45857
45860
45861
45867
45867
45872
45880
45888
45903
45904
45928
45936
45940
45941
45944
45946
45950
45951
45952
45952
45955
45959
45963
45965
45965
45974
45977
45990
45995
46012
46012
46021
46023
46032
46058
46064
46067
46072
46075
46077
46085
46098
46110
46116
46126
46128
46133
46138
46141
46145
46146
46157
46159
46171
46172
46184
46186
46187
46189
46196
46196
46202
46206
46219
46222
46226
46228
46237
46238
46243
46248
46250
46253
46263
46265
46271
46278
46279
46281
46283
46285
46288
46300
46302
46303
46318
46319
46336
46355
46358
46366
46367
46371
46377
46383
46385
46393
46399
46402
46424
46438
46438
46439
46446
46466
46469
46472
46483
46483
46484
46492
46495
46500
46501
46511
46521
46530
46532
46538
46542
46555
46555
46558
46559
46560
46562
46568
46570
46586
46595
46597
46602
46611
46619
46628
46631
46634
46637
46657
46663
46664
46666
46666
46667
46668
46673
46678
46691
46693
46705
46706
46706
46711
46731
46736
46744
46754
46758
46763
46764
46772
46779
46786
46793
46795
46797
46798
46802
46812
46813
46844
46849
46866
46866
46869
46871
46879
46889
46890
46891
46898
46902
46909
46910
46917
46921
46926
46940
47004
47008
47009
47009
47014
47031
47045
47045
47054
47057
47062
47064
47076
47090
47092
47093
47097
47097
47120
47122
47129
47130
47138
47144
47148
47150
47168
47189
47198
47204
47210
47211
47215
47220
47226
47228
47231
47246
47254
47262
47263
47269
47282
47287
47295
47298
47299
47310
47312
47315
47323
47329
47330
47338
47338
47339
47342
47347
47352
47353
47354
47359
47361
47362
47362
47372
47386
47417
47419
47420
47422
47423
47434
47434
47438
47439
47442
47450
47454
47454
47456
47456
47456
47467
47480
47490
47498
47527
47546
47547
47553
47572
47580
47582
47588
47595
47598
47609
47610
47617
47623
47624
47631
47631
47635
47655
47656
47658
47664
47666
47668
47677
47678
47679
47682
47683
47691
47694
47694
47698
47704
47707
47707
47708
47711
47712
47713
47720
47728
47729
47732
47734
47736
47754
47756
47757
47771
47776
47782
47799
47800
47802
47804
47813
47830
47831
47834
47841
47844
47849
47857
47865
47870
47885
47889
47904
47905
47907
47931
47931
47932
47936
47946
47966
47987
48010
48033
48036
48038
48042
48047
48049
48049
48058
48062
48072
48073
48079
48080
48082
48113
48115
48120
48126
48128
48144
48145
48146
48150
48159
48160
48167
48175
48197
48199
48216
48216
48219
48238
48246
48250
48254
48258
48265
48270
48272
48274
48276
48284
48288
48305
48306
48306
48322
48335
48338
48343
48346
48349
48349
48351
48351
48351
48358
48363
48377
48391
48393
48393
48401
48412
48420
48420
48421
48425
48427
48438
48439
48440
48452
48454
48476
48485
48487
48499
48503
48503
48505
48514
48514
48527
48530
48536
48537
48537
48542
48543
48548
48548
48552
48562
48564
48568
48574
48575
48587
48588
48591
48591
48597
48605
48609
48610
48616
48622
48626
48626
48634
48640
48646
48648
48650
48656
48657
48658
48664
48667
48669
48678
48680
48681
48696
48699
48704
48713
48721
48731
48744
48746
48758
48766
48766
48773
48775
48780
48781
48783
48800
48830
48831
48845
48848
48851
48853
48854
48854
48874
48880
48886
48903
48911
48915
48917
48926
48933
48945
48949
48953
48955
48962
48964
48974
48975
48977
49001
49004
49010
49013
49014
49027
49037
49039
49048
49050
49059
49063
49066
49067
49077
49097
49102
49110
49113
49121
49128
49147
49164
49170
49199
49202
49205
49205
49206
49233
49237
49239
49256
49270
49273
49278
49279
49283
49288
49292
49296
49314
49326
49327
49336
49339
49342
49359
49366
49372
49373
49377
49392
49395
49407
49408
49413
49413
49414
49419
49420
49421
49429
49430
49434
49434
49439
49446
49452
49454
49455
49457
49465
49466
49471
49473
49480
49491
49504
49513
49516
49516
49528
49528
49529
49533
49539
49546
49553
49553
49560
49568
49572
49573
49576
49580
49588
49597
49605
49608
49611
49619
49627
49633
49639
49658
49669
49670
49673
49680
49680
49696
49700
49732
49737
49746
49761
49770
49778
49788
49791
49797
49800
49800
49816
49818
49823
49829
49836
49837
49840
49841
49842
49844
49846
49847
49851
49857
49865
49869
49870
49875
49892
49897
49910
49911
49915
49915
49926
49926
49940
49952
49969
49970
49973
49981
49987
49989
