5
24
28
34
44
45
50
52
52
55
55
60
62
62
71
74
76
87
89
90
90
91
116
124
131
141
149
154
157
158
171
171
174
189
200
208
218
231
234
236
237
238
239
265
267
276
280
280
295
298
313
316
321
332
337
342
344
357
370
382
388
400
409
411
413
417
418
420
427
433
434
438
439
440
442
443
444
454
454
455
463
466
474
491
501
501
503
520
520
522
545
547
556
556
560
576
580
581
582
593
593
599
600
603
617
625
626
632
635
650
652
652
654
654
656
657
663
675
681
683
684
685
703
704
704
705
706
707
725
743
743
748
759
767
769
773
778
779
779
784
788
788
801
816
824
833
834
849
854
862
875
884
887
888
898
904
906
922
928
932
933
943
943
944
948
950
957
961
965
966
970
970
981
984
994
999
1007
1008
1010
1019
1026
1033
1035
1043
1052
1053
1068
1075
1089
1095
1096
1098
1112
1116
1118
1120
1120
1124
1125
1131
1136
1140
1151
1152
1159
1161
1163
1166
1169
1171
1186
1193
1199
1203
1207
1209
1212
1216
1227
1233
1236
1236
1236
1242
1260
1262
1270
1275
1278
1279
1282
1289
1293
1300
1301
1304
1309
1314
1315
1318
1319
1320
1326
1332
1333
1341
1342
1343
1344
1345
1349
1352
1361
1366
1366
1375
1378
1379
1393
1394
1397
1407
1408
1416
1419
1426
1427
1435
1436
1437
1445
1448
1448
1448
1451
1461
1465
1485
1494
1509
1509
1511
1519
1523
1546
1557
1560
1564
1566
1567
1570
1571
1572
1583
1587
1596
1617
1620
1620
1620
1628
1633
1643
1668
1670
1684
1691
1692
1698
1702
1704
1706
1711
1717
1735
1737
1739
1747
1756
1758
1759
1759
1760
1770
1774
1785
1804
1805
1806
1808
1820
1822
1825
1831
1837
1842
1843
1853
1854
1855
1857
1858
1861
1866
1868
1868
1877
1879
1883
1884
1886
1887
1892
1898
1912
1912
1914
1931
1932
1937
1949
1954
1963
1972
1980
1981
1982
1989
2023
2027
2032
2034
2037
2039
2042
2056
2058
2074
2074
2078
2078
2086
2096
2102
2126
2127
2132
2133
2135
2136
2139
2144
2159
2160
2166
2169
2187
2187
2204
2204
2206
2207
2211
2215
2219
2219
2229
2238
2239
2239
2241
2242
2259
2280
2288
2302
2302
2305
2315
2318
2326
2338
2339
2340
2341
2352
2357
2361
2372
2379
2383
2388
2415
2417
2421
2425
2429
2431
2432
2434
2436
2446
2447
2456
2461
2481
2483
2489
2510
2511
2515
2522
2529
2529
2545
2578
2578
2585
2585
2589
2590
2596
2604
2606
2608
2610
2623
2627
2629
2631
2632
2642
2645
2645
2648
2651
2664
2671
2677
2684
2686
2699
2703
2708
2711
2713
2714
2722
2722
2724
2727
2751
2752
2753
2764
2766
2770
2771
2771
2773
2777
2779
2781
2802
2803
2805
2816
2827
2827
2831
2833
2837
2873
2874
2876
2878
2879
2883
2885
2896
2897
2898
2907
2916
2918
2926
2929
2933
2943
2948
2955
2956
2956
2965
2968
2968
2968
2971
2975
2981
2981
2990
2992
2994
2996
3006
3012
3015
3019
3029
3029
3030
3031
3038
3041
3045
3045
3048
3053
3054
3062
3063
3072
3075
3079
3080
3080
3081
3082
3090
3091
3095
3126
3129
3139
3139
3143
3150
3152
3159
3161
3172
3173
3173
3182
3194
3204
3205
3215
3220
3221
3234
3262
3263
3274
3278
3286
3287
3300
3304
3306
3314
3315
3316
3317
3329
3331
3337
3351
3352
3353
3357
3358
3358
3359
3382
3383
3386
3388
3393
3395
3401
3401
3406
3410
3423
3426
3426
3434
3436
3443
3444
3446
3447
3460
3470
3484
3488
3491
3495
3499
3501
3504
3509
3512
3514
3532
3533
3534
3537
3539
3547
3547
3554
3555
3563
3570
3572
3576
3579
3580
3583
3594
3607
3610
3611
3616
3617
3617
3630
3642
3645
3646
3646
3654
3662
3675
3675
3676
3683
3687
3688
3690
3695
3699
3703
3704
3712
3719
3722
3723
3723
3737
3739
3767
3773
3776
3785
3786
3800
3804
3805
3811
3814
3816
3818
3824
3832
3835
3837
3846
3860
3887
3890
3892
3896
3903
3904
3912
3919
3928
3931
3953
3956
3958
3960
3964
3969
3977
3989
4027
4027
4030
4036
4041
4044
4045
4047
4050
4050
4051
4054
4063
4072
4073
4076
4078
4080
4082
4091
4095
4104
4106
4107
4109
4113
4113
4125
4133
4135
4137
4139
4141
4157
4163
4165
4171
4188
4190
4192
4194
4194
4201
4209
4211
4215
4216
4220
4224
4231
4231
4233
4262
4274
4276
4280
4282
4283
4287
4296
4298
4303
4303
4313
4314
4318
4338
4343
4347
4359
4370
4371
4375
4382
4387
4387
4394
4404
4407
4410
4410
4414
4435
4435
4451
4453
4460
4478
4482
4487
4489
4495
4510
4519
4542
4547
4548
4549
4552
4565
4565
4569
4569
4573
4582
4582
4610
4622
4627
4630
4633
4636
4640
4643
4645
4650
4670
4680
4681
4683
4687
4694
4699
4710
4715
4722
4734
4751
4764
4768
4777
4788
4791
4792
4799
4814
4814
4815
4820
4822
4822
4826
4828
4829
4834
4866
4873
4876
4892
4895
4902
4902
4907
4936
4941
4943
4947
4950
4965
4969
4977
4986
4993
4995
4996
4997
4999
5017
5025
5025
5026
5027
5030
5031
5035
5037
5042
5045
5057
5061
5061
5063
5069
5074
5079
5080
5090
5097
5097
5099
5099
5105
5125
5136
5138
5139
5143
5146
5154
5156
5162
5163
5164
5165
5167
5167
5175
5182
5185
5191
5191
5202
5203
5222
5231
5232
5233
5257
5257
5258
5259
5267
5281
5281
5284
5286
5288
5289
5292
5293
5298
5300
5304
5319
5320
5322
5344
5347
5366
5366
5377
5385
5395
5398
5402
5409
5432
5434
5440
5445
5454
5456
5457
5462
5466
5476
5485
5494
5503
5512
5521
5522
5526
5535
5541
5542
5546
5547
5552
5567
5570
5572
5575
5577
5579
5589
5590
5603
5606
5608
5608
5615
5624
5625
5625
5629
5637
5681
5686
5697
5698
5699
5700
5707
5707
5714
5729
5748
5750
5753
5763
5772
5773
5773
5779
5783
5784
5792
5795
5807
5810
5812
5814
5816
5844
5846
5853
5860
5861
5862
5864
5868
5872
5879
5904
5910
5910
5913
5913
5933
5935
5935
5944
5959
5967
5968
5975
5980
5981
5991
5992
5997
6008
6009
6011
6012
6016
6021
6024
6027
6032
6039
6039
6043
6044
6056
6062
6062
6063
6072
6075
6075
6077
6079
6079
6084
6085
6094
6095
6103
6105
6107
6107
6109
6111
6113
6116
6122
6132
6134
6135
6147
6148
6150
6164
6178
6190
6198
6200
6205
6222
6226
6227
6243
6251
6258
6259
6262
6267
6268
6275
6278
6280
6292
6295
6325
6326
6329
6332
6332
6333
6339
6348
6353
6360
6376
6376
6397
6400
6401
6406
6409
6411
6412
6412
6421
6452
6455
6459
6460
6461
6464
6471
6471
6473
6475
6479
6480
6481
6481
6482
6486
6490
6491
6498
6503
6509
6524
6529
6535
6537
6543
6548
6552
6567
6569
6590
6591
6591
6616
6622
6626
6630
6631
6639
6642
6655
6662
6668
6668
6671
6685
6685
6686
6695
6708
6713
6714
6715
6718
6722
6747
6751
6759
6773
6776
6788
6801
6801
6802
6821
6823
6849
6849
6860
6867
6872
6899
6899
6906
6910
6916
6922
6930
6930
6934
6935
6937
6941
6943
6946
6963
6967
6970
6971
6972
6979
6983
6988
6993
6999
7002
7003
7013
7016
7023
7031
7040
7044
7079
7083
7083
7087
7101
7109
7118
7131
7139
7145
7152
7156
7162
7165
7176
7179
7186
7194
7199
7208
7215
7224
7225
7228
7240
7243
7257
7259
7261
7270
7289
7291
7301
7306
7323
7327
7332
7333
7344
7349
7356
7364
7365
7366
7368
7371
7378
7383
7384
7386
7387
7399
7409
7419
7424
7437
7444
7447
7455
7456
7461
7462
7469
7471
7481
7485
7486
7496
7498
7501
7502
7509
7510
7513
7519
7522
7529
7530
7539
7549
7549
7555
7579
7582
7586
7591
7594
7598
7609
7613
7629
7631
7632
7632
7633
7637
7638
7643
7644
7648
7649
7654
7655
7662
7664
7665
7668
7676
7717
7726
7726
7733
7735
7739
7739
7750
7756
7766
7772
7777
7780
7788
7788
7788
7790
7792
7794
7797
7800
7807
7811
7812
7819
7821
7841
7844
7852
7856
7856
7856
7864
7865
7882
7883
7883
7887
7894
7896
7898
7898
7902
7909
7919
7927
7934
7939
7940
7940
7942
7944
7945
7954
7967
7972
7976
7977
7977
7982
7986
7994
7996
8000
8012
8023
8024
8025
8042
8054
8056
8060
8060
8064
8078
8080
8082
8085
8101
8124
8139
8156
8168
8182
8189
8193
8212
8224
8224
8225
8235
8236
8244
8250
8260
8260
8260
8279
8279
8289
8292
8294
8296
8296
8297
8309
8324
8341
8343
8347
8349
8349
8350
8356
8367
8367
8375
8375
8376
8387
8394
8397
8401
8407
8410
8418
8418
8419
8424
8427
8430
8444
8447
8447
8453
8459
8467
8472
8481
8481
8482
8485
8490
8492
8494
8495
8507
8507
8525
8528
8528
8535
8536
8541
8544
8552
8555
8558
8562
8565
8566
8568
8576
8584
8585
8601
8606
8614
8615
8615
8620
8621
8625
8642
8643
8643
8644
8648
8651
8651
8658
8673
8674
8675
8681
8681
8684
8691
8693
8693
8695
8697
8699
8703
8703
8717
8730
8730
8733
8733
8752
8761
8763
8763
8765
8768
8769
8781
8788
8797
8802
8811
8814
8817
8821
8835
8836
8837
8843
8849
8851
8855
8856
8871
8880
8880
8889
8899
8903
8914
8929
8932
8935
8939
8967
8970
8972
8976
8981
8988
8990
8999
9003
9005
9009
9009
9016
9048
9051
9053
9072
9082
9083
9086
9091
9098
9098
9098
9099
9100
9102
9107
9126
9130
9156
9181
9184
9208
9210
9213
9214
9220
9222
9230
9232
9239
9258
9274
9278
9280
9290
9305
9306
9306
9308
9309
9322
9324
9328
9333
9333
9335
9338
9338
9342
9343
9354
9355
9360
9364
9368
9368
9370
9371
9379
9381
9391
9391
9397
9398
9401
9404
9405
9411
9414
9418
9436
9441
9442
9449
9456
9472
9483
9484
9503
9508
9509
9512
9514
9526
9527
9532
9535
9539
9539
9542
9550
9552
9554
9558
9568
9570
9580
9585
9586
9588
9597
9601
9603
9606
9612
9614
9620
9626
9629
9633
9635
9640
9655
9659
9661
9662
9675
9677
9679
9683
9683
9688
9691
9691
9692
9693
9694
9696
9697
9699
9702
9705
9709
9716
9717
9724
9731
9734
9735
9737
9737
9752
9768
9773
9775
9778
9782
9783
9783
9787
9788
9789
9789
9796
9801
9804
9806
9810
9813
9820
9832
9838
9841
9842
9848
9853
9858
9874
9882
9890
9891
9899
9917
9920
9923
9929
9935
9939
9948
9952
9954
9965
9968
9969
9971
9972
9974
9981
9983
9993
9995
9999
10012
10029
10032
10035
10036
10048
10049
10053
10059
10063
10065
10070
10071
10075
10076
10081
10087
10095
10098
10102
10104
10107
10108
10119
10122
10122
10126
10128
10129
10135
10138
10138
10148
10150
10159
10175
10175
10195
10202
10210
10211
10211
10214
10220
10224
10240
10251
10260
10270
10271
10281
10282
10301
10309
10309
10315
10317
10318
10318
10324
10329
10341
10351
10363
10368
10369
10372
10373
10376
10378
10380
10380
10394
10397
10403
10409
10411
10416
10425
10425
10426
10429
10440
10443
10443
10450
10450
10466
10466
10476
10479
10496
10497
10499
10502
10511
10512
10517
10517
10520
10523
10532
10532
10537
10549
10549
10557
10561
10570
10571
10571
10577
10585
10597
10605
10618
10625
10626
10630
10632
10634
10636
10646
10647
10662
10663
10673
10678
10680
10682
10695
10698
10711
10720
10721
10723
10734
10738
10738
10740
10746
10751
10758
10760
10761
10762
10764
10774
10774
10784
10790
10792
10796
10800
10806
10807
10810
10810
10813
10823
10826
10827
10832
10834
10844
10851
10860
10861
10866
10885
10886
10887
10899
10904
10904
10913
10916
10924
10927
10927
10928
10928
10929
10945
10953
10956
10957
10960
10975
10978
10979
10981
10982
10987
10994
11006
11010
11013
11024
11032
11041
11056
11069
11074
11075
11086
11088
11100
11109
11116
11116
11118
11120
11123
11126
11129
11131
11138
11151
11154
11156
11165
11168
11183
11190
11195
11196
11202
11203
11205
11206
11209
11218
11230
11233
11240
11241
11250
11251
11254
11263
11275
11281
11291
11296
11299
11310
11326
11327
11333
11350
11350
11354
11357
11367
11368
11368
11368
11374
11386
11388
11396
11399
11400
11404
11413
11421
11423
11425
11425
11430
11438
11438
11441
11444
11448
11457
11461
11466
11486
11487
11493
11499
11503
11504
11506
11512
11515
11552
11554
11563
11567
11568
11571
11583
11585
11593
11597
11615
11617
11618
11624
11629
11631
11635
11638
11641
11647
11650
11669
11677
11690
11692
11693
11694
11695
11697
11699
11706
11713
11731
11735
11741
11747
11749
11754
11754
11754
11756
11764
11769
11772
11784
11797
11812
11813
11813
11815
11824
11829
11830
11836
11848
11853
11880
11883
11899
11901
11916
11922
11922
11927
11933
11937
11947
11949
11949
11955
11955
11956
11960
11966
11968
11980
12006
12010
12010
12023
12026
12028
12029
12033
12033
12046
12050
12052
12055
12056
12057
12058
12065
12065
12098
12123
12126
12130
12134
12153
12153
12159
12166
12170
12185
12187
12205
12209
12210
12219
12220
12226
12229
12229
12231
12249
12255
12258
12261
12264
12270
12289
12289
12296
12299
12307
12310
12310
12312
12314
12322
12322
12323
12325
12335
12336
12337
12338
12341
12347
12350
12353
12357
12365
12382
12397
12399
12403
12411
12429
12429
12442
12454
12462
12468
12472
12475
12477
12478
12491
12531
12532
12535
12538
12546
12560
12561
12562
12565
12576
12580
12582
12585
12592
12595
12622
12625
12633
12638
12648
12650
12651
12655
12655
12656
12661
12663
12665
12677
12683
12685
12695
12731
12734
12741
12744
12753
12771
12771
12779
12785
12788
12788
12796
12810
12814
12815
12817
12818
12818
12832
12838
12840
12843
12844
12851
12869
12881
12886
12888
12893
12900
12904
12906
12908
12911
12933
12933
12934
12935
12938
12940
12946
12949
12949
12955
12957
12965
12975
12980
12995
13001
13007
13010
13022
13026
13032
13032
13034
13038
13047
13056
13061
13062
13067
13075
13076
13083
13091
13093
13096
13099
13101
13102
13110
13111
13112
13113
13114
13119
13123
13131
13137
13140
13142
13149
13155
13170
13177
13187
13194
13197
13206
13209
13210
13225
13226
13230
13236
13240
13242
13248
13250
13251
13254
13260
13271
13276
13284
13290
13295
13305
13316
13316
13316
13323
13324
13328
13331
13332
13333
13338
13346
13348
13350
13359
13366
13371
13384
13397
13414
13429
13429
13435
13439
13442
13448
13465
13481
13482
13484
13485
13488
13492
13493
13494
13497
13507
13519
13523
13530
13532
13532
13550
13559
13560
13562
13564
13578
13579
13579
13582
13583
13584
13586
13588
13591
13592
13597
13602
13606
13608
13610
13621
13626
13630
13630
13633
13638
13643
13653
13654
13654
13657
13658
13667
13667
13670
13677
13687
13689
13691
13691
13697
13698
13702
13707
13709
13722
13738
13739
13744
13748
13752
13753
13755
13756
13756
13757
13761
13762
13762
13763
13764
13765
13772
13774
13777
13784
13785
13788
13793
13807
13809
13819
13820
13829
13834
13835
13838
13840
13845
13848
13862
13869
13874
13876
13876
13894
13897
13902
13903
13904
13928
13932
13933
13938
13940
13951
13956
13958
13962
13962
13964
13990
14000
14000
14017
14018
14022
14023
14030
14032
14041
14041
14042
14047
14050
14057
14073
14079
14083
14098
14105
14112
14118
14119
14126
14129
14140
14142
14142
14146
14147
14155
14157
14171
14172
14174
14175
14188
14195
14200
14204
14205
14205
14206
14209
14211
14214
14215
14222
14222
14230
14232
14234
14243
14247
14250
14250
14251
14264
14274
14274
14285
14296
14298
14299
14306
14331
14338
14340
14344
14353
14354
14356
14361
14363
14365
14369
14370
14370
14375
14380
14384
14392
14398
14398
14404
14413
14414
14417
14427
14443
14445
14456
14464
14468
14472
14473
14481
14484
14488
14522
14531
14533
14556
14576
14578
14585
14588
14606
14607
14610
14615
14623
14625
14630
14634
14644
14645
14646
14649
14651
14655
14667
14700
14702
14706
14706
14707
14715
14719
14719
14719
14725
14732
14741
14745
14746
14749
14750
14759
14778
14781
14788
14789
14798
14836
14838
14851
14861
14862
14865
14873
14876
14887
14898
14900
14901
14902
14903
14904
14905
14943
14944
14946
14954
14955
14961
14963
14994
14995
15012
15014
15016
15019
15021
15026
15027
15042
15055
15058
15061
15071
15084
15084
15088
15090
15098
15101
15102
15106
15115
15117
15118
15142
15144
15145
15149
15153
15154
15155
15159
15160
15165
15171
15171
15175
15175
15192
15201
15201
15208
15210
15213
15224
15225
15226
15229
15232
15238
15262
15277
15278
15288
15290
15292
15295
15297
15303
15307
15310
15321
15321
15328
15330
15330
15337
15358
15359
15373
15383
15389
15411
15411
15415
15416
15418
15424
15425
15428
15428
15430
15431
15434
15440
15452
15452
15453
15456
15458
15459
15460
15464
15472
15473
15475
15478
15487
15488
15492
15493
15507
15510
15512
15516
15521
15548
15553
15556
15563
15570
15574
15585
15586
15589
15596
15597
15601
15603
15603
15618
15625
15625
15626
15628
15639
15653
15655
15660
15661
15664
15667
15668
15676
15681
15686
15691
15696
15705
15708
15713
15719
15721
15727
15727
15729
15734
15740
15745
15765
15783
15786
15788
15790
15790
15805
15808
15817
15817
15826
15839
15847
15858
15874
15875
15890
15891
15891
15893
15896
15902
15911
15926
15932
15936
15936
15937
15939
15950
15951
15951
15956
15966
15969
15969
15975
15975
15993
16009
16013
16018
16023
16026
16027
16027
16029
16065
16069
16072
16074
16086
16093
16095
16116
16118
16152
16153
16156
16164
16174
16175
16190
16195
16197
16198
16213
16218
16233
16233
16247
16251
16253
16255
16258
16259
16261
16262
16274
16275
16279
16295
16297
16299
16300
16306
16315
16321
16322
16328
16329
16356
16359
16374
16380
16383
16394
16399
16401
16403
16407
16416
16420
16429
16433
16434
16443
16446
16458
16461
16468
16475
16475
16483
16483
16484
16485
16491
16498
16506
16507
16512
16512
16516
16523
16526
16531
16538
16539
16567
16571
16573
16577
16583
16587
16591
16599
16605
16608
16612
16615
16617
16639
16639
16645
16656
16660
16662
16671
16673
16682
16685
16693
16702
16706
16715
16718
16718
16724
16745
16750
16750
16762
16779
16785
16786
16800
16800
16812
16819
16823
16823
16824
16824
16836
16839
16843
16853
16856
16856
16859
16865
16867
16877
16878
16880
16886
16897
16898
16912
16917
16918
16929
16934
16947
16953
16956
16958
16967
16970
16973
16976
16980
16987
16988
16990
17007
17008
17015
17029
17041
17044
17045
17056
17066
17068
17077
17081
17087
17113
17121
17139
17141
17145
17146
17151
17159
17171
17188
17196
17198
17200
17203
17203
17209
17212
17221
17227
17238
17241
17242
17250
17252
17256
17257
17262
17266
17271
17275
17280
17286
17297
17298
17317
17322
17324
17336
17336
17340
17354
17359
17359
17360
17360
17360
17362
17363
17363
17363
17366
17371
17375
17391
17396
17412
17413
17431
17432
17438
17452
17455
17461
17469
17477
17477
17481
17484
17493
17495
17510
17511
17517
17521
17524
17536
17549
17549
17553
17555
17556
17561
17566
17589
17592
17596
17602
17615
17616
17619
17620
17622
17626
17657
17660
17671
17679
17693
17698
17714
17714
17715
17715
17718
17718
17719
17732
17749
17752
17763
17766
17779
17787
17789
17802
17820
17821
17822
17822
17835
17840
17843
17847
17852
17853
17857
17857
17863
17864
17875
17880
17894
17894
17896
17900
17915
17917
17925
17925
17925
17928
17928
17932
17946
17972
17999
18000
18005
18015
18038
18040
18042
18045
18047
18050
18053
18065
18068
18075
18076
18079
18089
18094
18106
18111
18141
18155
18162
18175
18177
18177
18178
18185
18203
18218
18221
18222
18222
18230
18233
18234
18238
18241
18250
18261
18262
18269
18274
18285
18287
18292
18295
18296
18314
18337
18337
18339
18355
18362
18372
18378
18383
18394
18402
18404
18408
18413
18414
18416
18424
18431
18432
18437
18437
18437
18439
18440
18444
18453
18460
18465
18465
18467
18476
18482
18488
18489
18497
18505
18505
18515
18525
18538
18542
18544
18546
18549
18551
18554
18557
18578
18580
18583
18584
18592
18598
18601
18610
18630
18636
18643
18649
18656
18659
18666
18671
18677
18681
18689
18693
18697
18701
18709
18721
18725
18740
18742
18745
18750
18753
18780
18787
18790
18792
18801
18802
18805
18808
18818
18826
18828
18835
18838
18839
18840
18843
18845
18854
18855
18856
18858
18863
18873
18875
18878
18878
18886
18887
18898
18904
18931
18931
18932
18937
18939
18941
18960
18960
18961
18971
18972
18999
19006
19008
19011
19016
19017
19021
19027
19027
19028
19031
19031
19057
19074
19077
19091
19114
19121
19122
19132
19133
19138
19139
19145
19168
19169
19172
19173
19175
19179
19186
19193
19202
19226
19226
19231
19247
19262
19269
19269
19271
19272
19272
19276
19277
19288
19291
19316
19324
19337
19339
19346
19352
19354
19363
19366
19368
19368
19372
19376
19377
19384
19396
19397
19405
19407
19415
19446
19460
19462
19466
19472
19472
19478
19479
19481
19500
19503
19511
19512
19531
19535
19543
19548
19553
19565
19574
19584
19590
19603
19608
19622
19625
19628
19631
19633
19643
19656
19658
19665
19680
19685
19690
19690
19699
19705
19712
19712
19712
19717
19719
19719
19726
19727
19728
19731
19748
19748
19762
19768
19772
19775
19781
19796
19812
19817
19821
19822
19827
19835
19836
19847
19853
19854
19859
19892
19893
19898
19903
19913
19916
19925
19928
19942
19951
19951
19952
19955
19956
19977
19980
19985
19988
19989
19989
19992
19994
19997
20001
20006
20014
20021
20021
20027
20028
20028
20031
20032
20032
20033
20033
20045
20053
20058
20059
20059
20072
20074
20077
20088
20089
20093
20098
20101
20103
20116
20121
20132
20136
20136
20142
20144
20145
20153
20155
20174
20188
20201
20203
20207
20208
20218
20219
20222
20227
20228
20241
20242
20244
20247
20252
20253
20261
20265
20274
20275
20276
20292
20294
20300
20302
20303
20303
20310
20322
20332
20333
20345
20350
20359
20359
20362
20364
20368
20373
20388
20389
20401
20418
20419
20426
20430
20431
20433
20433
20435
20441
20443
20467
20467
20468
20472
20473
20476
20478
20478
20481
20490
20498
20500
20501
20515
20517
20547
20549
20557
20559
20578
20594
20609
20610
20611
20614
20616
20621
20624
20634
20638
20642
20645
20646
20647
20660
20663
20675
20676
20685
20686
20689
20692
20699
20701
20703
20709
20721
20730
20734
20735
20736
20752
20757
20764
20767
20780
20796
20797
20803
20822
20823
20823
20831
20831
20832
20833
20849
20854
20856
20857
20864
20895
20901
20905
20909
20912
20912
20914
20917
20921
20948
20950
20951
20954
20956
20964
20964
20972
20976
20977
20980
20981
20991
20992
20996
20998
21001
21002
21009
21010
21011
21017
21019
21021
21022
21029
21053
21058
21058
21071
21075
21075
21079
21094
21095
21098
21106
21120
21122
21123
21124
21128
21131
21142
21142
21148
21153
21159
21165
21176
21186
21189
21189
21190
21195
21196
21199
21203
21204
21204
21210
21213
21218
21227
21242
21244
21249
21252
21262
21266
21276
21279
21280
21302
21304
21310
21319
21320
21339
21344
21355
21355
21357
21362
21387
21391
21394
21395
21398
21400
21400
21402
21410
21417
21421
21423
21437
21437
21441
21441
21445
21448
21450
21457
21461
21464
21474
21481
21485
21492
21493
21496
21497
21498
21510
21512
21515
21516
21518
21521
21521
21522
21527
21534
21537
21541
21551
21553
21557
21561
21566
21571
21576
21585
21588
21592
21598
21606
21613
21618
21619
21622
21622
21632
21633
21641
21643
21655
21656
21663
21664
21666
21667
21677
21680
21692
21701
21702
21702
21707
21711
21717
21719
21736
21737
21738
21740
21743
21754
21774
21780
21782
21788
21792
21802
21806
21822
21828
21830
21834
21838
21841
21842
21842
21844
21857
21863
21867
21870
21871
21871
21873
21879
21882
21887
21898
21905
21907
21912
21921
21924
21924
21926
21926
21927
21935
21938
21940
21940
21942
21945
21952
21958
21970
21971
21978
21982
21997
22007
22031
22034
22039
22053
22060
22063
22064
22072
22074
22074
22078
22078
22080
22081
22083
22084
22092
22094
22096
22101
22106
22112
22114
22119
22120
22123
22126
22127
22127
22130
22133
22133
22134
22148
22153
22155
22156
22166
22172
22182
22184
22185
22186
22187
22187
22193
22196
22203
22208
22213
22214
22215
22225
22232
22234
22246
22248
22253
22258
22260
22265
22268
22271
22272
22274
22279
22281
22291
22304
22309
22329
22333
22344
22356
22359
22366
22367
22373
22401
22411
22421
22437
22443
22450
22451
22455
22480
22483
22483
22505
22515
22516
22546
22550
22556
22557
22557
22571
22574
22575
22586
22590
22595
22597
22600
22606
22606
22606
22609
22610
22614
22621
22627
22641
22647
22663
22672
22673
22673
22674
22686
22701
22704
22705
22714
22717
22724
22726
22730
22732
22736
22746
22750
22762
22763
22766
22778
22780
22786
22786
22791
22795
22804
22811
22812
22826
22831
22837
22843
22844
22844
22855
22862
22871
22881
22891
22893
22898
22903
22906
22906
22908
22910
22914
22915
22919
22920
22924
22928
22943
22946
22970
22997
23019
23027
23034
23037
23048
23048
23050
23065
23066
23073
23074
23075
23087
23089
23091
23099
23099
23100
23102
23106
23113
23120
23121
23122
23124
23126
23128
23142
23149
23165
23166
23167
23178
23182
23182
23182
23193
23196
23201
23206
23211
23213
23214
23221
23222
23225
23231
23232
23234
23238
23240
23243
23252
23252
23258
23265
23266
23267
23269
23276
23277
23277
23286
23292
23304
23312
23325
23328
23344
23346
23350
23355
23368
23369
23374
23393
23394
23396
23396
23399
23402
23412
23418
23428
23431
23438
23454
23456
23457
23459
23459
23470
23470
23471
23473
23474
23482
23483
23484
23489
23490
23491
23494
23494
23509
23513
23524
23531
23532
23533
23537
23549
23550
23552
23557
23564
23568
23569
23571
23572
23577
23579
23581
23582
23598
23598
23606
23609
23611
23611
23615
23622
23622
23629
23630
23640
23643
23646
23654
23657
23657
23660
23667
23687
23697
23703
23708
23716
23716
23718
23736
23739
23741
23743
23748
23749
23754
23756
23759
23760
23771
23775
23786
23788
23789
23803
23805
23808
23827
23835
23843
23844
23847
23852
23853
23860
23873
23875
23876
23876
23882
23883
23883
23892
23895
23899
23903
23914
23924
23951
23952
23955
23964
23967
23967
23971
23972
23975
23978
23978
23979
23980
23987
23990
23993
23997
23999
23999
24004
24008
24014
24033
24047
24056
24068
24068
24090
24090
24103
24108
24110
24113
24115
24130
24145
24154
24156
24156
24173
24175
24179
24183
24189
24191
24204
24212
24213
24220
24232
24240
24242
24242
24249
24252
24271
24281
24281
24285
24286
24291
24299
24304
24316
24316
24321
24330
24334
24343
24350
24354
24356
24366
24369
24374
24379
24382
24384
24385
24402
24402
24403
24408
24422
24422
24424
24427
24431
24431
24439
24448
24448
24458
24459
24460
24463
24468
24477
24478
24478
24482
24489
24492
24499
24500
24503
24505
24508
24509
24512
24515
24521
24535
24540
24543
24543
24546
24548
24549
24553
24572
24582
24588
24593
24595
24597
24607
24614
24615
24628
24634
24637
24640
24642
24643
24643
24659
24664
24665
24668
24681
24692
24696
24697
24698
24700
24706
24708
24725
24730
24733
24735
24741
24746
24750
24753
24763
24765
24768
24773
24777
24784
24786
24799
24807
24830
24836
24838
24850
24853
24869
24879
24880
24885
24886
24888
24892
24900
24906
24914
24923
24932
24935
24942
24952
24953
24970
24972
24975
24984
24990
24991
24995
25018
25019
25044
25049
25051
25053
25056
25062
25065
25066
25067
25069
25077
25079
25081
25085
25087
25090
25090
25090
25095
25103
25109
25115
25116
25121
25121
25122
25137
25149
25151
25156
25167
25178
25179
25179
25179
25194
25204
25204
25205
25206
25208
25216
25218
25234
25244
25252
25257
25263
25267
25270
25271
25271
25273
25277
25277
25280
25290
25325
25327
25332
25333
25337
25343
25343
25346
25351
25354
25357
25359
25366
25366
25368
25372
25378
25380
25396
25401
25403
25405
25410
25413
25416
25418
25423
25424
25425
25434
25434
25441
25441
25444
25462
25470
25475
25481
25485
25490
25490
25490
25491
25492
25503
25506
25510
25522
25531
25536
25548
25549
25559
25561
25563
25572
25590
25598
25600
25613
25626
25630
25631
25642
25644
25645
25655
25657
25661
25662
25670
25676
25696
25704
25707
25719
25723
25725
25725
25727
25730
25731
25739
25742
25746
25748
25751
25754
25767
25771
25777
25782
25787
25792
25797
25798
25799
25802
25808
25829
25846
25846
25865
25868
25892
25894
25901
25903
25907
25908
25928
25932
25934
25936
25937
25944
25946
25948
25951
25952
25953
25962
25980
25981
25984
25986
25995
25998
26005
26006
26008
26008
26010
26011
26018
26026
26026
26037
26038
26048
26049
26050
26050
26053
26054
26063
26086
26088
26089
26100
26113
26115
26118
26136
26143
26150
26152
26152
26153
26168
26187
26187
26188
26195
26203
26203
26207
26214
26226
26240
26240
26245
26250
26251
26259
26261
26261
26269
26269
26271
26273
26275
26279
26283
26284
26285
26286
26286
26296
26297
26307
26310
26319
26321
26326
26328
26329
26338
26339
26342
26346
26350
26357
26364
26364
26366
26369
26377
26380
26384
26397
26404
26411
26419
26421
26422
26435
26440
26446
26449
26453
26454
26455
26484
26485
26489
26492
26496
26507
26512
26513
26522
26526
26539
26546
26555
26564
26565
26568
26576
26579
26613
26616
26617
26627
26630
26632
26633
26635
26636
26640
26641
26646
26677
26686
26691
26692
26698
26704
26710
26714
26718
26725
26726
26734
26737
26738
26739
26752
26754
26757
26758
26772
26772
26774
26788
26794
26795
26799
26802
26805
26812
26814
26818
26845
26848
26850
26855
26864
26867
26868
26889
26890
26891
26894
26895
26895
26897
26908
26917
26923
26924
26924
26927
26931
26936
26937
26941
26947
26948
26954
26957
26967
26969
26971
26972
26973
26976
26991
26996
27007
27009
27010
27013
27014
27020
27026
27034
27040
27042
27043
27045
27045
27046
27047
27050
27051
27063
27066
27074
27093
27094
27119
27126
27130
27131
27138
27144
27146
27149
27159
27164
27164
27166
27167
27167
27171
27181
27183
27185
27192
27209
27213
27218
27219
27237
27244
27247
27248
27251
27256
27265
27267
27270
27275
27285
27288
27293
27294
27296
27299
27300
27306
27308
27325
27331
27331
27336
27343
27345
27354
27359
27371
27373
27377
27379
27382
27384
27389
27389
27392
27415
27421
27429
27448
27448
27451
27452
27453
27468
27469
27473
27480
27499
27503
27503
27506
27509
27520
27524
27546
27551
27552
27553
27556
27561
27568
27569
27585
27587
27587
27587
27600
27601
27606
27609
27614
27615
27621
27622
27626
27628
27633
27647
27658
27669
27687
27689
27690
27698
27703
27714
27715
27721
27729
27738
27743
27750
27751
27752
27755
27759
27762
27768
27779
27788
27791
27794
27796
27797
27807
27807
27817
27822
27825
27828
27841
27854
27856
27867
27869
27874
27878
27885
27893
27897
27903
27906
27916
27930
27959
27963
27968
27970
27972
27977
27981
27987
27989
27992
27994
27996
27996
28000
28006
28008
28009
28014
28014
28036
28037
28040
28047
28052
28053
28053
28053
28058
28076
28081
28081
28092
28101
28102
28108
28111
28122
28126
28127
28134
28148
28155
28159
28159
28165
28169
28174
28181
28183
28184
28200
28202
28204
28212
28216
28230
28233
28240
28243
28246
28247
28252
28254
28256
28262
28271
28273
28274
28282
28285
28298
28301
28302
28304
28305
28306
28308
28309
28309
28322
28325
28330
28331
28333
28351
28352
28357
28363
28364
28375
28383
28385
28391
28393
28400
28403
28417
28418
28435
28437
28441
28441
28451
28453
28455
28461
28465
28477
28482
28482
28489
28492
28493
28504
28509
28511
28513
28516
28517
28523
28523
28527
28538
28549
28554
28554
28555
28558
28564
28567
28569
28569
28577
28577
28579
28582
28585
28593
28595
28609
28621
28625
28625
28632
28633
28642
28644
28646
28648
28660
28661
28662
28668
28669
28671
28673
28676
28678
28684
28684
28685
28688
28690
28705
28718
28744
28756
28756
28768
28772
28776
28777
28778
28779
28780
28783
28789
28800
28808
28812
28815
28819
28832
28834
28840
28860
28868
28898
28903
28905
28933
28955
28956
28962
28974
28976
28979
28980
28982
28991
28992
28996
29001
29034
29035
29037
29043
29045
29053
29067
29070
29076
29088
29093
29103
29104
29106
29114
29117
29125
29128
29131
29131
29142
29160
29160
29163
29173
29176
29214
29218
29229
29230
29232
29237
29252
29253
29255
29258
29259
29263
29267
29268
29280
29289
29291
29295
29296
29302
29303
29304
29304
29306
29309
29309
29314
29317
29322
29329
29332
29337
29339
29339
29340
29352
29357
29360
29361
29372
29375
29381
29384
29386
29391
29395
29398
29401
29407
29413
29416
29417
29420
29428
29433
29434
29435
29438
29441
29454
29458
29458
29461
29463
29468
29480
29481
29495
29522
29529
29533
29533
29538
29539
29546
29550
29560
29563
29568
29578
29585
29586
29592
29593
29597
29614
29620
29622
29627
29640
29645
29664
29666
29669
29669
29670
29674
29675
29679
29679
29683
29683
29686
29693
29694
29702
29706
29707
29708
29715
29721
29734
29738
29740
29740
29742
29755
29759
29763
29766
29769
29792
29792
29800
29810
29815
29818
29818
29821
29823
29829
29834
29841
29850
29867
29873
29875
29880
29882
29886
29888
29896
29897
29899
29902
29904
29908
29929
29930
29935
29938
29938
29939
29940
29940
29949
29959
29959
29966
29977
29980
29983
29983
29996
30002
30008
30029
30034
30041
30044
30045
30049
30049
30049
30052
30057
30068
30072
30073
30073
30076
30077
30079
30079
30081
30096
30104
30115
30119
30136
30138
30162
30163
30163
30167
30175
30175
30176
30177
30187
30198
30203
30212
30214
30222
30223
30226
30227
30233
30245
30248
30251
30259
30274
30276
30284
30296
30297
30300
30306
30313
30318
30320
30322
30330
30333
30337
30340
30359
30380
30384
30385
30393
30396
30400
30409
30412
30427
30430
30433
30442
30463
30469
30479
30487
30506
30510
30521
30531
30547
30549
30550
30551
30554
30555
30565
30565
30573
30573
30579
30587
30589
30593
30603
30608
30609
30620
30621
30629
30634
30638
30642
30643
30661
30669
30675
30678
30683
30690
30699
30700
30701
30716
30724
30730
30737
30740
30742
30758
30759
30773
30773
30778
30791
30805
30808
30811
30813
30813
30814
30819
30819
30837
30837
30843
30848
30848
30851
30852
30858
30859
30876
30890
30897
30899
30900
30901
30903
30917
30920
30935
30943
30952
30957
30959
30962
30965
30968
30972
30975
30982
30995
30998
31009
31015
31016
31017
31020
31025
31025
31028
31031
31034
31039
31047
31051
31053
31055
31057
31068
31079
31084
31093
31095
31097
31098
31113
31115
31116
31134
31136
31156
31157
31161
31178
31181
31192
31195
31198
31198
31211
31219
31224
31225
31226
31227
31228
31230
31248
31270
31270
31271
31284
31291
31293
31300
31310
31320
31324
31335
31343
31344
31349
31360
31367
31371
31373
31374
31383
31390
31390
31398
31399
31432
31437
31438
31444
31450
31450
31470
31473
31480
31487
31488
31490
31496
31496
31499
31507
31517
31520
31522
31523
31531
31537
31539
31540
31546
31564
31569
31571
31573
31604
31610
31611
31623
31626
31630
31640
31641
31642
31655
31668
31670
31672
31677
31679
31680
31690
31702
31716
31718
31721
31727
31739
31741
31742
31751
31752
31755
31766
31775
31781
31789
31791
31793
31794
31799
31801
31801
31805
31807
31809
31810
31815
31819
31820
31835
31843
31850
31853
31864
31876
31880
31886
31894
31894
31898
31903
31905
31909
31911
31913
31913
31941
31962
31965
31972
31980
31981
31991
31997
32000
32002
32017
32025
32027
32030
32050
32051
32051
32054
32055
32057
32057
32058
32060
32077
32078
32083
32084
32087
32106
32107
32117
32121
32125
32131
32142
32149
32151
32159
32172
32174
32174
32189
32200
32218
32229
32234
32239
32240
32241
32244
32260
32262
32264
32273
32274
32274
32284
32289
32304
32304
32306
32308
32319
32322
32323
32333
32376
32381
32391
32402
32405
32421
32429
32430
32435
32441
32460
32463
32465
32467
32483
32487
32496
32500
32500
32501
32503
32511
32511
32512
32518
32524
32525
32538
32543
32545
32547
32548
32554
32569
32576
32584
32585
32599
32607
32611
32616
32617
32619
32620
32623
32629
32631
32633
32658
32664
32668
32672
32687
32697
32697
32702
32706
32723
32727
32728
32733
32734
32743
32744
32751
32751
32766
32773
32780
32787
32788
32791
32798
32800
32803
32811
32812
32821
32826
32829
32832
32832
32834
32834
32836
32839
32844
32847
32856
32862
32870
32897
32900
32900
32908
32910
32911
32923
32927
32929
32932
32935
32953
32961
32961
32966
32972
32977
32978
32985
32988
32991
32993
32994
32996
32998
33002
33005
33007
33008
33010
33010
33011
33017
33038
33040
33042
33052
33053
33061
33068
33075
33075
33076
33077
33082
33090
33093
33115
33124
33127
33129
33131
33147
33150
33150
33152
33152
33155
33178
33182
33194
33198
33201
33215
33224
33234
33262
33264
33266
33271
33274
33274
33276
33281
33286
33290
33295
33297
33298
33299
33319
33323
33334
33336
33337
33340
33350
33352
33355
33357
33364
33372
33380
33385
33388
33397
33405
33429
33433
33463
33466
33477
33479
33480
33485
33492
33503
33503
33505
33528
33529
33536
33537
33543
33549
33552
33554
33570
33572
33574
33585
33591
33592
33597
33602
33603
33605
33607
33615
33616
33621
33621
33622
33622
33622
33627
33632
33634
33640
33640
33642
33649
33661
33666
33671
33677
33680
33684
33685
33685
33697
33698
33700
33701
33701
33703
33705
33716
33723
33749
33752
33755
33761
33776
33778
33797
33798
33808
33815
33827
33827
33834
33838
33840
33842
33862
33868
33868
33871
33871
33873
33874
33881
33885
33887
33890
33890
33897
33903
33903
33903
33907
33925
33925
33927
33942
33947
33953
33956
33960
33965
33973
33976
33989
33990
33992
34003
34004
34005
34006
34008
34008
34010
34022
34022
34026
34052
34055
34082
34094
34096
34099
34117
34123
34124
34126
34129
34130
34138
34150
34166
34167
34167
34171
34172
34173
34174
34183
34184
34194
34204
34210
34211
34218
34220
34223
34245
34248
34253
34257
34261
34261
34263
34270
34279
34284
34289
34295
34296
34301
34310
34314
34316
34317
34324
34332
34336
34341
34346
34353
34361
34361
34366
34373
34396
34397
34401
34403
34403
34403
34421
34423
34425
34426
34427
34434
34450
34453
34459
34468
34468
34470
34474
34474
34478
34488
34495
34496
34509
34510
34523
34526
34531
34532
34541
34550
34554
34554
34555
34558
34559
34560
34561
34564
34576
34584
34590
34591
34596
34598
34602
34603
34611
34611
34615
34621
34625
34631
34635
34635
34642
34652
34670
34675
34695
34699
34704
34707
34708
34708
34710
34717
34719
34719
34724
34724
34729
34730
34731
34732
34732
34745
34746
34756
34767
34773
34774
34780
34788
34788
34800
34808
34814
34815
34815
34817
34822
34836
34851
34854
34858
34874
34877
34880
34881
34883
34886
34895
34901
34906
34907
34908
34933
34958
34976
34979
34984
34991
34992
34993
34997
35011
35015
35016
35038
35046
35062
35066
35067
35068
35072
35073
35077
35078
35081
35088
35098
35099
35102
35106
35121
35126
35130
35132
35134
35143
35147
35155
35160
35164
35164
35179
35180
35182
35188
35191
35205
35205
35211
35214
35217
35227
35231
35232
35237
35239
35244
35247
35252
35253
35258
35259
35268
35276
35277
35278
35281
35286
35299
35302
35340
35342
35346
35348
35365
35368
35368
35376
35385
35392
35399
35401
35403
35404
35407
35420
35439
35444
35445
35462
35463
35475
35475
35482
35499
35500
35506
35510
35523
35527
35529
35537
35539
35556
35574
35575
35582
35587
35596
35601
35618
35621
35622
35649
35649
35661
35664
35669
35670
35675
35675
35677
35692
35692
35696
35698
35712
35713
35726
35736
35747
35763
35773
35782
35784
35793
35800
35805
35814
35822
35822
35827
35828
35849
35850
35852
35853
35855
35857
35857
35861
35861
35862
35867
35869
35898
35898
35912
35939
35942
35944
35949
35962
35979
35983
35990
35998
36002
36005
36011
36013
36018
36022
36024
36026
36026
36031
36033
36041
36057
36065
36072
36089
36092
36103
36109
36116
36124
36124
36139
36141
36144
36153
36153
36156
36158
36165
36167
36171
36181
36186
36191
36192
36195
36203
36204
36207
36223
36227
36229
36238
36253
36255
36258
36259
36260
36262
36265
36286
36293
36294
36298
36299
36299
36304
36307
36307
36308
36309
36311
36325
36326
36327
36340
36357
36358
36372
36380
36385
36387
36395
36402
36409
36411
36412
36422
36439
36457
36459
36460
36470
36485
36495
36503
36506
36513
36522
36522
36525
36526
36528
36531
36531
36535
36537
36544
36548
36552
36559
36570
36575
36581
36581
36586
36593
36600
36605
36608
36615
36620
36621
36621
36628
36633
36638
36638
36639
36652
36661
36677
36681
36681
36684
36694
36697
36705
36717
36722
36725
36725
36725
36730
36733
36734
36741
36747
36762
36774
36785
36786
36789
36793
36793
36801
36808
36817
36817
36817
36826
36834
36836
36840
36843
36848
36855
36856
36863
36863
36868
36870
36875
36879
36880
36883
36890
36908
36916
36937
36944
36945
36945
36947
36948
36954
36955
36958
36961
36963
36967
36972
36979
36981
36984
36986
36995
37010
37013
37025
37025
37026
37026
37026
37036
37037
37052
37058
37059
37073
37074
37077
37078
37084
37084
37090
37095
37101
37107
37108
37109
37109
37117
37120
37123
37128
37129
37145
37152
37153
37155
37157
37172
37176
37179
37182
37187
37190
37195
37195
37200
37200
37203
37204
37222
37226
37229
37243
37248
37256
37262
37267
37273
37273
37273
37274
37278
37284
37285
37286
37294
37296
37299
37300
37307
37308
37318
37319
37324
37335
37338
37342
37347
37353
37353
37355
37372
37376
37378
37383
37391
37391
37394
37407
37411
37414
37427
37427
37433
37435
37436
37443
37444
37446
37447
37457
37462
37479
37479
37479
37488
37489
37489
37494
37500
37501
37509
37521
37528
37529
37533
37538
37545
37551
37559
37579
37579
37592
37599
37602
37612
37616
37616
37616
37618
37625
37627
37631
37631
37631
37637
37640
37642
37642
37645
37652
37661
37662
37666
37673
37674
37679
37686
37686
37689
37695
37712
37716
37716
37719
37733
37734
37753
37757
37757
37762
37767
37767
37768
37788
37804
37808
37809
37817
37818
37828
37832
37835
37849
37856
37862
37866
37875
37877
37878
37883
37884
37895
37900
37903
37904
37908
37928
37930
37934
37936
37938
37942
37943
37945
37964
37964
37972
37980
37981
37983
37992
37992
37997
37999
38003
38007
38028
38031
38056
38057
38068
38076
38080
38081
38088
38093
38095
38095
38097
38099
38103
38118
38122
38125
38131
38136
38138
38143
38150
38155
38165
38165
38175
38178
38179
38187
38191
38202
38210
38214
38215
38217
38218
38231
38231
38237
38243
38246
38246
38270
38272
38272
38290
38293
38298
38320
38329
38340
38345
38345
38346
38350
38352
38358
38364
38366
38369
38387
38397
38401
38407
38408
38417
38425
38427
38428
38429
38432
38432
38443
38446
38452
38462
38467
38468
38473
38475
38476
38493
38495
38504
38507
38512
38516
38517
38524
38524
38534
38536
38544
38558
38560
38583
38605
38606
38608
38624
38625
38632
38643
38643
38660
38682
38683
38684
38684
38691
38691
38694
38700
38707
38710
38725
38725
38732
38734
38736
38739
38741
38750
38755
38756
38774
38778
38785
38788
38790
38797
38802
38806
38809
38815
38825
38826
38842
38844
38849
38870
38894
38895
38896
38902
38902
38906
38908
38908
38923
38931
38932
38941
38943
38945
38945
38947
38948
38966
38977
38986
38995
39008
39011
39012
39013
39021
39023
39029
39029
39036
39041
39053
39056
39062
39064
39072
39076
39096
39104
39105
39111
39121
39122
39132
39132
39146
39161
39170
39176
39177
39183
39183
39186
39194
39197
39197
39202
39213
39218
39234
39247
39260
39264
39272
39273
39277
39278
39283
39300
39303
39308
39316
39317
39324
39331
39333
39335
39348
39355
39365
39367
39371
39373
39374
39376
39384
39385
39387
39393
39413
39413
39415
39421
39423
39427
39437
39440
39445
39459
39460
39461
39467
39470
39471
39479
39480
39486
39492
39501
39501
39502
39518
39519
39520
39529
39530
39537
39540
39556
39558
39564
39567
39572
39574
39578
39585
39601
39604
39607
39619
39619
39622
39636
39641
39649
39653
39654
39672
39673
39675
39680
39724
39725
39730
39731
39739
39754
39754
39763
39770
39771
39772
39772
39782
39802
39806
39812
39813
39815
39818
39823
39832
39839
39841
39842
39850
39852
39861
39862
39875
39877
39892
39896
39898
39905
39909
39914
39917
39922
39924
39926
39929
39934
39938
39944
39947
39950
39952
39959
39972
39975
39978
39990
39992
40007
40010
40010
40010
40012
40014
40018
40026
40033
40041
40047
40053
40059
40068
40072
40084
40084
40085
40089
40096
40097
40104
40119
40125
40131
40134
40139
40148
40149
40170
40174
40176
40176
40189
40198
40203
40210
40234
40245
40263
40265
40268
40269
40269
40273
40276
40283
40284
40284
40289
40292
40296
40310
40310
40312
40313
40317
40324
40332
40332
40334
40355
40364
40365
40377
40380
40383
40393
40398
40400
40403
40409
40413
40425
40429
40429
40429
40433
40440
40442
40454
40469
40474
40478
40481
40494
40507
40509
40511
40516
40525
40530
40534
40559
40567
40571
40572
40575
40579
40583
40589
40591
40591
40609
40609
40629
40634
40640
40644
40653
40656
40660
40668
40670
40673
40673
40680
40688
40688
40692
40702
40714
40716
40718
40718
40722
40727
40739
40739
40744
40749
40751
40760
40763
40767
40786
40800
40803
40804
40806
40809
40811
40812
40822
40824
40829
40831
40835
40836
40836
40853
40855
40860
40863
40882
40885
40891
40897
40902
40907
40907
40913
40914
40917
40923
40925
40929
40936
40940
40946
40949
40962
40968
40968
40972
40987
40992
40995
40997
41016
41017
41026
41032
41034
41038
41039
41042
41064
41065
41084
41086
41098
41105
41113
41114
41120
41121
41125
41131
41133
41139
41141
41150
41151
41152
41157
41160
41165
41175
41178
41180
41184
41187
41204
41211
41213
41228
41240
41244
41244
41247
41261
41263
41265
41266
41280
41287
41302
41308
41308
41335
41336
41336
41341
41346
41346
41348
41350
41354
41361
41362
41364
41376
41384
41391
41404
41410
41411
41419
41419
41422
41428
41433
41435
41447
41455
41461
41465
41465
41474
41478
41479
41479
41480
41483
41495
41497
41501
41515
41527
41527
41536
41538
41540
41573
41576
41582
41588
41593
41597
41618
41636
41637
41647
41654
41658
41667
41669
41670
41670
41670
41672
41678
41697
41698
41711
41729
41733
41747
41748
41776
41785
41794
41794
41797
41802
41813
41814
41820
41822
41836
41838
41845
41847
41852
41865
41871
41873
41876
41877
41886
41904
41905
41911
41920
41930
41948
41948
41949
41961
41968
41970
41974
41977
41981
41981
41982
41989
41994
41998
41999
42000
42006
42007
42012
42014
42021
42034
42034
42037
42041
42053
42054
42056
42058
42066
42068
42069
42069
42077
42112
42121
42121
42132
42141
42146
42147
42162
42170
42171
42173
42179
42183
42183
42183
42189
42197
42202
42213
42217
42225
42225
42225
42226
42229
42246
42246
42260
42275
42276
42278
42289
42290
42293
42295
42296
42303
42305
42316
42318
42318
42335
42341
42352
42372
42373
42385
42388
42393
42398
42398
42399
42401
42404
42407
42411
42413
42413
42421
42422
42427
42446
42452
42454
42465
42476
42477
42483
42484
42486
42487
42490
42497
42507
42508
42514
42526
42531
42532
42537
42541
42545
42546
42547
42549
42552
42557
42573
42579
42582
42586
42593
42601
42616
42631
42635
42637
42640
42647
42656
42658
42662
42678
42685
42691
42692
42694
42694
42699
42703
42704
42709
42714
42715
42717
42718
42719
42746
42760
42760
42771
42774
42779
42784
42784
42795
42809
42815
42820
42822
42828
42829
42839
42840
42840
42844
42862
42865
42866
42875
42891
42899
42912
42916
42922
42944
42945
42947
42948
42948
42950
42958
42966
42968
42980
42991
42998
43000
43005
43015
43015
43016
43022
43026
43026
43032
43032
43032
43037
43038
43048
43068
43080
43087
43100
43103
43110
43110
43114
43116
43116
43120
43138
43139
43141
43142
43146
43181
43191
43199
43199
43207
43210
43212
43215
43216
43227
43229
43236
43236
43243
43247
43252
43252
43253
43263
43264
43273
43280
43282
43283
43286
43294
43306
43318
43319
43319
43322
43333
43341
43342
43347
43347
43351
43356
43362
43370
43378
43378
43402
43402
43406
43413
43416
43418
43420
43429
43432
43432
43440
43443
43447
43452
43461
43461
43465
43475
43479
43489
43496
43500
43502
43503
43507
43517
43527
43531
43542
43547
43557
43563
43570
43585
43588
43589
43592
43593
43597
43602
43604
43611
43612
43623
43624
43625
43632
43635
43642
43656
43662
43672
43675
43675
43689
43695
43700
43705
43709
43716
43717
43722
43733
43735
43749
43749
43758
43760
43770
43774
43786
43792
43798
43818
43820
43833
43838
43839
43847
43847
43850
43854
43858
43864
43865
43882
43886
43886
43889
43907
43917
43917
43926
43935
43940
43944
43945
43955
43977
43996
44000
44005
44010
44021
44030
44034
44037
44039
44041
44042
44042
44043
44044
44045
44053
44056
44068
44068
44071
44072
44085
44086
44088
44089
44091
44091
44092
44093
44110
44112
44116
44131
44132
44134
44143
44148
44158
44161
44164
44169
44170
44173
44177
44185
44187
44190
44190
44194
44197
44203
44203
44210
44211
44212
44213
44215
44220
44222
44222
44224
44232
44236
44240
44244
44250
44252
44256
44265
44270
44273
44275
44290
44298
44299
44301
44303
44314
44319
44321
44327
44334
44343
44344
44344
44352
44363
44366
44372
44375
44376
44383
44389
44389
44392
44406
44415
44417
44424
44434
44434
44441
44444
44444
44449
44466
44468
44470
44482
44492
44494
44501
44504
44506
44522
44533
44536
44546
44554
44559
44570
44573
44579
44586
44590
44598
44607
44610
44626
44636
44643
44646
44647
44651
44658
44662
44670
44690
44695
44697
44706
44706
44713
44715
44716
44717
44718
44718
44720
44726
44727
44740
44744
44752
44762
44765
44766
44766
44772
44782
44792
44798
44799
44801
44803
44816
44822
44833
44844
44850
44854
44863
44869
44881
44897
44899
44910
44912
44921
44925
44927
44929
44930
44934
44936
44939
44943
44953
44954
44958
44968
44970
44977
44989
44991
45000
45012
45023
45023
45031
45032
45037
45049
45059
45061
45073
45077
45079
45079
45080
45086
45089
45089
45093
45094
45095
45102
45103
45106
45113
45116
45125
45125
45128
45129
45130
45132
45140
45140
45148
45166
45169
45176
45180
45181
45186
45193
45194
45197
45198
45207
45227
45227
45229
45230
45233
45242
45256
45258
45261
45262
45263
45264
45265
45279
45281
45281
45285
45288
45288
45300
45309
45319
45330
45332
45343
45357
45361
45364
45367
45375
45385
45389
45396
45399
45411
45415
45418
45420
45421
45426
45429
45435
45435
45436
45441
45448
45451
45452
45480
45490
45490
45492
45497
45497
45498
45499
45504
45513
45513
45513
45518
45523
45541
45543
45569
45581
45589
45592
45598
45603
45610
45623
45643
45646
45654
45655
45656
45659
45665
45673
45673
45680
45682
45687
45690
45691
45696
45696
45699
45704
45704
45709
45712
45714
45716
45729
45737
45739
45752
45760
45761
45763
45763
45763
45768
45773
45779
45780
45794
45798
45823
45825
45827
45829
45833
45835
45838
45844
45848
45865
45871
45873
45873
45878
45894
45898
45907
45908
45909
45913
45914
45916
45920
45934
45934
45942
45945
45946
45948
45948
45952
45957
45963
45979
45986
46009
46013
46015
46017
46019
46023
46023
46023
46024
46025
46033
46037
46043
46046
46047
46055
46060
46078
46100
46107
46122
46123
46127
46138
46148
46157
46167
46167
46174
46182
46184
46188
46210
46214
46239
46250
46251
46253
46262
46267
46275
46275
46278
46279
46281
46286
46286
46294
46299
46315
46317
46335
46340
46348
46352
46353
46357
46363
46368
46371
46374
46378
46383
46385
46387
46388
46390
46405
46408
46414
46415
46415
46417
46427
46434
46438
46451
46456
46466
46466
46475
46477
46486
46488
46490
46498
46499
46500
46501
46504
46509
46510
46512
46520
46521
46521
46526
46529
46547
46554
46564
46569
46575
46584
46587
46601
46602
46602
46609
46610
46610
46611
46615
46619
46628
46633
46637
46647
46650
46656
46667
46673
46676
46678
46682
46689
46690
46699
46700
46712
46732
46734
46735
46740
46744
46755
46759
46762
46768
46789
46789
46790
46795
46823
46825
46828
46842
46844
46858
46867
46876
46896
46901
46911
46918
46933
46933
46942
46947
46949
46952
46953
46958
46961
46970
46978
46979
46983
46984
46984
46986
47004
47005
47018
47018
47029
47036
47038
47039
47040
47051
47052
47056
47059
47071
47071
47072
47079
47086
47087
47092
47096
47099
47103
47104
47111
47117
47122
47128
47136
47140
47158
47159
47164
47173
47182
47184
47187
47196
47203
47209
47213
47218
47231
47234
47236
47238
47239
47245
47254
47264
47266
47270
47271
47273
47275
47282
47289
47309
47318
47333
47339
47340
47343
47350
47355
47358
47362
47362
47367
47367
47378
47381
47382
47393
47416
47419
47426
47433
47440
47441
47442
47443
47445
47445
47450
47451
47453
47454
47456
47457
47457
47468
47483
47483
47484
47491
47492
47494
47497
47498
47503
47504
47519
47522
47522
47537
47540
47560
47567
47568
47581
47585
47586
47589
47603
47614
47618
47625
47628
47630
47630
47639
47642
47656
47663
47663
47683
47684
47690
47696
47699
47704
47706
47710
47712
47714
47725
47727
47732
47747
47752
47753
47754
47759
47760
47764
47764
47767
47767
47784
47786
47788
47794
47800
47807
47807
47807
47811
47816
47817
47821
47822
47838
47840
47840
47842
47847
47856
47870
47883
47895
47905
47909
47914
47916
47917
47921
47924
47940
47940
47942
47943
47946
47947
47949
47961
47971
47971
47976
47977
47978
47984
48003
48015
48016
48025
48031
48034
48036
48041
48043
48043
48045
48054
48056
48059
48064
48067
48070
48097
48102
48103
48105
48116
48120
48126
48126
48146
48149
48158
48183
48186
48193
48198
48205
48207
48212
48219
48230
48231
48248
48252
48262
48268
48271
48272
48277
48285
48288
48295
48298
48305
48310
48312
48319
48322
48322
48327
48332
48337
48339
48348
48360
48365
48378
48380
48389
48390
48391
48392
48392
48393
48395
48404
48406
48406
48408
48409
48426
48454
48456
48483
48487
48498
48516
48524
48530
48536
48548
48551
48552
48567
48576
48579
48586
48595
48600
48602
48603
48610
48615
48625
48631
48632
48638
48639
48649
48658
48658
48669
48675
48681
48684
48704
48704
48720
48738
48753
48757
48758
48766
48773
48784
48786
48790
48791
48791
48797
48797
48798
48798
48802
48804
48806
48832
48832
48834
48836
48841
48847
48850
48853
48866
48866
48888
48897
48906
48912
48922
48925
48925
48926
48942
48942
48967
48971
48975
48990
49011
49012
49018
49019
49031
49034
49047
49057
49065
49084
49087
49089
49089
49097
49102
49109
49110
49115
49116
49119
49122
49125
49128
49131
49150
49157
49164
49165
49171
49171
49184
49193
49209
49225
49226
49228
49232
49242
49243
49259
49267
49268
49269
49279
49279
49281
49282
49286
49291
49296
49301
49308
49309
49312
49315
49329
49331
49334
49335
49341
49347
49347
49347
49352
49359
49361
49368
49371
49377
49388
49389
49389
49392
49392
49407
49410
49417
49418
49420
49428
49429
49431
49449
49459
49460
49472
49476
49476
49477
49500
49502
49513
49513
49515
49523
49526
49530
49532
49537
49538
49546
49548
49552
49555
49562
49563
49569
49571
49579
49600
49601
49603
49604
49604
49615
49623
49624
49630
49634
49638
49641
49642
49651
49657
49660
49665
49666
49690
49713
49718
49718
49718
49718
49719
49726
49739
49742
49743
49744
49754
49758
49762
49766
49769
49770
49773
49785
49787
49813
49816
49824
49825
49830
49843
49844
49845
49851
49895
49897
49903
49925
49936
49945
49952
49954
49954
49956
49966
49968
49973
49985
49988
49990
49994
