8
31
34
67
92
106
143
155
165
171
181
193
195
197
201
216
218
219
260
283
321
330
349
353
359
367
370
380
390
408
423
425
438
478
487
489
491
494
501
509
528
532
559
563
572
578
583
586
629
629
635
640
657
662
673
706
708
732
736
745
774
811
822
866
871
887
888
888
897
915
917
926
941
947
949
971
987
1012
1016
1027
1073
1087
1096
1096
1102
1108
1160
1167
1185
1187
1206
1242
1243
1247
1265
1289
1294
1298
1307
1322
1349
1357
1361
1382
1392
1438
1452
1457
1481
1490
1502
1513
1546
1548
1554
1564
1606
1610
1638
1644
1649
1661
1671
1680
1689
1702
1716
1719
1739
1752
1766
1772
1782
1790
1794
1798
1815
1855
1873
1901
1902
1915
1923
1925
1932
1933
1936
1972
1977
1977
2008
2013
2046
2056
2062
2067
2097
2113
2118
2127
2132
2140
2143
2166
2176
2183
2205
2288
2319
2334
2343
2351
2362
2362
2373
2436
2462
2465
2473
2475
2513
2527
2543
2543
2558
2579
2622
2639
2649
2654
2706
2726
2731
2746
2752
2766
2767
2772
2782
2796
2839
2851
2857
2903
2904
2921
2923
2942
2943
2946
2982
2986
2992
3035
3038
3053
3062
3073
3074
3089
3099
3139
3144
3167
3179
3185
3191
3212
3212
3240
3248
3257
3258
3275
3279
3316
3322
3331
3339
3373
3405
3408
3417
3434
3438
3473
3498
3511
3514
3521
3523
3530
3577
3586
3603
3623
3630
3665
3728
3738
3744
3756
3777
3785
3785
3831
3833
3833
3850
3857
3864
3882
3894
3910
3920
3922
3943
3946
3964
3970
3978
4004
4005
4012
4034
4043
4076
4077
4109
4115
4216
4220
4251
4277
4285
4296
4312
4323
4336
4341
4399
4404
4407
4430
4435
4439
4444
4450
4459
4468
4477
4497
4497
4505
4507
4527
4537
4548
4576
4606
4613
4663
4675
4676
4695
4720
4733
4739
4792
4794
4817
4837
4898
4912
4919
4928
4960
4973
4987
5082
5082
5112
5122
5140
5144
5159
5193
5201
5207
5252
5253
5264
5267
5281
5296
5299
5300
5309
5310
5311
5320
5360
5380
5419
5426
5430
5431
5435
5440
5456
5474
5482
5500
5507
5516
5528
5534
5534
5560
5565
5569
5571
5580
5593
5595
5604
5631
5683
5687
5692
5702
5708
5714
5717
5722
5754
5779
5796
5858
5867
5886
5893
5914
5922
5923
5928
5934
5940
5947
5962
5966
5976
5981
6000
6001
6010
6014
6038
6048
6052
6062
6093
6126
6126
6143
6145
6164
6164
6191
6194
6207
6211
6236
6244
6249
6253
6267
6275
6285
6299
6325
6327
6340
6348
6348
6357
6392
6406
6432
6452
6467
6470
6493
6497
6500
6521
6521
6521
6553
6616
6620
6625
6636
6641
6655
6665
6714
6730
6737
6752
6765
6792
6798
6814
6826
6846
6853
6859
6864
6889
6916
6922
6924
6934
6942
6945
6963
6967
6970
6971
6995
7005
7017
7020
7024
7040
7051
7058
7068
7071
7074
7080
7081
7106
7108
7126
7136
7159
7161
7164
7180
7183
7185
7186
7194
7195
7195
7206
7212
7223
7256
7261
7297
7299
7301
7302
7312
7325
7338
7339
7341
7360
7372
7381
7395
7432
7438
7454
7458
7487
7496
7511
7551
7552
7568
7574
7593
7594
7595
7598
7644
7650
7664
7670
7671
7705
7706
7713
7730
7742
7745
7746
7780
7792
7824
7839
7842
7871
7871
7875
7885
7895
7898
7914
7927
7932
7935
7970
8012
8027
8044
8052
8076
8082
8084
8102
8117
8132
8154
8181
8212
8248
8254
8263
8274
8320
8336
8368
8382
8395
8402
8433
8435
8444
8447
8469
8471
8481
8506
8512
8517
8521
8541
8545
8552
8552
8594
8601
8629
8638
8639
8659
8683
8685
8700
8705
8708
8709
8725
8729
8732
8746
8750
8802
8826
8837
8851
8872
8894
8897
8901
8914
8922
8943
8952
8977
8988
9022
9023
9029
9040
9050
9063
9066
9094
9097
9097
9120
9128
9133
9140
9181
9184
9230
9245
9250
9258
9265
9269
9279
9297
9304
9326
9347
9354
9360
9367
9368
9368
9400
9421
9428
9432
9449
9454
9454
9482
9492
9512
9519
9523
9537
9570
9580
9585
9593
9609
9613
9620
9621
9621
9626
9627
9651
9695
9702
9714
9754
9804
9809
9817
9818
9844
9865
9868
9872
9874
9899
9908
9910
9974
9975
9985
9986
10004
10056
10066
10068
10092
10094
10099
10114
10137
10144
10157
10158
10171
10181
10205
10212
10213
10237
10251
10271
10291
10320
10341
10395
10400
10425
10425
10440
10441
10442
10452
10488
10494
10515
10517
10530
10534
10535
10558
10574
10577
10582
10586
10601
10603
10608
10624
10645
10663
10667
10676
10699
10705
10717
10720
10732
10736
10741
10755
10756
10765
10766
10791
10793
10793
10806
10815
10819
10819
10828
10906
10914
10916
10958
10961
10987
10991
11024
11029
11033
11045
11049
11114
11116
11129
11141
11154
11155
11172
11174
11180
11180
11199
11202
11205
11232
11249
11270
11280
11307
11338
11349
11366
11366
11380
11407
11416
11441
11444
11458
11480
11490
11493
11524
11540
11578
11610
11615
11623
11626
11629
11659
11667
11693
11711
11715
11739
11741
11768
11774
11778
11802
11817
11830
11850
11858
11870
11873
11881
11918
11962
11967
11992
12017
12027
12033
12051
12072
12073
12075
12117
12125
12131
12131
12165
12200
12214
12217
12257
12262
12277
12294
12298
12299
12300
12313
12314
12374
12390
12430
12436
12460
12475
12479
12494
12495
12503
12550
12560
12573
12577
12587
12612
12629
12652
12654
12671
12678
12696
12700
12727
12770
12817
12835
12841
12867
12875
12882
12890
12894
12898
12900
12927
12934
12946
12951
12968
12982
12984
12989
13004
13017
13021
13031
13064
13091
13106
13107
13110
13111
13121
13124
13170
13178
13181
13206
13226
13233
13236
13254
13261
13274
13301
13304
13312
13344
13352
13354
13356
13359
13360
13411
13427
13428
13453
13456
13470
13478
13567
13582
13586
13601
13605
13665
13671
13702
13720
13723
13742
13751
13762
13769
13777
13796
13807
13810
13877
13927
13932
13946
13949
13952
13994
14018
14051
14056
14070
14086
14108
14132
14177
14197
14200
14228
14239
14254
14266
14278
14296
14300
14307
14314
14322
14332
14332
14361
14383
14389
14405
14408
14451
14471
14486
14489
14522
14570
14582
14609
14616
14625
14625
14626
14651
14665
14693
14694
14698
14705
14716
14736
14741
14747
14757
14761
14763
14763
14778
14807
14826
14831
14832
14837
14867
14901
14906
14916
14925
14946
15005
15017
15023
15033
15054
15066
15091
15113
15117
15124
15128
15133
15135
15139
15142
15146
15147
15162
15169
15173
15175
15191
15201
15212
15212
15241
15242
15250
15255
15261
15274
15274
15274
15293
15302
15353
15353
15390
15410
15456
15456
15464
15472
15490
15498
15506
15520
15555
15560
15631
15652
15701
15724
15744
15760
15767
15767
15772
15779
15798
15825
15847
15849
15855
15864
15928
15932
15943
15953
15967
15994
15996
16012
16020
16021
16027
16050
16053
16058
16086
16095
16104
16172
16187
16192
16194
16202
16229
16229
16236
16253
16269
16273
16284
16288
16304
16308
16312
16317
16326
16340
16350
16358
16360
16365
16389
16395
16397
16408
16439
16462
16466
16497
16509
16529
16536
16551
16554
16556
16591
16603
16625
16628
16630
16718
16752
16766
16818
16820
16821
16830
16876
16882
16887
16889
16893
16895
16927
16936
16942
16976
16990
16993
17000
17006
17025
17025
17062
17075
17076
17077
17079
17097
17188
17189
17203
17216
17252
17283
17288
17320
17327
17333
17335
17348
17356
17358
17369
17373
17385
17392
17399
17412
17413
17415
17421
17440
17441
17449
17449
17450
17471
17472
17474
17501
17521
17533
17565
17568
17574
17589
17600
17601
17616
17621
17625
17649
17661
17672
17677
17682
17684
17712
17717
17720
17742
17750
17760
17764
17773
17777
17812
17835
17846
17911
17939
17942
17951
17957
17977
18007
18020
18021
18022
18044
18054
18097
18101
18111
18131
18156
18166
18206
18214
18236
18244
18252
18256
18262
18280
18329
18337
18356
18358
18362
18372
18421
18422
18443
18444
18446
18454
18479
18484
18489
18504
18513
18524
18547
18569
18570
18585
18601
18642
18643
18643
18648
18659
18661
18665
18674
18700
18707
18733
18734
18775
18777
18820
18823
18832
18836
18838
18843
18874
18878
18906
18939
18952
18968
18972
18972
18979
18998
19028
19043
19064
19065
19068
19072
19113
19117
19124
19145
19155
19167
19169
19240
19260
19278
19357
19366
19372
19385
19400
19425
19430
19492
19516
19517
19579
19581
19608
19632
19637
19660
19664
19686
19697
19697
19705
19706
19721
19723
19742
19754
19772
19785
19801
19818
19829
19832
19847
19849
19905
19920
19930
19953
19984
19995
20001
20002
20030
20071
20089
20095
20189
20225
20237
20243
20249
20259
20276
20281
20298
20320
20320
20334
20345
20368
20388
20405
20427
20427
20433
20435
20443
20448
20478
20483
20505
20517
20528
20562
20574
20582
20607
20614
20621
20626
20631
20631
20634
20643
20654
20678
20680
20699
20710
20715
20716
20721
20724
20732
20751
20779
20783
20841
20886
20895
20897
20912
20921
20933
20936
20956
20968
20976
20987
20998
21002
21010
21021
21036
21039
21051
21059
21077
21083
21118
21161
21168
21176
21194
21210
21215
21215
21223
21231
21233
21233
21243
21255
21267
21270
21314
21318
21338
21347
21383
21384
21409
21420
21432
21465
21465
21467
21485
21489
21489
21496
21504
21524
21535
21562
21564
21566
21581
21597
21598
21605
21636
21649
21657
21660
21665
21672
21685
21691
21692
21722
21735
21746
21767
21774
21786
21806
21812
21821
21827
21832
21869
21881
21898
21910
21924
21958
21982
22005
22072
22079
22079
22095
22137
22157
22162
22182
22198
22212
22224
22235
22241
22259
22265
22266
22313
22321
22350
22355
22359
22361
22362
22366
22377
22379
22389
22395
22398
22411
22428
22477
22490
22492
22499
22514
22543
22543
22593
22619
22621
22625
22627
22631
22639
22644
22657
22699
22745
22762
22776
22803
22819
22832
22844
22851
22855
22884
22890
22902
22902
22913
22952
22958
22966
22979
22992
23015
23039
23040
23040
23044
23076
23081
23112
23130
23172
23176
23204
23213
23224
23225
23232
23235
23237
23239
23247
23273
23282
23294
23306
23312
23318
23321
23329
23334
23371
23374
23397
23416
23423
23459
23480
23535
23537
23558
23596
23613
23631
23644
23658
23668
23706
23723
23726
23757
23759
23761
23779
23834
23836
23840
23868
23894
23898
23905
23922
23936
23940
23942
23953
23954
23963
23969
23975
23978
23984
23994
24007
24035
24048
24060
24065
24084
24085
24091
24097
24109
24142
24158
24167
24185
24190
24206
24223
24236
24251
24302
24316
24317
24320
24325
24328
24329
24333
24345
24359
24367
24371
24415
24426
24447
24457
24478
24481
24518
24556
24584
24607
24621
24626
24627
24651
24663
24679
24679
24699
24701
24731
24763
24765
24793
24808
24841
24854
24862
24884
24889
24889
24894
24898
24899
24960
24994
25016
25051
25083
25085
25106
25107
25113
25136
25141
25152
25156
25166
25177
25196
25214
25267
25268
25313
25372
25390
25416
25448
25457
25465
25469
25470
25482
25483
25485
25497
25506
25605
25618
25620
25639
25666
25681
25708
25721
25732
25762
25766
25822
25855
25858
25889
25938
25943
25943
25945
25946
25976
25984
25986
26004
26008
26011
26013
26025
26027
26044
26074
26090
26109
26146
26178
26194
26198
26209
26230
26245
26252
26265
26274
26287
26302
26313
26315
26329
26338
26340
26342
26351
26369
26390
26398
26402
26407
26411
26418
26440
26497
26510
26515
26525
26538
26549
26550
26618
26642
26655
26656
26676
26678
26682
26710
26716
26735
26737
26757
26761
26780
26801
26802
26824
26831
26847
26848
26855
26873
26882
26893
26897
26897
26905
26905
26930
26933
26939
26956
26964
26977
26986
27018
27062
27092
27099
27116
27123
27125
27148
27163
27194
27195
27205
27242
27258
27258
27270
27275
27277
27278
27280
27280
27287
27290
27290
27303
27316
27335
27348
27354
27361
27365
27366
27380
27396
27419
27440
27442
27444
27446
27469
27473
27514
27519
27521
27528
27541
27545
27554
27565
27573
27587
27603
27620
27641
27665
27665
27694
27696
27701
27722
27726
27727
27752
27753
27760
27760
27786
27790
27801
27829
27859
27886
27887
27902
27916
27939
27945
27948
27960
27995
28042
28047
28054
28055
28058
28058
28070
28090
28143
28162
28169
28171
28176
28221
28257
28291
28295
28331
28436
28443
28451
28461
28474
28490
28492
28498
28502
28511
28520
28542
28556
28562
28563
28574
28591
28596
28640
28656
28662
28674
28690
28698
28704
28722
28750
28762
28784
28784
28800
28805
28821
28822
28822
28825
28831
28853
28857
28857
28872
28884
28890
28894
28918
28927
28929
28972
28999
29019
29021
29029
29073
29073
29084
29097
29104
29134
29146
29166
29181
29260
29300
29348
29349
29367
29375
29384
29390
29392
29396
29410
29414
29434
29437
29440
29481
29506
29514
29522
29525
29537
29537
29553
29603
29628
29658
29663
29680
29695
29708
29717
29734
29744
29745
29747
29766
29801
29811
29835
29877
29896
29908
29909
29911
29989
29996
30031
30038
30040
30056
30067
30067
30070
30099
30099
30100
30101
30109
30119
30143
30196
30209
30220
30223
30227
30236
30274
30280
30288
30305
30319
30330
30351
30364
30377
30411
30440
30470
30484
30484
30541
30584
30610
30628
30631
30632
30645
30666
30674
30676
30692
30692
30730
30767
30779
30786
30788
30791
30853
30862
30890
30898
30908
30911
30919
30920
30922
30957
30973
31005
31037
31066
31072
31092
31101
31127
31148
31168
31177
31180
31210
31225
31229
31241
31242
31265
31272
31285
31291
31297
31304
31311
31317
31336
31340
31355
31360
31370
31370
31374
31385
31400
31403
31405
31413
31424
31430
31447
31472
31489
31489
31493
31501
31518
31543
31607
31614
31615
31630
31651
31672
31705
31710
31717
31723
31724
31730
31737
31741
31755
31774
31794
31798
31808
31809
31816
31819
31829
31842
31847
31877
31890
31891
31907
31908
31908
31911
31915
31923
31927
31944
31965
31981
31996
32008
32043
32064
32073
32079
32087
32094
32148
32151
32154
32164
32184
32185
32198
32213
32227
32229
32244
32249
32271
32291
32293
32297
32307
32310
32315
32326
32333
32370
32377
32390
32417
32422
32462
32473
32489
32522
32526
32552
32573
32619
32638
32648
32674
32676
32678
32688
32713
32735
32746
32760
32794
32803
32849
32854
32877
32882
32895
32920
32927
32936
32942
32943
32969
32983
32990
33004
33006
33007
33026
33069
33087
33087
33093
33112
33126
33177
33186
33190
33237
33286
33303
33314
33327
33366
33374
33402
33421
33483
33501
33531
33533
33539
33551
33574
33580
33597
33609
33629
33638
33659
33662
33665
33696
33696
33718
33718
33756
33759
33818
33863
33868
33880
33912
33912
33917
33920
33923
33938
33958
33985
33989
33998
33999
34012
34031
34037
34049
34053
34094
34147
34149
34150
34210
34211
34222
34229
34244
34251
34270
34278
34287
34291
34291
34314
34330
34337
34358
34359
34368
34372
34384
34402
34433
34444
34464
34482
34509
34512
34527
34538
34551
34554
34574
34576
34609
34625
34639
34660
34663
34687
34706
34715
34750
34755
34769
34772
34802
34805
34819
34846
34861
34866
34866
34866
34873
34887
34890
34905
34924
34951
34966
35033
35105
35122
35123
35137
35151
35157
35165
35171
35172
35180
35188
35189
35204
35238
35256
35339
35362
35370
35399
35402
35410
35433
35435
35452
35462
35467
35478
35478
35520
35537
35549
35572
35577
35588
35593
35602
35602
35630
35638
35675
35685
35693
35718
35726
35728
35743
35743
35748
35752
35762
35773
35774
35806
35817
35838
35887
35904
35917
35919
35921
35957
35965
35967
35967
36014
36032
36046
36053
36068
36090
36109
36110
36126
36143
36156
36174
36177
36199
36205
36211
36236
36241
36247
36255
36256
36258
36271
36277
36282
36288
36288
36311
36313
36315
36352
36398
36444
36447
36456
36460
36462
36480
36494
36532
36536
36552
36559
36559
36599
36617
36623
36624
36630
36637
36641
36642
36655
36669
36713
36756
36761
36777
36863
36864
36867
36870
36872
36878
36900
36924
36929
36942
36962
36966
37008
37009
37023
37053
37067
37069
37083
37094
37096
37101
37123
37171
37184
37202
37222
37234
37271
37272
37288
37321
37332
37333
37336
37383
37404
37417
37442
37457
37468
37476
37518
37527
37534
37580
37586
37587
37600
37601
37610
37619
37627
37630
37721
37756
37766
37801
37801
37817
37855
37864
37869
37869
37871
37908
37910
37914
37935
37967
37979
37997
38001
38005
38021
38033
38043
38051
38055
38062
38064
38072
38103
38141
38159
38181
38192
38232
38239
38247
38301
38321
38322
38325
38347
38350
38354
38408
38426
38442
38466
38471
38506
38522
38567
38594
38621
38661
38675
38675
38690
38725
38742
38757
38763
38784
38807
38820
38832
38834
38842
38873
38875
38892
38900
38915
38949
38952
38953
38958
38972
38973
38983
38990
39002
39023
39035
39056
39058
39063
39073
39076
39078
39088
39142
39144
39183
39222
39240
39242
39263
39268
39280
39295
39304
39327
39339
39369
39410
39464
39486
39491
39492
39495
39497
39506
39506
39508
39521
39527
39548
39563
39568
39623
39642
39646
39695
39699
39699
39730
39742
39806
39810
39812
39834
39835
39837
39876
39906
39909
39918
39926
39955
40016
40024
40025
40031
40041
40058
40061
40073
40074
40086
40129
40137
40144
40153
40184
40218
40230
40254
40259
40273
40280
40281
40286
40294
40298
40319
40321
40321
40323
40347
40356
40371
40388
40403
40413
40415
40434
40445
40450
40458
40465
40499
40506
40510
40516
40558
40599
40604
40656
40690
40691
40701
40731
40731
40783
40833
40842
40847
40885
40910
40914
40934
40962
40962
40971
40980
40981
40998
41012
41023
41041
41041
41045
41053
41065
41073
41075
41085
41090
41101
41104
41111
41141
41199
41211
41212
41215
41226
41234
41240
41248
41248
41257
41277
41293
41306
41312
41313
41316
41327
41329
41342
41344
41347
41351
41381
41391
41408
41408
41430
41444
41472
41487
41488
41490
41527
41532
41541
41551
41571
41572
41583
41590
41603
41641
41649
41655
41661
41674
41677
41708
41723
41724
41733
41754
41773
41787
41821
41829
41846
41879
41923
41939
41940
41955
41967
41968
41994
42012
42021
42052
42082
42098
42099
42105
42128
42138
42139
42144
42165
42174
42183
42186
42199
42209
42214
42218
42266
42267
42270
42321
42324
42328
42338
42370
42389
42393
42410
42412
42443
42449
42457
42465
42468
42474
42501
42505
42528
42528
42530
42559
42580
42605
42636
42661
42669
42669
42679
42686
42714
42720
42741
42764
42772
42779
42781
42782
42790
42792
42809
42840
42847
42859
42863
42868
42886
42900
42903
42903
42944
43001
43054
43068
43088
43096
43097
43098
43134
43145
43159
43159
43164
43194
43244
43265
43270
43288
43290
43291
43325
43384
43408
43431
43455
43477
43509
43523
43551
43562
43584
43603
43640
43652
43660
43661
43666
43669
43669
43685
43723
43727
43738
43781
43786
43797
43804
43815
43848
43857
43860
43864
43872
43877
43877
43919
43965
43969
43984
43985
43986
44000
44015
44018
44036
44044
44045
44049
44060
44075
44097
44109
44112
44115
44117
44163
44175
44175
44197
44197
44205
44206
44213
44248
44260
44263
44294
44299
44299
44318
44348
44363
44375
44390
44435
44440
44457
44469
44475
44497
44506
44546
44549
44569
44582
44595
44613
44650
44659
44703
44767
44771
44777
44785
44787
44788
44802
44806
44817
44839
44855
44860
44870
44899
44915
44922
44936
44950
44950
44962
44983
44989
45057
45066
45098
45122
45157
45170
45179
45180
45206
45223
45234
45238
45250
45252
45253
45289
45302
45310
45316
45350
45350
45367
45373
45384
45429
45440
45447
45455
45473
45500
45515
45538
45563
45581
45584
45586
45597
45604
45660
45677
45682
45707
45731
45764
45775
45790
45798
45804
45809
45818
45819
45830
45856
45865
45888
45908
45909
45916
45941
45955
45960
45967
45976
45978
45991
45996
46045
46070
46085
46099
46119
46127
46127
46139
46191
46195
46210
46238
46242
46255
46269
46291
46298
46351
46353
46368
46399
46419
46435
46531
46533
46556
46557
46575
46584
46667
46677
46679
46687
46688
46693
46693
46695
46705
46732
46742
46747
46757
46765
46769
46816
46822
46838
46841
46845
46854
46855
46862
46889
46897
46899
46901
46913
46913
46920
46961
46966
46973
46976
46980
47005
47014
47051
47073
47081
47084
47092
47110
47121
47122
47140
47143
47157
47170
47186
47190
47191
47204
47214
47216
47260
47279
47287
47288
47302
47309
47312
47343
47350
47422
47432
47447
47447
47471
47489
47501
47528
47543
47564
47574
47582
47591
47608
47623
47643
47651
47672
47674
47680
47683
47706
47730
47744
47753
47762
47772
47790
47796
47806
47821
47887
47907
47926
47931
47953
47956
48024
48038
48040
48075
48085
48094
48113
48126
48135
48145
48151
48156
48167
48189
48190
48191
48196
48198
48235
48250
48264
48295
48298
48321
48345
48363
48365
48377
48389
48414
48420
48422
48434
48438
48441
48481
48510
48533
48534
48545
48565
48568
48585
48585
48593
48597
48601
48618
48631
48647
48661
48689
48696
48720
48762
48771
48775
48782
48786
48804
48807
48833
48834
48838
48839
48842
48845
48849
48849
48862
48873
48891
48951
48958
48996
49011
49030
49039
49049
49055
49055
49070
49074
49079
49083
49101
49106
49117
49135
49139
49166
49193
49199
49247
49259
49273
49279
49343
49349
49364
49368
49369
49372
49376
49380
49390
49403
49427
49428
49450
49461
49492
49504
49511
49519
49546
49602
49608
49627
49627
49629
49636
49748
49768
49777
49782
49785
49801
49806
49850
49853
49856
49873
49885
49913
49930
49937
49943
49945
49947
49957
49968
49968
