4
11
21
37
37
39
46
50
53
54
119
122
122
157
174
181
196
208
225
234
246
254
284
288
295
314
316
320
339
360
372
403
406
418
433
433
459
473
477
487
488
499
503
518
524
537
539
543
560
594
626
645
658
674
677
686
689
693
708
713
715
721
723
730
742
766
783
785
789
791
796
801
821
831
838
854
858
866
878
922
923
929
930
933
937
947
950
972
990
992
994
1005
1015
1015
1016
1024
1028
1033
1071
1072
1075
1081
1083
1095
1100
1130
1141
1153
1162
1164
1165
1165
1180
1181
1192
1192
1198
1223
1239
1249
1249
1250
1258
1266
1270
1292
1299
1301
1312
1315
1317
1344
1344
1352
1361
1361
1374
1390
1396
1409
1415
1419
1427
1448
1456
1456
1459
1473
1484
1488
1496
1562
1591
1595
1603
1611
1630
1634
1651
1672
1673
1673
1680
1708
1726
1741
1753
1756
1757
1773
1781
1787
1795
1806
1807
1807
1808
1812
1845
1853
1855
1857
1865
1873
1875
1877
1885
1899
1900
1921
1925
1953
1959
1968
1970
1980
1999
2001
2009
2015
2019
2032
2037
2038
2042
2082
2089
2091
2114
2114
2116
2132
2141
2143
2143
2177
2182
2187
2209
2214
2219
2236
2250
2257
2307
2345
2416
2423
2438
2453
2468
2469
2489
2489
2491
2492
2502
2524
2534
2540
2541
2542
2556
2565
2590
2601
2603
2604
2608
2609
2613
2616
2628
2639
2661
2670
2672
2683
2686
2695
2711
2712
2726
2733
2738
2768
2773
2780
2782
2821
2833
2835
2878
2880
2887
2890
2892
2901
2902
2904
2907
2909
2912
2928
2930
2935
2948
2954
2971
2975
2999
2999
3066
3086
3097
3097
3135
3136
3156
3171
3171
3176
3191
3220
3228
3249
3255
3268
3270
3281
3318
3350
3352
3356
3381
3384
3391
3392
3395
3400
3402
3403
3407
3425
3426
3427
3438
3463
3486
3523
3524
3526
3544
3566
3597
3601
3609
3630
3652
3653
3680
3685
3703
3717
3721
3721
3723
3731
3734
3738
3751
3762
3767
3773
3777
3786
3795
3812
3816
3828
3830
3864
3865
3896
3898
3899
3912
3916
3921
3928
3933
3940
3940
3942
3951
3953
3962
3996
4021
4029
4054
4056
4066
4111
4112
4113
4144
4145
4167
4197
4198
4230
4235
4240
4265
4271
4277
4283
4289
4298
4311
4313
4336
4345
4376
4379
4392
4424
4449
4451
4480
4492
4503
4511
4528
4530
4530
4537
4544
4571
4571
4573
4578
4586
4595
4598
4600
4607
4609
4618
4621
4624
4635
4642
4686
4696
4698
4724
4730
4741
4743
4749
4754
4772
4773
4773
4777
4806
4809
4811
4814
4817
4819
4827
4837
4845
4885
4889
4904
4904
4915
4919
4922
4941
4985
4990
5004
5006
5013
5017
5026
5027
5031
5031
5042
5050
5058
5063
5072
5075
5081
5103
5106
5114
5121
5122
5137
5143
5147
5148
5153
5157
5171
5179
5192
5192
5230
5230
5232
5249
5285
5291
5295
5302
5310
5324
5333
5335
5350
5380
5382
5388
5400
5401
5415
5431
5433
5442
5450
5455
5458
5466
5474
5488
5494
5497
5510
5513
5514
5522
5523
5524
5528
5530
5535
5543
5549
5553
5554
5558
5560
5564
5570
5630
5631
5644
5652
5666
5704
5727
5763
5769
5771
5775
5778
5782
5791
5794
5800
5821
5843
5843
5873
5879
5888
5891
5897
5905
5909
5926
5928
5942
5964
5973
5974
5976
5977
5985
5987
5998
6004
6005
6008
6024
6034
6053
6055
6060
6072
6074
6083
6098
6105
6107
6108
6126
6136
6151
6159
6161
6170
6175
6186
6221
6236
6239
6243
6253
6267
6269
6279
6284
6288
6290
6300
6324
6330
6359
6374
6387
6398
6418
6422
6456
6459
6462
6476
6485
6495
6501
6503
6512
6513
6521
6528
6544
6547
6569
6574
6588
6599
6631
6633
6642
6643
6645
6648
6653
6665
6670
6688
6695
6717
6720
6739
6747
6773
6811
6822
6823
6835
6836
6849
6851
6853
6862
6864
6874
6875
6877
6890
6943
6949
6951
6967
6978
6982
6992
6992
6994
7000
7044
7067
7068
7073
7089
7110
7113
7128
7153
7179
7180
7182
7195
7204
7210
7220
7220
7239
7258
7269
7269
7279
7292
7301
7317
7337
7348
7350
7364
7369
7372
7373
7381
7392
7400
7403
7412
7413
7416
7417
7429
7434
7439
7447
7448
7460
7476
7485
7493
7523
7543
7543
7569
7572
7584
7601
7609
7619
7620
7622
7626
7629
7640
7642
7646
7665
7675
7701
7712
7720
7756
7759
7775
7778
7789
7791
7798
7835
7851
7852
7871
7873
7879
7881
7908
7922
7934
7936
7964
7987
7991
8004
8010
8011
8012
8021
8028
8030
8053
8059
8060
8082
8092
8098
8107
8127
8128
8131
8133
8169
8169
8181
8198
8241
8249
8256
8285
8339
8342
8346
8353
8354
8360
8382
8387
8395
8404
8404
8415
8423
8429
8439
8440
8442
8448
8465
8472
8501
8509
8529
8535
8542
8550
8550
8558
8575
8576
8587
8596
8604
8625
8628
8630
8636
8638
8638
8641
8649
8659
8671
8679
8693
8700
8702
8703
8715
8717
8719
8722
8744
8757
8760
8760
8769
8773
8787
8793
8798
8802
8856
8860
8867
8877
8881
8888
8893
8898
8899
8918
8926
8929
8932
8932
8949
8964
8971
8999
9003
9016
9021
9026
9057
9071
9075
9079
9094
9110
9114
9117
9118
9121
9123
9130
9133
9146
9147
9152
9195
9197
9203
9212
9219
9230
9248
9251
9270
9270
9274
9278
9287
9304
9305
9306
9327
9331
9349
9380
9386
9411
9422
9439
9448
9450
9465
9509
9515
9517
9518
9526
9529
9532
9552
9552
9558
9564
9567
9567
9571
9572
9579
9580
9583
9589
9596
9607
9616
9627
9653
9668
9676
9684
9684
9714
9727
9744
9748
9750
9757
9771
9773
9777
9778
9782
9818
9822
9825
9834
9843
9860
9860
9861
9871
9872
9881
9884
9886
9886
9893
9909
9915
9923
9924
9966
9974
9977
9984
9990
10023
10027
10034
10035
10037
10047
10049
10059
10064
10073
10083
10123
10124
10134
10139
10145
10146
10158
10167
10181
10184
10196
10211
10221
10224
10229
10245
10261
10263
10268
10269
10281
10297
10299
10307
10315
10318
10318
10321
10333
10358
10359
10376
10391
10412
10438
10443
10450
10455
10478
10503
10504
10515
10532
10559
10561
10565
10567
10579
10579
10599
10603
10604
10604
10606
10613
10624
10636
10647
10650
10669
10700
10709
10723
10733
10735
10751
10754
10756
10777
10792
10795
10795
10799
10803
10803
10815
10827
10828
10829
10829
10834
10847
10848
10852
10858
10876
10877
10880
10907
10918
10963
10968
10984
11025
11029
11057
11100
11101
11143
11146
11161
11171
11190
11191
11209
11217
11222
11247
11249
11264
11267
11267
11274
11276
11295
11316
11319
11322
11367
11374
11384
11422
11422
11432
11452
11455
11463
11466
11469
11533
11537
11549
11555
11555
11556
11566
11567
11568
11584
11585
11608
11609
11614
11615
11623
11630
11638
11640
11644
11647
11651
11653
11683
11690
11728
11731
11732
11746
11770
11778
11789
11790
11792
11800
11801
11811
11826
11829
11835
11844
11851
11856
11875
11879
11893
11930
11943
11952
11964
11974
11975
11986
11995
12002
12004
12015
12017
12022
12027
12032
12033
12034
12048
12075
12086
12099
12103
12115
12122
12137
12148
12159
12167
12176
12200
12205
12240
12245
12256
12268
12273
12289
12317
12317
12340
12351
12352
12373
12396
12402
12405
12430
12440
12445
12448
12468
12475
12482
12488
12491
12496
12501
12527
12537
12544
12547
12549
12570
12575
12590
12600
12619
12621
12622
12626
12628
12643
12659
12687
12705
12712
12719
12722
12729
12735
12745
12748
12770
12788
12820
12831
12850
12868
12883
12895
12904
12907
12908
12918
12922
12924
12929
12935
12944
12946
12951
12973
12974
12986
12991
12991
13019
13026
13029
13039
13055
13059
13066
13068
13069
13084
13122
13133
13140
13142
13152
13159
13161
13162
13178
13184
13210
13225
13229
13253
13269
13274
13276
13278
13279
13283
13297
13310
13316
13316
13317
13355
13357
13363
13365
13366
13367
13370
13388
13393
13402
13435
13438
13446
13447
13461
13483
13487
13491
13532
13547
13564
13566
13571
13582
13587
13588
13594
13619
13620
13636
13646
13648
13653
13668
13671
13673
13677
13685
13696
13707
13712
13714
13734
13748
13749
13776
13776
13776
13797
13800
13800
13816
13827
13828
13835
13856
13859
13865
13866
13880
13884
13891
13892
13896
13903
13914
13932
13946
13946
13959
13995
13995
14004
14012
14015
14061
14081
14096
14106
14113
14125
14131
14136
14142
14150
14151
14151
14179
14193
14194
14204
14209
14211
14221
14228
14233
14243
14248
14249
14256
14267
14275
14279
14283
14290
14312
14314
14320
14328
14332
14347
14349
14383
14392
14416
14421
14447
14453
14478
14492
14497
14505
14515
14519
14563
14580
14584
14602
14613
14646
14656
14667
14675
14676
14681
14690
14714
14724
14731
14735
14755
14757
14771
14785
14786
14801
14808
14810
14837
14861
14861
14862
14872
14893
14895
14916
14925
14939
14943
14945
14954
14960
14962
14963
14972
14979
14983
14994
15001
15008
15009
15017
15038
15047
15073
15075
15107
15120
15124
15125
15165
15166
15166
15167
15180
15197
15203
15203
15205
15225
15252
15256
15258
15275
15277
15313
15316
15330
15341
15347
15375
15381
15387
15406
15411
15442
15447
15460
15468
15473
15474
15475
15479
15481
15498
15502
15503
15507
15509
15516
15517
15520
15525
15538
15551
15552
15556
15566
15569
15603
15606
15614
15627
15646
15650
15659
15671
15673
15703
15716
15720
15731
15751
15777
15788
15792
15792
15794
15799
15802
15815
15815
15817
15820
15846
15849
15858
15861
15884
15899
15904
15916
15922
15927
15943
15955
15961
15967
15982
16001
16006
16027
16061
16067
16087
16098
16111
16113
16123
16128
16140
16150
16154
16157
16167
16179
16181
16181
16194
16198
16263
16269
16276
16305
16307
16325
16326
16338
16342
16359
16375
16417
16428
16444
16472
16476
16477
16509
16547
16568
16574
16585
16590
16621
16674
16678
16686
16697
16719
16722
16733
16741
16779
16786
16803
16820
16857
16858
16864
16872
16883
16885
16895
16915
16920
16923
16923
16957
16962
16990
17016
17028
17035
17050
17064
17102
17102
17105
17108
17142
17152
17164
17188
17196
17204
17211
17222
17222
17230
17234
17244
17253
17270
17288
17293
17298
17299
17310
17313
17350
17362
17364
17373
17389
17391
17394
17401
17402
17407
17411
17415
17426
17453
17454
17460
17491
17507
17518
17531
17546
17550
17552
17590
17596
17604
17614
17653
17660
17667
17699
17706
17716
17718
17721
17725
17725
17726
17730
17731
17739
17746
17748
17760
17771
17780
17782
17788
17790
17793
17793
17799
17808
17812
17825
17829
17833
17836
17877
17879
17885
17902
17906
17912
17921
17935
17937
17941
17946
17961
17966
17970
17978
17993
18001
18005
18011
18028
18064
18066
18070
18070
18081
18088
18097
18102
18102
18109
18114
18120
18126
18134
18138
18149
18151
18176
18194
18196
18202
18206
18216
18220
18238
18248
18259
18289
18296
18317
18322
18337
18345
18347
18368
18383
18390
18394
18412
18430
18437
18450
18463
18479
18479
18481
18512
18556
18556
18585
18601
18615
18622
18622
18649
18664
18691
18691
18694
18695
18709
18715
18762
18762
18781
18789
18792
18803
18824
18829
18834
18836
18843
18845
18856
18857
18877
18877
18880
18881
18887
18904
18912
18958
19003
19027
19033
19037
19063
19064
19071
19071
19074
19076
19078
19110
19116
19119
19120
19128
19130
19157
19162
19170
19190
19196
19203
19206
19212
19228
19233
19239
19244
19252
19264
19268
19274
19282
19283
19288
19296
19297
19334
19334
19335
19352
19363
19370
19374
19375
19388
19397
19418
19419
19433
19437
19446
19456
19456
19477
19489
19506
19524
19527
19533
19536
19544
19545
19561
19563
19594
19607
19608
19610
19613
19617
19626
19657
19657
19669
19680
19695
19701
19706
19711
19718
19747
19778
19780
19804
19815
19822
19837
19841
19848
19848
19851
19859
19864
19870
19885
19905
19918
19925
19927
19928
19930
19936
19966
19986
19988
19988
19988
19995
19998
20008
20015
20017
20023
20033
20036
20040
20044
20054
20055
20078
20078
20082
20082
20096
20096
20098
20103
20106
20130
20138
20140
20143
20144
20154
20156
20171
20171
20178
20192
20219
20220
20223
20230
20243
20252
20253
20261
20262
20268
20285
20294
20296
20299
20309
20310
20313
20327
20329
20330
20331
20349
20360
20396
20396
20429
20431
20435
20440
20442
20459
20461
20471
20478
20485
20491
20509
20513
20532
20550
20551
20568
20570
20590
20606
20620
20622
20636
20643
20699
20704
20722
20729
20742
20746
20749
20751
20777
20814
20848
20863
20885
20891
20893
20902
20902
20903
20907
20908
20911
20920
20923
20949
20956
20958
20960
20961
20962
20998
21022
21023
21032
21032
21033
21035
21045
21052
21053
21058
21066
21070
21071
21081
21099
21118
21121
21125
21127
21128
21143
21147
21162
21167
21176
21187
21188
21189
21192
21199
21218
21231
21234
21250
21255
21260
21263
21266
21266
21278
21300
21307
21307
21311
21311
21315
21316
21324
21327
21330
21336
21336
21341
21344
21355
21362
21367
21367
21382
21392
21405
21408
21410
21411
21433
21444
21448
21454
21461
21499
21517
21520
21546
21556
21578
21579
21589
21593
21644
21653
21676
21681
21681
21682
21685
21686
21708
21711
21715
21716
21718
21726
21732
21737
21741
21746
21757
21773
21773
21788
21788
21791
21806
21812
21818
21821
21821
21826
21832
21832
21837
21842
21849
21893
21904
21905
21909
21910
21916
21924
21933
21954
21968
21980
22019
22021
22021
22045
22045
22065
22077
22078
22089
22106
22116
22139
22143
22154
22168
22169
22179
22199
22213
22218
22219
22232
22250
22250
22253
22274
22276
22298
22299
22317
22339
22343
22344
22372
22394
22415
22417
22419
22424
22432
22435
22478
22496
22533
22553
22574
22576
22580
22601
22615
22620
22627
22652
22654
22655
22686
22703
22710
22732
22769
22769
22786
22787
22808
22813
22817
22824
22829
22829
22835
22839
22859
22910
22921
22925
22925
22957
22970
22978
22980
22981
23004
23017
23018
23018
23019
23026
23035
23036
23039
23046
23062
23081
23083
23088
23096
23096
23125
23133
23138
23158
23159
23160
23213
23219
23252
23257
23259
23270
23274
23301
23303
23330
23335
23366
23372
23378
23379
23391
23406
23416
23427
23432
23437
23449
23451
23451
23497
23497
23504
23516
23517
23528
23534
23553
23553
23591
23617
23619
23624
23636
23637
23648
23658
23663
23696
23703
23717
23725
23727
23752
23762
23771
23777
23791
23801
23804
23805
23808
23824
23834
23881
23896
23927
23933
23941
23966
23969
23977
23994
24004
24020
24032
24033
24040
24044
24046
24075
24086
24114
24114
24129
24132
24156
24160
24167
24171
24183
24184
24186
24205
24210
24231
24263
24263
24270
24272
24284
24289
24306
24313
24338
24357
24380
24384
24409
24424
24425
24429
24442
24475
24488
24489
24491
24491
24499
24506
24521
24526
24559
24570
24576
24584
24605
24608
24610
24621
24629
24652
24664
24667
24691
24715
24722
24748
24753
24764
24774
24795
24805
24806
24808
24812
24813
24836
24840
24840
24843
24846
24852
24862
24863
24871
24872
24873
24889
24899
24913
24930
24933
24964
24966
24980
25002
25008
25009
25011
25012
25032
25053
25061
25062
25067
25081
25085
25111
25123
25134
25145
25151
25160
25170
25171
25174
25186
25188
25189
25209
25222
25223
25224
25264
25284
25303
25309
25316
25331
25337
25353
25356
25364
25367
25377
25378
25379
25388
25392
25409
25411
25413
25428
25432
25434
25437
25439
25440
25461
25462
25464
25504
25506
25512
25518
25522
25526
25529
25547
25551
25559
25565
25565
25571
25576
25578
25594
25601
25607
25616
25617
25620
25625
25629
25632
25656
25667
25681
25700
25708
25718
25719
25720
25721
25770
25774
25778
25780
25783
25785
25792
25811
25816
25827
25865
25868
25904
25916
25923
25935
25946
25961
25962
25963
25967
25984
25987
25988
25992
25993
25994
25995
25995
26008
26037
26081
26089
26099
26101
26115
26138
26162
26176
26185
26190
26198
26204
26204
26207
26213
26239
26274
26275
26296
26298
26310
26329
26337
26338
26345
26363
26363
26373
26381
26395
26414
26418
26419
26425
26428
26439
26448
26455
26466
26470
26475
26479
26481
26490
26520
26521
26531
26532
26554
26571
26595
26598
26602
26609
26617
26623
26628
26645
26645
26657
26673
26674
26686
26701
26702
26742
26751
26887
26888
26894
26898
26914
26918
26927
26929
26937
26941
26951
26951
26972
26974
26997
27011
27017
27035
27049
27052
27071
27083
27084
27094
27101
27110
27125
27128
27130
27143
27151
27183
27190
27199
27212
27228
27238
27247
27251
27253
27286
27319
27320
27325
27330
27346
27370
27381
27415
27418
27420
27421
27437
27464
27466
27475
27484
27486
27500
27513
27530
27558
27561
27573
27582
27589
27594
27597
27648
27650
27653
27685
27697
27702
27715
27719
27736
27758
27767
27787
27788
27792
27794
27799
27808
27825
27832
27874
27875
27877
27880
27883
27886
27900
27901
27928
27930
27950
27953
27959
27962
27975
27980
27981
28017
28020
28021
28022
28049
28055
28056
28063
28066
28074
28080
28088
28107
28132
28137
28140
28152
28153
28165
28165
28193
28214
28216
28244
28263
28264
28272
28276
28291
28297
28302
28314
28323
28330
28331
28339
28339
28367
28372
28377
28397
28398
28401
28411
28415
28416
28446
28469
28472
28487
28494
28504
28505
28514
28525
28530
28530
28532
28561
28572
28575
28582
28597
28603
28604
28606
28619
28620
28629
28645
28651
28652
28667
28715
28748
28759
28771
28773
28773
28815
28817
28817
28820
28837
28841
28848
28874
28892
28894
28917
28929
28967
28967
28975
28999
29002
29008
29027
29036
29039
29045
29048
29063
29071
29127
29130
29134
29144
29146
29150
29157
29172
29175
29176
29179
29213
29218
29224
29243
29243
29253
29278
29284
29286
29305
29307
29307
29311
29317
29322
29330
29338
29345
29393
29415
29434
29455
29488
29498
29536
29541
29562
29588
29610
29627
29634
29636
29637
29638
29651
29656
29668
29678
29704
29716
29719
29722
29741
29757
29759
29760
29762
29773
29786
29792
29794
29809
29822
29827
29833
29840
29843
29845
29855
29875
29896
29931
29931
29946
29951
29952
29955
29968
29989
29989
30008
30034
30045
30071
30077
30084
30094
30109
30118
30127
30149
30149
30149
30163
30165
30168
30170
30171
30175
30182
30185
30185
30185
30187
30191
30201
30208
30222
30226
30248
30248
30251
30253
30255
30258
30284
30286
30319
30325
30326
30335
30344
30370
30374
30377
30385
30402
30402
30421
30424
30428
30431
30448
30452
30460
30462
30462
30466
30467
30472
30487
30488
30490
30518
30537
30556
30569
30572
30575
30579
30593
30619
30639
30651
30662
30685
30691
30691
30735
30737
30744
30747
30749
30762
30767
30774
30787
30801
30804
30806
30828
30829
30833
30839
30844
30846
30851
30856
30859
30870
30907
30910
30913
30923
30926
30943
30951
30957
30965
30971
30973
30997
31028
31029
31057
31066
31082
31083
31086
31091
31094
31097
31111
31113
31137
31138
31149
31187
31190
31195
31206
31223
31238
31238
31248
31251
31262
31285
31292
31304
31308
31315
31325
31334
31349
31388
31405
31428
31458
31472
31486
31489
31498
31500
31516
31543
31557
31568
31603
31606
31609
31619
31642
31645
31648
31673
31680
31687
31687
31702
31727
31735
31736
31766
31772
31793
31824
31834
31838
31851
31851
31852
31852
31867
31869
31894
31916
31918
31925
31935
31937
31940
31990
31999
32006
32010
32019
32028
32029
32045
32054
32054
32095
32101
32119
32135
32136
32150
32164
32166
32177
32195
32199
32201
32222
32229
32234
32234
32235
32241
32242
32264
32267
32270
32277
32278
32281
32296
32302
32303
32307
32307
32320
32324
32329
32337
32378
32398
32410
32415
32432
32449
32450
32450
32469
32473
32485
32500
32513
32526
32541
32553
32565
32574
32577
32598
32614
32615
32620
32635
32641
32644
32687
32749
32776
32870
32901
32918
32926
32929
32954
32956
32981
32984
32986
32990
32992
33005
33008
33021
33048
33052
33061
33079
33079
33103
33118
33128
33143
33145
33151
33152
33157
33182
33187
33197
33203
33204
33213
33221
33244
33245
33268
33277
33284
33300
33305
33324
33357
33368
33374
33375
33383
33401
33402
33416
33419
33435
33446
33449
33473
33512
33513
33515
33524
33564
33580
33581
33588
33595
33600
33605
33610
33617
33639
33647
33649
33659
33678
33680
33683
33692
33697
33698
33723
33733
33733
33751
33751
33776
33787
33799
33800
33805
33833
33840
33849
33857
33866
33873
33875
33878
33881
33882
33883
33887
33921
33959
33964
33967
33994
34005
34024
34026
34027
34028
34028
34035
34045
34062
34077
34080
34082
34082
34099
34126
34129
34140
34154
34177
34184
34186
34186
34187
34251
34254
34260
34269
34273
34273
34282
34282
34287
34302
34306
34307
34307
34312
34322
34351
34377
34382
34406
34409
34450
34456
34458
34465
34468
34469
34474
34480
34497
34507
34534
34536
34546
34548
34554
34562
34570
34589
34589
34599
34603
34613
34634
34643
34643
34660
34673
34692
34706
34715
34718
34732
34737
34748
34750
34764
34773
34792
34805
34806
34813
34818
34826
34842
34857
34865
34867
34882
34887
34912
34922
34930
34947
34947
34949
34967
34974
34997
34998
35008
35010
35014
35018
35032
35046
35049
35049
35084
35098
35111
35129
35159
35179
35182
35192
35192
35200
35210
35219
35225
35233
35238
35245
35245
35259
35265
35269
35277
35282
35296
35299
35312
35336
35346
35361
35366
35380
35391
35404
35422
35427
35432
35438
35440
35442
35444
35446
35466
35481
35487
35493
35506
35537
35540
35549
35572
35579
35584
35588
35591
35597
35598
35608
35609
35618
35619
35631
35633
35640
35657
35661
35661
35667
35667
35676
35677
35678
35691
35715
35723
35724
35725
35725
35725
35751
35761
35771
35772
35776
35782
35784
35790
35810
35818
35824
35836
35852
35867
35872
35881
35884
35888
35889
35903
35927
35929
35932
35941
35953
35964
35979
35980
35998
36019
36021
36036
36044
36048
36086
36088
36089
36103
36112
36116
36133
36148
36151
36166
36170
36182
36196
36203
36220
36221
36223
36226
36238
36245
36249
36256
36267
36274
36281
36285
36315
36344
36347
36350
36352
36366
36399
36400
36430
36438
36469
36470
36481
36490
36493
36502
36508
36525
36529
36531
36537
36548
36574
36577
36585
36586
36594
36620
36634
36643
36678
36685
36689
36698
36709
36713
36730
36738
36748
36754
36755
36760
36768
36776
36778
36779
36780
36780
36784
36794
36809
36814
36836
36864
36867
36880
36881
36893
36930
36930
36938
36950
36950
36959
36962
36978
36987
37009
37048
37052
37058
37073
37096
37109
37114
37115
37115
37116
37123
37124
37137
37142
37154
37159
37161
37162
37168
37172
37182
37191
37195
37202
37267
37274
37278
37318
37326
37333
37335
37336
37338
37343
37350
37386
37396
37407
37411
37417
37440
37441
37448
37457
37466
37481
37482
37488
37497
37514
37521
37526
37536
37546
37554
37564
37567
37570
37595
37601
37602
37606
37607
37614
37634
37636
37651
37667
37700
37715
37733
37737
37740
37742
37764
37773
37787
37788
37791
37794
37820
37830
37845
37855
37865
37867
37881
37887
37906
37907
37908
37908
37914
37918
37918
37924
37932
37934
37941
37950
37955
37956
37981
37998
38001
38003
38009
38012
38016
38023
38038
38041
38042
38045
38048
38064
38065
38068
38069
38100
38104
38146
38148
38151
38158
38164
38167
38174
38210
38233
38235
38251
38260
38265
38272
38273
38278
38280
38283
38285
38303
38322
38327
38334
38361
38364
38375
38376
38388
38395
38406
38413
38431
38439
38443
38446
38448
38454
38467
38485
38492
38493
38533
38543
38546
38547
38549
38564
38571
38572
38584
38587
38590
38592
38600
38606
38613
38630
38641
38643
38667
38667
38670
38688
38692
38692
38700
38701
38729
38754
38762
38763
38764
38766
38768
38768
38768
38808
38821
38829
38843
38879
38880
38887
38903
38919
38931
38938
38944
38955
38961
38978
38979
38990
38994
38995
39006
39025
39036
39036
39047
39056
39072
39081
39091
39097
39098
39103
39110
39112
39114
39129
39139
39140
39140
39141
39155
39166
39174
39217
39250
39257
39265
39273
39277
39291
39312
39313
39320
39330
39343
39346
39356
39373
39385
39386
39398
39406
39415
39427
39449
39452
39477
39479
39482
39488
39509
39528
39546
39563
39578
39591
39596
39607
39632
39647
39651
39667
39688
39694
39708
39728
39765
39766
39779
39785
39801
39819
39857
39866
39882
39888
39940
39949
39954
39960
39977
39988
40008
40021
40030
40042
40045
40052
40066
40095
40111
40111
40111
40122
40131
40141
40142
40156
40160
40162
40181
40181
40191
40193
40210
40212
40242
40254
40260
40262
40264
40275
40289
40294
40295
40304
40315
40321
40323
40330
40333
40341
40351
40356
40360
40376
40377
40389
40391
40391
40437
40447
40450
40483
40510
40518
40522
40527
40529
40538
40544
40545
40552
40577
40579
40596
40607
40608
40612
40616
40625
40647
40654
40665
40667
40673
40676
40679
40707
40714
40721
40723
40723
40724
40739
40754
40758
40771
40775
40777
40779
40789
40793
40803
40815
40830
40840
40841
40846
40861
40894
40906
40915
40926
40932
40953
40955
40990
40992
41083
41088
41098
41103
41105
41109
41110
41113
41131
41135
41149
41184
41185
41186
41197
41197
41202
41208
41218
41224
41235
41241
41243
41252
41255
41255
41260
41266
41268
41273
41276
41288
41295
41296
41312
41345
41353
41380
41381
41382
41385
41395
41428
41440
41453
41465
41469
41510
41515
41516
41521
41535
41537
41543
41543
41553
41562
41564
41571
41579
41612
41619
41645
41661
41662
41674
41766
41775
41799
41844
41868
41878
41885
41887
41900
41901
41912
41919
41919
41931
41932
41941
41953
41971
41979
42007
42008
42011
42023
42026
42034
42044
42049
42058
42060
42074
42096
42104
42110
42125
42128
42143
42175
42179
42179
42180
42185
42200
42213
42244
42253
42268
42300
42305
42306
42311
42322
42333
42335
42361
42390
42395
42410
42414
42420
42424
42433
42442
42446
42474
42485
42503
42509
42511
42514
42518
42523
42525
42526
42550
42575
42588
42591
42594
42599
42600
42601
42614
42620
42632
42640
42643
42652
42655
42674
42684
42685
42688
42694
42694
42694
42701
42702
42716
42719
42735
42759
42759
42765
42796
42802
42804
42848
42854
42865
42878
42903
42920
42920
42941
42951
42952
42963
43008
43018
43022
43025
43039
43049
43059
43075
43090
43155
43158
43187
43201
43215
43215
43217
43228
43243
43251
43277
43288
43309
43338
43359
43373
43385
43386
43405
43408
43408
43417
43435
43437
43437
43443
43446
43456
43464
43473
43486
43493
43500
43512
43516
43525
43530
43530
43538
43540
43551
43562
43577
43594
43604
43609
43621
43642
43669
43710
43725
43728
43736
43749
43752
43754
43783
43796
43802
43812
43813
43817
43830
43856
43856
43864
43877
43892
43895
43898
43939
43951
43956
43974
43983
43992
44046
44051
44071
44081
44089
44091
44101
44104
44117
44122
44155
44157
44163
44170
44176
44183
44186
44212
44216
44262
44282
44287
44295
44302
44304
44305
44308
44318
44332
44335
44341
44362
44375
44387
44409
44418
44423
44435
44438
44442
44448
44472
44472
44476
44478
44484
44486
44496
44499
44504
44516
44567
44579
44580
44588
44618
44624
44631
44634
44652
44657
44658
44658
44661
44665
44668
44672
44683
44685
44719
44726
44743
44745
44749
44753
44759
44763
44772
44793
44794
44797
44800
44805
44811
44829
44867
44878
44902
44910
44915
44953
44959
44962
44990
45007
45008
45020
45025
45033
45053
45053
45057
45062
45064
45083
45097
45121
45125
45136
45140
45145
45155
45162
45172
45186
45187
45204
45230
45232
45239
45273
45273
45283
45283
45309
45319
45321
45324
45329
45336
45336
45352
45362
45366
45374
45382
45409
45427
45448
45467
45468
45487
45499
45508
45509
45538
45551
45564
45565
45573
45577
45589
45596
45626
45631
45647
45649
45652
45653
45679
45698
45700
45711
45712
45717
45725
45726
45726
45738
45738
45758
45758
45772
45776
45793
45809
45816
45821
45823
45834
45842
45850
45850
45855
45861
45871
45879
45883
45887
45899
45909
45927
45939
45970
45973
45989
46001
46038
46074
46076
46095
46099
46101
46107
46116
46124
46147
46150
46155
46162
46184
46185
46203
46203
46206
46228
46240
46241
46264
46264
46305
46308
46315
46323
46332
46345
46348
46365
46368
46369
46373
46375
46379
46399
46421
46451
46455
46458
46463
46482
46487
46491
46508
46520
46520
46537
46540
46542
46542
46547
46554
46554
46577
46581
46586
46602
46607
46636
46639
46650
46655
46677
46697
46703
46705
46714
46719
46719
46730
46735
46738
46740
46746
46752
46762
46771
46771
46777
46790
46806
46807
46808
46827
46857
46874
46931
46941
46951
46976
46993
46995
46996
47006
47032
47042
47056
47062
47071
47072
47081
47083
47088
47123
47133
47148
47158
47159
47166
47192
47202
47209
47221
47228
47233
47278
47288
47302
47322
47325
47330
47338
47339
47355
47355
47356
47358
47378
47398
47430
47467
47474
47475
47477
47490
47490
47499
47510
47514
47522
47535
47543
47545
47554
47555
47564
47589
47590
47608
47614
47638
47658
47661
47674
47677
47689
47708
47724
47753
47758
47770
47787
47804
47818
47822
47839
47856
47867
47867
47878
47893
47910
47922
47949
47971
47979
47994
48016
48022
48027
48039
48053
48055
48056
48082
48089
48098
48110
48116
48151
48167
48173
48215
48238
48246
48261
48270
48275
48277
48278
48291
48303
48314
48323
48327
48331
48388
48391
48403
48414
48416
48431
48441
48445
48457
48463
48484
48484
48491
48506
48529
48565
48580
48602
48634
48649
48659
48661
48690
48744
48749
48763
48766
48779
48783
48797
48806
48809
48813
48817
48823
48858
48867
48897
48917
48938
48942
48955
48959
48981
48981
48984
48997
49002
49006
49009
49014
49022
49030
49055
49057
49071
49093
49104
49133
49136
49148
49174
49177
49199
49199
49203
49203
49242
49248
49257
49261
49267
49278
49286
49298
49319
49336
49342
49351
49357
49362
49365
49378
49386
49389
49397
49400
49423
49438
49439
49443
49444
49458
49487
49493
49510
49529
49533
49542
49544
49547
49547
49553
49586
49587
49597
49602
49617
49627
49627
49633
49640
49648
49649
49664
49665
49672
49673
49686
49697
49708
49708
49710
49725
49727
49740
49755
49760
49767
49772
49782
49792
49801
49806
49810
49816
49818
49829
49842
49853
49858
49859
49863
49871
49881
49894
49920
49926
49927
49929
49940
49958
49961
49965
49965
49973
49988
