5
7
9
23
32
39
46
54
59
70
80
81
82
94
110
114
119
126
136
151
161
163
164
169
170
172
185
202
204
215
227
230
273
275
280
285
299
315
325
330
350
360
386
388
389
392
392
401
415
418
419
424
427
440
442
467
467
473
478
488
489
490
492
501
504
513
519
521
529
542
546
548
565
585
596
599
602
613
615
621
624
626
628
643
643
659
659
665
665
667
676
699
703
704
713
722
725
732
741
746
751
786
794
805
812
813
816
818
825
862
866
874
896
905
928
932
933
949
951
969
975
975
981
1001
1002
1002
1022
1022
1036
1043
1049
1051
1054
1056
1070
1078
1088
1092
1103
1106
1118
1125
1136
1139
1144
1153
1204
1207
1218
1239
1254
1274
1276
1292
1308
1313
1321
1323
1328
1332
1349
1357
1363
1370
1370
1373
1377
1377
1384
1387
1390
1411
1422
1426
1438
1453
1457
1474
1475
1493
1495
1500
1500
1501
1503
1508
1510
1516
1525
1537
1549
1552
1568
1579
1615
1630
1643
1653
1657
1668
1672
1684
1687
1700
1701
1701
1704
1705
1706
1714
1715
1727
1737
1771
1784
1796
1800
1804
1809
1811
1813
1815
1819
1827
1838
1863
1866
1870
1894
1898
1901
1908
1918
1928
1928
1942
1945
1952
1964
1968
1978
1978
1978
2004
2039
2041
2044
2055
2059
2062
2063
2069
2072
2084
2084
2106
2111
2123
2139
2143
2148
2148
2167
2176
2194
2195
2211
2212
2215
2244
2246
2247
2265
2275
2277
2283
2288
2299
2300
2301
2329
2330
2364
2391
2396
2396
2397
2398
2401
2409
2423
2429
2434
2441
2441
2447
2452
2457
2463
2489
2491
2492
2504
2515
2529
2529
2560
2564
2571
2572
2587
2589
2602
2603
2610
2622
2623
2631
2647
2652
2657
2666
2670
2673
2680
2693
2701
2702
2729
2735
2740
2741
2756
2757
2778
2779
2780
2804
2811
2823
2828
2833
2840
2868
2869
2869
2877
2878
2886
2898
2900
2901
2926
2926
2927
2958
2958
2962
2963
2964
2965
2976
2984
2990
3040
3043
3054
3054
3059
3061
3077
3083
3085
3091
3102
3123
3127
3141
3159
3165
3173
3179
3179
3186
3187
3189
3192
3203
3211
3212
3214
3220
3227
3234
3246
3255
3276
3276
3277
3290
3296
3301
3302
3305
3308
3317
3318
3333
3351
3363
3364
3371
3381
3397
3401
3413
3431
3456
3492
3496
3509
3512
3516
3518
3519
3521
3530
3532
3541
3568
3577
3583
3583
3587
3591
3598
3618
3620
3636
3639
3639
3655
3656
3659
3661
3700
3722
3729
3731
3736
3739
3740
3742
3743
3754
3763
3768
3769
3791
3795
3795
3798
3800
3807
3810
3820
3821
3824
3832
3834
3835
3836
3839
3840
3850
3853
3865
3878
3878
3881
3883
3887
3888
3896
3903
3907
3923
3926
3930
3939
3944
3951
3952
3953
3962
3963
3963
3967
3970
3975
3978
3980
3992
3994
4000
4002
4022
4028
4037
4052
4054
4061
4100
4110
4113
4125
4128
4130
4134
4148
4150
4161
4183
4185
4186
4187
4196
4203
4209
4218
4229
4235
4257
4265
4267
4284
4284
4285
4287
4291
4295
4304
4315
4319
4326
4327
4328
4345
4362
4376
4386
4388
4394
4403
4409
4416
4428
4433
4453
4453
4454
4467
4469
4479
4487
4492
4518
4521
4523
4529
4535
4561
4564
4566
4569
4569
4591
4595
4604
4606
4610
4617
4621
4624
4625
4629
4653
4662
4671
4674
4675
4678
4686
4701
4706
4706
4708
4710
4718
4722
4724
4734
4736
4770
4773
4788
4812
4833
4835
4840
4849
4861
4867
4879
4886
4888
4890
4901
4915
4929
4933
4945
4955
4958
4959
4987
4996
5023
5059
5061
5065
5065
5067
5070
5072
5075
5077
5081
5081
5081
5092
5108
5115
5144
5148
5154
5157
5167
5174
5188
5212
5213
5223
5245
5257
5267
5275
5276
5283
5315
5316
5318
5334
5339
5341
5343
5350
5362
5377
5384
5398
5402
5402
5406
5419
5423
5431
5468
5468
5471
5478
5479
5480
5499
5509
5513
5527
5528
5529
5550
5553
5559
5564
5584
5611
5619
5624
5625
5629
5643
5643
5652
5652
5655
5660
5666
5669
5679
5696
5703
5709
5712
5727
5735
5745
5746
5746
5751
5759
5763
5775
5777
5797
5817
5819
5821
5821
5829
5849
5854
5863
5864
5865
5869
5870
5873
5883
5883
5885
5896
5896
5897
5902
5908
5923
5930
5930
5935
5936
5938
5948
5963
5975
5977
5977
5979
5981
5983
5986
5991
5995
6001
6004
6009
6010
6023
6034
6056
6056
6065
6071
6078
6086
6091
6096
6115
6118
6129
6147
6164
6166
6183
6188
6190
6195
6196
6202
6213
6216
6225
6228
6230
6230
6238
6244
6245
6257
6275
6276
6280
6287
6289
6313
6315
6322
6331
6336
6337
6339
6353
6363
6366
6377
6386
6390
6395
6395
6401
6406
6414
6416
6458
6463
6465
6476
6489
6493
6500
6523
6543
6554
6584
6595
6603
6605
6605
6615
6618
6620
6645
6652
6665
6667
6672
6674
6676
6678
6679
6688
6695
6703
6703
6710
6715
6722
6723
6724
6725
6737
6739
6764
6768
6769
6777
6781
6787
6793
6820
6824
6830
6837
6838
6848
6858
6858
6861
6869
6892
6908
6911
6916
6918
6929
6941
6948
6981
6992
6998
7000
7013
7023
7033
7039
7044
7070
7070
7074
7076
7086
7087
7088
7091
7092
7095
7121
7123
7124
7133
7133
7133
7134
7137
7149
7150
7175
7178
7192
7195
7221
7225
7227
7229
7253
7259
7263
7273
7293
7308
7317
7323
7324
7340
7348
7352
7357
7360
7363
7368
7368
7371
7375
7376
7382
7386
7407
7408
7414
7417
7418
7422
7423
7426
7438
7444
7453
7480
7495
7507
7512
7521
7525
7527
7528
7534
7552
7573
7577
7577
7579
7591
7598
7607
7626
7629
7671
7673
7678
7683
7719
7720
7722
7724
7736
7743
7747
7752
7752
7757
7762
7764
7766
7783
7801
7805
7814
7821
7826
7828
7840
7842
7851
7854
7862
7865
7891
7892
7893
7903
7905
7906
7909
7922
7937
7938
7943
7973
7979
7983
8011
8018
8031
8032
8038
8044
8051
8083
8092
8094
8115
8125
8128
8147
8148
8148
8163
8167
8169
8180
8185
8187
8197
8204
8233
8246
8255
8264
8278
8290
8291
8291
8295
8298
8301
8315
8316
8323
8352
8373
8373
8374
8392
8396
8403
8404
8423
8431
8437
8442
8460
8462
8467
8475
8476
8493
8497
8511
8515
8522
8525
8538
8542
8550
8560
8571
8577
8579
8586
8594
8613
8618
8625
8643
8647
8664
8668
8681
8681
8684
8700
8717
8718
8750
8753
8760
8763
8771
8782
8787
8798
8802
8803
8816
8817
8818
8818
8820
8822
8831
8842
8845
8858
8878
8880
8889
8890
8911
8953
8973
8978
8982
8984
9012
9026
9029
9044
9051
9052
9058
9063
9075
9091
9094
9095
9170
9197
9205
9210
9217
9222
9226
9230
9234
9239
9243
9259
9268
9280
9281
9287
9289
9289
9290
9292
9298
9304
9309
9324
9354
9359
9364
9367
9374
9376
9388
9405
9407
9416
9430
9434
9438
9439
9441
9462
9469
9475
9476
9479
9492
9504
9508
9533
9541
9542
9548
9558
9559
9560
9570
9580
9585
9588
9605
9606
9633
9646
9652
9653
9656
9666
9671
9676
9686
9688
9697
9698
9720
9724
9733
9740
9746
9747
9758
9770
9783
9787
9791
9803
9824
9856
9857
9869
9875
9893
9898
9899
9901
9921
9925
9937
9955
9963
9979
9990
9998
10003
10014
10019
10020
10026
10028
10028
10036
10037
10041
10046
10058
10059
10063
10066
10085
10085
10087
10094
10097
10101
10106
10113
10118
10120
10123
10136
10144
10188
10212
10230
10231
10245
10253
10261
10267
10275
10278
10299
10301
10308
10321
10321
10325
10339
10343
10351
10354
10363
10376
10392
10394
10397
10404
10413
10431
10434
10437
10455
10461
10473
10474
10475
10485
10494
10498
10506
10509
10515
10523
10526
10527
10527
10530
10541
10542
10551
10552
10567
10567
10577
10587
10596
10604
10604
10612
10613
10642
10653
10665
10666
10669
10674
10685
10689
10694
10697
10707
10712
10727
10727
10738
10742
10752
10771
10783
10784
10793
10811
10812
10816
10825
10834
10835
10847
10855
10876
10878
10894
10894
10910
10918
10920
10920
10943
10978
10986
11004
11004
11013
11032
11034
11040
11043
11059
11061
11068
11069
11073
11079
11089
11089
11105
11113
11123
11125
11128
11129
11155
11158
11167
11168
11168
11174
11175
11179
11207
11212
11218
11219
11226
11228
11238
11264
11268
11269
11277
11285
11289
11291
11318
11345
11345
11347
11351
11376
11378
11395
11398
11398
11423
11431
11433
11442
11459
11486
11500
11533
11547
11547
11557
11566
11569
11569
11570
11571
11582
11587
11604
11606
11614
11615
11618
11620
11630
11645
11654
11659
11660
11675
11678
11686
11692
11711
11724
11726
11728
11730
11732
11741
11760
11760
11779
11793
11807
11813
11819
11833
11835
11848
11861
11889
11899
11900
11909
11912
11912
11920
11930
11947
11962
11964
11967
11973
11988
12009
12010
12030
12030
12042
12085
12098
12100
12105
12117
12121
12133
12137
12145
12148
12165
12171
12172
12194
12201
12220
12221
12232
12233
12234
12243
12244
12246
12255
12257
12273
12292
12299
12302
12303
12304
12309
12312
12316
12321
12351
12353
12371
12371
12379
12380
12388
12420
12423
12429
12434
12437
12447
12477
12505
12511
12523
12530
12546
12553
12558
12561
12563
12571
12576
12580
12583
12587
12596
12626
12631
12643
12643
12651
12655
12655
12664
12679
12680
12701
12703
12707
12720
12722
12735
12746
12746
12749
12750
12770
12772
12774
12784
12786
12795
12802
12808
12808
12810
12816
12822
12826
12838
12838
12843
12845
12857
12858
12858
12861
12875
12877
12879
12881
12889
12891
12909
12915
12947
12947
12954
12968
12982
12983
12987
12990
12991
12995
13008
13013
13015
13018
13020
13048
13057
13059
13065
13070
13072
13078
13082
13082
13087
13091
13100
13107
13114
13122
13128
13144
13146
13147
13147
13163
13167
13187
13187
13191
13191
13199
13199
13211
13221
13234
13235
13246
13246
13250
13261
13279
13283
13284
13295
13309
13315
13321
13322
13323
13351
13361
13382
13383
13384
13400
13408
13408
13414
13423
13425
13436
13469
13476
13488
13510
13514
13514
13538
13540
13554
13599
13605
13607
13619
13625
13645
13647
13650
13656
13659
13664
13673
13676
13679
13684
13690
13699
13703
13710
13722
13726
13727
13738
13740
13752
13803
13821
13822
13835
13843
13855
13862
13865
13875
13879
13880
13881
13885
13889
13894
13927
13928
13932
13945
13959
13978
13994
13997
14001
14011
14012
14016
14034
14037
14051
14062
14064
14069
14080
14091
14118
14121
14128
14129
14129
14135
14142
14143
14148
14170
14175
14189
14193
14196
14200
14220
14237
14241
14243
14247
14249
14254
14268
14281
14282
14301
14303
14304
14305
14308
14312
14325
14342
14342
14349
14354
14364
14365
14374
14382
14388
14405
14409
14424
14428
14429
14441
14454
14455
14462
14475
14476
14478
14483
14485
14489
14497
14501
14510
14514
14518
14525
14535
14537
14545
14565
14565
14579
14582
14585
14622
14637
14683
14686
14687
14693
14721
14728
14730
14738
14744
14753
14764
14775
14803
14803
14810
14810
14816
14840
14845
14848
14848
14848
14850
14868
14871
14873
14877
14885
14901
14910
14913
14917
14928
14933
14933
14937
14941
14953
14965
14970
14975
14975
14982
14988
14999
15002
15008
15011
15019
15024
15030
15037
15045
15091
15091
15111
15117
15123
15141
15150
15151
15161
15173
15180
15183
15190
15208
15213
15219
15226
15234
15242
15244
15256
15256
15268
15282
15284
15284
15290
15293
15309
15315
15316
15321
15329
15343
15380
15396
15397
15403
15408
15427
15457
15479
15492
15494
15506
15507
15508
15510
15524
15531
15531
15537
15540
15542
15556
15572
15575
15577
15592
15595
15610
15623
15628
15631
15637
15651
15659
15676
15682
15685
15716
15717
15734
15749
15766
15770
15777
15778
15781
15786
15786
15818
15823
15833
15839
15839
15850
15855
15857
15862
15868
15870
15894
15897
15898
15900
15907
15911
15929
15937
15948
15953
15971
15972
15979
15990
15991
16002
16008
16012
16030
16031
16036
16053
16054
16056
16061
16077
16081
16085
16096
16100
16109
16117
16122
16122
16133
16142
16155
16155
16160
16178
16196
16197
16229
16240
16241
16250
16254
16256
16260
16274
16280
16309
16310
16315
16316
16329
16331
16347
16350
16355
16360
16366
16382
16386
16388
16389
16393
16409
16433
16434
16451
16462
16463
16476
16485
16495
16498
16500
16508
16513
16514
16539
16544
16550
16555
16566
16569
16578
16578
16599
16600
16602
16607
16613
16614
16633
16638
16658
16662
16669
16680
16686
16695
16698
16699
16738
16750
16755
16761
16772
16776
16793
16805
16812
16822
16829
16849
16852
16879
16888
16896
16908
16914
16916
16924
16956
16959
16980
16992
16996
17010
17029
17029
17030
17035
17041
17046
17046
17054
17061
17062
17078
17080
17094
17104
17107
17116
17118
17125
17133
17150
17153
17160
17186
17190
17217
17218
17229
17233
17238
17245
17250
17253
17256
17261
17265
17278
17278
17281
17297
17298
17310
17315
17318
17327
17330
17334
17344
17353
17361
17364
17373
17388
17389
17393
17396
17409
17416
17431
17440
17443
17444
17449
17455
17456
17458
17465
17482
17493
17518
17524
17529
17540
17541
17541
17554
17556
17560
17579
17580
17581
17582
17582
17589
17592
17604
17614
17616
17627
17629
17631
17634
17635
17636
17647
17669
17671
17680
17710
17738
17748
17775
17797
17799
17810
17828
17831
17844
17854
17859
17861
17862
17865
17866
17868
17880
17884
17885
17886
17896
17914
17914
17915
17919
17920
17925
17929
17935
17943
17943
17950
17951
17961
17964
17968
18016
18018
18020
18021
18027
18028
18029
18037
18042
18056
18059
18062
18062
18073
18076
18082
18087
18089
18096
18097
18100
18103
18108
18118
18133
18141
18151
18159
18160
18172
18184
18185
18195
18199
18200
18221
18228
18244
18245
18251
18251
18263
18277
18280
18285
18287
18290
18297
18300
18308
18311
18314
18331
18347
18348
18356
18357
18363
18366
18370
18376
18382
18389
18407
18409
18421
18433
18437
18439
18457
18473
18501
18504
18506
18516
18518
18539
18552
18555
18559
18560
18564
18571
18572
18578
18587
18602
18603
18607
18618
18620
18621
18623
18625
18625
18628
18649
18654
18660
18668
18671
18678
18687
18688
18691
18695
18705
18715
18717
18728
18731
18738
18743
18743
18751
18761
18762
18768
18774
18786
18789
18803
18818
18825
18834
18848
18849
18870
18881
18893
18894
18903
18921
18925
18935
18947
18948
18952
18957
18960
18961
18962
18963
18968
18978
18978
18978
18983
18984
19003
19007
19016
19095
19118
19132
19137
19142
19146
19154
19159
19159
19195
19202
19204
19208
19229
19231
19235
19248
19252
19255
19266
19278
19281
19285
19289
19302
19317
19324
19357
19365
19367
19379
19388
19397
19397
19397
19405
19409
19424
19426
19431
19437
19438
19456
19465
19471
19476
19479
19497
19506
19507
19514
19521
19531
19531
19533
19553
19578
19578
19595
19614
19619
19633
19644
19655
19663
19666
19682
19683
19694
19704
19715
19726
19730
19731
19753
19780
19781
19798
19799
19806
19811
19820
19829
19832
19836
19836
19851
19864
19869
19871
19888
19895
19903
19932
19944
19950
19955
19962
19967
19971
19974
19975
19976
19977
19979
19981
20008
20009
20014
20015
20033
20037
20046
20063
20064
20066
20070
20074
20086
20089
20112
20125
20127
20136
20141
20157
20184
20205
20212
20213
20221
20226
20228
20242
20247
20248
20254
20258
20259
20264
20265
20274
20275
20300
20301
20303
20305
20306
20324
20333
20335
20338
20340
20343
20349
20368
20376
20378
20380
20386
20391
20393
20417
20422
20426
20426
20427
20429
20430
20447
20456
20460
20461
20470
20473
20490
20503
20517
20520
20522
20528
20543
20548
20551
20552
20569
20587
20595
20597
20601
20617
20640
20650
20651
20660
20668
20672
20673
20673
20685
20691
20696
20700
20707
20708
20709
20714
20717
20719
20727
20737
20739
20746
20765
20768
20805
20813
20836
20842
20845
20854
20879
20885
20892
20893
20897
20901
20936
20955
20957
20964
20968
20970
20973
20977
20983
20987
20996
21001
21001
21003
21005
21010
21013
21015
21043
21054
21062
21067
21081
21090
21099
21101
21108
21119
21125
21135
21136
21140
21142
21156
21156
21167
21168
21177
21178
21184
21202
21210
21212
21243
21246
21247
21260
21260
21266
21282
21288
21293
21309
21322
21322
21323
21327
21333
21340
21347
21348
21353
21357
21365
21366
21367
21373
21380
21390
21395
21400
21402
21406
21418
21422
21425
21439
21455
21469
21492
21499
21509
21526
21535
21554
21556
21561
21571
21572
21573
21574
21578
21587
21589
21593
21622
21625
21640
21675
21680
21686
21686
21692
21695
21708
21714
21730
21738
21739
21750
21751
21770
21771
21771
21786
21789
21794
21804
21833
21835
21839
21841
21868
21876
21876
21879
21884
21889
21895
21896
21911
21916
21924
21929
21932
21934
21936
21951
21954
21971
21988
21992
22003
22008
22018
22032
22035
22035
22035
22046
22063
22070
22073
22073
22079
22080
22081
22084
22088
22093
22106
22112
22115
22123
22126
22130
22145
22162
22176
22178
22178
22184
22194
22197
22201
22204
22204
22219
22223
22224
22226
22243
22253
22255
22291
22297
22305
22310
22311
22329
22348
22359
22364
22374
22375
22391
22416
22422
22429
22452
22454
22463
22465
22468
22473
22482
22499
22499
22509
22514
22532
22537
22538
22560
22563
22569
22574
22578
22580
22583
22584
22586
22599
22605
22610
22614
22619
22629
22649
22661
22693
22712
22717
22720
22727
22730
22730
22732
22740
22743
22747
22749
22751
22756
22778
22820
22829
22832
22842
22846
22846
22852
22856
22873
22896
22912
22913
22919
22950
22953
22958
22962
22966
22968
22969
22984
22985
22988
23018
23031
23032
23034
23040
23044
23048
23064
23082
23087
23105
23121
23140
23157
23172
23179
23187
23191
23198
23206
23208
23209
23228
23228
23254
23275
23276
23277
23279
23281
23285
23289
23297
23299
23305
23305
23312
23313
23324
23325
23328
23328
23333
23334
23347
23359
23368
23380
23380
23383
23383
23396
23396
23414
23417
23431
23445
23455
23464
23465
23467
23470
23472
23474
23484
23485
23488
23490
23520
23535
23540
23555
23556
23568
23569
23578
23587
23603
23617
23635
23641
23688
23697
23705
23709
23713
23720
23735
23765
23772
23778
23781
23792
23798
23803
23820
23857
23860
23863
23869
23872
23873
23880
23881
23933
23937
23948
23954
23965
23966
23976
23988
23990
24008
24014
24016
24027
24040
24042
24045
24056
24069
24074
24081
24086
24096
24100
24104
24104
24105
24113
24116
24118
24119
24134
24139
24142
24143
24145
24146
24170
24171
24185
24189
24204
24228
24228
24236
24245
24250
24257
24262
24264
24273
24277
24282
24286
24302
24306
24306
24317
24320
24326
24326
24336
24339
24345
24348
24349
24359
24366
24386
24392
24395
24409
24426
24441
24452
24456
24458
24461
24482
24489
24492
24498
24506
24512
24521
24531
24534
24540
24547
24551
24568
24573
24573
24580
24583
24588
24597
24609
24623
24652
24674
24683
24687
24688
24694
24701
24707
24711
24725
24737
24737
24748
24755
24762
24770
24773
24811
24818
24822
24824
24836
24838
24846
24849
24849
24852
24881
24907
24916
24916
24917
24922
24923
24925
24928
24932
24941
24942
24958
24967
24972
24973
24983
24984
24985
24991
24994
24995
25003
25007
25007
25013
25019
25034
25034
25042
25049
25056
25060
25063
25064
25075
25084
25085
25088
25091
25096
25106
25107
25107
25127
25133
25140
25154
25175
25178
25180
25185
25188
25188
25188
25193
25198
25202
25206
25206
25216
25216
25219
25230
25238
25248
25265
25284
25284
25285
25292
25293
25295
25327
25334
25340
25348
25352
25356
25356
25358
25370
25380
25398
25402
25443
25444
25448
25452
25460
25465
25478
25486
25493
25497
25498
25502
25512
25529
25529
25532
25543
25544
25545
25545
25550
25554
25570
25592
25605
25639
25646
25649
25652
25659
25672
25689
25694
25697
25707
25712
25713
25719
25724
25735
25784
25792
25792
25799
25799
25824
25830
25835
25838
25842
25855
25861
25864
25864
25866
25869
25871
25874
25880
25885
25887
25897
25902
25909
25918
25919
25920
25921
25927
25959
25960
25964
26007
26018
26019
26031
26036
26041
26047
26050
26058
26065
26080
26083
26084
26090
26098
26104
26105
26108
26110
26118
26120
26125
26134
26137
26156
26161
26184
26186
26186
26198
26229
26230
26237
26239
26248
26265
26269
26272
26290
26293
26295
26300
26327
26328
26329
26332
26351
26354
26360
26368
26372
26381
26383
26384
26402
26414
26421
26433
26442
26448
26458
26468
26478
26480
26481
26484
26485
26487
26503
26510
26518
26521
26523
26526
26527
26541
26551
26555
26577
26580
26587
26593
26609
26612
26633
26638
26643
26647
26650
26655
26658
26663
26664
26673
26687
26691
26703
26708
26711
26724
26726
26728
26728
26735
26744
26749
26756
26757
26758
26778
26798
26824
26846
26850
26868
26873
26879
26892
26906
26908
26916
26926
26938
26941
26941
26948
26951
26951
26951
26954
26956
26965
26972
26989
27002
27003
27003
27009
27016
27022
27029
27036
27043
27051
27053
27054
27055
27067
27070
27076
27076
27077
27082
27083
27091
27111
27120
27120
27122
27129
27136
27153
27167
27169
27175
27194
27206
27208
27209
27220
27220
27223
27253
27255
27261
27272
27284
27296
27298
27323
27328
27347
27347
27349
27358
27380
27390
27395
27401
27401
27417
27418
27440
27444
27448
27449
27457
27466
27471
27473
27474
27481
27506
27526
27533
27554
27564
27567
27568
27583
27594
27597
27602
27603
27608
27620
27624
27626
27626
27639
27641
27642
27642
27649
27657
27664
27665
27669
27677
27690
27700
27716
27716
27724
27737
27737
27754
27759
27761
27772
27774
27777
27782
27793
27795
27799
27803
27823
27830
27837
27860
27865
27865
27877
27888
27888
27905
27913
27917
27927
27931
27933
27942
27958
27960
27967
27969
27970
27989
27993
27995
28000
28011
28027
28034
28048
28051
28060
28068
28068
28075
28080
28089
28095
28095
28102
28132
28136
28145
28149
28166
28166
28172
28173
28177
28177
28184
28185
28201
28226
28235
28236
28247
28258
28262
28270
28273
28280
28288
28297
28300
28307
28324
28329
28331
28331
28361
28363
28372
28380
28397
28413
28418
28422
28462
28476
28495
28505
28508
28509
28512
28522
28547
28598
28609
28637
28641
28652
28659
28661
28673
28693
28693
28712
28717
28719
28744
28747
28750
28753
28782
28783
28785
28798
28815
28815
28825
28825
28833
28846
28853
28861
28862
28864
28868
28874
28903
28907
28947
28982
28984
28991
28992
28992
28996
29000
29023
29031
29051
29081
29088
29089
29091
29101
29124
29129
29138
29152
29166
29176
29190
29199
29207
29214
29215
29219
29219
29223
29245
29247
29288
29308
29311
29325
29327
29330
29332
29336
29338
29353
29358
29367
29373
29380
29395
29398
29400
29404
29405
29408
29411
29419
29421
29426
29431
29454
29459
29465
29466
29486
29486
29497
29498
29499
29499
29515
29525
29535
29544
29549
29549
29554
29583
29587
29605
29613
29613
29621
29625
29643
29651
29669
29675
29678
29682
29688
29691
29695
29697
29709
29726
29737
29749
29756
29786
29804
29813
29813
29830
29839
29841
29848
29863
29864
29865
29880
29899
29904
29913
29916
29923
29923
29943
29953
29957
29958
29967
29972
29977
29978
29979
29982
30007
30007
30028
30047
30047
30053
30061
30068
30070
30072
30084
30106
30120
30128
30133
30145
30145
30154
30163
30173
30173
30176
30177
30218
30218
30230
30238
30241
30242
30249
30254
30260
30267
30292
30296
30305
30310
30317
30319
30320
30320
30321
30336
30339
30354
30354
30358
30363
30373
30374
30377
30387
30399
30416
30419
30435
30456
30456
30462
30472
30474
30485
30495
30496
30507
30508
30531
30532
30551
30553
30560
30562
30565
30575
30578
30590
30613
30623
30623
30625
30631
30641
30681
30693
30709
30732
30737
30738
30752
30759
30775
30777
30793
30796
30797
30803
30803
30809
30812
30822
30835
30838
30843
30850
30883
30888
30899
30901
30906
30908
30930
30934
30939
30949
30962
30964
30970
30974
30974
30976
30981
30981
30987
30993
30996
31017
31020
31028
31043
31060
31072
31074
31081
31084
31094
31099
31106
31121
31123
31126
31129
31143
31147
31175
31177
31187
31190
31192
31192
31201
31212
31226
31227
31242
31244
31245
31247
31251
31258
31270
31280
31302
31304
31318
31325
31336
31347
31349
31355
31373
31386
31400
31410
31426
31444
31452
31460
31466
31478
31479
31484
31491
31491
31495
31515
31519
31527
31527
31529
31540
31545
31547
31549
31555
31561
31566
31570
31595
31597
31602
31657
31661
31670
31677
31681
31688
31693
31696
31710
31715
31722
31723
31727
31729
31731
31732
31752
31755
31770
31780
31780
31791
31798
31803
31807
31810
31812
31828
31830
31843
31848
31849
31850
31851
31854
31855
31865
31867
31872
31873
31880
31887
31901
31902
31905
31927
31937
31941
31945
31948
31963
31967
31968
31976
31991
31993
32003
32026
32031
32051
32059
32062
32064
32066
32068
32074
32083
32088
32090
32096
32112
32112
32114
32119
32146
32146
32150
32156
32157
32171
32184
32197
32203
32206
32223
32229
32236
32246
32253
32253
32259
32262
32299
32303
32307
32310
32321
32332
32337
32347
32359
32369
32377
32382
32386
32408
32412
32416
32435
32440
32444
32450
32454
32461
32465
32494
32495
32522
32523
32526
32540
32544
32557
32559
32565
32566
32568
32571
32571
32577
32578
32604
32614
32619
32626
32643
32655
32667
32678
32686
32704
32725
32731
32738
32742
32742
32748
32749
32756
32767
32772
32778
32779
32780
32792
32794
32794
32833
32852
32852
32862
32869
32877
32899
32914
32930
32930
32932
32934
32941
32944
32963
32964
32979
32991
32994
33000
33006
33035
33052
33059
33060
33068
33071
33076
33077
33111
33114
33121
33124
33131
33133
33145
33148
33155
33164
33184
33192
33215
33219
33238
33245
33247
33279
33280
33284
33289
33300
33304
33311
33313
33325
33332
33347
33351
33351
33358
33362
33365
33366
33377
33381
33398
33407
33426
33428
33429
33450
33458
33479
33479
33500
33501
33505
33509
33510
33527
33535
33537
33540
33543
33550
33552
33554
33558
33561
33573
33575
33578
33592
33592
33601
33605
33607
33643
33658
33677
33678
33681
33682
33687
33697
33710
33716
33719
33726
33727
33737
33751
33755
33756
33763
33767
33769
33773
33774
33781
33793
33822
33828
33829
33837
33838
33854
33856
33875
33886
33891
33894
33901
33910
33930
33934
33937
33962
33971
33979
34004
34005
34013
34015
34042
34048
34058
34064
34072
34077
34081
34082
34085
34096
34099
34101
34101
34112
34116
34120
34125
34127
34128
34138
34147
34158
34164
34164
34185
34193
34198
34201
34211
34213
34230
34232
34240
34243
34246
34246
34247
34249
34249
34253
34261
34294
34330
34336
34346
34354
34355
34381
34387
34390
34396
34399
34417
34426
34435
34439
34441
34446
34451
34458
34465
34469
34487
34495
34502
34528
34539
34542
34546
34549
34567
34568
34574
34584
34585
34587
34590
34591
34608
34608
34616
34627
34646
34652
34654
34666
34669
34670
34681
34686
34700
34702
34704
34707
34709
34711
34711
34763
34769
34772
34774
34779
34782
34783
34790
34794
34801
34802
34804
34807
34809
34843
34848
34850
34854
34871
34881
34882
34906
34915
34916
34920
34921
34931
34933
34955
34958
34972
34988
35044
35051
35058
35073
35080
35124
35125
35126
35128
35132
35148
35163
35172
35186
35188
35191
35200
35204
35204
35214
35219
35234
35234
35243
35248
35251
35260
35263
35283
35285
35306
35311
35316
35320
35332
35335
35347
35354
35355
35364
35369
35395
35427
35428
35430
35433
35438
35439
35457
35460
35461
35468
35469
35512
35519
35524
35525
35533
35541
35555
35561
35574
35579
35580
35587
35597
35602
35624
35632
35635
35636
35651
35660
35666
35675
35713
35734
35734
35742
35749
35752
35754
35761
35770
35782
35792
35795
35797
35800
35805
35813
35813
35817
35819
35820
35827
35830
35835
35838
35901
35912
35920
35920
35921
35922
35925
35927
35949
35957
35962
35968
35970
35974
35976
35998
36003
36018
36050
36054
36064
36069
36083
36083
36086
36088
36102
36112
36121
36126
36138
36144
36146
36159
36187
36200
36221
36251
36259
36267
36269
36281
36281
36285
36317
36320
36322
36325
36325
36332
36342
36345
36361
36369
36376
36383
36391
36406
36407
36409
36418
36442
36448
36453
36470
36475
36476
36478
36484
36495
36510
36513
36513
36515
36522
36526
36527
36529
36532
36538
36539
36544
36565
36565
36566
36566
36567
36576
36579
36598
36606
36613
36621
36624
36631
36637
36655
36655
36657
36667
36667
36674
36675
36679
36684
36685
36687
36689
36695
36697
36699
36711
36718
36737
36752
36765
36783
36792
36796
36820
36834
36876
36885
36893
36908
36909
36917
36929
36933
36937
36937
36940
36945
36954
36957
36960
36961
36975
36975
36980
36995
36997
37008
37022
37025
37029
37043
37049
37055
37060
37063
37084
37091
37098
37105
37113
37135
37154
37160
37200
37235
37236
37240
37241
37249
37253
37266
37276
37282
37290
37294
37298
37303
37305
37314
37322
37324
37336
37339
37342
37351
37354
37360
37360
37377
37380
37400
37400
37402
37407
37408
37420
37440
37451
37452
37454
37456
37459
37461
37511
37524
37530
37542
37545
37553
37567
37572
37573
37576
37597
37601
37612
37620
37638
37638
37641
37652
37669
37670
37679
37697
37728
37757
37760
37768
37768
37778
37779
37781
37785
37789
37794
37797
37808
37813
37841
37842
37843
37844
37864
37868
37921
37940
37946
37951
37964
37969
37979
37988
37992
38031
38042
38042
38054
38062
38070
38071
38078
38084
38088
38088
38112
38115
38118
38127
38154
38169
38172
38181
38183
38187
38207
38215
38216
38221
38224
38228
38233
38240
38258
38282
38292
38314
38330
38334
38343
38363
38385
38386
38398
38407
38407
38408
38414
38418
38425
38454
38455
38462
38469
38479
38481
38481
38486
38487
38510
38511
38514
38519
38544
38546
38548
38559
38589
38593
38604
38614
38617
38624
38637
38645
38647
38666
38669
38675
38712
38720
38722
38728
38730
38749
38749
38766
38769
38784
38787
38788
38809
38817
38824
38829
38830
38839
38866
38869
38871
38876
38884
38895
38899
38904
38927
38938
38941
38942
38945
38945
38958
38959
38965
39006
39009
39013
39023
39027
39040
39043
39044
39047
39057
39066
39074
39079
39089
39095
39107
39109
39109
39116
39119
39129
39137
39147
39150
39154
39155
39173
39173
39181
39189
39219
39223
39232
39236
39239
39255
39259
39283
39284
39288
39305
39306
39313
39317
39323
39325
39333
39344
39369
39372
39374
39379
39380
39392
39404
39409
39416
39422
39427
39429
39463
39485
39485
39492
39493
39495
39499
39500
39501
39521
39530
39531
39532
39542
39553
39558
39566
39577
39592
39599
39601
39630
39637
39638
39670
39678
39678
39698
39699
39709
39719
39720
39727
39728
39740
39755
39765
39769
39791
39799
39803
39821
39827
39829
39831
39833
39842
39852
39859
39871
39876
39877
39886
39896
39899
39900
39913
39930
39935
39953
39961
39968
39979
39984
39986
40004
40016
40022
40055
40061
40074
40095
40103
40106
40118
40119
40136
40139
40139
40165
40166
40167
40170
40174
40193
40195
40196
40201
40211
40215
40229
40237
40238
40242
40244
40246
40259
40263
40268
40269
40269
40272
40275
40283
40284
40287
40296
40301
40308
40313
40327
40339
40344
40368
40378
40411
40417
40425
40425
40432
40434
40455
40465
40469
40474
40474
40475
40476
40477
40484
40490
40521
40524
40543
40545
40552
40555
40565
40598
40608
40622
40622
40644
40649
40656
40657
40659
40659
40677
40683
40692
40694
40696
40697
40712
40714
40718
40732
40737
40748
40757
40772
40774
40782
40786
40788
40797
40832
40836
40839
40842
40842
40843
40852
40853
40854
40855
40873
40874
40876
40876
40878
40889
40898
40950
40953
40969
40974
40983
40991
40993
41000
41001
41006
41009
41022
41027
41027
41047
41054
41057
41066
41082
41088
41097
41106
41108
41111
41127
41130
41135
41136
41156
41157
41158
41177
41196
41198
41212
41226
41236
41238
41258
41259
41262
41276
41281
41289
41299
41312
41314
41328
41340
41371
41381
41381
41383
41390
41390
41396
41396
41398
41409
41411
41468
41487
41493
41509
41511
41515
41519
41530
41536
41536
41542
41558
41565
41569
41573
41601
41602
41611
41611
41623
41625
41628
41628
41629
41636
41662
41668
41677
41683
41686
41688
41688
41689
41694
41701
41704
41706
41707
41711
41711
41712
41723
41724
41729
41733
41745
41753
41764
41796
41819
41821
41832
41834
41835
41840
41841
41843
41843
41844
41857
41873
41883
41891
41900
41911
41921
41924
41935
41936
41947
41949
41981
41985
41993
41999
42008
42020
42024
42026
42028
42032
42043
42057
42069
42076
42077
42079
42080
42085
42087
42108
42118
42150
42156
42160
42166
42176
42176
42199
42216
42217
42220
42222
42230
42232
42236
42246
42249
42250
42253
42255
42259
42275
42276
42294
42295
42298
42329
42333
42339
42347
42351
42367
42372
42375
42379
42389
42394
42408
42422
42422
42430
42436
42452
42460
42473
42505
42509
42510
42516
42541
42549
42557
42585
42619
42619
42620
42625
42627
42628
42637
42641
42644
42645
42691
42692
42705
42726
42756
42761
42768
42777
42777
42807
42807
42809
42823
42828
42855
42858
42868
42879
42919
42920
42921
42928
42929
42939
42945
42953
42955
42959
42963
42965
42972
42982
42995
42998
43019
43020
43021
43024
43035
43036
43058
43079
43088
43101
43105
43122
43136
43169
43172
43174
43179
43181
43182
43192
43195
43202
43207
43215
43216
43260
43284
43301
43314
43318
43328
43331
43331
43366
43366
43371
43374
43384
43389
43389
43394
43407
43433
43433
43444
43454
43460
43472
43477
43500
43505
43510
43523
43525
43530
43546
43551
43564
43569
43581
43591
43592
43606
43612
43647
43672
43679
43682
43687
43689
43690
43690
43693
43699
43709
43711
43713
43716
43719
43719
43720
43738
43751
43757
43767
43773
43777
43782
43786
43794
43795
43803
43806
43808
43818
43827
43831
43842
43843
43854
43856
43907
43908
43930
43941
43945
43949
43960
43964
43965
43967
43975
43980
43981
43982
43984
43993
44000
44000
44001
44003
44004
44009
44013
44021
44036
44051
44055
44057
44059
44064
44088
44088
44100
44105
44113
44119
44128
44130
44140
44158
44162
44177
44185
44198
44201
44204
44206
44212
44217
44251
44255
44268
44287
44293
44294
44321
44322
44331
44368
44392
44393
44400
44400
44401
44405
44411
44414
44435
44455
44468
44470
44471
44508
44515
44517
44522
44528
44531
44545
44563
44566
44570
44574
44578
44584
44589
44596
44603
44606
44608
44609
44631
44634
44638
44639
44652
44656
44662
44668
44674
44683
44684
44691
44691
44716
44722
44735
44736
44737
44740
44749
44752
44755
44756
44771
44771
44774
44808
44818
44826
44833
44848
44868
44889
44897
44914
44921
44922
44928
44928
44937
44955
44980
44991
45001
45019
45022
45033
45036
45045
45047
45052
45059
45059
45084
45084
45097
45098
45120
45129
45135
45138
45141
45142
45146
45152
45160
45164
45171
45176
45190
45194
45195
45196
45197
45204
45213
45217
45218
45219
45261
45263
45275
45306
45306
45307
45342
45343
45345
45353
45362
45373
45378
45383
45386
45390
45394
45394
45396
45415
45423
45423
45431
45438
45439
45442
45445
45460
45471
45479
45480
45497
45497
45499
45503
45504
45523
45538
45542
45543
45549
45551
45551
45555
45563
45565
45569
45588
45599
45601
45623
45624
45637
45640
45640
45665
45668
45692
45698
45705
45705
45705
45726
45751
45757
45758
45760
45760
45774
45781
45791
45797
45803
45815
45816
45821
45847
45863
45866
45874
45877
45878
45886
45905
45909
45913
45922
45930
45932
45936
45936
45965
45975
45977
45986
46002
46008
46012
46025
46043
46044
46048
46049
46050
46072
46072
46076
46078
46089
46108
46111
46127
46146
46150
46155
46193
46214
46227
46229
46263
46267
46274
46274
46275
46285
46287
46289
46290
46311
46315
46319
46325
46328
46338
46351
46366
46378
46381
46412
46443
46469
46474
46481
46485
46510
46511
46519
46522
46529
46534
46534
46535
46545
46546
46549
46556
46558
46578
46583
46590
46595
46604
46610
46611
46625
46637
46646
46652
46652
46655
46702
46712
46717
46719
46732
46734
46739
46743
46763
46792
46803
46805
46822
46842
46845
46855
46862
46862
46867
46869
46870
46877
46884
46910
46913
46921
46937
46942
46979
46981
47008
47017
47024
47024
47026
47038
47062
47075
47085
47103
47109
47119
47124
47126
47132
47142
47151
47156
47160
47175
47177
47177
47180
47206
47207
47216
47231
47239
47249
47250
47261
47263
47295
47298
47311
47324
47327
47329
47330
47338
47338
47339
47384
47387
47401
47408
47431
47434
47463
47477
47486
47510
47519
47523
47527
47538
47549
47551
47553
47556
47583
47603
47603
47607
47619
47641
47642
47650
47663
47675
47676
47682
47689
47697
47700
47701
47720
47730
47740
47742
47747
47748
47757
47764
47769
47771
47776
47795
47798
47819
47826
47837
47846
47851
47859
47862
47867
47871
47883
47886
47887
47899
47903
47904
47907
47909
47911
47929
47940
47951
47955
47958
47960
47966
47971
47990
47994
48000
48000
48000
48051
48059
48064
48076
48095
48100
48105
48128
48130
48134
48138
48141
48144
48152
48183
48192
48204
48216
48232
48233
48244
48268
48271
48280
48287
48288
48290
48291
48294
48300
48302
48319
48322
48325
48342
48352
48353
48358
48360
48366
48366
48367
48374
48379
48403
48403
48405
48413
48414
48422
48435
48443
48444
48453
48476
48480
48480
48482
48503
48504
48505
48517
48535
48540
48546
48549
48551
48551
48555
48568
48577
48580
48596
48604
48619
48623
48632
48642
48654
48655
48656
48658
48671
48680
48690
48698
48708
48712
48717
48731
48732
48735
48740
48742
48768
48773
48794
48801
48805
48813
48817
48820
48835
48844
48852
48855
48867
48881
48883
48888
48889
48893
48926
48934
48938
48946
48951
48958
48968
48976
48977
48984
48996
49010
49045
49050
49061
49064
49067
49078
49080
49082
49087
49099
49106
49108
49109
49111
49114
49119
49121
49125
49131
49131
49139
49144
49147
49169
49182
49186
49187
49197
49209
49212
49234
49236
49248
49252
49252
49259
49262
49271
49272
49283
49292
49293
49295
49304
49321
49328
49334
49350
49366
49369
49382
49383
49388
49391
49399
49402
49415
49416
49422
49430
49444
49473
49479
49492
49511
49539
49540
49542
49548
49555
49558
49585
49589
49589
49594
49607
49621
49624
49629
49631
49635
49638
49643
49645
49661
49665
49673
49682
49684
49690
49699
49710
49716
49730
49730
49730
49735
49737
49738
49747
49774
49794
49807
49808
49824
49829
49835
49836
49844
49852
49859
49863
49870
49873
49897
49898
49905
49914
49920
49920
49924
49932
49958
49971
49977
49978
49980
49983
49993
