13
31
87
88
150
155
158
222
223
273
291
291
329
342
350
386
450
469
492
503
598
665
677
750
762
860
923
938
991
1117
1252
1278
1296
1318
1379
1470
1471
1535
1555
1627
1633
1704
1704
1865
1876
1881
1894
1904
1944
1960
1992
1994
2000
2048
2077
2085
2117
2145
2166
2174
2180
2187
2190
2211
2222
2227
2233
2252
2293
2342
2346
2414
2421
2498
2532
2535
2546
2713
2820
2823
2868
2907
2919
2919
2925
2958
2983
3032
3064
3186
3189
3201
3215
3227
3259
3322
3360
3397
3402
3403
3452
3458
3498
3510
3527
3545
3574
3618
3624
3634
3634
3651
3655
3684
3739
3752
3783
3791
3806
3890
3926
3983
4007
4129
4140
4176
4185
4210
4214
4273
4316
4354
4383
4458
4551
4580
4607
4614
4617
4733
4762
4790
4829
4850
4891
4927
4970
4986
4994
5108
5170
5202
5251
5296
5304
5313
5345
5374
5453
5461
5532
5542
5590
5612
5612
5672
5678
5714
5743
5848
5903
5967
5973
6008
6059
6088
6097
6104
6115
6137
6188
6193
6212
6233
6235
6306
6329
6331
6465
6484
6524
6553
6579
6585
6601
6676
6694
6729
6744
6752
6852
6893
6925
6957
7015
7029
7123
7135
7141
7178
7182
7197
7204
7255
7353
7404
7426
7428
7474
7508
7531
7538
7540
7582
7585
7623
7688
7742
7775
7791
7817
7834
7944
7964
7991
8043
8102
8112
8126
8131
8147
8187
8195
8201
8543
8564
8572
8708
8736
8751
8825
8834
8848
8855
8868
8898
8936
8971
9139
9314
9348
9405
9448
9506
9506
9573
9579
9624
9660
9684
9688
9734
9756
9808
9911
9937
9971
10074
10114
10160
10170
10180
10181
10198
10202
10239
10244
10263
10284
10330
10367
10388
10394
10403
10430
10458
10547
10550
10559
10565
10616
10621
10631
10697
10699
10704
10714
10784
10837
10951
11069
11085
11204
11271
11273
11282
11289
11296
11300
11325
11408
11426
11432
11476
11487
11495
11575
11595
11619
11692
11714
11735
11782
11787
11853
11865
11882
11913
12022
12048
12061
12065
12093
12136
12162
12221
12229
12322
12327
12371
12393
12442
12464
12508
12539
12596
12605
12638
12652
12733
12753
12765
12767
12798
12844
12856
12863
12874
12882
12926
12928
12936
12978
12995
13000
13010
13013
13022
13057
13081
13082
13085
13099
13102
13181
13205
13217
13225
13236
13238
13269
13317
13349
13404
13429
13449
13537
13629
13653
13704
13804
13820
13907
13985
14006
14022
14028
14056
14165
14173
14264
14276
14300
14313
14325
14325
14355
14365
14381
14465
14504
14509
14529
14577
14604
14661
14669
14695
14731
14749
14819
15006
15038
15151
15162
15223
15335
15444
15479
15520
15526
15627
15628
15667
15719
15735
15793
15886
15929
15950
15952
15959
15977
16000
16024
16031
16121
16187
16244
16292
16341
16393
16394
16413
16448
16490
16514
16573
16594
16616
16633
16693
16698
16703
16705
16763
16818
16839
16879
16900
16946
16987
17006
17020
17103
17128
17139
17267
17309
17324
17372
17374
17408
17444
17457
17461
17462
17522
17536
17543
17555
17573
17632
17636
17647
17698
17710
17715
17745
17759
17762
17762
17784
17786
17837
17844
17891
17896
17958
17958
17970
17971
17984
18038
18082
18103
18105
18111
18143
18169
18206
18325
18359
18386
18460
18461
18479
18511
18512
18539
18566
18603
18620
18628
18644
18691
18749
18759
18792
18806
18817
18875
18875
18904
18918
18944
18979
19025
19027
19037
19100
19178
19208
19226
19245
19293
19415
19416
19438
19513
19545
19571
19594
19597
19613
19621
19665
19702
19725
19733
19773
19800
19849
19865
20020
20061
20114
20147
20148
20198
20239
20260
20286
20289
20332
20405
20432
20452
20488
20492
20574
20575
20578
20594
20641
20655
20676
20732
20737
20776
20792
20882
20893
20895
20910
20977
21069
21121
21204
21224
21245
21284
21289
21346
21368
21444
21495
21502
21516
21582
21648
21661
21663
21733
21754
21761
21798
21844
21851
21863
21903
21906
21967
22158
22162
22171
22195
22269
22375
22404
22425
22464
22561
22568
22621
22659
22669
22683
22705
22742
22757
22781
22787
22826
22852
22859
22878
22927
23019
23041
23062
23093
23095
23192
23203
23231
23232
23262
23308
23317
23362
23486
23575
23594
23601
23712
23793
23806
23852
23864
23948
23978
23979
24014
24100
24107
24149
24165
24171
24196
24209
24218
24223
24284
24290
24410
24469
24471
24556
24640
24649
24665
24673
24682
24697
24702
24714
24752
24792
24826
24835
24866
24901
24916
24934
24937
24959
24988
25049
25050
25068
25078
25165
25170
25178
25242
25242
25277
25345
25381
25404
25470
25507
25509
25527
25532
25544
25546
25560
25580
25601
25639
25644
25668
25722
25731
25808
25829
25876
25987
26050
26090
26106
26109
26118
26144
26207
26216
26230
26252
26271
26280
26296
26312
26316
26333
26341
26357
26455
26463
26481
26519
26576
26729
26737
26754
26784
26797
26929
27170
27221
27224
27280
27284
27311
27366
27372
27381
27429
27443
27458
27483
27484
27512
27515
27563
27608
27654
27665
27683
27693
27766
27767
27788
27790
27947
27983
28046
28062
28082
28083
28119
28132
28174
28241
28247
28253
28276
28286
28302
28349
28394
28427
28454
28467
28477
28485
28624
28632
28634
28665
28747
28776
28808
28823
28829
28857
28885
28898
28907
28961
29045
29053
29082
29095
29189
29248
29248
29251
29252
29313
29327
29330
29350
29370
29399
29436
29545
29549
29584
29593
29625
29659
29667
29715
29716
29741
29755
29804
29864
29902
29971
29977
29980
29984
30079
30089
30124
30177
30235
30308
30364
30378
30411
30473
30477
30491
30501
30538
30549
30578
30595
30613
30672
30759
30772
30779
30785
30876
30879
30908
30917
30920
30956
30980
31049
31058
31114
31127
31134
31147
31155
31167
31226
31341
31398
31427
31598
31605
31607
31618
31677
31692
31698
31799
31832
31843
31856
31914
31916
31921
31969
31974
32047
32070
32086
32110
32221
32239
32256
32259
32312
32324
32336
32344
32374
32383
32428
32432
32465
32469
32474
32492
32502
32549
32599
32642
32703
32709
32777
32802
32837
32868
32948
32991
33031
33037
33044
33125
33166
33168
33169
33183
33213
33218
33221
33290
33335
33375
33394
33398
33408
33459
33473
33553
33570
33576
33669
33753
33766
33775
33804
33808
33821
33826
33841
33858
33879
33882
33978
34053
34103
34145
34162
34206
34230
34230
34254
34256
34276
34323
34378
34386
34452
34483
34641
34703
34748
34754
34765
34770
34779
34783
34821
34864
34909
34980
34982
35048
35071
35100
35221
35240
35351
35385
35411
35414
35445
35458
35494
35540
35590
35670
35687
35696
35710
35716
35754
35804
35891
35891
35914
35931
35975
35983
36052
36052
36063
36064
36066
36102
36118
36137
36142
36249
36262
36323
36400
36520
36526
36683
36763
36775
36805
36814
36854
36861
36908
36985
36988
36996
36996
37058
37080
37117
37172
37184
37209
37261
37267
37278
37312
37315
37331
37337
37363
37391
37452
37461
37478
37495
37501
37504
37568
37577
37577
37619
37703
37725
37880
37887
37987
38006
38046
38084
38103
38161
38179
38192
38221
38239
38312
38343
38349
38396
38475
38482
38505
38506
38521
38532
38535
38615
38619
38629
38702
38758
38759
38771
38873
38888
38926
38933
39058
39067
39106
39189
39195
39219
39270
39356
39373
39404
39428
39429
39448
39471
39541
39639
39648
39648
39656
39716
39762
39802
39839
39930
39936
39962
39973
39984
39995
40001
40060
40067
40085
40114
40214
40266
40358
40394
40500
40517
40560
40579
40599
40627
40647
40652
40663
40703
40731
40747
40822
40903
40934
41018
41026
41057
41120
41144
41148
41185
41185
41203
41221
41226
41258
41261
41264
41276
41342
41360
41372
41430
41500
41506
41607
41638
41667
41670
41697
41731
41850
41858
41895
41929
41953
41958
41993
42068
42106
42193
42228
42355
42363
42384
42407
42408
42412
42472
42517
42532
42541
42546
42570
42596
42613
42645
42675
42767
42828
42890
42898
42920
42925
42931
42936
42952
42966
43007
43008
43020
43064
43095
43127
43220
43257
43260
43281
43343
43360
43370
43454
43496
43532
43598
43679
43711
43713
43766
43798
43807
43832
43847
43866
43906
43909
43921
43934
43966
43995
44006
44067
44153
44336
44338
44342
44387
44439
44443
44474
44482
44497
44544
44589
44602
44614
44626
44644
44658
44688
44698
44699
44724
44772
44849
44935
44962
44986
45075
45078
45080
45120
45128
45163
45209
45223
45238
45267
45351
45363
45421
45552
45563
45590
45642
45697
45728
45754
45775
45842
45907
45936
45939
45962
45971
46021
46031
46036
46060
46067
46125
46160
46203
46205
46248
46249
46258
46331
46363
46404
46448
46453
46475
46483
46514
46533
46632
46703
46761
46824
46828
46869
46923
46961
46992
47004
47023
47042
47062
47093
47135
47161
47172
47210
47220
47221
47223
47225
47230
47288
47292
47305
47392
47429
47470
47482
47545
47566
47592
47662
47663
47678
47779
47782
47811
47812
47861
47883
47887
47899
47964
47995
48028
48033
48037
48038
48063
48077
48139
48145
48154
48198
48218
48242
48254
48257
48265
48278
48303
48304
48310
48344
48357
48367
48431
48460
48471
48495
48503
48517
48517
48643
48670
48679
48709
48726
48817
48835
48854
48864
48867
48893
48899
48926
48970
48981
48982
49040
49069
49134
49138
49164
49235
49247
49310
49362
49383
49402
49418
49419
49427
49470
49477
49596
49607
49645
49665
49695
49722
49776
49791
49834
49844
49888
49930
49957
