2
6
12
16
18
31
35
39
41
47
57
63
64
66
74
75
75
76
78
81
84
86
88
99
100
110
136
137
139
142
148
149
150
154
155
157
157
163
168
170
171
178
178
197
197
197
205
235
236
241
250
252
256
258
259
270
272
273
280
283
285
287
291
300
306
307
307
309
310
310
316
320
333
335
336
338
357
357
363
379
389
392
398
401
404
408
408
409
413
417
420
421
425
431
437
437
443
446
454
465
465
469
471
488
490
492
492
492
498
505
509
510
516
520
524
524
527
527
528
531
532
541
544
554
558
566
566
578
581
584
588
590
598
601
602
610
624
625
626
634
640
641
643
647
665
672
673
674
683
685
688
690
695
703
711
712
723
728
728
728
730
750
762
771
783
808
815
820
822
823
828
829
837
837
837
837
858
862
863
869
872
874
876
886
891
904
907
910
913
915
917
928
929
930
930
930
931
941
958
959
963
973
973
975
997
1005
1007
1009
1010
1019
1028
1028
1033
1039
1041
1041
1042
1048
1061
1072
1079
1080
1091
1101
1102
1104
1108
1114
1122
1149
1158
1160
1167
1177
1190
1196
1198
1205
1205
1214
1225
1227
1228
1231
1235
1236
1237
1252
1253
1254
1266
1275
1277
1292
1311
1322
1325
1330
1336
1350
1351
1353
1365
1379
1390
1392
1395
1397
1402
1408
1411
1412
1421
1421
1431
1444
1451
1469
1476
1491
1496
1501
1506
1516
1533
1539
1546
1554
1557
1565
1566
1568
1572
1574
1576
1579
1586
1607
1615
1616
1620
1624
1639
1639
1640
1647
1648
1649
1662
1665
1669
1670
1671
1673
1674
1676
1687
1692
1697
1701
1707
1711
1712
1717
1723
1727
1732
1735
1742
1743
1744
1760
1765
1766
1766
1770
1781
1786
1787
1792
1796
1797
1810
1811
1813
1817
1824
1830
1841
1846
1856
1859
1865
1870
1873
1887
1887
1888
1896
1898
1901
1902
1911
1912
1919
1926
1943
1951
1957
1960
1964
1971
1978
1979
1984
1991
2002
2003
2005
2012
2016
2026
2049
2055
2058
2060
2066
2081
2089
2090
2091
2095
2097
2098
2106
2109
2111
2116
2118
2123
2124
2130
2139
2144
2146
2151
2152
2154
2156
2161
2164
2169
2176
2183
2184
2195
2196
2203
2218
2219
2226
2226
2234
2236
2236
2240
2241
2241
2246
2247
2261
2269
2270
2281
2286
2286
2291
2296
2304
2317
2340
2348
2350
2358
2365
2368
2374
2375
2391
2399
2405
2412
2414
2416
2426
2428
2428
2434
2445
2459
2477
2484
2485
2489
2492
2494
2497
2500
2508
2523
2524
2527
2534
2541
2541
2547
2548
2550
2551
2554
2557
2561
2563
2574
2583
2591
2591
2598
2601
2603
2603
2609
2614
2616
2617
2617
2627
2633
2636
2644
2646
2653
2656
2657
2671
2672
2673
2675
2683
2688
2689
2691
2692
2692
2694
2696
2710
2719
2721
2723
2733
2736
2737
2738
2739
2757
2761
2764
2765
2767
2779
2779
2782
2793
2794
2809
2827
2854
2855
2859
2864
2872
2878
2884
2886
2891
2895
2895
2898
2911
2914
2916
2919
2925
2940
2941
2948
2950
2955
2959
2961
2961
2962
2968
2971
2980
2981
2997
3016
3020
3021
3025
3027
3030
3036
3038
3047
3047
3052
3053
3058
3059
3059
3063
3064
3067
3091
3091
3100
3109
3118
3130
3130
3136
3136
3136
3145
3149
3150
3152
3155
3166
3167
3170
3177
3188
3191
3192
3192
3193
3204
3204
3210
3216
3223
3227
3228
3234
3235
3236
3237
3252
3255
3257
3270
3277
3279
3290
3296
3297
3301
3304
3318
3322
3323
3330
3339
3353
3360
3366
3369
3380
3381
3383
3384
3384
3386
3392
3396
3402
3410
3410
3416
3418
3423
3434
3444
3459
3463
3470
3473
3474
3480
3482
3483
3493
3500
3509
3510
3512
3514
3518
3520
3528
3530
3531
3543
3551
3557
3573
3590
3591
3595
3595
3597
3608
3619
3621
3640
3643
3653
3663
3664
3667
3670
3684
3687
3695
3700
3708
3711
3730
3739
3751
3764
3767
3770
3776
3778
3786
3787
3788
3788
3790
3792
3794
3798
3799
3808
3809
3809
3812
3813
3821
3825
3827
3827
3833
3843
3855
3864
3868
3873
3873
3873
3878
3880
3880
3884
3887
3892
3897
3908
3909
3913
3930
3931
3932
3937
3953
3958
3959
3963
3975
3979
3979
3988
3992
3993
3993
3994
3995
4002
4005
4009
4011
4015
4016
4025
4025
4027
4030
4032
4035
4038
4039
4043
4043
4051
4052
4061
4062
4066
4071
4081
4082
4088
4090
4094
4096
4109
4110
4111
4119
4120
4124
4132
4135
4140
4141
4142
4144
4149
4150
4151
4157
4166
4173
4183
4186
4192
4194
4202
4216
4221
4223
4225
4228
4230
4230
4243
4243
4246
4248
4254
4255
4260
4264
4265
4283
4287
4290
4293
4297
4299
4322
4323
4327
4336
4336
4336
4352
4359
4364
4367
4373
4376
4378
4379
4382
4383
4384
4390
4392
4395
4407
4410
4416
4417
4421
4422
4423
4425
4430
4431
4448
4450
4455
4456
4464
4465
4476
4480
4481
4483
4494
4496
4498
4503
4505
4515
4515
4521
4529
4531
4533
4539
4539
4546
4549
4555
4568
4580
4582
4585
4594
4610
4613
4619
4622
4623
4623
4627
4628
4630
4631
4641
4648
4650
4659
4661
4662
4663
4664
4667
4678
4686
4686
4686
4690
4709
4715
4722
4724
4726
4732
4736
4737
4741
4746
4749
4749
4753
4757
4762
4762
4764
4766
4773
4790
4791
4801
4807
4818
4827
4829
4834
4836
4837
4841
4842
4842
4847
4848
4855
4855
4856
4861
4870
4870
4874
4881
4882
4886
4900
4917
4919
4920
4922
4923
4934
4942
4949
4952
4953
4955
4959
4964
4965
4976
4983
4983
4988
4999
5001
5012
5014
5023
5029
5043
5046
5058
5064
5064
5066
5077
5082
5084
5091
5093
5094
5105
5109
5112
5116
5121
5124
5127
5128
5130
5134
5136
5136
5154
5161
5173
5181
5181
5190
5195
5205
5206
5209
5212
5221
5223
5233
5239
5245
5248
5250
5251
5261
5274
5277
5279
5284
5284
5290
5302
5303
5304
5318
5331
5351
5359
5363
5370
5373
5374
5387
5393
5394
5397
5397
5400
5409
5416
5426
5428
5433
5436
5438
5442
5443
5462
5462
5469
5470
5477
5478
5486
5489
5490
5504
5511
5529
5536
5536
5545
5551
5565
5568
5592
5594
5599
5604
5605
5612
5616
5618
5624
5626
5633
5638
5649
5654
5655
5656
5660
5671
5679
5680
5683
5696
5697
5705
5707
5718
5726
5737
5742
5743
5754
5756
5759
5759
5760
5762
5764
5767
5791
5797
5798
5798
5807
5812
5815
5816
5819
5820
5831
5851
5869
5874
5876
5880
5890
5902
5904
5915
5915
5924
5926
5930
5931
5934
5936
5938
5946
5954
5959
5964
5980
5991
5994
6004
6011
6012
6020
6027
6028
6030
6032
6033
6043
6044
6050
6057
6068
6073
6075
6080
6086
6087
6088
6092
6096
6101
6103
6108
6119
6121
6126
6131
6135
6144
6148
6153
6163
6165
6178
6183
6184
6193
6195
6199
6205
6207
6219
6220
6227
6228
6228
6230
6231
6239
6240
6243
6254
6260
6262
6264
6269
6279
6282
6284
6285
6294
6296
6303
6304
6305
6306
6318
6318
6319
6320
6328
6331
6333
6345
6346
6353
6357
6359
6361
6362
6363
6364
6367
6380
6380
6383
6394
6398
6399
6407
6412
6415
6417
6418
6433
6436
6440
6444
6452
6455
6458
6458
6459
6467
6471
6473
6481
6484
6488
6491
6501
6508
6511
6518
6522
6529
6529
6532
6537
6542
6546
6561
6562
6571
6573
6575
6592
6597
6600
6607
6609
6613
6619
6630
6638
6648
6649
6651
6660
6660
6666
6667
6671
6676
6678
6682
6683
6685
6689
6693
6701
6702
6703
6704
6705
6717
6724
6727
6728
6730
6738
6738
6744
6751
6752
6755
6757
6760
6768
6769
6782
6785
6788
6789
6790
6799
6804
6814
6821
6827
6840
6849
6862
6880
6888
6898
6904
6904
6911
6914
6923
6926
6926
6929
6930
6936
6936
6939
6943
6944
6953
6953
6959
6969
6985
6995
6997
7000
7000
7004
7006
7008
7009
7011
7012
7013
7022
7022
7023
7025
7026
7031
7035
7035
7046
7046
7051
7053
7053
7061
7087
7087
7089
7094
7101
7106
7106
7106
7107
7122
7129
7136
7137
7141
7143
7146
7153
7155
7156
7165
7169
7170
7170
7174
7176
7179
7186
7190
7191
7192
7196
7200
7204
7219
7220
7223
7224
7226
7228
7234
7236
7240
7240
7242
7254
7266
7270
7276
7281
7285
7285
7292
7294
7306
7314
7315
7321
7325
7327
7329
7332
7332
7333
7345
7350
7357
7361
7361
7365
7371
7376
7377
7378
7382
7384
7388
7396
7400
7402
7406
7408
7421
7422
7441
7447
7453
7457
7461
7462
7464
7467
7471
7473
7477
7484
7487
7498
7499
7505
7507
7516
7517
7518
7519
7522
7526
7527
7530
7530
7530
7530
7531
7534
7537
7538
7545
7548
7549
7549
7552
7557
7566
7567
7574
7575
7587
7589
7590
7604
7613
7615
7620
7621
7624
7625
7629
7630
7630
7634
7635
7642
7643
7646
7648
7656
7656
7658
7660
7660
7665
7667
7670
7672
7674
7674
7674
7675
7677
7682
7683
7686
7693
7694
7701
7703
7706
7714
7737
7745
7747
7749
7754
7758
7760
7760
7770
7772
7777
7786
7791
7808
7809
7815
7821
7827
7830
7839
7846
7855
7856
7858
7860
7865
7868
7877
7885
7886
7889
7906
7914
7939
7943
7945
7948
7952
7952
7952
7955
7958
7960
7965
7965
7965
7971
7974
7983
7994
8001
8002
8008
8015
8020
8025
8029
8040
8046
8049
8049
8054
8056
8060
8076
8082
8083
8086
8088
8091
8093
8098
8098
8102
8103
8119
8128
8137
8138
8141
8144
8163
8165
8171
8177
8178
8179
8185
8197
8198
8208
8210
8211
8216
8216
8231
8232
8245
8248
8259
8259
8263
8266
8269
8270
8270
8276
8282
8283
8284
8286
8312
8314
8322
8328
8329
8332
8335
8337
8341
8349
8351
8357
8366
8368
8370
8374
8388
8394
8398
8398
8404
8410
8411
8413
8417
8418
8422
8425
8437
8441
8444
8447
8449
8458
8459
8462
8465
8473
8479
8497
8504
8515
8520
8524
8524
8532
8539
8543
8544
8545
8549
8553
8557
8558
8561
8571
8572
8575
8580
8583
8589
8591
8632
8634
8639
8643
8649
8650
8655
8656
8656
8660
8664
8666
8672
8673
8680
8682
8684
8688
8694
8695
8708
8709
8714
8715
8715
8723
8723
8724
8727
8728
8743
8745
8748
8749
8753
8763
8764
8765
8767
8775
8775
8787
8789
8790
8798
8804
8806
8808
8809
8812
8821
8823
8828
8831
8857
8867
8873
8877
8883
8886
8912
8918
8926
8931
8933
8944
8947
8951
8952
8955
8982
9001
9016
9039
9050
9051
9055
9074
9077
9077
9077
9079
9082
9089
9097
9111
9119
9120
9120
9130
9141
9155
9158
9167
9177
9181
9184
9185
9188
9190
9194
9197
9197
9197
9198
9202
9203
9210
9213
9214
9224
9231
9235
9256
9265
9266
9272
9299
9304
9308
9312
9317
9323
9323
9328
9336
9342
9343
9347
9357
9357
9360
9375
9377
9380
9381
9384
9385
9386
9386
9387
9398
9408
9413
9414
9422
9435
9439
9442
9448
9449
9456
9460
9473
9489
9490
9496
9496
9498
9504
9505
9513
9513
9518
9526
9527
9538
9544
9547
9554
9581
9584
9595
9598
9601
9602
9607
9614
9616
9636
9641
9646
9649
9657
9670
9673
9675
9678
9691
9696
9703
9703
9714
9715
9720
9725
9735
9737
9737
9738
9740
9741
9742
9743
9751
9760
9763
9769
9770
9774
9775
9782
9790
9795
9809
9814
9818
9820
9823
9825
9829
9836
9844
9851
9852
9858
9859
9865
9871
9873
9875
9885
9887
9890
9890
9895
9901
9910
9913
9919
9924
9930
9936
9938
9938
9941
9958
9958
9962
9963
9976
9983
10003
10009
10014
10016
10020
10028
10030
10033
10037
10040
10042
10044
10047
10048
10051
10053
10059
10061
10069
10076
10095
10096
10097
10109
10110
10111
10120
10122
10123
10129
10133
10134
10134
10135
10137
10140
10144
10149
10157
10164
10174
10174
10175
10182
10192
10209
10222
10224
10225
10226
10233
10233
10245
10252
10254
10265
10266
10268
10268
10269
10272
10273
10273
10278
10279
10289
10289
10290
10296
10300
10304
10305
10313
10315
10320
10320
10322
10338
10345
10351
10351
10356
10368
10372
10376
10380
10383
10384
10396
10399
10402
10412
10417
10418
10423
10425
10427
10432
10439
10441
10442
10442
10455
10471
10480
10495
10499
10501
10505
10510
10538
10547
10549
10549
10561
10561
10570
10570
10579
10597
10598
10603
10603
10604
10605
10608
10630
10632
10632
10633
10640
10643
10644
10646
10650
10652
10654
10657
10658
10661
10663
10663
10663
10685
10687
10689
10692
10698
10699
10700
10701
10702
10710
10716
10731
10738
10739
10747
10748
10749
10761
10767
10772
10774
10779
10780
10791
10800
10810
10810
10814
10821
10827
10827
10833
10834
10842
10843
10848
10848
10854
10856
10859
10864
10867
10868
10870
10882
10889
10916
10918
10919
10939
10944
10948
10953
10954
10962
10965
10975
10979
10980
10985
10987
10993
11011
11020
11027
11027
11027
11041
11045
11051
11053
11054
11061
11061
11076
11091
11097
11104
11108
11110
11120
11122
11123
11123
11132
11139
11148
11153
11175
11176
11177
11186
11193
11199
11200
11206
11207
11217
11219
11224
11228
11232
11237
11239
11242
11251
11255
11259
11261
11262
11263
11267
11270
11272
11273
11277
11292
11295
11297
11300
11302
11303
11309
11313
11313
11321
11329
11331
11333
11355
11364
11373
11383
11390
11394
11404
11408
11412
11412
11414
11414
11416
11420
11422
11425
11425
11427
11433
11443
11452
11455
11458
11464
11466
11466
11467
11478
11480
11482
11486
11490
11494
11498
11522
11524
11525
11528
11530
11532
11551
11552
11559
11561
11562
11569
11570
11598
11599
11602
11617
11622
11624
11627
11629
11632
11643
11646
11662
11670
11671
11671
11672
11675
11683
11689
11689
11689
11689
11696
11697
11709
11712
11723
11723
11727
11733
11736
11736
11737
11737
11742
11749
11750
11758
11762
11776
11778
11785
11792
11794
11802
11808
11826
11839
11847
11859
11859
11861
11863
11869
11885
11885
11891
11893
11895
11897
11900
11927
11939
11942
11955
11961
11983
11983
11992
11998
11999
12010
12012
12019
12022
12024
12025
12029
12031
12031
12041
12047
12049
12051
12052
12052
12054
12061
12066
12085
12087
12088
12101
12103
12104
12116
12132
12134
12140
12148
12148
12160
12160
12176
12188
12197
12205
12209
12222
12225
12227
12229
12237
12247
12256
12256
12257
12260
12265
12269
12274
12292
12299
12318
12321
12324
12324
12329
12336
12341
12360
12370
12371
12376
12378
12379
12401
12404
12405
12406
12425
12432
12439
12443
12444
12449
12462
12467
12474
12474
12475
12485
12489
12492
12495
12499
12507
12510
12512
12515
12523
12523
12524
12532
12551
12565
12571
12584
12586
12591
12592
12601
12607
12615
12621
12623
12637
12641
12647
12649
12653
12653
12656
12670
12674
12676
12685
12694
12694
12698
12701
12703
12708
12720
12740
12742
12746
12747
12748
12748
12748
12751
12753
12754
12757
12774
12778
12778
12779
12780
12788
12790
12799
12800
12801
12812
12816
12819
12823
12832
12847
12852
12864
12890
12893
12898
12901
12920
12924
12925
12930
12934
12935
12944
12956
12965
13001
13004
13041
13061
13062
13067
13075
13086
13086
13088
13104
13110
13110
13114
13121
13129
13132
13135
13139
13139
13142
13145
13154
13154
13156
13158
13161
13164
13179
13189
13209
13210
13224
13229
13233
13235
13243
13243
13243
13247
13252
13253
13256
13265
13274
13289
13289
13297
13305
13306
13306
13307
13307
13314
13318
13322
13339
13361
13366
13366
13374
13381
13390
13399
13402
13402
13407
13413
13413
13414
13420
13422
13429
13432
13435
13442
13446
13449
13457
13469
13491
13497
13512
13528
13534
13540
13548
13552
13564
13565
13569
13578
13580
13580
13596
13598
13603
13613
13615
13618
13619
13623
13628
13633
13633
13634
13650
13654
13671
13680
13686
13696
13698
13708
13709
13741
13741
13753
13760
13764
13768
13768
13782
13791
13792
13793
13795
13803
13819
13829
13833
13840
13844
13847
13855
13859
13860
13867
13870
13880
13882
13882
13883
13885
13886
13890
13890
13900
13903
13904
13912
13915
13920
13923
13936
13937
13940
13942
13944
13949
13951
13955
13973
13974
13978
14010
14015
14021
14026
14026
14040
14048
14048
14063
14065
14075
14086
14092
14099
14113
14114
14118
14120
14125
14130
14132
14133
14146
14152
14160
14165
14179
14182
14188
14200
14203
14212
14214
14229
14238
14251
14252
14260
14272
14290
14301
14313
14315
14319
14320
14325
14327
14332
14333
14338
14344
14353
14358
14363
14369
14375
14377
14384
14386
14387
14397
14401
14403
14414
14416
14418
14425
14428
14430
14434
14434
14438
14451
14461
14466
14468
14473
14477
14488
14504
14505
14508
14511
14514
14523
14524
14524
14530
14536
14546
14560
14570
14572
14587
14590
14592
14595
14598
14604
14617
14629
14635
14637
14643
14649
14651
14657
14658
14664
14666
14669
14670
14674
14675
14676
14717
14721
14734
14734
14736
14739
14749
14756
14756
14758
14759
14770
14785
14785
14792
14800
14801
14804
14811
14811
14812
14821
14827
14830
14831
14840
14851
14870
14875
14875
14883
14887
14888
14888
14889
14903
14923
14923
14932
14934
14943
14953
14953
14956
14958
14959
14959
14964
14972
14987
14990
14993
15002
15002
15004
15026
15034
15044
15052
15058
15064
15066
15067
15081
15081
15083
15085
15086
15089
15093
15097
15099
15099
15099
15100
15104
15107
15110
15117
15118
15122
15123
15125
15126
15127
15130
15133
15140
15154
15156
15160
15164
15165
15170
15172
15172
15175
15187
15189
15195
15209
15211
15220
15227
15236
15236
15237
15244
15246
15248
15249
15253
15254
15271
15280
15281
15299
15301
15307
15315
15316
15321
15324
15339
15342
15342
15348
15348
15352
15357
15363
15372
15379
15390
15391
15398
15401
15404
15412
15419
15420
15428
15429
15434
15437
15440
15444
15447
15453
15457
15463
15463
15475
15481
15486
15487
15501
15502
15503
15503
15504
15506
15513
15519
15534
15538
15541
15541
15544
15544
15552
15560
15567
15569
15576
15578
15586
15603
15611
15630
15642
15652
15663
15671
15673
15674
15678
15683
15686
15688
15690
15691
15698
15698
15702
15705
15711
15719
15722
15730
15739
15753
15754
15757
15758
15766
15775
15777
15779
15782
15783
15784
15789
15792
15792
15824
15828
15829
15831
15831
15833
15852
15857
15880
15880
15881
15886
15897
15903
15905
15918
15922
15922
15930
15933
15943
15946
15951
15951
15951
15952
15961
15982
15985
15986
15999
16020
16024
16028
16037
16039
16053
16055
16058
16065
16065
16071
16080
16082
16089
16098
16100
16104
16113
16116
16126
16128
16131
16131
16132
16143
16143
16146
16148
16148
16150
16152
16152
16155
16156
16156
16158
16166
16167
16168
16170
16176
16176
16178
16180
16189
16198
16202
16212
16215
16224
16228
16230
16243
16244
16259
16262
16267
16274
16278
16285
16287
16303
16304
16307
16313
16313
16321
16333
16333
16334
16336
16337
16341
16347
16354
16359
16360
16371
16374
16375
16376
16386
16393
16400
16412
16418
16421
16435
16446
16447
16458
16458
16462
16464
16465
16471
16476
16482
16494
16497
16504
16520
16532
16533
16534
16541
16542
16543
16551
16552
16563
16572
16575
16575
16581
16583
16584
16607
16608
16629
16638
16649
16653
16653
16653
16657
16661
16667
16669
16671
16676
16677
16680
16684
16689
16691
16706
16711
16717
16733
16734
16737
16739
16740
16743
16749
16752
16762
16763
16771
16771
16777
16782
16783
16788
16789
16804
16806
16820
16822
16828
16830
16836
16852
16864
16876
16877
16890
16890
16896
16898
16906
16909
16912
16914
16932
16935
16940
16948
16950
16953
16955
16975
16976
16983
17007
17012
17014
17014
17016
17022
17024
17033
17038
17048
17049
17051
17052
17056
17064
17069
17070
17071
17079
17089
17094
17098
17103
17106
17120
17122
17136
17143
17167
17176
17189
17190
17190
17190
17194
17199
17201
17209
17215
17231
17233
17235
17237
17242
17244
17249
17250
17252
17253
17255
17255
17265
17269
17275
17278
17285
17295
17297
17298
17300
17301
17302
17303
17305
17314
17315
17317
17322
17326
17328
17342
17345
17346
17353
17363
17372
17372
17374
17379
17387
17398
17399
17399
17399
17418
17420
17434
17437
17438
17442
17444
17454
17459
17462
17463
17468
17476
17478
17480
17498
17500
17502
17505
17511
17518
17519
17521
17522
17525
17527
17527
17533
17536
17537
17538
17541
17556
17560
17562
17567
17567
17573
17576
17581
17583
17590
17593
17594
17594
17601
17606
17606
17618
17622
17627
17644
17649
17663
17670
17671
17674
17674
17681
17683
17684
17696
17704
17706
17707
17713
17718
17723
17741
17744
17752
17755
17756
17780
17785
17785
17791
17792
17798
17810
17813
17819
17827
17829
17850
17854
17862
17864
17864
17870
17887
17890
17902
17902
17902
17904
17904
17910
17912
17922
17925
17929
17931
17932
17934
17941
17943
17953
17960
17962
17964
17967
17975
17999
18005
18005
18010
18011
18019
18042
18042
18045
18046
18061
18066
18081
18088
18098
18101
18101
18105
18105
18109
18112
18115
18131
18144
18144
18146
18147
18153
18164
18167
18169
18171
18173
18180
18181
18182
18182
18185
18190
18197
18201
18208
18211
18211
18217
18234
18251
18255
18265
18267
18267
18278
18302
18303
18308
18310
18311
18313
18313
18328
18346
18346
18351
18355
18363
18365
18367
18373
18377
18382
18384
18384
18391
18394
18396
18408
18411
18412
18414
18415
18420
18426
18431
18445
18446
18449
18449
18456
18463
18479
18486
18487
18490
18491
18502
18513
18514
18515
18517
18518
18525
18530
18546
18548
18553
18556
18560
18562
18569
18569
18570
18571
18574
18592
18594
18597
18597
18599
18607
18613
18617
18617
18632
18632
18645
18655
18665
18665
18668
18670
18675
18676
18678
18682
18683
18691
18699
18701
18706
18706
18707
18718
18720
18722
18725
18726
18729
18730
18751
18753
18756
18757
18767
18767
18777
18779
18793
18795
18804
18817
18821
18822
18822
18823
18847
18848
18851
18852
18853
18867
18870
18874
18878
18894
18901
18909
18916
18922
18925
18930
18933
18935
18942
18945
18951
18953
18958
18959
18966
18972
18993
18999
19001
19006
19012
19025
19040
19052
19054
19054
19054
19058
19077
19079
19082
19096
19106
19112
19115
19121
19142
19144
19159
19162
19164
19167
19171
19171
19172
19173
19174
19178
19183
19184
19186
19186
19188
19191
19201
19201
19202
19203
19209
19211
19214
19215
19223
19227
19228
19233
19237
19250
19267
19268
19274
19279
19281
19284
19287
19291
19297
19297
19299
19307
19313
19315
19316
19339
19341
19359
19361
19366
19372
19373
19381
19393
19397
19398
19406
19415
19416
19417
19420
19420
19423
19427
19429
19430
19448
19449
19471
19473
19474
19479
19484
19501
19504
19516
19523
19527
19529
19531
19552
19563
19564
19564
19597
19602
19607
19618
19624
19624
19634
19644
19647
19659
19659
19661
19664
19666
19681
19710
19719
19724
19728
19730
19731
19732
19734
19739
19742
19760
19764
19777
19785
19786
19791
19795
19797
19802
19802
19808
19816
19820
19833
19834
19838
19839
19853
19855
19859
19862
19868
19876
19877
19884
19885
19886
19886
19893
19895
19899
19918
19935
19936
19939
19944
19944
19945
19953
19958
19961
19966
19978
19987
19990
19990
19995
19998
20000
20002
20011
20012
20020
20023
20029
20037
20039
20043
20048
20053
20053
20058
20058
20067
20071
20077
20082
20096
20101
20114
20118
20121
20126
20129
20132
20138
20146
20149
20151
20157
20160
20165
20169
20176
20176
20206
20210
20213
20219
20228
20235
20239
20244
20249
20249
20261
20272
20280
20281
20284
20288
20297
20298
20298
20301
20304
20312
20316
20316
20325
20327
20329
20331
20350
20352
20367
20371
20373
20374
20381
20381
20382
20397
20404
20404
20408
20416
20421
20435
20441
20456
20461
20466
20468
20486
20489
20491
20494
20500
20504
20507
20511
20519
20523
20528
20535
20542
20543
20547
20551
20551
20566
20570
20570
20570
20572
20574
20577
20591
20598
20606
20610
20620
20621
20632
20633
20634
20644
20645
20646
20646
20649
20653
20656
20661
20678
20691
20694
20695
20696
20705
20711
20713
20714
20715
20716
20716
20718
20742
20743
20768
20770
20782
20784
20790
20793
20795
20797
20801
20801
20805
20806
20808
20828
20832
20837
20837
20852
20856
20859
20860
20863
20884
20890
20890
20892
20902
20912
20915
20925
20937
20943
20954
20956
20964
20983
20985
20987
20994
20995
20999
21004
21005
21005
21006
21008
21018
21020
21021
21022
21022
21023
21028
21030
21032
21047
21047
21048
21052
21055
21060
21060
21068
21072
21072
21073
21079
21080
21084
21084
21094
21101
21102
21105
21111
21112
21114
21131
21161
21165
21168
21169
21174
21174
21178
21186
21193
21208
21209
21211
21219
21223
21233
21235
21242
21246
21258
21265
21267
21275
21276
21279
21285
21289
21289
21293
21294
21297
21306
21312
21327
21330
21333
21338
21346
21346
21353
21359
21362
21373
21374
21377
21378
21394
21404
21404
21412
21414
21415
21432
21434
21437
21439
21440
21446
21446
21459
21472
21480
21481
21485
21487
21490
21493
21501
21509
21510
21513
21514
21514
21517
21518
21519
21521
21522
21530
21542
21545
21547
21548
21548
21553
21556
21566
21567
21575
21575
21576
21579
21580
21582
21587
21588
21591
21593
21599
21599
21604
21617
21634
21642
21654
21657
21666
21667
21671
21671
21681
21683
21684
21707
21710
21711
21713
21716
21718
21720
21734
21734
21737
21741
21742
21744
21744
21746
21749
21755
21758
21758
21758
21764
21766
21774
21775
21785
21799
21806
21814
21816
21818
21834
21848
21863
21870
21871
21878
21878
21879
21884
21887
21888
21892
21896
21908
21918
21931
21952
21955
21962
21974
21975
21979
21995
21998
22003
22004
22012
22013
22014
22018
22027
22038
22039
22051
22051
22053
22058
22067
22071
22075
22087
22089
22089
22089
22094
22096
22107
22108
22114
22116
22118
22119
22130
22136
22157
22160
22162
22163
22174
22176
22178
22178
22179
22180
22190
22194
22196
22196
22206
22209
22216
22220
22220
22224
22227
22235
22237
22243
22256
22269
22270
22281
22281
22281
22284
22288
22292
22298
22306
22307
22308
22309
22311
22315
22320
22327
22346
22361
22384
22385
22386
22395
22397
22399
22401
22423
22430
22430
22434
22439
22442
22449
22456
22458
22462
22468
22477
22488
22501
22502
22503
22504
22514
22519
22519
22520
22529
22539
22539
22553
22561
22562
22563
22569
22589
22590
22595
22601
22610
22617
22621
22626
22635
22643
22643
22647
22648
22651
22656
22659
22676
22676
22676
22685
22699
22705
22708
22710
22714
22718
22719
22723
22723
22730
22740
22745
22747
22762
22767
22772
22774
22789
22790
22794
22795
22799
22805
22812
22822
22823
22824
22832
22834
22852
22854
22857
22861
22866
22868
22876
22900
22901
22903
22906
22908
22916
22918
22924
22937
22939
22951
22954
22961
22962
22967
22969
22973
22984
22992
22997
22998
23001
23005
23008
23011
23015
23017
23024
23027
23030
23032
23033
23040
23050
23050
23054
23057
23061
23062
23070
23073
23074
23075
23085
23096
23102
23105
23107
23121
23122
23134
23134
23144
23163
23164
23172
23172
23181
23186
23195
23198
23200
23222
23226
23227
23231
23235
23243
23255
23260
23279
23284
23297
23299
23306
23310
23313
23314
23338
23340
23345
23348
23349
23349
23351
23356
23371
23373
23377
23378
23381
23388
23388
23408
23409
23414
23421
23423
23428
23431
23431
23434
23438
23442
23445
23452
23459
23463
23466
23470
23477
23482
23484
23485
23489
23490
23491
23498
23503
23517
23524
23527
23533
23535
23536
23537
23538
23554
23557
23559
23560
23567
23581
23581
23582
23583
23586
23586
23587
23590
23602
23605
23611
23620
23630
23630
23632
23636
23636
23640
23644
23653
23657
23663
23664
23668
23691
23691
23692
23693
23700
23702
23714
23718
23724
23729
23734
23740
23745
23747
23748
23751
23751
23755
23757
23761
23766
23777
23797
23801
23801
23803
23805
23819
23824
23832
23833
23837
23838
23845
23849
23849
23856
23869
23882
23892
23898
23905
23915
23915
23917
23920
23925
23933
23957
23963
23985
23986
24006
24009
24011
24014
24024
24033
24039
24068
24071
24073
24074
24078
24081
24090
24098
24107
24109
24117
24148
24160
24161
24161
24170
24171
24172
24184
24186
24192
24198
24205
24208
24216
24217
24217
24220
24236
24245
24252
24259
24263
24265
24278
24285
24291
24309
24312
24315
24323
24325
24330
24334
24342
24351
24356
24364
24370
24371
24378
24383
24384
24384
24390
24392
24396
24407
24407
24409
24414
24416
24422
24426
24426
24431
24433
24435
24435
24436
24438
24445
24450
24457
24463
24474
24487
24493
24506
24518
24522
24523
24527
24531
24537
24544
24547
24554
24554
24557
24565
24569
24569
24581
24583
24588
24593
24597
24600
24603
24604
24607
24608
24613
24614
24618
24629
24633
24636
24642
24642
24642
24650
24652
24657
24663
24665
24665
24666
24668
24674
24678
24681
24684
24687
24688
24698
24703
24705
24708
24708
24709
24717
24722
24727
24729
24744
24747
24761
24761
24782
24782
24784
24788
24793
24798
24806
24811
24812
24814
24814
24835
24836
24837
24840
24851
24852
24852
24860
24869
24874
24881
24883
24890
24897
24908
24920
24932
24932
24932
24945
24947
24952
24954
24954
24960
24962
24963
24964
24966
24967
24972
24975
24976
24979
24982
24993
24994
24994
25008
25008
25015
25018
25018
25029
25033
25053
25053
25069
25071
25076
25077
25078
25079
25094
25105
25107
25114
25115
25115
25118
25118
25119
25123
25123
25129
25144
25151
25152
25169
25170
25170
25179
25184
25200
25200
25200
25205
25207
25210
25213
25215
25218
25219
25220
25220
25222
25225
25230
25236
25239
25245
25245
25248
25252
25257
25265
25268
25273
25275
25278
25285
25289
25297
25313
25315
25316
25317
25317
25322
25348
25349
25357
25367
25375
25376
25381
25381
25386
25387
25389
25389
25391
25395
25397
25406
25410
25416
25421
25430
25432
25435
25439
25443
25449
25449
25460
25477
25483
25487
25491
25496
25501
25502
25502
25504
25510
25513
25519
25524
25529
25538
25545
25550
25553
25555
25561
25569
25579
25581
25585
25586
25589
25590
25602
25602
25614
25614
25622
25625
25629
25632
25633
25634
25638
25639
25644
25655
25666
25674
25679
25683
25689
25693
25695
25698
25705
25708
25716
25717
25725
25729
25739
25745
25748
25750
25758
25761
25769
25770
25776
25776
25781
25781
25784
25786
25806
25817
25820
25821
25825
25835
25840
25848
25852
25858
25860
25869
25872
25875
25876
25890
25894
25897
25902
25905
25905
25911
25912
25913
25918
25918
25922
25937
25938
25938
25939
25948
25954
25956
25959
25967
25967
25970
25970
25983
25999
25999
26004
26005
26022
26022
26028
26049
26052
26059
26068
26069
26085
26090
26093
26126
26130
26140
26140
26162
26164
26166
26168
26176
26187
26210
26211
26213
26218
26220
26224
26236
26257
26267
26278
26279
26288
26294
26294
26295
26299
26301
26302
26316
26323
26329
26332
26334
26337
26338
26345
26347
26347
26349
26350
26355
26358
26364
26367
26371
26372
26378
26388
26390
26393
26396
26416
26428
26432
26435
26437
26441
26442
26446
26449
26460
26468
26476
26483
26487
26487
26495
26497
26497
26503
26512
26521
26524
26525
26529
26531
26535
26548
26563
26566
26572
26575
26577
26594
26598
26603
26604
26608
26611
26619
26624
26625
26626
26627
26641
26656
26671
26676
26677
26680
26681
26682
26691
26692
26692
26697
26703
26709
26737
26748
26749
26749
26756
26761
26765
26770
26776
26778
26783
26790
26791
26801
26804
26806
26811
26815
26815
26821
26829
26833
26834
26837
26845
26845
26846
26853
26854
26854
26856
26868
26872
26884
26902
26926
26929
26940
26954
26961
26961
26966
26967
26968
26969
26973
26974
26974
26976
26976
26983
26992
26997
27003
27005
27008
27009
27010
27015
27031
27033
27039
27040
27041
27042
27047
27053
27059
27070
27070
27083
27100
27113
27116
27117
27119
27122
27129
27133
27134
27137
27137
27140
27143
27151
27155
27160
27170
27177
27180
27180
27181
27188
27189
27192
27202
27207
27216
27230
27233
27240
27241
27252
27258
27267
27268
27269
27276
27280
27282
27283
27285
27287
27289
27295
27296
27296
27303
27316
27326
27327
27329
27330
27330
27332
27339
27340
27352
27356
27360
27363
27375
27376
27377
27388
27395
27401
27413
27415
27420
27424
27425
27426
27429
27430
27434
27439
27440
27441
27445
27455
27456
27457
27459
27467
27468
27470
27475
27481
27486
27497
27500
27504
27511
27521
27524
27526
27529
27533
27533
27536
27539
27541
27544
27551
27552
27553
27564
27565
27565
27565
27572
27574
27589
27590
27608
27616
27620
27626
27627
27633
27645
27646
27657
27660
27671
27682
27684
27688
27688
27696
27713
27721
27739
27746
27747
27747
27757
27757
27760
27761
27762
27762
27763
27771
27785
27790
27791
27796
27800
27804
27809
27813
27815
27815
27821
27830
27831
27833
27855
27858
27864
27877
27878
27879
27881
27881
27882
27885
27892
27898
27901
27907
27914
27917
27919
27921
27931
27933
27935
27941
27943
27950
27966
27971
27994
27994
27997
28000
28004
28007
28019
28040
28045
28056
28060
28069
28072
28076
28076
28085
28094
28095
28108
28129
28141
28146
28150
28151
28154
28154
28155
28159
28159
28159
28161
28163
28167
28168
28175
28177
28182
28186
28188
28189
28195
28204
28224
28227
28236
28247
28249
28252
28252
28263
28266
28267
28278
28290
28293
28300
28303
28307
28307
28310
28318
28321
28325
28333
28349
28353
28358
28368
28369
28373
28376
28382
28386
28386
28400
28412
28412
28428
28433
28434
28437
28447
28450
28456
28462
28470
28471
28478
28479
28495
28495
28501
28516
28516
28521
28530
28541
28546
28548
28552
28552
28560
28570
28570
28570
28571
28573
28586
28588
28590
28592
28597
28599
28603
28607
28610
28612
28612
28621
28622
28628
28629
28631
28634
28634
28641
28655
28667
28677
28679
28687
28688
28691
28695
28702
28710
28712
28719
28728
28734
28740
28745
28748
28749
28753
28759
28768
28768
28776
28782
28788
28799
28802
28803
28811
28812
28815
28824
28833
28839
28839
28842
28843
28844
28844
28855
28855
28858
28867
28877
28890
28899
28910
28913
28914
28922
28928
28940
28942
28947
28948
28951
28965
28966
28972
28977
28978
28981
28983
28997
28997
28998
29005
29005
29012
29014
29019
29021
29025
29038
29043
29047
29048
29058
29064
29065
29084
29090
29100
29103
29105
29105
29109
29114
29120
29122
29130
29130
29131
29133
29135
29140
29141
29147
29151
29156
29158
29160
29160
29168
29169
29169
29171
29177
29185
29216
29218
29221
29230
29252
29257
29263
29263
29265
29265
29265
29282
29283
29283
29284
29287
29287
29290
29295
29301
29306
29307
29312
29314
29320
29322
29326
29354
29354
29356
29356
29373
29375
29390
29398
29400
29406
29414
29416
29416
29417
29421
29425
29428
29428
29429
29438
29460
29461
29468
29469
29481
29483
29484
29488
29489
29489
29495
29502
29505
29507
29515
29515
29516
29520
29520
29536
29540
29543
29559
29569
29570
29580
29582
29583
29586
29592
29603
29606
29617
29627
29630
29630
29647
29652
29655
29657
29659
29660
29665
29666
29666
29687
29690
29700
29700
29703
29716
29717
29729
29729
29734
29742
29743
29754
29759
29774
29781
29784
29788
29792
29792
29793
29795
29801
29801
29804
29804
29806
29809
29810
29819
29821
29823
29825
29826
29827
29836
29837
29838
29853
29855
29860
29866
29867
29877
29882
29885
29895
29904
29906
29908
29913
29915
29919
29919
29931
29937
29937
29941
29946
29958
29960
29963
29977
29979
29981
29990
29991
29995
29996
29999
30008
30012
30012
30017
30025
30029
30033
30033
30040
30046
30059
30065
30066
30077
30080
30087
30089
30090
30095
30096
30096
30099
30101
30104
30108
30114
30114
30122
30124
30128
30129
30131
30133
30146
30147
30148
30148
30149
30153
30158
30158
30166
30174
30198
30201
30206
30210
30218
30219
30223
30227
30227
30232
30240
30242
30243
30243
30245
30245
30248
30252
30253
30254
30255
30257
30265
30269
30271
30275
30279
30284
30285
30290
30292
30297
30300
30310
30311
30316
30317
30318
30329
30331
30333
30333
30335
30344
30346
30355
30366
30369
30372
30386
30391
30394
30396
30409
30412
30423
30433
30435
30441
30447
30450
30453
30460
30460
30478
30479
30487
30489
30494
30496
30496
30503
30507
30523
30530
30551
30553
30563
30563
30565
30567
30577
30580
30580
30591
30592
30593
30597
30603
30604
30611
30623
30624
30630
30633
30633
30639
30639
30645
30647
30658
30667
30669
30670
30681
30682
30683
30683
30684
30692
30697
30697
30698
30700
30702
30710
30725
30728
30756
30767
30777
30782
30789
30791
30794
30798
30806
30814
30817
30822
30822
30828
30828
30839
30850
30856
30861
30864
30868
30874
30883
30886
30897
30898
30902
30905
30906
30910
30911
30930
30930
30935
30937
30938
30943
30946
30947
30952
30952
30973
30973
30973
30974
30977
30980
30985
30988
30990
30996
31000
31002
31006
31014
31021
31024
31032
31035
31036
31038
31052
31054
31059
31065
31093
31095
31095
31096
31102
31105
31106
31107
31119
31121
31121
31123
31132
31137
31139
31144
31156
31157
31159
31160
31160
31162
31180
31195
31207
31207
31208
31211
31220
31221
31235
31243
31250
31250
31254
31269
31270
31276
31277
31284
31288
31294
31318
31333
31335
31338
31338
31340
31357
31385
31387
31387
31398
31399
31403
31411
31422
31423
31424
31429
31431
31449
31450
31456
31468
31469
31473
31488
31491
31491
31501
31505
31506
31506
31507
31509
31519
31522
31532
31538
31539
31550
31551
31553
31567
31575
31576
31584
31589
31591
31591
31595
31604
31604
31614
31615
31634
31636
31649
31651
31661
31663
31669
31683
31687
31688
31696
31697
31707
31708
31709
31713
31721
31736
31736
31736
31743
31746
31747
31748
31764
31764
31767
31772
31778
31784
31788
31789
31799
31802
31805
31806
31807
31821
31832
31838
31838
31859
31868
31869
31871
31875
31883
31906
31911
31916
31925
31932
31936
31937
31941
31946
31946
31953
31956
31964
31965
31969
31974
31979
31985
31996
32003
32007
32007
32011
32017
32017
32036
32046
32062
32064
32065
32076
32078
32085
32090
32097
32098
32100
32104
32107
32110
32116
32118
32120
32124
32126
32128
32147
32149
32166
32172
32176
32182
32185
32187
32187
32188
32191
32191
32193
32208
32216
32222
32225
32237
32246
32256
32256
32264
32264
32266
32266
32273
32280
32284
32285
32302
32311
32312
32312
32314
32322
32325
32328
32331
32333
32336
32341
32345
32349
32368
32373
32376
32378
32381
32403
32404
32405
32420
32428
32430
32431
32432
32437
32438
32440
32463
32464
32465
32476
32481
32485
32491
32503
32507
32510
32516
32520
32533
32534
32547
32555
32577
32577
32578
32590
32590
32597
32599
32600
32611
32615
32629
32632
32634
32634
32637
32639
32650
32653
32655
32663
32665
32668
32682
32691
32699
32701
32709
32711
32719
32723
32738
32738
32762
32763
32766
32771
32778
32782
32789
32800
32806
32808
32821
32822
32830
32833
32836
32836
32844
32849
32851
32860
32861
32866
32872
32884
32884
32886
32894
32900
32900
32905
32917
32926
32934
32935
32945
32978
32987
32988
32989
32990
32990
32993
32998
33012
33013
33014
33016
33018
33018
33019
33021
33023
33025
33026
33026
33031
33042
33047
33049
33053
33058
33074
33075
33082
33086
33086
33087
33089
33091
33095
33100
33102
33103
33104
33107
33109
33110
33117
33118
33133
33133
33136
33142
33142
33143
33145
33153
33154
33159
33163
33169
33174
33174
33176
33179
33181
33186
33191
33194
33198
33199
33207
33214
33221
33225
33226
33228
33243
33251
33260
33261
33266
33269
33270
33287
33296
33306
33307
33309
33324
33324
33325
33340
33344
33350
33351
33357
33359
33367
33380
33399
33400
33406
33406
33408
33415
33420
33427
33427
33428
33437
33438
33440
33451
33458
33474
33487
33488
33489
33489
33490
33491
33493
33494
33497
33497
33503
33503
33505
33505
33507
33530
33533
33538
33539
33541
33541
33551
33552
33553
33562
33565
33579
33579
33580
33585
33589
33595
33596
33597
33603
33607
33619
33633
33638
33643
33647
33649
33660
33661
33678
33687
33687
33692
33692
33693
33693
33701
33707
33711
33713
33713
33717
33730
33748
33777
33777
33783
33797
33798
33801
33802
33808
33810
33812
33812
33812
33814
33819
33825
33830
33833
33839
33841
33845
33854
33857
33865
33867
33869
33869
33895
33898
33910
33917
33918
33934
33936
33937
33940
33941
33945
33961
33975
33975
33977
33995
33998
34009
34009
34024
34025
34033
34062
34063
34072
34078
34079
34082
34083
34086
34093
34095
34097
34099
34106
34111
34116
34132
34133
34135
34142
34145
34152
34157
34162
34164
34164
34173
34178
34180
34205
34214
34215
34216
34219
34221
34224
34228
34232
34238
34242
34242
34243
34248
34248
34266
34268
34277
34287
34292
34293
34295
34305
34313
34316
34340
34348
34357
34360
34360
34363
34376
34376
34377
34391
34395
34400
34411
34420
34426
34428
34430
34430
34443
34450
34452
34457
34472
34497
34497
34499
34505
34507
34508
34509
34524
34526
34526
34536
34542
34549
34549
34552
34554
34556
34563
34564
34565
34571
34578
34587
34591
34593
34600
34610
34610
34616
34626
34627
34629
34632
34648
34650
34650
34651
34655
34660
34680
34685
34688
34701
34706
34708
34708
34711
34713
34719
34734
34734
34740
34745
34751
34753
34762
34770
34772
34777
34783
34784
34784
34797
34797
34816
34819
34833
34834
34837
34837
34847
34852
34855
34857
34873
34882
34891
34900
34907
34908
34925
34938
34942
34946
34949
34956
34956
34958
34966
34971
34977
34984
34984
34995
35021
35033
35043
35044
35044
35047
35049
35053
35057
35058
35058
35060
35061
35073
35102
35141
35144
35145
35145
35146
35171
35172
35197
35198
35213
35220
35242
35256
35264
35274
35277
35279
35284
35294
35305
35306
35317
35320
35323
35327
35329
35331
35334
35355
35355
35361
35366
35369
35378
35387
35390
35391
35405
35405
35411
35412
35431
35437
35441
35461
35464
35467
35475
35483
35484
35485
35492
35512
35518
35523
35524
35525
35531
35535
35536
35537
35553
35558
35560
35567
35573
35574
35576
35576
35576
35579
35583
35584
35584
35591
35597
35601
35617
35619
35625
35627
35633
35643
35647
35653
35657
35663
35667
35669
35677
35681
35686
35687
35688
35688
35688
35693
35701
35709
35711
35712
35715
35716
35717
35718
35722
35732
35733
35740
35742
35748
35749
35752
35758
35759
35759
35764
35773
35775
35779
35779
35782
35787
35792
35795
35800
35802
35805
35806
35807
35809
35812
35812
35812
35814
35817
35817
35827
35828
35829
35829
35839
35844
35845
35845
35848
35850
35854
35858
35861
35862
35866
35873
35877
35881
35893
35895
35895
35907
35912
35914
35918
35933
35935
35940
35941
35951
35955
35960
35964
35966
35978
35981
35985
35990
35997
35997
36013
36014
36019
36031
36037
36043
36046
36059
36069
36080
36083
36086
36093
36100
36115
36117
36118
36125
36128
36132
36133
36133
36143
36145
36147
36150
36162
36168
36172
36178
36188
36203
36205
36208
36210
36213
36217
36228
36237
36243
36254
36255
36260
36265
36269
36276
36290
36295
36299
36304
36306
36308
36312
36313
36318
36328
36333
36343
36350
36352
36353
36353
36362
36365
36369
36372
36375
36393
36395
36402
36406
36421
36427
36437
36445
36446
36449
36451
36456
36459
36463
36465
36466
36470
36472
36475
36476
36482
36505
36506
36510
36515
36523
36526
36530
36540
36544
36553
36555
36556
36563
36565
36571
36579
36590
36593
36598
36609
36613
36614
36615
36619
36627
36630
36637
36637
36639
36642
36644
36651
36653
36659
36660
36661
36663
36670
36670
36672
36682
36689
36711
36715
36728
36731
36735
36737
36741
36745
36748
36750
36753
36755
36756
36762
36766
36766
36768
36771
36779
36797
36798
36800
36802
36806
36809
36811
36813
36813
36820
36825
36825
36846
36855
36868
36884
36887
36897
36901
36905
36912
36914
36916
36916
36921
36921
36926
36930
36933
36947
36949
36951
36959
36970
36974
36974
36977
36989
36993
36996
37004
37019
37019
37027
37045
37045
37046
37049
37061
37068
37068
37072
37072
37076
37082
37094
37095
37104
37105
37106
37120
37122
37127
37128
37133
37136
37143
37147
37148
37150
37151
37156
37157
37163
37164
37180
37197
37203
37210
37217
37218
37221
37221
37222
37230
37233
37237
37238
37239
37240
37241
37244
37259
37268
37269
37279
37285
37288
37295
37296
37299
37300
37310
37312
37313
37315
37318
37332
37332
37336
37343
37344
37350
37360
37367
37374
37375
37378
37381
37384
37387
37392
37395
37396
37404
37408
37416
37420
37423
37425
37429
37431
37431
37441
37445
37448
37454
37460
37465
37466
37467
37470
37481
37498
37499
37504
37511
37517
37520
37527
37528
37540
37542
37552
37555
37565
37568
37582
37585
37588
37589
37591
37594
37599
37602
37648
37655
37656
37659
37659
37660
37671
37673
37677
37679
37680
37687
37694
37700
37702
37702
37705
37708
37713
37722
37735
37736
37746
37748
37750
37753
37758
37767
37783
37784
37797
37803
37805
37811
37817
37831
37832
37833
37841
37850
37852
37860
37860
37865
37870
37880
37883
37893
37896
37898
37904
37913
37924
37924
37931
37933
37939
37945
37946
37950
37959
37963
37963
37979
37991
37991
37993
38011
38013
38018
38029
38032
38046
38060
38072
38072
38074
38077
38082
38084
38098
38099
38102
38106
38117
38123
38123
38131
38133
38155
38167
38168
38179
38188
38195
38203
38204
38206
38213
38219
38223
38227
38231
38234
38235
38238
38247
38247
38258
38262
38265
38267
38273
38274
38277
38280
38285
38296
38301
38304
38304
38323
38324
38327
38328
38329
38331
38332
38332
38335
38335
38345
38351
38353
38353
38357
38361
38363
38364
38373
38374
38381
38383
38387
38388
38400
38429
38443
38450
38469
38484
38487
38487
38489
38498
38511
38515
38516
38532
38532
38537
38539
38546
38558
38568
38568
38569
38571
38573
38573
38574
38579
38581
38588
38592
38607
38610
38628
38630
38638
38643
38649
38649
38658
38666
38687
38688
38690
38693
38695
38701
38705
38713
38715
38718
38720
38723
38724
38725
38732
38745
38747
38748
38751
38755
38770
38784
38789
38806
38812
38829
38830
38843
38852
38854
38860
38862
38864
38867
38870
38875
38877
38883
38890
38891
38891
38910
38910
38910
38928
38934
38953
38961
38962
38968
38971
38972
38983
38985
38990
38995
39001
39003
39019
39021
39023
39036
39045
39050
39050
39055
39061
39062
39069
39082
39101
39102
39111
39114
39119
39124
39129
39146
39147
39156
39162
39167
39176
39177
39180
39181
39189
39201
39205
39205
39210
39211
39211
39213
39220
39225
39227
39227
39228
39228
39234
39237
39242
39245
39248
39255
39267
39269
39270
39273
39274
39274
39277
39290
39295
39298
39308
39318
39323
39324
39325
39333
39333
39339
39349
39350
39351
39354
39359
39359
39364
39367
39371
39378
39397
39406
39420
39426
39428
39436
39437
39444
39447
39451
39453
39456
39461
39463
39472
39474
39480
39481
39492
39498
39498
39503
39507
39507
39520
39531
39535
39537
39538
39554
39563
39570
39579
39580
39595
39602
39604
39612
39613
39613
39616
39621
39628
39631
39638
39638
39638
39639
39640
39640
39642
39646
39655
39659
39661
39669
39698
39718
39720
39730
39740
39744
39758
39763
39764
39765
39771
39775
39778
39779
39781
39791
39802
39806
39817
39822
39824
39825
39831
39837
39838
39848
39861
39871
39872
39878
39879
39879
39880
39894
39906
39910
39911
39912
39913
39916
39917
39925
39932
39935
39943
39944
39948
39950
39951
39952
39954
39976
39980
39988
39989
39990
39992
39994
39994
40001
40005
40011
40039
40046
40048
40066
40081
40082
40083
40088
40097
40100
40101
40104
40110
40111
40111
40134
40135
40135
40141
40161
40167
40173
40175
40177
40184
40207
40215
40223
40223
40237
40237
40244
40245
40256
40258
40260
40267
40277
40284
40297
40305
40306
40308
40315
40317
40338
40345
40349
40349
40356
40365
40366
40367
40373
40378
40382
40384
40385
40389
40394
40401
40403
40416
40432
40432
40442
40451
40452
40454
40458
40458
40475
40480
40486
40494
40494
40495
40498
40500
40503
40514
40524
40527
40540
40546
40561
40563
40563
40569
40583
40586
40587
40589
40592
40592
40595
40596
40603
40607
40608
40627
40634
40640
40648
40649
40653
40659
40665
40667
40674
40679
40690
40700
40703
40711
40717
40722
40730
40734
40745
40754
40754
40762
40767
40777
40781
40781
40790
40796
40798
40800
40803
40810
40812
40818
40820
40820
40822
40836
40840
40851
40857
40865
40865
40874
40885
40891
40891
40899
40904
40916
40931
40937
40943
40945
40959
40962
40962
40967
40967
40967
40981
40982
40982
41009
41016
41016
41018
41027
41033
41038
41042
41051
41053
41063
41067
41071
41078
41086
41090
41102
41108
41110
41113
41119
41126
41129
41131
41138
41142
41146
41146
41157
41178
41178
41185
41189
41192
41197
41198
41198
41201
41209
41216
41218
41236
41237
41239
41240
41249
41253
41256
41262
41267
41269
41271
41275
41277
41281
41300
41305
41306
41318
41325
41327
41329
41329
41332
41333
41350
41352
41362
41365
41365
41380
41380
41385
41386
41391
41397
41413
41415
41416
41420
41436
41441
41444
41445
41447
41450
41451
41453
41454
41477
41482
41496
41497
41508
41520
41523
41530
41536
41544
41554
41556
41561
41567
41596
41597
41602
41604
41612
41617
41620
41626
41627
41628
41633
41635
41642
41667
41668
41673
41684
41685
41686
41687
41688
41695
41697
41701
41717
41720
41722
41728
41733
41735
41738
41741
41741
41746
41753
41762
41768
41770
41780
41781
41781
41781
41785
41786
41792
41793
41799
41803
41807
41813
41821
41828
41830
41832
41846
41846
41847
41850
41853
41860
41864
41867
41875
41881
41882
41890
41892
41899
41906
41912
41936
41940
41944
41945
41948
41951
41953
41954
41961
41964
41967
41978
41998
41999
42016
42023
42030
42033
42033
42034
42036
42040
42048
42059
42065
42065
42066
42068
42069
42074
42077
42086
42097
42101
42105
42110
42115
42116
42120
42136
42140
42143
42143
42145
42146
42153
42155
42157
42169
42177
42180
42183
42187
42196
42202
42205
42208
42219
42221
42225
42226
42228
42234
42235
42240
42256
42261
42263
42264
42266
42282
42282
42289
42306
42307
42312
42312
42313
42328
42336
42336
42338
42349
42361
42364
42380
42381
42383
42387
42390
42394
42407
42413
42415
42415
42419
42420
42431
42433
42438
42439
42443
42444
42446
42446
42447
42450
42458
42461
42462
42466
42469
42471
42471
42478
42482
42486
42487
42491
42499
42501
42541
42546
42547
42575
42581
42587
42598
42603
42604
42606
42613
42613
42618
42619
42623
42624
42625
42626
42626
42632
42655
42657
42677
42686
42687
42687
42687
42694
42695
42702
42705
42712
42716
42721
42728
42730
42739
42743
42756
42758
42762
42763
42765
42776
42783
42784
42784
42785
42791
42792
42804
42813
42824
42827
42835
42841
42847
42848
42849
42854
42854
42855
42857
42857
42859
42865
42866
42872
42875
42877
42878
42883
42897
42897
42898
42931
42932
42937
42941
42974
42982
42985
43000
43006
43008
43013
43014
43020
43026
43030
43032
43043
43044
43052
43053
43055
43064
43068
43069
43070
43073
43074
43079
43080
43081
43083
43084
43086
43088
43093
43093
43096
43103
43113
43130
43151
43156
43162
43177
43182
43188
43190
43202
43203
43210
43215
43228
43229
43243
43244
43271
43271
43274
43275
43276
43281
43281
43288
43290
43292
43293
43298
43303
43311
43314
43314
43324
43328
43328
43332
43337
43343
43348
43358
43363
43365
43367
43370
43373
43381
43388
43390
43393
43395
43406
43414
43416
43417
43417
43422
43424
43426
43427
43430
43430
43433
43436
43447
43451
43456
43470
43470
43472
43479
43496
43502
43503
43506
43510
43512
43515
43524
43527
43533
43537
43538
43540
43541
43560
43562
43566
43581
43582
43584
43599
43605
43609
43609
43612
43619
43624
43627
43628
43630
43634
43648
43655
43665
43678
43686
43687
43688
43694
43699
43717
43728
43728
43733
43748
43752
43752
43757
43765
43774
43788
43792
43795
43801
43811
43825
43836
43837
43839
43845
43855
43858
43860
43863
43863
43890
43891
43897
43898
43912
43914
43926
43928
43932
43933
43937
43941
43942
43947
43953
43954
43961
43970
43974
43979
43982
43986
43989
43994
43996
44007
44008
44009
44009
44015
44015
44021
44044
44045
44049
44059
44062
44068
44069
44071
44085
44092
44095
44096
44102
44102
44108
44114
44126
44132
44141
44142
44144
44144
44152
44156
44162
44165
44171
44180
44180
44188
44190
44191
44196
44206
44211
44216
44216
44225
44230
44235
44249
44251
44264
44267
44269
44283
44286
44320
44325
44337
44337
44339
44341
44350
44356
44359
44361
44373
44376
44381
44383
44384
44388
44402
44405
44420
44430
44434
44434
44436
44442
44443
44455
44462
44466
44471
44491
44499
44502
44506
44517
44539
44542
44542
44548
44553
44554
44557
44559
44567
44573
44574
44575
44579
44581
44583
44618
44633
44644
44647
44657
44657
44661
44666
44681
44682
44683
44695
44695
44701
44707
44710
44711
44717
44718
44723
44723
44727
44733
44735
44735
44737
44741
44746
44746
44746
44750
44751
44754
44758
44770
44782
44790
44819
44820
44822
44826
44829
44833
44846
44849
44857
44859
44869
44871
44871
44875
44878
44882
44895
44914
44915
44917
44921
44922
44926
44927
44927
44928
44931
44933
44944
44953
44954
44957
44963
44969
44969
44970
44971
44973
44978
44986
44995
44997
45013
45019
45021
45053
45056
45057
45063
45078
45081
45089
45091
45092
45104
45112
45116
45121
45123
45124
45124
45131
45131
45136
45143
45145
45146
45155
45159
45159
45163
45176
45180
45187
45200
45200
45208
45213
45214
45220
45224
45233
45235
45239
45247
45254
45262
45269
45272
45272
45273
45273
45277
45281
45281
45284
45290
45296
45305
45314
45321
45324
45325
45326
45328
45332
45336
45337
45344
45348
45360
45363
45369
45372
45373
45380
45381
45381
45381
45410
45412
45422
45430
45450
45454
45454
45461
45461
45470
45471
45474
45481
45483
45484
45498
45499
45501
45504
45505
45511
45521
45524
45525
45526
45527
45538
45549
45559
45583
45585
45586
45596
45596
45597
45598
45632
45637
45647
45648
45654
45658
45665
45666
45669
45674
45677
45679
45683
45685
45689
45691
45698
45699
45701
45701
45712
45713
45718
45719
45732
45733
45739
45740
45747
45748
45752
45755
45765
45785
45788
45795
45797
45802
45806
45808
45817
45819
45821
45825
45841
45848
45848
45858
45860
45861
45862
45869
45870
45871
45872
45873
45876
45883
45889
45891
45896
45897
45903
45912
45913
45944
45953
45957
45960
45963
45969
45977
45986
45987
46010
46016
46022
46037
46040
46043
46043
46064
46066
46067
46070
46072
46090
46100
46101
46115
46127
46146
46147
46148
46149
46151
46155
46158
46161
46168
46170
46172
46172
46185
46196
46202
46206
46207
46211
46221
46226
46227
46228
46229
46246
46247
46248
46254
46255
46257
46259
46260
46263
46263
46265
46268
46271
46275
46277
46279
46285
46293
46297
46307
46317
46323
46325
46325
46328
46332
46356
46357
46357
46358
46369
46371
46373
46376
46398
46400
46406
46420
46430
46439
46446
46449
46454
46457
46459
46464
46464
46468
46469
46470
46471
46476
46481
46482
46484
46486
46493
46495
46517
46523
46542
46544
46545
46560
46566
46572
46579
46584
46587
46591
46600
46606
46608
46611
46618
46634
46635
46635
46648
46659
46666
46671
46671
46682
46695
46718
46723
46734
46741
46753
46778
46782
46804
46834
46834
46845
46861
46863
46864
46866
46867
46872
46876
46878
46885
46891
46911
46911
46914
46924
46927
46928
46931
46933
46934
46935
46941
46952
46962
46962
46965
46967
46973
46974
46977
46990
46991
46997
46999
47001
47009
47012
47019
47020
47021
47021
47022
47025
47027
47049
47054
47059
47062
47066
47073
47093
47097
47100
47101
47108
47109
47109
47122
47123
47137
47144
47160
47161
47161
47165
47168
47175
47185
47190
47191
47192
47193
47198
47204
47214
47217
47219
47228
47240
47254
47272
47272
47281
47282
47283
47284
47289
47292
47293
47296
47297
47297
47301
47311
47315
47324
47327
47331
47343
47360
47365
47369
47373
47380
47385
47386
47389
47400
47404
47409
47410
47416
47423
47429
47430
47433
47433
47436
47445
47445
47453
47453
47479
47480
47488
47492
47500
47501
47513
47525
47526
47531
47545
47549
47552
47556
47556
47557
47560
47561
47572
47575
47578
47584
47586
47591
47594
47599
47610
47626
47626
47639
47641
47652
47652
47653
47654
47655
47655
47674
47679
47684
47687
47690
47693
47695
47698
47716
47717
47718
47726
47727
47727
47741
47749
47749
47766
47766
47768
47775
47786
47791
47796
47798
47808
47808
47809
47827
47828
47838
47842
47846
47849
47859
47871
47876
47883
47899
47901
47906
47907
47907
47908
47909
47909
47909
47909
47910
47916
47917
47920
47920
47927
47931
47940
47941
47944
47973
47983
48002
48004
48009
48009
48011
48014
48015
48016
48020
48023
48027
48028
48029
48032
48032
48035
48041
48041
48042
48052
48053
48054
48061
48068
48068
48068
48072
48084
48087
48092
48098
48118
48123
48128
48135
48141
48148
48150
48159
48169
48190
48191
48195
48199
48200
48207
48213
48218
48232
48246
48267
48271
48274
48275
48278
48281
48295
48314
48317
48325
48343
48344
48352
48363
48369
48377
48378
48386
48407
48408
48410
48416
48418
48426
48435
48438
48449
48455
48471
48476
48476
48484
48490
48490
48491
48493
48498
48500
48503
48504
48507
48513
48521
48529
48537
48541
48544
48549
48552
48552
48557
48558
48559
48560
48563
48566
48571
48581
48589
48590
48618
48622
48644
48652
48655
48657
48665
48672
48673
48683
48684
48691
48692
48695
48698
48700
48708
48717
48724
48734
48735
48739
48744
48746
48751
48754
48764
48774
48776
48778
48788
48789
48801
48808
48809
48811
48823
48824
48836
48840
48842
48842
48847
48849
48853
48855
48865
48868
48877
48884
48890
48890
48892
48893
48913
48914
48916
48934
48942
48943
48944
48947
48947
48948
48959
48962
48963
48967
48968
48971
48975
48991
48999
49000
49007
49011
49016
49029
49031
49032
49049
49057
49063
49063
49064
49068
49070
49072
49075
49078
49085
49087
49089
49105
49107
49109
49109
49109
49111
49112
49120
49120
49121
49123
49125
49136
49137
49141
49142
49148
49148
49152
49156
49158
49160
49164
49164
49169
49175
49186
49195
49199
49210
49213
49213
49213
49214
49214
49227
49229
49244
49250
49258
49261
49265
49268
49278
49278
49279
49279
49280
49280
49281
49284
49285
49285
49298
49300
49305
49310
49314
49316
49326
49328
49332
49342
49343
49349
49350
49358
49378
49380
49388
49388
49390
49391
49397
49400
49410
49413
49428
49432
49434
49443
49448
49449
49461
49462
49467
49476
49477
49480
49481
49488
49491
49493
49495
49497
49507
49512
49516
49530
49539
49547
49547
49566
49566
49580
49592
49593
49594
49598
49601
49601
49601
49604
49606
49615
49618
49629
49643
49644
49647
49648
49650
49651
49668
49691
49691
49693
49694
49702
49703
49712
49721
49729
49733
49738
49743
49767
49769
49771
49773
49775
49786
49794
49806
49811
49811
49819
49820
49823
49828
49837
49838
49839
49839
49840
49841
49862
49868
49882
49884
49888
49900
49901
49903
49904
49922
49926
49930
49931
49939
49941
49948
49948
49955
49964
49977
49978
49980
49987
49989
49995
