16
21
23
24
25
29
31
35
36
37
40
52
61
73
77
80
81
82
87
91
97
116
117
118
149
157
161
163
167
170
171
182
184
185
186
191
194
200
214
227
229
235
246
258
258
261
267
282
287
292
294
299
307
312
317
318
325
325
327
332
350
350
352
355
361
366
373
380
382
384
402
402
409
420
421
425
426
437
439
445
446
450
451
455
461
464
468
474
477
477
486
497
497
498
500
501
508
512
512
515
516
537
537
541
560
567
568
570
574
590
596
596
596
599
605
608
618
622
629
632
632
633
635
635
661
661
667
671
673
674
686
706
708
709
711
722
724
728
731
733
736
737
740
747
755
755
756
764
767
770
771
772
775
779
784
801
806
809
815
816
816
816
822
825
829
832
841
846
846
847
857
864
865
875
879
894
909
910
911
916
924
927
931
939
943
947
948
960
963
974
976
990
996
997
1004
1018
1024
1027
1029
1033
1040
1047
1048
1054
1056
1063
1064
1114
1116
1123
1125
1129
1129
1136
1141
1143
1143
1144
1146
1149
1152
1155
1156
1164
1165
1171
1188
1202
1208
1219
1220
1224
1232
1237
1237
1237
1238
1254
1257
1259
1259
1277
1281
1282
1287
1287
1290
1291
1308
1324
1335
1336
1338
1353
1360
1363
1368
1369
1372
1391
1398
1401
1406
1413
1426
1430
1430
1435
1435
1452
1455
1458
1464
1475
1481
1492
1494
1494
1503
1542
1549
1556
1563
1564
1575
1577
1581
1583
1590
1590
1592
1593
1603
1625
1641
1644
1644
1650
1660
1674
1678
1688
1689
1689
1696
1703
1704
1711
1712
1721
1726
1726
1727
1735
1737
1744
1748
1758
1760
1760
1761
1764
1770
1773
1783
1784
1788
1791
1797
1798
1803
1805
1805
1808
1809
1809
1815
1825
1832
1833
1833
1836
1839
1839
1854
1859
1868
1874
1885
1885
1899
1901
1902
1908
1923
1924
1928
1933
1935
1945
1949
1952
1955
1963
1972
1972
1973
1978
1999
2013
2018
2021
2028
2038
2043
2050
2071
2076
2077
2083
2092
2100
2109
2114
2115
2117
2118
2119
2121
2136
2142
2144
2147
2156
2157
2157
2160
2162
2164
2175
2180
2181
2195
2202
2218
2219
2225
2234
2238
2242
2245
2254
2260
2274
2281
2283
2285
2293
2297
2309
2316
2317
2318
2322
2324
2324
2327
2328
2330
2332
2337
2350
2353
2355
2361
2380
2381
2385
2389
2392
2404
2408
2427
2427
2431
2449
2450
2458
2461
2501
2501
2503
2510
2513
2518
2526
2527
2546
2549
2551
2556
2575
2579
2584
2599
2604
2619
2621
2625
2626
2639
2640
2643
2644
2652
2659
2662
2667
2670
2676
2677
2683
2694
2701
2702
2707
2716
2717
2717
2723
2727
2730
2731
2734
2741
2750
2762
2766
2770
2774
2778
2780
2789
2808
2815
2815
2818
2820
2830
2839
2842
2845
2847
2851
2860
2868
2868
2872
2873
2879
2881
2890
2890
2895
2895
2896
2916
2928
2929
2930
2943
2947
2949
2949
2951
2956
2989
2989
2997
3004
3006
3009
3011
3026
3038
3045
3059
3068
3077
3080
3087
3091
3091
3094
3100
3102
3104
3126
3129
3129
3140
3143
3155
3156
3159
3166
3166
3187
3208
3216
3222
3224
3231
3233
3239
3242
3249
3251
3258
3260
3271
3274
3277
3284
3293
3294
3304
3308
3309
3318
3319
3334
3341
3344
3352
3355
3356
3370
3375
3375
3376
3379
3383
3384
3391
3398
3400
3404
3405
3406
3408
3411
3416
3421
3421
3421
3449
3453
3454
3459
3470
3472
3473
3473
3479
3483
3488
3498
3503
3508
3511
3514
3519
3522
3525
3526
3527
3530
3536
3538
3538
3539
3546
3549
3553
3556
3569
3570
3572
3580
3588
3588
3594
3598
3612
3627
3632
3641
3662
3667
3672
3674
3677
3680
3683
3685
3687
3690
3694
3715
3718
3721
3722
3727
3728
3735
3751
3769
3774
3778
3780
3815
3816
3822
3822
3824
3829
3833
3836
3837
3839
3845
3849
3850
3858
3864
3881
3885
3885
3886
3887
3891
3906
3908
3920
3932
3935
3936
3938
3943
3949
3953
3987
3989
4007
4007
4020
4020
4026
4037
4042
4054
4060
4061
4069
4070
4070
4074
4109
4120
4124
4129
4133
4133
4151
4162
4164
4171
4177
4183
4186
4187
4188
4188
4189
4199
4199
4202
4206
4209
4209
4210
4213
4213
4229
4229
4230
4233
4240
4249
4270
4273
4275
4301
4310
4310
4311
4314
4319
4343
4345
4347
4347
4347
4366
4372
4372
4389
4392
4395
4401
4404
4413
4414
4415
4421
4431
4435
4463
4466
4471
4473
4478
4491
4494
4497
4501
4505
4506
4507
4513
4513
4517
4528
4537
4538
4539
4548
4548
4554
4569
4573
4578
4588
4593
4596
4602
4605
4605
4607
4622
4625
4626
4631
4633
4636
4638
4639
4640
4649
4658
4660
4663
4668
4669
4669
4672
4672
4684
4684
4693
4699
4701
4703
4703
4708
4717
4722
4727
4730
4732
4741
4746
4747
4755
4763
4765
4769
4774
4776
4786
4790
4792
4792
4821
4836
4840
4852
4854
4862
4863
4870
4870
4872
4875
4877
4897
4910
4913
4924
4925
4937
4946
4953
4955
4966
4971
4973
4973
4973
4977
4979
4981
4983
4984
4989
4991
4993
4996
5000
5005
5009
5019
5019
5031
5034
5035
5037
5038
5040
5044
5045
5047
5049
5050
5053
5055
5057
5062
5078
5078
5084
5085
5088
5089
5091
5104
5116
5120
5123
5130
5135
5139
5143
5145
5148
5153
5164
5166
5169
5175
5179
5189
5191
5194
5197
5207
5218
5219
5222
5235
5237
5244
5245
5247
5249
5253
5253
5255
5256
5258
5260
5264
5265
5270
5291
5299
5306
5307
5307
5312
5313
5316
5329
5338
5343
5346
5349
5358
5371
5372
5373
5373
5374
5384
5390
5395
5396
5408
5417
5423
5425
5425
5433
5434
5438
5439
5450
5455
5458
5471
5474
5477
5482
5485
5494
5502
5505
5508
5509
5523
5526
5527
5532
5532
5535
5547
5552
5557
5558
5563
5567
5578
5579
5579
5581
5581
5582
5586
5588
5592
5594
5594
5598
5605
5609
5629
5641
5654
5664
5668
5674
5675
5677
5677
5694
5701
5702
5714
5717
5724
5729
5757
5760
5764
5766
5771
5778
5780
5787
5792
5797
5801
5802
5807
5810
5811
5815
5825
5826
5830
5851
5855
5856
5856
5857
5862
5874
5880
5880
5885
5886
5894
5908
5909
5916
5916
5916
5918
5921
5921
5925
5936
5939
5944
5946
5992
5993
5998
6000
6000
6003
6013
6019
6021
6027
6029
6029
6030
6043
6048
6055
6056
6062
6070
6076
6078
6081
6083
6084
6085
6087
6088
6092
6095
6105
6111
6116
6118
6131
6135
6146
6155
6159
6163
6165
6168
6169
6171
6173
6179
6186
6188
6188
6190
6209
6213
6213
6213
6217
6245
6255
6256
6257
6262
6268
6270
6272
6279
6280
6280
6280
6282
6282
6286
6297
6302
6310
6320
6324
6328
6335
6342
6344
6344
6352
6353
6361
6363
6381
6385
6386
6386
6390
6395
6397
6427
6437
6449
6450
6450
6452
6455
6461
6468
6472
6479
6486
6493
6500
6501
6503
6507
6515
6519
6521
6539
6540
6546
6550
6555
6557
6562
6568
6572
6575
6575
6580
6587
6595
6595
6598
6601
6619
6623
6624
6630
6637
6648
6650
6650
6657
6665
6666
6680
6683
6691
6712
6723
6732
6741
6741
6743
6746
6750
6750
6763
6770
6771
6772
6772
6773
6777
6780
6784
6785
6788
6790
6791
6793
6793
6796
6797
6803
6807
6807
6811
6815
6818
6818
6824
6826
6827
6832
6836
6847
6857
6858
6875
6895
6911
6915
6922
6923
6929
6932
6942
6946
6950
6951
6957
6959
6992
6996
6996
6997
6998
7009
7011
7011
7013
7015
7022
7031
7034
7044
7047
7048
7055
7069
7083
7083
7084
7091
7095
7111
7112
7113
7129
7131
7134
7135
7142
7146
7150
7151
7154
7160
7161
7166
7174
7175
7180
7192
7195
7201
7202
7208
7209
7216
7217
7222
7229
7231
7232
7233
7233
7236
7241
7243
7248
7262
7272
7272
7274
7275
7276
7288
7288
7293
7294
7296
7298
7304
7311
7312
7313
7339
7345
7354
7356
7363
7364
7366
7367
7367
7369
7369
7371
7377
7382
7390
7392
7393
7400
7403
7407
7417
7418
7418
7418
7418
7422
7425
7434
7435
7438
7443
7447
7450
7457
7468
7468
7471
7472
7480
7485
7490
7491
7497
7501
7512
7515
7515
7519
7523
7525
7526
7527
7538
7554
7562
7563
7569
7570
7571
7574
7574
7577
7578
7583
7587
7588
7590
7594
7605
7608
7613
7617
7619
7620
7629
7636
7636
7637
7647
7655
7656
7660
7663
7682
7688
7697
7700
7701
7701
7704
7704
7707
7708
7711
7711
7713
7713
7733
7741
7747
7747
7752
7758
7760
7761
7763
7765
7767
7767
7767
7782
7785
7786
7789
7794
7818
7818
7820
7832
7861
7863
7867
7878
7881
7887
7892
7897
7901
7915
7916
7924
7926
7927
7927
7932
7952
7955
7958
7962
7965
7970
7971
7984
7999
8000
8006
8026
8028
8035
8035
8035
8042
8045
8049
8051
8058
8069
8078
8083
8086
8087
8091
8092
8120
8132
8135
8139
8142
8143
8150
8164
8165
8171
8175
8176
8193
8193
8200
8218
8232
8235
8243
8245
8263
8263
8264
8280
8280
8281
8282
8283
8286
8290
8291
8322
8323
8330
8334
8339
8340
8345
8346
8349
8350
8360
8362
8367
8371
8374
8375
8385
8391
8394
8396
8402
8407
8424
8431
8432
8438
8449
8454
8456
8462
8474
8475
8482
8495
8495
8496
8497
8507
8527
8528
8530
8549
8556
8560
8565
8566
8576
8576
8578
8584
8591
8597
8609
8610
8611
8612
8614
8618
8627
8631
8632
8633
8636
8639
8640
8650
8650
8652
8657
8657
8659
8661
8664
8672
8674
8675
8679
8679
8684
8690
8700
8704
8711
8714
8721
8727
8738
8747
8749
8751
8754
8770
8770
8771
8780
8800
8802
8803
8806
8809
8839
8844
8860
8864
8869
8876
8883
8887
8890
8892
8892
8909
8909
8917
8933
8935
8939
8947
8951
8964
8973
8974
8976
8981
8982
8985
8996
8999
9007
9013
9014
9021
9022
9023
9025
9026
9033
9049
9049
9049
9054
9061
9072
9081
9085
9092
9093
9100
9107
9109
9109
9126
9126
9129
9138
9139
9149
9156
9156
9157
9164
9166
9191
9228
9233
9236
9245
9250
9254
9255
9259
9262
9273
9273
9281
9282
9289
9292
9301
9303
9305
9315
9316
9328
9330
9335
9337
9340
9341
9346
9347
9351
9359
9360
9362
9366
9370
9375
9375
9379
9390
9393
9395
9396
9402
9403
9405
9410
9410
9421
9422
9432
9438
9445
9447
9452
9461
9464
9465
9478
9478
9484
9485
9493
9494
9496
9500
9503
9507
9514
9523
9524
9524
9525
9525
9531
9539
9543
9550
9565
9582
9591
9595
9595
9603
9611
9629
9631
9636
9643
9644
9653
9654
9658
9666
9670
9676
9681
9686
9698
9706
9708
9709
9709
9712
9725
9727
9728
9733
9736
9741
9749
9757
9762
9763
9771
9791
9798
9800
9803
9813
9815
9819
9827
9829
9833
9853
9853
9860
9867
9872
9873
9877
9880
9881
9882
9884
9892
9896
9905
9906
9906
9911
9921
9924
9929
9941
9943
9952
9955
9956
9958
9978
9979
9989
10002
10005
10006
10007
10033
10038
10039
10041
10042
10043
10052
10068
10075
10080
10082
10083
10085
10088
10097
10100
10105
10109
10112
10114
10116
10133
10140
10144
10151
10164
10168
10172
10181
10190
10192
10194
10198
10199
10204
10210
10216
10217
10220
10225
10234
10255
10261
10266
10267
10270
10272
10280
10281
10285
10286
10286
10287
10287
10291
10294
10295
10297
10301
10302
10327
10334
10340
10344
10354
10360
10364
10367
10367
10368
10372
10373
10376
10380
10384
10387
10396
10400
10407
10407
10410
10423
10433
10436
10439
10441
10441
10441
10445
10448
10450
10450
10451
10464
10465
10465
10466
10470
10481
10483
10483
10483
10484
10494
10508
10512
10515
10519
10525
10527
10528
10554
10562
10562
10563
10570
10574
10575
10577
10578
10581
10582
10583
10584
10589
10593
10606
10607
10614
10617
10629
10634
10644
10646
10674
10682
10684
10685
10694
10701
10712
10715
10719
10723
10729
10729
10736
10739
10743
10744
10744
10746
10752
10759
10760
10761
10763
10775
10776
10779
10796
10799
10800
10811
10818
10820
10825
10829
10841
10842
10843
10850
10854
10855
10860
10862
10863
10865
10869
10876
10877
10878
10880
10883
10887
10889
10889
10900
10902
10905
10912
10912
10912
10926
10935
10949
10950
10955
10959
10959
10959
10962
10978
10979
10980
10984
10999
11011
11012
11015
11017
11026
11027
11029
11031
11032
11033
11038
11042
11042
11051
11053
11059
11065
11082
11087
11093
11100
11104
11106
11108
11110
11113
11117
11120
11120
11124
11135
11142
11144
11158
11160
11161
11182
11182
11183
11185
11189
11195
11206
11211
11212
11213
11217
11231
11232
11235
11236
11247
11250
11254
11267
11267
11267
11275
11277
11277
11281
11283
11284
11291
11308
11309
11311
11313
11325
11343
11354
11362
11364
11364
11365
11371
11387
11389
11391
11392
11393
11393
11398
11400
11401
11407
11420
11423
11429
11431
11433
11448
11456
11460
11469
11470
11473
11485
11488
11491
11503
11510
11510
11512
11517
11519
11520
11534
11542
11545
11546
11557
11560
11570
11594
11596
11601
11602
11604
11607
11612
11615
11619
11624
11626
11633
11634
11634
11636
11637
11637
11639
11648
11653
11662
11662
11676
11687
11687
11697
11699
11703
11703
11705
11708
11709
11709
11718
11720
11729
11732
11735
11743
11747
11759
11766
11767
11780
11782
11782
11788
11790
11791
11795
11796
11823
11828
11836
11849
11851
11855
11858
11859
11864
11873
11878
11882
11889
11892
11892
11895
11906
11913
11913
11925
11926
11939
11941
11944
11953
11954
11956
11962
11965
11971
11972
11973
11977
11979
11993
11994
11998
12001
12002
12007
12023
12035
12038
12040
12058
12063
12063
12068
12071
12086
12097
12112
12129
12130
12133
12136
12136
12143
12145
12155
12156
12174
12177
12180
12185
12189
12189
12191
12198
12199
12200
12201
12202
12204
12204
12212
12215
12215
12234
12237
12239
12239
12243
12245
12245
12248
12254
12259
12260
12268
12270
12271
12277
12303
12304
12306
12313
12314
12327
12330
12337
12339
12347
12348
12349
12352
12356
12362
12373
12384
12385
12386
12387
12396
12403
12405
12405
12406
12423
12425
12435
12437
12439
12451
12455
12457
12459
12467
12468
12469
12470
12474
12487
12494
12497
12498
12501
12510
12512
12519
12535
12536
12541
12549
12551
12556
12570
12575
12580
12580
12590
12598
12612
12614
12618
12631
12643
12646
12647
12650
12651
12655
12660
12662
12669
12683
12693
12708
12710
12713
12714
12715
12720
12723
12743
12782
12782
12785
12787
12794
12797
12799
12821
12824
12825
12829
12840
12843
12861
12862
12893
12894
12895
12900
12903
12904
12911
12923
12934
12938
12942
12948
12956
12959
12972
12973
12984
12986
12988
12990
12996
12998
12999
13005
13015
13018
13019
13026
13031
13036
13043
13047
13055
13059
13060
13070
13071
13072
13072
13081
13088
13091
13092
13103
13122
13123
13126
13143
13147
13147
13148
13151
13156
13159
13168
13170
13170
13189
13194
13198
13208
13210
13222
13224
13225
13226
13231
13231
13235
13236
13245
13261
13268
13286
13288
13300
13304
13305
13307
13324
13325
13331
13349
13350
13363
13370
13377
13384
13390
13392
13393
13399
13400
13403
13412
13419
13427
13428
13430
13435
13439
13442
13453
13456
13457
13463
13467
13468
13473
13474
13477
13479
13485
13491
13499
13507
13508
13511
13511
13522
13531
13536
13543
13551
13557
13565
13570
13577
13578
13581
13581
13584
13591
13592
13603
13604
13606
13617
13618
13626
13629
13630
13642
13642
13646
13647
13650
13652
13654
13657
13658
13660
13671
13676
13677
13690
13695
13697
13714
13715
13717
13728
13730
13736
13751
13752
13754
13759
13761
13761
13769
13775
13775
13781
13783
13794
13798
13799
13809
13811
13817
13822
13831
13842
13842
13843
13850
13851
13852
13869
13876
13885
13886
13892
13896
13896
13898
13901
13901
13902
13908
13911
13912
13914
13916
13917
13920
13922
13932
13945
13953
13957
13965
13975
13975
13986
13992
13995
13996
14002
14008
14009
14013
14021
14027
14030
14030
14033
14037
14038
14050
14051
14054
14064
14065
14065
14067
14073
14074
14085
14095
14097
14100
14106
14108
14110
14111
14124
14125
14132
14133
14134
14142
14143
14147
14150
14153
14162
14162
14176
14182
14193
14193
14200
14200
14206
14218
14218
14218
14220
14222
14231
14234
14250
14251
14253
14256
14259
14277
14282
14283
14287
14287
14291
14301
14302
14315
14321
14329
14336
14340
14345
14346
14348
14351
14356
14360
14369
14373
14377
14377
14394
14400
14401
14405
14410
14412
14417
14423
14436
14457
14463
14472
14489
14494
14501
14501
14503
14516
14522
14525
14527
14529
14530
14533
14540
14543
14545
14553
14556
14557
14558
14564
14567
14571
14574
14575
14576
14579
14580
14583
14589
14591
14592
14593
14595
14601
14601
14601
14604
14608
14608
14612
14616
14629
14634
14636
14638
14647
14653
14664
14685
14693
14697
14698
14699
14700
14701
14722
14723
14725
14727
14730
14733
14745
14755
14767
14770
14770
14774
14776
14785
14787
14796
14802
14803
14805
14805
14807
14809
14809
14814
14815
14815
14821
14839
14843
14845
14856
14858
14863
14875
14912
14920
14930
14943
14947
14949
14967
14972
14977
14981
14981
14982
14986
14986
14997
14999
15000
15002
15015
15016
15018
15028
15028
15035
15038
15040
15043
15045
15061
15073
15085
15087
15093
15093
15098
15103
15107
15108
15116
15136
15138
15144
15152
15163
15170
15194
15198
15203
15210
15225
15228
15231
15233
15234
15246
15250
15256
15259
15262
15269
15271
15279
15284
15288
15291
15291
15295
15295
15296
15297
15300
15303
15305
15320
15320
15322
15327
15337
15342
15345
15358
15363
15364
15364
15367
15367
15380
15382
15383
15386
15388
15393
15394
15395
15396
15397
15399
15403
15404
15406
15408
15410
15410
15417
15426
15427
15434
15435
15440
15445
15445
15447
15455
15465
15474
15478
15485
15496
15501
15502
15503
15504
15518
15528
15530
15530
15535
15537
15544
15545
15553
15554
15561
15564
15577
15581
15591
15594
15608
15609
15611
15615
15621
15626
15631
15640
15646
15652
15665
15672
15674
15676
15677
15679
15681
15682
15682
15692
15699
15725
15736
15741
15746
15746
15751
15752
15756
15760
15761
15765
15766
15771
15771
15772
15779
15788
15791
15799
15801
15807
15828
15831
15833
15835
15843
15846
15850
15854
15857
15861
15862
15863
15873
15875
15879
15881
15882
15885
15901
15903
15906
15906
15909
15910
15913
15913
15916
15917
15934
15935
15944
15957
15962
15963
15964
15965
15969
15971
15973
15974
15975
15976
15981
15996
15996
15999
16012
16018
16030
16034
16036
16036
16038
16043
16049
16053
16055
16056
16068
16081
16086
16086
16097
16098
16110
16121
16123
16129
16133
16134
16136
16136
16137
16152
16156
16160
16161
16163
16172
16174
16178
16179
16181
16184
16196
16205
16213
16215
16221
16222
16230
16231
16234
16235
16236
16237
16241
16243
16257
16260
16267
16285
16299
16300
16304
16306
16309
16311
16315
16331
16334
16347
16347
16349
16349
16351
16355
16357
16359
16361
16372
16373
16381
16395
16396
16398
16410
16412
16417
16419
16420
16427
16428
16429
16434
16435
16439
16451
16455
16466
16468
16468
16471
16481
16481
16486
16490
16491
16496
16511
16514
16515
16516
16520
16525
16525
16546
16554
16556
16567
16568
16570
16579
16580
16593
16593
16596
16599
16609
16627
16629
16640
16646
16648
16653
16658
16660
16662
16665
16668
16674
16688
16691
16698
16700
16705
16709
16726
16731
16734
16735
16738
16751
16752
16755
16759
16760
16760
16762
16768
16775
16779
16787
16788
16789
16793
16795
16809
16813
16813
16816
16818
16820
16828
16832
16833
16841
16844
16844
16851
16855
16859
16864
16870
16871
16878
16880
16882
16890
16891
16896
16896
16908
16910
16911
16911
16917
16921
16924
16925
16939
16940
16953
16954
16955
16956
16957
16977
16978
16979
16979
16988
17003
17009
17013
17016
17016
17017
17026
17026
17032
17039
17051
17058
17060
17062
17065
17075
17079
17093
17094
17098
17101
17103
17107
17109
17111
17112
17114
17116
17124
17136
17140
17148
17149
17152
17153
17182
17187
17187
17188
17191
17191
17194
17195
17200
17207
17207
17208
17217
17219
17219
17220
17224
17233
17237
17238
17240
17246
17257
17257
17272
17274
17276
17276
17281
17281
17282
17282
17283
17284
17289
17293
17297
17299
17307
17312
17324
17328
17330
17332
17347
17349
17365
17370
17372
17374
17383
17387
17389
17390
17408
17419
17422
17428
17429
17432
17434
17436
17458
17459
17469
17469
17475
17475
17485
17498
17503
17515
17526
17539
17542
17546
17548
17553
17560
17571
17571
17581
17592
17595
17602
17605
17613
17615
17616
17626
17627
17629
17643
17674
17677
17691
17695
17699
17703
17704
17706
17716
17725
17728
17728
17736
17745
17746
17746
17752
17756
17765
17768
17775
17781
17797
17816
17817
17823
17826
17829
17836
17842
17845
17848
17850
17854
17855
17855
17872
17872
17878
17886
17888
17889
17889
17889
17893
17893
17894
17902
17904
17916
17917
17927
17927
17933
17936
17938
17951
17961
17974
17974
17978
17979
17984
17994
18000
18009
18011
18025
18037
18039
18055
18062
18062
18069
18077
18079
18083
18093
18102
18102
18103
18104
18111
18127
18136
18142
18144
18155
18161
18162
18164
18171
18184
18190
18191
18196
18222
18229
18229
18237
18237
18237
18241
18253
18264
18276
18278
18280
18290
18298
18303
18313
18321
18327
18338
18340
18340
18342
18362
18365
18365
18366
18366
18372
18386
18391
18405
18407
18417
18424
18424
18428
18438
18443
18449
18450
18455
18460
18460
18461
18465
18475
18476
18484
18485
18486
18487
18504
18534
18540
18553
18553
18559
18567
18567
18569
18578
18596
18601
18606
18609
18611
18613
18614
18616
18626
18628
18628
18634
18644
18648
18667
18678
18681
18681
18682
18685
18686
18687
18689
18691
18697
18710
18717
18731
18755
18758
18765
18779
18782
18783
18794
18794
18795
18798
18799
18802
18804
18810
18811
18812
18816
18822
18824
18825
18827
18846
18852
18857
18861
18865
18868
18871
18894
18900
18901
18901
18908
18910
18910
18913
18916
18916
18917
18921
18928
18929
18937
18940
18944
18946
18947
18949
18952
18954
18957
18957
18958
18959
18959
18975
18990
18992
18999
19004
19005
19011
19018
19019
19025
19028
19030
19036
19049
19051
19057
19058
19062
19062
19064
19069
19071
19074
19080
19081
19085
19085
19086
19095
19105
19111
19112
19115
19116
19120
19128
19130
19143
19145
19145
19150
19152
19171
19172
19172
19179
19179
19182
19198
19199
19209
19212
19216
19241
19250
19252
19257
19258
19262
19274
19277
19285
19293
19297
19299
19303
19314
19320
19323
19323
19324
19325
19336
19343
19351
19370
19371
19374
19375
19380
19381
19391
19395
19398
19400
19401
19404
19408
19410
19410
19414
19421
19429
19433
19441
19444
19444
19459
19460
19461
19462
19463
19465
19469
19470
19478
19502
19506
19508
19510
19512
19531
19532
19533
19538
19544
19544
19555
19562
19565
19568
19569
19576
19580
19592
19600
19602
19605
19605
19612
19622
19623
19623
19625
19629
19632
19635
19635
19640
19644
19645
19651
19654
19663
19666
19671
19679
19680
19686
19717
19718
19720
19720
19723
19725
19737
19737
19738
19738
19753
19769
19770
19774
19774
19777
19778
19784
19789
19790
19791
19807
19807
19807
19816
19817
19819
19820
19820
19822
19826
19831
19839
19854
19860
19861
19861
19861
19868
19869
19883
19889
19899
19903
19923
19931
19932
19939
19940
19942
19954
19960
19962
19967
19970
19975
19976
19987
19990
20001
20002
20012
20013
20025
20044
20045
20053
20057
20059
20061
20063
20069
20072
20075
20083
20120
20127
20141
20150
20151
20156
20172
20177
20184
20186
20188
20191
20191
20196
20196
20200
20205
20206
20215
20215
20225
20231
20234
20238
20241
20259
20262
20263
20264
20268
20268
20277
20290
20296
20299
20307
20313
20326
20327
20363
20365
20366
20376
20378
20380
20381
20394
20394
20398
20399
20401
20408
20430
20432
20436
20436
20436
20439
20443
20449
20451
20458
20482
20483
20494
20498
20499
20511
20514
20524
20524
20526
20526
20538
20545
20549
20559
20560
20567
20568
20589
20591
20596
20602
20606
20615
20618
20621
20635
20637
20640
20641
20644
20645
20645
20645
20645
20652
20653
20674
20680
20681
20681
20683
20687
20689
20692
20692
20699
20705
20706
20715
20719
20720
20724
20731
20734
20734
20741
20747
20749
20752
20758
20762
20763
20769
20769
20769
20776
20778
20780
20784
20790
20792
20792
20798
20802
20804
20805
20806
20821
20833
20834
20838
20839
20841
20841
20887
20888
20893
20896
20899
20900
20904
20904
20918
20921
20926
20930
20935
20936
20942
20951
20951
20967
20971
20975
21004
21016
21016
21022
21023
21039
21045
21046
21047
21053
21055
21058
21071
21077
21084
21089
21091
21097
21101
21113
21123
21124
21132
21133
21137
21139
21140
21140
21164
21179
21180
21182
21188
21193
21195
21203
21208
21209
21212
21215
21225
21228
21230
21230
21231
21237
21242
21243
21244
21252
21257
21261
21266
21273
21274
21280
21281
21288
21292
21295
21305
21306
21308
21309
21312
21319
21323
21329
21330
21332
21343
21344
21360
21364
21368
21368
21371
21376
21377
21379
21383
21385
21390
21394
21401
21402
21405
21410
21412
21420
21429
21431
21431
21435
21445
21451
21463
21468
21472
21473
21485
21485
21487
21503
21511
21512
21512
21518
21519
21535
21535
21538
21543
21550
21551
21554
21559
21561
21562
21586
21591
21593
21594
21608
21613
21613
21614
21618
21619
21624
21628
21649
21652
21656
21662
21662
21668
21673
21685
21686
21687
21688
21720
21730
21732
21734
21737
21748
21749
21750
21763
21764
21774
21775
21776
21779
21780
21785
21790
21792
21795
21795
21796
21797
21806
21811
21817
21818
21819
21839
21841
21845
21856
21859
21860
21871
21886
21892
21896
21896
21902
21904
21904
21912
21912
21916
21920
21925
21926
21929
21935
21938
21948
21950
21950
21966
21967
21971
21972
21983
21983
21984
21989
22000
22001
22003
22010
22012
22017
22027
22031
22049
22066
22067
22077
22083
22084
22085
22088
22091
22109
22119
22127
22128
22136
22140
22141
22148
22149
22152
22156
22162
22163
22173
22187
22194
22194
22215
22216
22219
22220
22222
22223
22227
22227
22230
22237
22239
22246
22255
22264
22264
22280
22281
22284
22294
22300
22306
22309
22310
22310
22314
22317
22318
22326
22329
22329
22333
22334
22339
22356
22359
22361
22370
22371
22372
22373
22376
22376
22377
22393
22396
22398
22401
22409
22410
22410
22413
22426
22428
22432
22434
22438
22452
22465
22468
22485
22488
22491
22494
22496
22497
22504
22512
22524
22524
22532
22544
22550
22552
22554
22555
22563
22563
22563
22572
22581
22581
22583
22589
22591
22594
22598
22602
22604
22605
22612
22616
22617
22630
22634
22649
22657
22662
22663
22667
22674
22679
22680
22687
22689
22689
22698
22703
22704
22705
22713
22714
22716
22719
22732
22743
22745
22746
22752
22755
22764
22772
22773
22778
22794
22798
22803
22817
22818
22818
22829
22832
22833
22836
22847
22859
22862
22865
22873
22880
22888
22889
22895
22896
22897
22901
22908
22908
22919
22927
22932
22932
22933
22936
22937
22937
22949
22955
22956
22958
22962
22963
22972
22974
22978
22994
22998
23004
23009
23022
23029
23038
23038
23039
23044
23048
23051
23051
23055
23059
23059
23062
23063
23064
23069
23076
23085
23092
23093
23111
23112
23122
23130
23132
23144
23145
23150
23155
23184
23188
23188
23201
23201
23216
23220
23220
23233
23237
23241
23247
23249
23252
23253
23259
23263
23265
23271
23276
23280
23280
23291
23301
23301
23307
23308
23320
23335
23348
23352
23353
23362
23377
23379
23381
23381
23385
23394
23396
23405
23407
23417
23418
23419
23428
23430
23447
23453
23454
23458
23460
23465
23466
23468
23470
23480
23488
23492
23500
23504
23507
23510
23510
23511
23525
23526
23529
23530
23541
23544
23548
23553
23561
23566
23566
23567
23570
23570
23585
23594
23595
23599
23603
23605
23618
23624
23626
23629
23633
23633
23648
23664
23676
23677
23691
23699
23722
23728
23733
23737
23737
23739
23740
23747
23748
23749
23751
23767
23780
23789
23793
23794
23807
23808
23826
23830
23853
23858
23859
23865
23868
23869
23873
23883
23891
23896
23901
23906
23907
23910
23920
23925
23928
23929
23932
23937
23938
23944
23945
23947
23951
23953
23960
23961
23965
23968
23975
23990
23991
23994
24003
24008
24014
24017
24032
24034
24039
24050
24051
24058
24064
24066
24069
24074
24078
24081
24086
24088
24093
24102
24105
24107
24115
24121
24122
24128
24132
24140
24149
24162
24164
24166
24170
24172
24192
24192
24194
24213
24217
24217
24218
24220
24221
24224
24237
24243
24244
24248
24248
24269
24271
24273
24276
24280
24282
24285
24295
24300
24303
24307
24311
24318
24318
24319
24320
24328
24331
24331
24336
24348
24349
24353
24355
24358
24358
24363
24363
24368
24370
24388
24401
24419
24421
24428
24433
24433
24434
24440
24454
24456
24459
24463
24466
24467
24481
24484
24488
24492
24494
24495
24499
24501
24509
24509
24511
24514
24520
24532
24540
24542
24543
24555
24558
24570
24573
24587
24595
24602
24614
24615
24620
24622
24623
24630
24635
24636
24636
24645
24648
24649
24649
24650
24661
24668
24672
24673
24677
24686
24686
24686
24689
24695
24695
24699
24702
24717
24721
24725
24742
24748
24749
24758
24759
24759
24771
24772
24795
24802
24810
24812
24823
24827
24835
24840
24842
24847
24850
24854
24857
24857
24858
24858
24869
24870
24876
24877
24878
24888
24891
24891
24893
24906
24907
24918
24953
24954
24957
24963
24983
24986
24999
25001
25008
25008
25015
25020
25023
25023
25035
25036
25040
25041
25052
25074
25081
25089
25104
25108
25111
25113
25122
25130
25133
25137
25137
25138
25141
25142
25149
25157
25172
25176
25180
25184
25186
25186
25203
25206
25207
25223
25223
25223
25237
25246
25254
25258
25269
25269
25271
25277
25279
25289
25320
25328
25332
25335
25339
25344
25349
25355
25356
25379
25390
25394
25400
25400
25418
25419
25429
25430
25440
25446
25461
25465
25467
25473
25473
25475
25484
25491
25494
25499
25500
25505
25511
25514
25516
25516
25516
25518
25519
25534
25537
25544
25545
25550
25568
25576
25579
25588
25591
25598
25605
25620
25624
25627
25633
25637
25652
25655
25658
25666
25673
25674
25683
25683
25692
25701
25706
25718
25725
25733
25734
25734
25737
25743
25758
25759
25763
25765
25770
25785
25793
25800
25809
25815
25818
25821
25822
25839
25842
25845
25853
25857
25877
25893
25897
25899
25902
25903
25904
25906
25919
25920
25927
25933
25934
25935
25937
25946
25963
25971
25987
25987
25997
26001
26009
26023
26037
26054
26062
26063
26065
26067
26084
26087
26095
26102
26104
26116
26120
26122
26133
26135
26137
26139
26145
26153
26156
26165
26166
26171
26172
26179
26205
26205
26210
26215
26233
26235
26237
26238
26240
26249
26255
26277
26277
26279
26283
26285
26297
26301
26304
26308
26317
26317
26321
26325
26331
26332
26347
26350
26351
26358
26362
26364
26373
26378
26380
26391
26404
26416
26427
26428
26429
26439
26441
26449
26452
26459
26460
26467
26467
26485
26501
26501
26503
26518
26532
26536
26536
26551
26555
26557
26569
26572
26587
26595
26597
26600
26602
26604
26604
26615
26620
26625
26635
26639
26646
26647
26655
26656
26658
26669
26669
26674
26676
26681
26682
26688
26689
26696
26696
26697
26707
26714
26717
26718
26722
26724
26729
26742
26751
26751
26754
26761
26765
26773
26779
26780
26783
26787
26788
26799
26805
26810
26811
26820
26827
26829
26830
26840
26848
26851
26859
26860
26864
26867
26869
26872
26874
26875
26877
26882
26893
26900
26901
26904
26908
26914
26924
26926
26927
26934
26937
26945
26961
26963
26964
26978
26979
26980
26986
26989
26993
27007
27010
27013
27018
27024
27024
27031
27035
27036
27068
27078
27084
27088
27095
27106
27107
27119
27119
27124
27124
27131
27148
27161
27167
27174
27181
27183
27187
27200
27202
27207
27224
27227
27235
27237
27242
27245
27246
27248
27249
27253
27254
27265
27274
27274
27275
27295
27302
27316
27316
27317
27319
27319
27320
27320
27324
27325
27326
27326
27330
27335
27337
27340
27340
27340
27342
27353
27356
27370
27373
27373
27376
27377
27382
27384
27389
27395
27396
27414
27422
27431
27431
27443
27444
27444
27447
27463
27472
27482
27490
27503
27516
27526
27535
27538
27539
27540
27545
27554
27571
27580
27586
27592
27592
27613
27614
27629
27641
27643
27659
27661
27662
27666
27670
27682
27682
27684
27689
27691
27691
27703
27713
27717
27724
27731
27734
27739
27740
27753
27759
27761
27764
27770
27773
27774
27781
27792
27801
27803
27831
27839
27844
27851
27854
27854
27865
27884
27895
27900
27914
27924
27925
27933
27937
27940
27940
27940
27944
27947
27947
27953
27961
27964
27966
27972
27974
27989
27992
27997
27998
28011
28022
28027
28028
28032
28039
28041
28045
28047
28047
28053
28066
28067
28069
28069
28077
28080
28089
28094
28102
28102
28111
28126
28131
28134
28136
28136
28140
28144
28151
28163
28164
28165
28165
28168
28169
28171
28175
28178
28189
28201
28211
28218
28227
28235
28239
28242
28243
28258
28260
28268
28268
28272
28278
28287
28295
28297
28298
28305
28312
28316
28319
28320
28326
28326
28330
28330
28347
28349
28349
28361
28367
28369
28382
28389
28392
28393
28400
28403
28405
28412
28422
28425
28454
28461
28462
28476
28478
28479
28484
28494
28496
28499
28516
28538
28541
28554
28558
28572
28573
28573
28588
28594
28594
28602
28627
28630
28637
28640
28648
28649
28652
28653
28663
28672
28674
28678
28685
28689
28695
28698
28703
28720
28729
28731
28737
28737
28744
28749
28752
28754
28757
28772
28775
28790
28793
28806
28810
28812
28814
28821
28823
28828
28830
28840
28848
28849
28851
28853
28857
28859
28865
28866
28871
28886
28905
28908
28913
28914
28915
28919
28924
28926
28932
28937
28945
28956
28965
28966
28967
28967
28968
28970
28987
28996
28997
28999
29001
29012
29016
29017
29017
29020
29029
29029
29041
29044
29045
29067
29074
29077
29081
29087
29091
29091
29104
29105
29114
29114
29119
29120
29150
29155
29158
29178
29182
29184
29187
29188
29191
29191
29194
29200
29202
29207
29208
29209
29217
29219
29224
29236
29253
29258
29263
29264
29268
29273
29283
29286
29304
29308
29309
29314
29317
29317
29319
29325
29330
29331
29333
29335
29339
29343
29356
29359
29387
29388
29392
29403
29413
29424
29431
29432
29435
29436
29446
29447
29458
29474
29475
29479
29483
29492
29493
29496
29512
29517
29520
29522
29524
29533
29536
29539
29551
29554
29560
29562
29572
29572
29573
29576
29581
29585
29587
29598
29609
29610
29619
29621
29624
29629
29629
29631
29633
29637
29642
29644
29648
29660
29672
29678
29679
29682
29685
29705
29724
29726
29739
29749
29752
29753
29754
29755
29755
29755
29757
29762
29764
29765
29768
29771
29784
29790
29797
29800
29811
29813
29819
29820
29824
29824
29827
29833
29833
29838
29851
29858
29869
29869
29874
29878
29891
29905
29907
29908
29914
29916
29920
29930
29934
29936
29937
29945
29946
29947
29951
29953
29957
29965
29967
29967
29982
29994
29995
30003
30010
30010
30015
30015
30025
30034
30044
30047
30055
30056
30057
30059
30059
30068
30070
30075
30097
30098
30100
30106
30108
30117
30119
30121
30124
30127
30129
30133
30154
30158
30159
30165
30167
30167
30175
30183
30186
30194
30197
30204
30210
30210
30214
30219
30219
30221
30243
30250
30265
30265
30270
30270
30275
30283
30294
30297
30308
30313
30314
30315
30330
30335
30366
30372
30374
30376
30383
30398
30400
30404
30405
30415
30415
30427
30431
30433
30434
30438
30440
30448
30449
30451
30460
30468
30480
30482
30483
30486
30504
30515
30518
30522
30528
30528
30533
30537
30542
30544
30546
30549
30550
30554
30565
30566
30578
30588
30591
30592
30594
30601
30608
30615
30615
30616
30620
30621
30624
30634
30640
30640
30644
30651
30653
30686
30686
30688
30697
30699
30700
30709
30720
30723
30726
30728
30731
30740
30741
30744
30747
30750
30759
30765
30768
30773
30773
30779
30780
30781
30782
30785
30797
30802
30822
30822
30829
30837
30839
30852
30858
30860
30864
30876
30878
30891
30892
30893
30899
30901
30931
30935
30950
30950
30951
30958
30961
30961
30962
30968
30971
30978
30983
30985
30987
30989
31016
31017
31019
31019
31022
31023
31028
31031
31038
31044
31047
31048
31049
31065
31084
31085
31089
31089
31090
31101
31107
31111
31114
31115
31123
31127
31132
31135
31136
31136
31142
31143
31149
31153
31158
31159
31171
31171
31174
31174
31179
31180
31180
31187
31203
31208
31208
31224
31226
31234
31236
31237
31245
31255
31259
31259
31260
31262
31272
31274
31278
31278
31283
31291
31295
31299
31304
31304
31311
31315
31316
31320
31323
31330
31331
31335
31338
31340
31342
31356
31360
31369
31371
31384
31387
31387
31414
31420
31422
31423
31423
31424
31438
31444
31449
31451
31463
31465
31466
31469
31479
31490
31490
31498
31505
31515
31521
31522
31531
31531
31538
31541
31546
31551
31554
31573
31578
31588
31595
31606
31609
31613
31621
31627
31640
31645
31645
31657
31661
31690
31696
31698
31700
31703
31704
31706
31717
31717
31726
31744
31748
31760
31762
31762
31778
31778
31785
31794
31796
31799
31815
31826
31826
31828
31831
31835
31836
31843
31843
31848
31849
31852
31856
31858
31860
31860
31868
31877
31880
31889
31892
31893
31893
31898
31898
31905
31908
31909
31919
31921
31928
31929
31932
31932
31935
31935
31937
31940
31940
31951
31961
31971
31995
31997
31998
32000
32006
32009
32013
32013
32013
32014
32026
32028
32030
32031
32035
32037
32042
32044
32044
32046
32049
32055
32057
32058
32059
32070
32080
32086
32086
32088
32089
32092
32099
32112
32117
32130
32140
32154
32157
32158
32168
32172
32173
32178
32179
32182
32184
32196
32206
32209
32238
32274
32277
32279
32280
32290
32291
32291
32297
32300
32314
32324
32326
32333
32335
32344
32345
32351
32355
32357
32361
32363
32369
32370
32370
32374
32376
32377
32384
32391
32400
32405
32410
32430
32433
32435
32440
32451
32453
32453
32454
32471
32472
32473
32480
32486
32489
32497
32515
32525
32527
32531
32535
32536
32558
32567
32570
32575
32576
32580
32581
32584
32585
32590
32594
32608
32611
32612
32614
32627
32628
32638
32648
32652
32655
32660
32663
32667
32668
32669
32678
32680
32681
32685
32707
32717
32722
32723
32737
32738
32738
32739
32742
32742
32744
32746
32749
32752
32773
32774
32777
32778
32781
32784
32788
32788
32788
32800
32811
32816
32831
32831
32839
32840
32849
32855
32855
32856
32860
32866
32868
32870
32884
32884
32885
32892
32892
32899
32910
32913
32913
32921
32922
32924
32943
32945
32947
32961
32970
32977
32991
32993
32993
33003
33013
33017
33019
33034
33037
33039
33039
33042
33045
33054
33056
33058
33073
33074
33075
33085
33089
33090
33099
33110
33116
33118
33121
33125
33141
33147
33152
33152
33162
33166
33176
33181
33181
33184
33192
33193
33195
33208
33216
33217
33219
33221
33225
33225
33227
33228
33237
33237
33247
33249
33249
33250
33262
33273
33277
33279
33280
33280
33286
33287
33290
33293
33297
33298
33308
33310
33322
33322
33333
33334
33349
33352
33354
33358
33360
33360
33360
33363
33366
33367
33373
33380
33382
33383
33390
33406
33408
33413
33435
33449
33453
33460
33464
33481
33481
33482
33482
33485
33488
33489
33489
33490
33495
33514
33515
33519
33528
33534
33535
33541
33543
33555
33556
33569
33572
33576
33579
33586
33587
33591
33627
33633
33637
33639
33642
33643
33648
33656
33658
33668
33673
33677
33680
33696
33698
33698
33702
33704
33713
33713
33715
33716
33717
33717
33724
33732
33737
33739
33742
33745
33746
33748
33749
33750
33755
33756
33764
33768
33768
33771
33773
33775
33775
33781
33781
33788
33790
33795
33820
33825
33831
33831
33840
33854
33871
33874
33882
33887
33890
33899
33900
33910
33923
33926
33934
33961
33963
33963
33964
33983
33987
34002
34008
34013
34015
34019
34025
34030
34030
34032
34042
34047
34049
34055
34058
34069
34073
34073
34075
34079
34080
34084
34099
34107
34109
34121
34122
34125
34125
34134
34136
34139
34149
34156
34162
34184
34187
34188
34198
34199
34209
34209
34210
34212
34215
34216
34221
34224
34227
34229
34233
34233
34235
34240
34257
34265
34275
34277
34283
34287
34290
34292
34294
34295
34314
34321
34322
34336
34351
34353
34355
34360
34362
34362
34366
34368
34381
34381
34384
34384
34388
34390
34395
34397
34398
34400
34403
34411
34413
34423
34424
34426
34426
34432
34432
34436
34440
34443
34448
34453
34459
34460
34464
34469
34479
34487
34495
34498
34501
34501
34503
34508
34510
34521
34524
34525
34534
34539
34540
34542
34554
34556
34565
34573
34581
34583
34585
34587
34589
34600
34603
34622
34630
34635
34643
34652
34653
34653
34658
34659
34661
34671
34673
34683
34688
34691
34692
34698
34698
34698
34702
34705
34721
34734
34736
34739
34747
34757
34788
34789
34806
34817
34823
34831
34832
34832
34833
34836
34837
34842
34844
34847
34850
34853
34857
34866
34869
34870
34870
34871
34872
34875
34880
34882
34887
34891
34893
34893
34894
34895
34897
34901
34911
34911
34912
34912
34917
34919
34920
34923
34925
34953
34955
34956
34966
34969
34987
34992
34999
35000
35004
35018
35022
35023
35030
35032
35035
35035
35041
35050
35055
35071
35074
35080
35089
35091
35099
35106
35108
35123
35126
35128
35129
35130
35133
35140
35143
35148
35149
35165
35169
35175
35184
35186
35196
35200
35200
35207
35213
35218
35218
35218
35227
35230
35236
35239
35252
35258
35259
35260
35272
35278
35281
35282
35284
35286
35288
35290
35293
35294
35294
35295
35297
35300
35305
35306
35310
35312
35313
35319
35335
35346
35354
35357
35363
35365
35381
35393
35402
35405
35406
35406
35406
35414
35417
35424
35429
35432
35452
35471
35474
35477
35479
35481
35493
35499
35500
35505
35510
35513
35521
35523
35529
35530
35541
35551
35553
35561
35564
35566
35577
35580
35582
35582
35587
35588
35594
35618
35622
35627
35627
35628
35643
35648
35653
35656
35659
35669
35669
35669
35672
35674
35687
35691
35703
35705
35711
35713
35719
35726
35738
35738
35740
35746
35747
35749
35751
35752
35758
35760
35761
35767
35767
35768
35772
35792
35794
35796
35800
35804
35805
35806
35819
35821
35846
35857
35859
35864
35867
35869
35871
35871
35873
35882
35883
35884
35885
35897
35901
35905
35906
35906
35912
35927
35932
35942
35945
35948
35957
35968
35969
35973
35975
35975
35976
35976
35983
35987
35990
36000
36001
36007
36009
36015
36018
36021
36035
36038
36055
36059
36063
36067
36068
36069
36074
36075
36075
36077
36082
36083
36083
36086
36098
36100
36102
36102
36109
36116
36116
36123
36132
36133
36146
36148
36168
36168
36169
36170
36209
36212
36216
36219
36220
36224
36229
36248
36252
36256
36268
36268
36277
36286
36293
36300
36300
36300
36301
36304
36306
36311
36313
36314
36318
36327
36329
36332
36334
36336
36340
36343
36344
36355
36356
36356
36357
36369
36371
36373
36373
36391
36391
36400
36403
36407
36411
36419
36428
36428
36444
36449
36451
36463
36463
36470
36473
36474
36480
36482
36487
36501
36502
36505
36506
36507
36509
36509
36512
36513
36531
36535
36542
36547
36548
36555
36567
36567
36571
36586
36591
36595
36605
36616
36619
36623
36626
36629
36629
36631
36638
36638
36641
36644
36646
36656
36657
36666
36685
36694
36698
36700
36700
36705
36709
36713
36724
36725
36727
36732
36737
36745
36749
36756
36777
36793
36805
36813
36813
36838
36847
36848
36852
36870
36876
36896
36898
36900
36901
36903
36906
36912
36912
36925
36936
36938
36941
36949
36954
36961
36970
36975
36982
36988
36991
36993
37005
37006
37013
37022
37028
37036
37041
37050
37063
37080
37087
37088
37090
37090
37094
37100
37110
37121
37131
37132
37134
37146
37155
37164
37166
37173
37186
37187
37193
37200
37201
37202
37208
37215
37221
37224
37231
37233
37244
37256
37259
37263
37265
37271
37273
37280
37282
37282
37288
37293
37294
37296
37296
37300
37308
37310
37320
37323
37324
37336
37341
37345
37356
37370
37370
37371
37374
37376
37382
37384
37384
37391
37396
37400
37408
37410
37432
37447
37448
37465
37466
37473
37486
37487
37488
37490
37501
37503
37507
37513
37523
37541
37546
37547
37548
37549
37558
37575
37580
37586
37591
37592
37592
37600
37604
37607
37608
37614
37626
37628
37629
37636
37640
37640
37640
37643
37646
37657
37664
37670
37672
37678
37681
37681
37687
37688
37691
37695
37696
37710
37712
37719
37721
37727
37731
37733
37737
37745
37752
37756
37765
37769
37777
37794
37800
37803
37819
37825
37833
37842
37843
37855
37858
37865
37866
37868
37883
37896
37899
37901
37904
37909
37909
37910
37914
37915
37918
37921
37921
37940
37940
37943
37946
37947
37962
37963
37963
37966
37970
37976
37981
37987
37988
38001
38010
38011
38011
38014
38015
38032
38036
38041
38043
38046
38047
38053
38062
38062
38069
38070
38073
38078
38079
38087
38088
38090
38106
38107
38112
38118
38119
38124
38125
38128
38130
38134
38156
38160
38167
38174
38186
38187
38189
38191
38204
38237
38237
38239
38243
38255
38256
38260
38262
38269
38275
38280
38289
38289
38308
38319
38330
38335
38340
38343
38345
38346
38356
38357
38363
38368
38368
38369
38369
38369
38371
38382
38383
38385
38386
38386
38390
38393
38399
38411
38413
38423
38423
38432
38440
38443
38444
38451
38455
38458
38476
38476
38476
38484
38487
38494
38497
38504
38507
38509
38513
38527
38531
38532
38535
38546
38548
38555
38556
38568
38569
38578
38586
38593
38600
38601
38614
38615
38624
38635
38639
38647
38656
38657
38661
38667
38675
38684
38690
38706
38714
38717
38725
38727
38727
38729
38738
38741
38759
38763
38766
38774
38780
38789
38796
38807
38826
38826
38850
38852
38852
38862
38862
38865
38874
38881
38886
38891
38893
38900
38901
38901
38904
38905
38911
38911
38914
38920
38926
38927
38932
38932
38942
38944
38950
38968
38973
38976
38983
38983
38985
38985
38990
38996
38999
39002
39019
39021
39024
39034
39041
39045
39046
39048
39050
39056
39056
39064
39068
39081
39084
39087
39107
39108
39110
39117
39119
39122
39125
39128
39140
39146
39155
39159
39159
39163
39182
39191
39194
39203
39205
39214
39230
39234
39239
39240
39243
39251
39256
39260
39267
39269
39274
39280
39281
39284
39295
39299
39302
39312
39319
39329
39334
39335
39342
39346
39349
39352
39354
39362
39380
39384
39388
39388
39397
39400
39401
39404
39405
39405
39424
39425
39432
39437
39442
39444
39446
39448
39454
39458
39476
39483
39492
39498
39515
39538
39542
39561
39565
39573
39583
39583
39597
39602
39609
39613
39615
39627
39628
39632
39633
39634
39635
39641
39646
39668
39669
39670
39673
39689
39700
39703
39706
39712
39722
39722
39724
39725
39733
39733
39739
39744
39750
39774
39776
39777
39781
39787
39792
39798
39800
39801
39804
39814
39816
39822
39823
39827
39856
39878
39883
39885
39887
39895
39897
39898
39898
39906
39912
39917
39918
39926
39928
39931
39934
39935
39937
39938
39944
39950
39960
39964
39976
39981
39982
39992
39993
39996
40001
40007
40015
40019
40021
40030
40031
40033
40047
40066
40070
40077
40077
40079
40081
40086
40116
40116
40120
40124
40126
40137
40151
40154
40160
40160
40161
40162
40164
40164
40167
40179
40180
40184
40184
40192
40193
40193
40210
40210
40212
40218
40219
40225
40227
40229
40234
40234
40237
40255
40259
40262
40272
40276
40278
40279
40280
40293
40293
40304
40307
40308
40312
40334
40349
40358
40361
40365
40366
40367
40371
40379
40380
40398
40401
40402
40406
40410
40414
40416
40421
40421
40435
40435
40436
40448
40460
40466
40468
40469
40474
40476
40482
40493
40498
40500
40516
40519
40526
40544
40546
40546
40564
40565
40566
40574
40578
40582
40583
40591
40597
40606
40615
40621
40626
40629
40631
40634
40638
40650
40685
40686
40692
40693
40693
40696
40710
40712
40719
40721
40739
40778
40784
40787
40788
40808
40812
40813
40825
40826
40829
40834
40838
40843
40853
40862
40864
40867
40872
40874
40896
40908
40908
40926
40936
40940
40961
40962
40963
40967
40967
40968
40979
40979
41006
41008
41012
41025
41035
41040
41044
41045
41045
41046
41049
41058
41073
41078
41092
41094
41106
41108
41112
41136
41136
41136
41141
41149
41149
41168
41169
41170
41171
41175
41176
41178
41179
41181
41200
41203
41209
41238
41244
41246
41249
41250
41251
41268
41273
41280
41280
41288
41290
41292
41295
41302
41308
41317
41320
41333
41333
41335
41335
41340
41341
41344
41346
41347
41349
41354
41355
41365
41378
41383
41384
41384
41405
41411
41420
41422
41428
41431
41449
41451
41453
41454
41454
41456
41463
41468
41469
41470
41478
41478
41480
41484
41486
41490
41495
41498
41502
41503
41508
41512
41517
41521
41523
41533
41538
41563
41573
41573
41577
41587
41589
41596
41597
41611
41614
41618
41630
41638
41646
41657
41660
41665
41665
41666
41667
41670
41671
41674
41679
41681
41681
41696
41700
41701
41706
41711
41715
41720
41724
41726
41726
41728
41732
41735
41744
41748
41753
41756
41757
41761
41770
41781
41790
41791
41792
41796
41799
41801
41810
41815
41822
41838
41846
41847
41849
41868
41874
41875
41877
41882
41883
41890
41896
41898
41906
41931
41933
41935
41937
41951
41965
41967
41975
41983
41986
41988
41989
42000
42002
42004
42011
42011
42019
42027
42032
42033
42036
42038
42040
42041
42051
42054
42066
42066
42070
42076
42078
42083
42086
42086
42100
42103
42104
42134
42135
42136
42136
42153
42155
42163
42165
42172
42172
42177
42178
42186
42193
42194
42196
42198
42204
42210
42211
42216
42231
42235
42239
42242
42268
42275
42281
42285
42294
42299
42302
42310
42311
42312
42325
42350
42358
42362
42364
42369
42380
42383
42391
42393
42406
42408
42414
42416
42424
42425
42433
42437
42438
42439
42449
42458
42461
42462
42474
42475
42484
42498
42504
42508
42520
42522
42525
42529
42555
42556
42562
42563
42565
42571
42581
42586
42590
42596
42599
42600
42605
42605
42610
42610
42619
42622
42628
42631
42631
42634
42640
42643
42644
42650
42657
42667
42697
42701
42714
42723
42728
42730
42742
42746
42747
42756
42758
42770
42770
42775
42776
42792
42820
42823
42829
42830
42833
42835
42839
42844
42854
42868
42870
42871
42875
42876
42886
42891
42893
42908
42925
42929
42941
42950
42957
42969
42970
42983
42988
42998
43001
43003
43006
43018
43021
43028
43032
43032
43035
43040
43043
43044
43049
43050
43052
43057
43059
43063
43076
43083
43084
43092
43108
43110
43111
43112
43113
43117
43122
43127
43128
43141
43160
43162
43163
43168
43178
43184
43186
43194
43200
43201
43204
43204
43215
43219
43220
43225
43230
43232
43234
43236
43237
43238
43248
43252
43252
43256
43257
43259
43259
43261
43270
43272
43274
43291
43301
43314
43318
43320
43321
43321
43322
43329
43332
43348
43351
43355
43358
43363
43365
43366
43372
43381
43381
43382
43390
43399
43405
43412
43413
43416
43422
43426
43427
43429
43433
43435
43435
43439
43457
43464
43473
43480
43480
43503
43514
43521
43522
43522
43529
43531
43532
43545
43557
43557
43557
43558
43559
43559
43569
43570
43573
43578
43582
43587
43590
43592
43605
43607
43616
43622
43632
43648
43649
43652
43659
43663
43665
43666
43675
43676
43688
43699
43700
43708
43717
43719
43733
43740
43741
43745
43749
43758
43761
43761
43768
43778
43779
43783
43792
43800
43803
43806
43821
43830
43831
43842
43842
43854
43859
43871
43872
43886
43890
43895
43900
43901
43909
43914
43924
43932
43936
43946
43947
43955
43960
43963
43969
43979
43981
43983
43988
43989
43994
44005
44008
44016
44017
44025
44030
44032
44036
44036
44044
44049
44050
44060
44060
44061
44063
44068
44074
44075
44080
44082
44086
44090
44093
44095
44098
44100
44101
44117
44120
44126
44142
44145
44148
44160
44163
44172
44174
44176
44189
44191
44194
44199
44199
44205
44210
44220
44221
44228
44235
44236
44247
44255
44258
44261
44266
44272
44286
44290
44290
44291
44308
44314
44332
44345
44360
44364
44365
44375
44386
44389
44420
44423
44428
44428
44428
44441
44444
44445
44446
44450
44452
44459
44461
44463
44471
44472
44474
44480
44484
44489
44498
44508
44519
44521
44534
44535
44537
44538
44543
44549
44549
44551
44573
44573
44575
44578
44594
44596
44605
44606
44607
44607
44614
44617
44619
44636
44637
44637
44638
44649
44650
44650
44669
44671
44685
44694
44701
44709
44710
44718
44718
44719
44722
44734
44739
44742
44744
44754
44756
44762
44770
44780
44788
44791
44800
44809
44809
44812
44823
44833
44834
44838
44841
44842
44850
44850
44852
44853
44856
44864
44878
44884
44904
44906
44910
44910
44917
44920
44920
44921
44932
44935
44938
44940
44941
44941
44942
44950
44955
44958
44959
44961
44962
44964
44984
44993
44993
44995
44997
44999
45000
45004
45005
45013
45017
45019
45021
45043
45043
45055
45063
45065
45073
45076
45076
45077
45082
45086
45091
45091
45097
45098
45108
45110
45115
45116
45118
45119
45122
45125
45134
45180
45180
45182
45185
45185
45189
45189
45194
45195
45200
45201
45202
45208
45217
45223
45223
45224
45225
45228
45229
45230
45232
45234
45243
45252
45263
45266
45279
45280
45286
45289
45291
45297
45298
45299
45301
45312
45318
45319
45319
45325
45329
45329
45333
45337
45346
45347
45349
45350
45353
45359
45361
45371
45380
45381
45383
45384
45390
45393
45402
45403
45407
45407
45407
45409
45413
45413
45415
45423
45428
45431
45433
45448
45456
45458
45473
45474
45479
45491
45491
45493
45496
45498
45498
45499
45510
45511
45521
45526
45527
45529
45536
45537
45552
45553
45553
45567
45568
45570
45578
45588
45594
45603
45604
45607
45611
45612
45624
45624
45625
45633
45636
45643
45644
45654
45654
45657
45661
45661
45669
45670
45672
45683
45686
45688
45689
45690
45703
45706
45717
45725
45727
45729
45737
45744
45748
45759
45762
45765
45766
45770
45772
45773
45778
45782
45783
45788
45795
45796
45800
45808
45820
45829
45831
45840
45841
45845
45846
45851
45854
45862
45863
45875
45887
45893
45897
45898
45911
45918
45934
45935
45952
45969
45974
45978
45988
45993
45994
46006
46009
46026
46032
46038
46053
46059
46060
46069
46077
46090
46099
46104
46115
46124
46137
46138
46145
46156
46158
46167
46168
46170
46174
46185
46197
46201
46204
46205
46212
46214
46220
46220
46227
46230
46255
46258
46271
46273
46274
46282
46285
46294
46303
46314
46316
46320
46323
46329
46329
46329
46334
46348
46349
46353
46359
46359
46367
46368
46375
46379
46385
46390
46408
46408
46411
46413
46420
46426
46427
46429
46440
46440
46443
46445
46452
46462
46466
46475
46487
46490
46491
46497
46499
46501
46501
46509
46510
46514
46515
46522
46527
46535
46541
46548
46549
46552
46552
46563
46571
46577
46583
46584
46584
46588
46588
46597
46599
46600
46605
46609
46612
46619
46633
46647
46648
46649
46653
46654
46657
46662
46664
46673
46675
46678
46691
46697
46699
46700
46700
46700
46706
46709
46713
46720
46724
46726
46729
46753
46758
46761
46761
46768
46776
46777
46780
46787
46789
46794
46795
46804
46809
46827
46831
46850
46851
46855
46868
46878
46880
46881
46882
46886
46887
46889
46890
46896
46915
46918
46923
46924
46939
46940
46944
46946
46946
46950
46951
46952
46955
46961
46976
46980
46983
46984
46985
46994
47004
47005
47009
47014
47016
47020
47031
47034
47038
47043
47044
47045
47051
47055
47056
47056
47058
47064
47065
47073
47080
47089
47102
47104
47105
47106
47107
47112
47119
47120
47129
47133
47140
47159
47160
47168
47171
47178
47192
47194
47195
47197
47208
47220
47223
47231
47243
47245
47246
47258
47259
47260
47261
47264
47273
47273
47276
47276
47283
47283
47294
47306
47310
47319
47320
47321
47334
47338
47364
47366
47377
47384
47386
47386
47387
47395
47399
47402
47418
47431
47433
47437
47438
47451
47452
47454
47455
47456
47456
47474
47486
47486
47486
47486
47489
47498
47506
47520
47520
47523
47527
47534
47535
47546
47550
47561
47564
47565
47568
47572
47576
47580
47581
47584
47587
47591
47597
47597
47597
47600
47601
47604
47608
47611
47620
47632
47639
47642
47643
47643
47646
47647
47649
47658
47662
47663
47679
47683
47697
47698
47701
47702
47704
47704
47706
47726
47726
47728
47729
47730
47733
47734
47735
47749
47757
47761
47777
47783
47790
47793
47803
47807
47813
47814
47815
47826
47827
47831
47836
47844
47849
47849
47850
47856
47865
47866
47885
47893
47898
47901
47905
47906
47908
47920
47929
47933
47936
47939
47946
47950
47953
47955
47957
47963
47968
47970
47988
48002
48003
48006
48009
48020
48030
48037
48041
48045
48046
48052
48056
48059
48060
48062
48072
48082
48091
48101
48107
48111
48114
48120
48121
48126
48133
48138
48139
48140
48152
48155
48164
48168
48185
48190
48193
48194
48194
48195
48200
48209
48219
48222
48230
48234
48245
48254
48256
48261
48261
48261
48268
48276
48282
48303
48304
48306
48310
48314
48316
48323
48325
48326
48331
48347
48350
48356
48374
48377
48379
48385
48386
48401
48404
48405
48406
48409
48409
48419
48420
48423
48424
48434
48439
48442
48443
48444
48445
48450
48455
48459
48461
48464
48465
48471
48488
48492
48495
48505
48509
48519
48523
48524
48538
48539
48549
48549
48552
48557
48559
48568
48569
48573
48574
48579
48586
48591
48593
48595
48599
48601
48615
48618
48629
48632
48636
48636
48655
48667
48668
48676
48684
48699
48704
48714
48717
48718
48721
48727
48729
48740
48746
48751
48751
48757
48760
48762
48791
48796
48796
48808
48813
48814
48820
48823
48829
48841
48852
48854
48857
48862
48869
48873
48873
48879
48880
48881
48884
48885
48895
48896
48902
48909
48916
48918
48918
48920
48928
48934
48936
48939
48940
48940
48946
48947
48953
48975
49004
49008
49009
49010
49017
49020
49022
49023
49024
49032
49034
49039
49042
49046
49048
49054
49055
49063
49071
49076
49085
49090
49093
49102
49107
49112
49112
49115
49116
49125
49126
49131
49137
49138
49139
49153
49154
49157
49158
49159
49170
49176
49180
49184
49204
49218
49222
49223
49226
49227
49230
49231
49234
49241
49250
49269
49273
49281
49287
49291
49292
49293
49299
49303
49311
49318
49323
49333
49342
49344
49348
49350
49374
49381
49386
49408
49411
49412
49415
49432
49439
49460
49464
49465
49468
49469
49472
49472
49474
49501
49505
49517
49517
49529
49532
49533
49555
49556
49575
49578
49578
49586
49589
49592
49597
49600
49602
49615
49624
49624
49625
49629
49637
49642
49645
49650
49658
49660
49661
49669
49670
49675
49678
49678
49679
49684
49684
49692
49695
49699
49709
49710
49710
49719
49730
49730
49731
49738
49744
49745
49759
49765
49793
49793
49797
49797
49802
49805
49812
49830
49841
49866
49871
49897
49898
49911
49914
49921
49926
49927
49929
49931
49938
49944
49946
49949
49952
49958
49959
49963
49966
49972
49985
49986
49989
49994
49998
