6
23
49
56
60
69
86
104
105
108
174
191
194
213
219
229
258
267
275
280
323
362
390
391
422
430
431
433
435
436
442
444
471
486
494
501
504
504
509
526
529
540
541
562
569
569
588
608
612
615
637
637
638
656
680
706
717
720
734
755
757
770
771
774
794
803
807
817
818
821
838
852
856
878
895
899
913
913
921
921
928
930
938
943
947
949
961
967
980
980
1001
1015
1031
1045
1058
1074
1083
1096
1097
1116
1124
1126
1149
1157
1164
1169
1182
1190
1223
1268
1281
1289
1291
1306
1311
1338
1346
1347
1365
1370
1377
1383
1392
1419
1442
1443
1446
1463
1468
1468
1485
1510
1513
1513
1526
1536
1548
1570
1575
1577
1591
1595
1596
1605
1613
1614
1615
1617
1621
1625
1646
1647
1650
1653
1662
1668
1687
1693
1711
1730
1731
1736
1747
1784
1787
1796
1829
1829
1831
1841
1845
1856
1869
1888
1895
1911
1923
1929
1930
1934
1997
2000
2010
2066
2074
2077
2090
2095
2108
2118
2148
2165
2180
2186
2196
2217
2221
2224
2224
2230
2247
2261
2286
2315
2320
2330
2342
2358
2359
2360
2371
2376
2387
2401
2402
2414
2424
2431
2438
2456
2468
2485
2489
2507
2519
2520
2520
2534
2572
2585
2587
2595
2603
2611
2613
2619
2625
2625
2642
2669
2684
2684
2690
2704
2717
2721
2736
2749
2757
2761
2764
2797
2798
2802
2825
2826
2842
2845
2855
2887
2925
2967
2969
2980
2985
3012
3028
3032
3038
3063
3084
3089
3099
3115
3118
3124
3125
3133
3138
3141
3144
3148
3170
3204
3211
3213
3223
3230
3246
3257
3258
3260
3274
3295
3300
3303
3331
3349
3364
3377
3382
3391
3404
3407
3409
3426
3427
3439
3449
3460
3462
3468
3480
3486
3491
3507
3519
3520
3526
3541
3541
3552
3556
3559
3561
3593
3603
3622
3623
3623
3626
3631
3649
3670
3670
3671
3685
3688
3699
3734
3767
3778
3781
3782
3783
3795
3797
3798
3802
3809
3815
3834
3838
3851
3852
3857
3863
3872
3873
3882
3910
3915
3926
3927
3933
3945
3955
3957
3968
3976
3977
4000
4006
4013
4039
4040
4053
4062
4062
4077
4090
4099
4122
4160
4173
4190
4199
4216
4219
4240
4247
4258
4259
4260
4264
4271
4275
4277
4283
4289
4290
4305
4318
4323
4332
4340
4345
4345
4350
4353
4356
4364
4366
4388
4406
4427
4457
4462
4470
4500
4521
4523
4524
4529
4552
4553
4556
4559
4578
4584
4593
4600
4604
4606
4615
4640
4641
4643
4665
4675
4677
4687
4711
4731
4734
4744
4756
4758
4761
4790
4802
4807
4808
4818
4861
4874
4892
4895
4929
4937
4940
4953
4963
4968
4973
4989
4993
5021
5023
5053
5067
5077
5113
5149
5152
5160
5162
5164
5177
5179
5184
5200
5203
5206
5242
5253
5257
5259
5273
5277
5291
5297
5304
5307
5333
5335
5403
5413
5430
5446
5462
5509
5512
5517
5528
5528
5537
5539
5541
5546
5547
5598
5601
5617
5618
5623
5628
5655
5660
5663
5667
5670
5674
5686
5691
5697
5698
5700
5709
5731
5744
5745
5765
5790
5792
5798
5806
5807
5818
5841
5842
5844
5857
5864
5865
5869
5877
5882
5897
5901
5926
5927
5957
5962
5963
5963
5963
5972
6008
6018
6020
6030
6036
6038
6040
6100
6112
6112
6116
6119
6120
6131
6132
6134
6135
6140
6164
6186
6192
6204
6205
6215
6219
6227
6234
6240
6259
6264
6269
6273
6315
6331
6335
6342
6344
6357
6361
6364
6365
6367
6395
6399
6410
6412
6450
6463
6463
6465
6479
6484
6487
6488
6491
6495
6510
6511
6528
6559
6574
6589
6594
6600
6607
6624
6624
6635
6661
6666
6679
6685
6690
6692
6692
6701
6706
6706
6724
6740
6748
6749
6749
6754
6800
6803
6821
6827
6830
6833
6846
6851
6869
6887
6924
6928
6957
6967
6994
7003
7009
7026
7028
7044
7057
7085
7086
7086
7087
7102
7112
7114
7118
7124
7134
7135
7157
7179
7183
7195
7205
7209
7211
7245
7247
7251
7252
7259
7274
7275
7284
7288
7291
7295
7297
7298
7299
7313
7320
7321
7324
7329
7353
7368
7373
7384
7421
7427
7441
7450
7456
7462
7489
7498
7506
7528
7529
7535
7544
7551
7568
7572
7599
7600
7635
7662
7665
7679
7681
7711
7726
7727
7727
7732
7733
7769
7774
7774
7794
7795
7808
7862
7866
7870
7875
7901
7920
7921
7946
7950
7968
7974
7978
7996
8017
8029
8036
8056
8065
8073
8075
8087
8103
8113
8116
8132
8138
8148
8155
8167
8168
8172
8182
8211
8219
8229
8230
8239
8249
8251
8258
8272
8279
8312
8316
8354
8379
8389
8391
8394
8407
8418
8444
8459
8460
8464
8464
8465
8481
8481
8496
8496
8501
8503
8515
8519
8519
8531
8539
8541
8548
8549
8551
8560
8565
8567
8582
8608
8671
8685
8700
8703
8705
8727
8729
8746
8768
8769
8770
8778
8797
8800
8802
8802
8817
8819
8852
8854
8873
8874
8885
8895
8898
8901
8906
8908
8917
8936
8942
8945
8951
8954
8983
9022
9026
9038
9046
9049
9050
9065
9070
9086
9098
9098
9100
9104
9108
9120
9137
9152
9172
9180
9188
9192
9194
9200
9202
9204
9210
9210
9213
9214
9243
9245
9272
9275
9296
9304
9305
9327
9341
9350
9365
9371
9372
9387
9387
9393
9397
9413
9415
9415
9434
9442
9453
9477
9488
9491
9500
9513
9516
9521
9527
9531
9538
9555
9556
9558
9570
9575
9584
9589
9600
9615
9617
9631
9654
9661
9694
9701
9725
9729
9731
9732
9736
9761
9768
9806
9824
9832
9833
9868
9868
9869
9895
9898
9904
9904
9905
9908
9911
9917
9929
9929
9940
9973
9997
9997
10006
10037
10038
10042
10045
10051
10085
10095
10104
10105
10115
10127
10149
10167
10179
10183
10212
10223
10230
10240
10245
10290
10298
10302
10315
10325
10343
10346
10361
10363
10365
10396
10415
10416
10423
10426
10426
10434
10437
10455
10474
10480
10491
10491
10503
10513
10516
10532
10532
10543
10551
10605
10609
10614
10617
10629
10629
10638
10670
10673
10692
10694
10734
10796
10803
10803
10812
10818
10830
10840
10862
10869
10883
10884
10917
10922
10929
10946
10975
11008
11017
11021
11031
11052
11058
11066
11068
11102
11106
11110
11116
11126
11134
11162
11186
11221
11221
11222
11234
11240
11266
11291
11322
11333
11336
11353
11404
11414
11414
11414
11422
11433
11454
11487
11514
11529
11535
11536
11572
11576
11577
11587
11613
11648
11653
11678
11684
11690
11694
11706
11732
11753
11783
11789
11790
11800
11806
11810
11816
11823
11838
11851
11881
11892
11897
11909
11911
11925
11951
11954
11971
11974
11979
11994
12012
12016
12020
12027
12036
12048
12058
12060
12061
12067
12068
12069
12075
12078
12089
12104
12116
12124
12124
12129
12145
12171
12182
12188
12237
12238
12243
12250
12253
12257
12276
12284
12310
12313
12313
12315
12332
12352
12365
12374
12397
12406
12406
12410
12427
12440
12462
12475
12484
12488
12519
12537
12540
12582
12588
12591
12612
12612
12625
12636
12648
12648
12666
12667
12680
12703
12705
12709
12722
12747
12751
12759
12765
12778
12785
12787
12788
12801
12802
12809
12810
12821
12822
12844
12849
12852
12861
12868
12877
12890
12892
12894
12906
12923
12930
12945
12947
12959
12977
12988
13009
13046
13057
13066
13072
13073
13075
13085
13096
13100
13100
13128
13138
13140
13149
13151
13154
13166
13176
13186
13204
13206
13265
13266
13278
13294
13294
13327
13336
13343
13349
13349
13356
13359
13364
13365
13369
13370
13383
13407
13415
13415
13417
13431
13440
13446
13471
13516
13519
13559
13560
13583
13592
13594
13596
13615
13628
13648
13657
13662
13691
13703
13716
13752
13776
13781
13784
13786
13802
13804
13816
13831
13841
13870
13872
13885
13889
13890
13892
13896
13900
13919
13929
13932
13945
13945
13948
13951
13957
13967
13969
13971
13978
13984
13998
14004
14021
14042
14048
14077
14084
14092
14104
14115
14135
14152
14167
14168
14185
14195
14209
14211
14212
14215
14217
14220
14224
14230
14235
14250
14252
14264
14270
14274
14275
14276
14290
14290
14317
14322
14327
14333
14334
14334
14343
14347
14361
14374
14386
14403
14404
14405
14413
14427
14451
14472
14479
14490
14497
14505
14509
14515
14531
14547
14559
14565
14586
14587
14590
14592
14595
14596
14596
14598
14624
14638
14642
14645
14646
14655
14664
14694
14696
14697
14699
14700
14713
14716
14736
14746
14763
14767
14768
14794
14798
14821
14823
14835
14843
14865
14884
14900
14913
14919
14935
14941
14969
14971
14972
14980
15000
15018
15020
15028
15051
15052
15079
15081
15086
15106
15125
15126
15142
15151
15156
15162
15164
15171
15179
15198
15217
15258
15264
15267
15283
15299
15310
15311
15319
15344
15350
15371
15378
15385
15395
15395
15400
15407
15414
15419
15432
15450
15479
15487
15492
15495
15505
15540
15540
15544
15547
15550
15567
15583
15595
15626
15637
15646
15647
15666
15670
15673
15686
15698
15725
15737
15739
15746
15751
15759
15761
15767
15770
15773
15778
15778
15792
15808
15813
15815
15853
15859
15871
15872
15878
15910
15927
15931
15937
15939
15942
15942
15943
16034
16038
16093
16104
16110
16120
16124
16136
16139
16149
16191
16200
16205
16209
16214
16220
16231
16258
16265
16291
16299
16306
16316
16337
16351
16363
16373
16374
16378
16390
16409
16419
16419
16430
16444
16451
16462
16480
16487
16518
16519
16526
16530
16532
16535
16537
16564
16571
16574
16577
16577
16583
16589
16592
16594
16597
16605
16613
16618
16621
16622
16629
16630
16632
16644
16656
16673
16683
16698
16711
16717
16761
16780
16782
16828
16845
16853
16875
16881
16903
16907
16913
16914
16925
16929
16932
16937
16938
16942
16965
16975
16997
16999
17024
17031
17056
17060
17060
17073
17087
17105
17130
17134
17149
17158
17160
17160
17164
17184
17186
17188
17190
17191
17199
17204
17206
17211
17217
17227
17238
17252
17257
17275
17291
17293
17295
17300
17301
17324
17328
17331
17351
17355
17359
17394
17408
17416
17424
17427
17451
17467
17467
17470
17475
17476
17478
17482
17483
17516
17518
17532
17540
17557
17571
17574
17589
17599
17616
17620
17627
17644
17646
17647
17655
17658
17669
17689
17697
17707
17712
17723
17732
17758
17775
17779
17781
17802
17807
17810
17814
17834
17844
17866
17875
17890
17904
17907
17918
17918
17920
17931
17931
17933
17966
17966
17966
17968
17977
17993
18006
18007
18012
18012
18018
18019
18025
18031
18037
18040
18042
18046
18056
18060
18060
18061
18063
18071
18072
18072
18081
18086
18100
18106
18127
18129
18143
18146
18159
18185
18188
18201
18218
18219
18238
18242
18249
18251
18253
18265
18267
18291
18302
18319
18332
18335
18353
18356
18381
18383
18384
18393
18418
18424
18428
18436
18440
18443
18458
18467
18467
18474
18476
18476
18491
18505
18509
18523
18527
18536
18554
18576
18614
18614
18615
18624
18632
18632
18641
18642
18660
18670
18675
18690
18691
18703
18704
18706
18718
18725
18739
18741
18742
18749
18754
18756
18756
18765
18779
18789
18798
18815
18834
18854
18855
18891
18904
18918
18921
18926
18976
18978
18995
19004
19032
19055
19083
19086
19091
19103
19117
19122
19138
19148
19148
19158
19164
19174
19199
19206
19211
19248
19270
19273
19281
19303
19308
19310
19314
19354
19361
19364
19376
19384
19396
19412
19417
19418
19432
19441
19443
19451
19461
19478
19499
19503
19516
19533
19542
19553
19569
19578
19584
19603
19619
19621
19635
19635
19640
19642
19661
19670
19681
19702
19703
19708
19740
19755
19759
19767
19787
19792
19797
19799
19812
19813
19817
19828
19835
19852
19859
19869
19899
19903
19907
19916
19916
19927
19954
19985
19987
19992
19996
20059
20065
20081
20108
20116
20122
20130
20135
20140
20141
20144
20200
20215
20217
20220
20222
20243
20250
20250
20251
20264
20292
20293
20301
20304
20313
20314
20318
20326
20332
20334
20336
20345
20354
20369
20370
20384
20397
20421
20434
20475
20488
20496
20498
20498
20511
20521
20550
20568
20585
20589
20609
20623
20626
20631
20642
20649
20658
20679
20699
20726
20738
20740
20744
20749
20758
20783
20785
20814
20826
20864
20886
20899
20913
20913
20925
20966
20972
20978
20980
21014
21014
21052
21075
21077
21096
21101
21104
21105
21127
21140
21161
21167
21176
21178
21178
21187
21239
21253
21255
21256
21267
21280
21346
21352
21354
21360
21360
21369
21370
21387
21391
21392
21438
21445
21449
21464
21467
21494
21497
21505
21517
21519
21519
21523
21525
21532
21571
21585
21614
21624
21643
21649
21653
21656
21660
21662
21692
21700
21715
21720
21727
21737
21749
21759
21759
21781
21796
21818
21828
21840
21842
21851
21853
21865
21866
21867
21869
21872
21876
21884
21903
21925
21931
21937
21941
21957
21961
21964
21969
21975
21978
21984
21985
21994
22006
22011
22020
22021
22023
22040
22046
22058
22060
22085
22100
22109
22110
22129
22144
22153
22155
22194
22220
22231
22263
22268
22298
22324
22327
22329
22346
22352
22369
22390
22393
22400
22418
22421
22432
22444
22474
22487
22488
22548
22553
22556
22576
22602
22606
22607
22609
22609
22612
22632
22651
22654
22661
22689
22736
22740
22744
22749
22750
22769
22772
22775
22783
22790
22804
22822
22827
22838
22864
22865
22895
22895
22898
22902
22905
22907
22924
22926
22931
22933
22936
22973
22978
22990
23007
23009
23012
23016
23028
23045
23078
23088
23092
23099
23099
23122
23131
23137
23152
23158
23166
23171
23178
23186
23188
23199
23207
23211
23211
23217
23218
23230
23247
23251
23268
23272
23284
23287
23303
23305
23326
23338
23345
23352
23378
23392
23420
23429
23439
23450
23468
23498
23503
23504
23518
23522
23541
23547
23559
23559
23589
23614
23615
23629
23635
23643
23653
23665
23666
23677
23683
23698
23723
23724
23758
23766
23777
23783
23796
23815
23818
23873
23873
23882
23886
23890
23905
23916
23930
23930
23942
23960
23961
23985
23987
24001
24009
24009
24018
24019
24032
24045
24045
24067
24092
24096
24098
24104
24111
24111
24112
24114
24141
24145
24147
24163
24175
24190
24198
24210
24216
24218
24222
24225
24228
24245
24246
24253
24253
24260
24267
24268
24274
24290
24323
24350
24354
24357
24364
24391
24409
24419
24421
24423
24426
24435
24436
24436
24443
24461
24467
24498
24501
24503
24505
24507
24510
24515
24521
24525
24532
24532
24533
24537
24542
24556
24557
24577
24606
24622
24627
24630
24631
24632
24633
24637
24660
24693
24700
24704
24707
24708
24724
24732
24749
24767
24773
24780
24809
24811
24820
24825
24834
24834
24837
24838
24845
24852
24859
24859
24877
24895
24899
24910
24910
24921
24929
24931
24943
24945
24953
24998
25021
25021
25022
25032
25045
25046
25050
25056
25060
25067
25078
25081
25083
25094
25096
25119
25129
25144
25144
25162
25184
25193
25197
25219
25228
25233
25262
25263
25268
25277
25292
25299
25299
25301
25305
25334
25351
25375
25378
25380
25382
25382
25403
25410
25433
25451
25452
25458
25491
25499
25522
25528
25529
25531
25537
25557
25576
25590
25625
25627
25629
25654
25712
25727
25747
25750
25756
25781
25782
25793
25798
25798
25816
25823
25824
25827
25834
25838
25844
25867
25870
25876
25889
25909
25920
25923
25935
25962
25980
25983
26004
26016
26028
26035
26047
26084
26118
26128
26148
26157
26158
26191
26192
26199
26206
26219
26244
26246
26254
26287
26293
26309
26312
26333
26341
26344
26351
26354
26373
26381
26395
26428
26432
26437
26462
26467
26469
26475
26478
26495
26500
26510
26535
26541
26544
26548
26573
26585
26609
26609
26609
26610
26613
26630
26647
26655
26673
26687
26693
26696
26700
26700
26701
26710
26721
26726
26730
26740
26743
26781
26789
26793
26800
26810
26822
26832
26833
26839
26840
26859
26874
26906
26918
26925
26927
26943
26948
26950
26950
26951
26954
26956
26962
26967
26969
26971
26993
26997
26997
27032
27055
27072
27083
27093
27101
27112
27116
27116
27117
27131
27188
27191
27194
27200
27218
27220
27240
27245
27283
27283
27283
27292
27295
27297
27301
27305
27309
27315
27324
27338
27345
27351
27363
27364
27368
27373
27387
27398
27399
27434
27439
27443
27443
27465
27469
27478
27489
27513
27538
27553
27555
27560
27591
27599
27609
27632
27644
27647
27649
27659
27667
27673
27681
27684
27687
27689
27696
27701
27770
27771
27776
27781
27783
27792
27794
27798
27821
27835
27835
27843
27843
27856
27861
27874
27880
27883
27900
27914
27923
27925
27949
27983
27986
27995
28002
28012
28029
28058
28066
28107
28118
28128
28143
28150
28161
28170
28171
28176
28179
28184
28196
28197
28203
28219
28247
28256
28259
28288
28291
28297
28300
28341
28341
28349
28359
28381
28385
28388
28393
28399
28409
28420
28425
28437
28442
28452
28452
28455
28459
28484
28517
28535
28543
28545
28547
28561
28566
28572
28589
28592
28602
28607
28617
28621
28633
28633
28636
28651
28672
28676
28683
28695
28703
28705
28706
28728
28737
28740
28764
28789
28791
28799
28808
28835
28840
28866
28883
28909
28913
28921
28923
28926
28949
28950
28956
28962
29008
29015
29074
29095
29109
29123
29130
29136
29152
29163
29175
29189
29205
29208
29210
29213
29220
29252
29271
29275
29290
29295
29321
29322
29327
29335
29336
29342
29348
29361
29364
29372
29387
29428
29437
29444
29445
29447
29448
29448
29532
29536
29568
29569
29573
29577
29589
29627
29636
29637
29648
29679
29684
29688
29696
29733
29744
29762
29790
29805
29828
29842
29844
29851
29855
29886
29899
29919
29926
29929
29934
29935
29938
29944
29958
29960
29987
29991
29994
30009
30013
30021
30022
30050
30054
30057
30062
30066
30086
30086
30091
30105
30108
30110
30115
30116
30118
30141
30143
30162
30167
30183
30191
30200
30203
30214
30222
30231
30237
30238
30246
30260
30262
30269
30292
30293
30293
30327
30328
30341
30359
30373
30381
30403
30417
30421
30430
30438
30443
30444
30450
30459
30477
30488
30489
30529
30530
30537
30544
30546
30555
30557
30562
30568
30578
30578
30594
30601
30605
30616
30624
30631
30632
30654
30656
30666
30694
30708
30708
30725
30725
30732
30738
30748
30755
30783
30783
30803
30807
30809
30810
30819
30830
30831
30834
30835
30838
30845
30848
30854
30865
30878
30899
30900
30912
30912
30916
30917
30921
30922
30923
30939
30939
30942
30945
30950
30969
30982
30993
30993
31001
31002
31004
31022
31025
31039
31045
31055
31065
31068
31075
31083
31094
31099
31120
31121
31121
31173
31176
31181
31231
31239
31240
31276
31277
31301
31312
31327
31343
31346
31400
31412
31430
31432
31440
31442
31453
31461
31465
31466
31485
31489
31504
31505
31507
31525
31527
31543
31553
31554
31555
31560
31565
31568
31576
31581
31595
31602
31606
31612
31616
31619
31626
31627
31650
31675
31682
31683
31690
31699
31713
31722
31728
31739
31752
31752
31755
31773
31781
31796
31807
31813
31844
31850
31880
31885
31894
31914
31917
31933
31955
31960
31963
31977
31986
31998
32006
32019
32023
32024
32026
32026
32038
32050
32058
32079
32099
32108
32110
32111
32111
32113
32117
32121
32124
32130
32165
32170
32218
32254
32257
32258
32275
32280
32292
32302
32310
32329
32357
32359
32366
32386
32400
32410
32412
32422
32427
32427
32430
32439
32450
32456
32519
32521
32521
32523
32576
32592
32593
32614
32625
32637
32642
32652
32670
32677
32715
32721
32721
32725
32733
32735
32740
32744
32748
32754
32755
32765
32773
32799
32814
32818
32828
32831
32846
32866
32886
32916
32951
32952
32972
32989
33024
33047
33051
33076
33077
33091
33099
33104
33106
33110
33115
33115
33128
33130
33134
33140
33141
33172
33177
33199
33212
33216
33218
33264
33264
33291
33316
33338
33364
33369
33379
33394
33431
33434
33437
33439
33443
33445
33461
33470
33479
33496
33504
33507
33509
33512
33512
33513
33527
33528
33529
33534
33541
33553
33569
33569
33605
33610
33633
33661
33663
33700
33711
33718
33721
33727
33732
33738
33743
33765
33766
33781
33810
33825
33858
33859
33860
33871
33885
33891
33892
33892
33893
33902
33917
33947
33960
33965
33970
33974
33992
34005
34081
34084
34089
34090
34098
34107
34133
34145
34146
34149
34156
34158
34160
34160
34161
34167
34168
34168
34173
34173
34174
34198
34199
34211
34212
34223
34225
34225
34227
34251
34262
34268
34270
34273
34283
34283
34287
34291
34304
34341
34354
34357
34377
34385
34404
34445
34464
34478
34478
34497
34526
34535
34538
34550
34556
34557
34560
34568
34605
34609
34631
34652
34657
34669
34691
34697
34702
34705
34715
34736
34746
34750
34756
34758
34764
34790
34813
34821
34838
34861
34864
34877
34895
34895
34910
34915
34919
34936
34943
34950
34975
34975
34975
34976
34980
34995
35016
35023
35039
35067
35091
35111
35118
35131
35152
35153
35159
35162
35163
35164
35183
35189
35198
35198
35212
35215
35228
35231
35248
35248
35297
35301
35312
35320
35320
35335
35339
35339
35342
35349
35353
35355
35358
35364
35394
35398
35407
35411
35419
35427
35436
35444
35447
35450
35453
35459
35479
35480
35489
35491
35503
35506
35509
35514
35523
35532
35546
35548
35557
35557
35573
35577
35587
35632
35637
35646
35655
35660
35671
35678
35682
35703
35706
35718
35725
35727
35745
35746
35758
35768
35774
35788
35817
35827
35834
35834
35859
35866
35878
35894
35895
35899
35901
35902
35910
35911
35921
35924
35932
35936
35943
35945
35975
35979
36006
36017
36052
36059
36065
36078
36085
36086
36087
36088
36092
36097
36137
36154
36162
36178
36182
36183
36183
36191
36201
36207
36209
36210
36215
36218
36231
36269
36279
36283
36287
36303
36327
36332
36336
36383
36399
36415
36416
36424
36428
36464
36491
36547
36553
36556
36563
36586
36606
36614
36618
36619
36623
36629
36631
36643
36656
36657
36661
36692
36715
36733
36734
36735
36738
36741
36774
36790
36791
36825
36838
36870
36876
36887
36918
36918
36924
36937
36954
36969
37004
37017
37034
37039
37072
37081
37082
37087
37104
37116
37127
37128
37134
37154
37156
37156
37166
37182
37191
37207
37216
37222
37229
37254
37273
37282
37284
37286
37304
37322
37333
37333
37336
37338
37339
37347
37348
37356
37367
37374
37384
37389
37402
37403
37405
37432
37468
37471
37472
37492
37520
37531
37537
37560
37563
37570
37574
37596
37612
37615
37633
37660
37663
37668
37690
37717
37730
37754
37761
37769
37776
37797
37799
37815
37818
37868
37870
37878
37883
37889
37945
37950
37952
37960
37963
37964
37966
37976
37978
37998
38055
38077
38092
38096
38098
38099
38101
38116
38127
38140
38143
38145
38150
38167
38167
38171
38180
38183
38195
38196
38218
38219
38226
38236
38245
38251
38253
38274
38275
38287
38302
38316
38329
38368
38369
38376
38393
38408
38408
38416
38426
38437
38456
38461
38513
38520
38536
38550
38557
38563
38576
38577
38579
38607
38609
38619
38621
38624
38661
38665
38671
38674
38678
38684
38693
38696
38698
38703
38749
38759
38768
38769
38770
38783
38803
38815
38824
38827
38856
38872
38880
38888
38906
38954
38961
38969
38981
39000
39001
39015
39019
39024
39037
39042
39072
39075
39087
39088
39107
39126
39130
39135
39148
39157
39158
39164
39165
39207
39207
39214
39217
39232
39256
39262
39268
39286
39288
39292
39293
39303
39311
39321
39327
39329
39353
39369
39379
39384
39387
39410
39432
39450
39453
39453
39462
39466
39486
39487
39488
39512
39516
39520
39534
39550
39554
39555
39568
39569
39574
39576
39587
39599
39650
39669
39686
39730
39759
39760
39772
39778
39782
39787
39821
39828
39834
39842
39846
39858
39859
39872
39877
39877
39878
39879
39884
39885
39898
39908
39914
39957
39960
39990
39994
39996
40000
40006
40015
40064
40070
40072
40076
40077
40082
40088
40130
40168
40170
40182
40183
40191
40212
40228
40236
40237
40237
40254
40262
40266
40270
40274
40287
40293
40308
40320
40321
40326
40329
40334
40365
40382
40393
40394
40404
40405
40455
40467
40470
40476
40481
40522
40534
40549
40559
40563
40573
40576
40586
40594
40594
40603
40608
40620
40632
40634
40638
40645
40646
40652
40653
40655
40656
40661
40665
40709
40710
40724
40730
40740
40752
40774
40784
40787
40791
40810
40835
40844
40846
40849
40851
40855
40856
40867
40873
40883
40883
40884
40886
40898
40909
40926
40926
40935
40964
40966
40969
40972
40974
40981
41010
41027
41027
41030
41052
41060
41062
41068
41073
41075
41083
41093
41104
41119
41121
41130
41133
41133
41140
41141
41162
41162
41179
41201
41220
41243
41244
41246
41253
41258
41262
41268
41284
41288
41299
41302
41329
41343
41351
41354
41373
41379
41391
41398
41416
41436
41448
41458
41461
41464
41479
41483
41498
41561
41572
41572
41589
41599
41602
41612
41621
41627
41629
41637
41638
41654
41693
41721
41721
41738
41741
41743
41750
41771
41783
41783
41788
41802
41819
41820
41821
41822
41843
41848
41852
41896
41899
41920
41936
41938
41945
41956
41957
42009
42023
42027
42027
42032
42032
42040
42049
42051
42091
42093
42097
42111
42122
42122
42123
42131
42147
42162
42200
42208
42233
42246
42247
42255
42256
42269
42269
42270
42279
42279
42280
42282
42290
42333
42334
42339
42341
42360
42361
42363
42395
42400
42402
42446
42452
42453
42457
42460
42471
42513
42520
42520
42522
42535
42562
42566
42567
42584
42591
42597
42605
42624
42635
42638
42645
42650
42656
42705
42748
42752
42760
42768
42772
42783
42791
42793
42810
42816
42826
42828
42828
42830
42838
42840
42851
42855
42865
42877
42894
42905
42905
42908
42916
42919
42925
42934
42948
42958
42973
42974
43013
43024
43025
43031
43044
43057
43058
43059
43070
43087
43099
43115
43117
43148
43162
43167
43178
43185
43200
43212
43237
43264
43268
43292
43293
43338
43341
43353
43356
43357
43359
43365
43368
43373
43392
43402
43419
43423
43431
43431
43433
43434
43439
43442
43449
43450
43461
43463
43474
43477
43497
43499
43503
43503
43534
43542
43560
43564
43566
43578
43578
43589
43606
43614
43648
43658
43671
43709
43709
43721
43728
43737
43750
43752
43753
43757
43758
43791
43795
43805
43809
43817
43824
43838
43850
43862
43867
43868
43868
43879
43900
43912
43940
43944
43947
43954
43964
43980
43986
43996
44005
44026
44031
44050
44056
44071
44088
44091
44092
44101
44107
44116
44116
44121
44123
44126
44148
44231
44241
44243
44259
44282
44285
44304
44304
44308
44320
44326
44332
44344
44364
44377
44380
44385
44405
44417
44423
44424
44429
44431
44434
44438
44471
44490
44511
44543
44546
44557
44565
44566
44571
44574
44576
44589
44597
44601
44607
44614
44616
44637
44649
44654
44655
44660
44672
44674
44718
44729
44732
44734
44753
44764
44808
44846
44861
44861
44861
44864
44874
44894
44895
44896
44902
44932
44939
44940
44948
44950
44954
44962
44976
44977
44979
44987
44990
44993
45007
45007
45011
45018
45033
45053
45082
45087
45087
45121
45126
45136
45141
45150
45150
45151
45152
45159
45161
45165
45181
45182
45209
45214
45217
45226
45230
45239
45266
45277
45289
45297
45305
45316
45323
45335
45338
45345
45346
45354
45380
45384
45396
45406
45416
45421
45424
45425
45435
45435
45445
45449
45468
45494
45500
45510
45523
45525
45557
45563
45577
45582
45596
45598
45601
45613
45619
45625
45629
45632
45650
45661
45674
45696
45704
45711
45716
45725
45728
45736
45753
45755
45759
45802
45817
45835
45839
45869
45875
45878
45892
45900
45908
45912
45913
45925
45925
45927
45944
45945
45950
45960
45966
45977
45986
45998
46001
46030
46036
46038
46047
46053
46057
46074
46119
46131
46136
46152
46182
46198
46199
46210
46235
46240
46256
46267
46267
46328
46330
46332
46333
46337
46341
46359
46364
46368
46368
46383
46402
46418
46433
46440
46440
46444
46448
46450
46457
46472
46477
46485
46487
46487
46490
46497
46513
46521
46530
46532
46585
46602
46606
46613
46624
46631
46631
46641
46642
46664
46676
46679
46692
46715
46723
46745
46748
46755
46767
46803
46809
46855
46873
46881
46882
46902
46923
46949
46958
46974
46989
47007
47008
47022
47024
47037
47053
47063
47067
47070
47076
47083
47091
47109
47122
47145
47150
47151
47157
47190
47192
47227
47233
47234
47234
47239
47249
47250
47256
47288
47299
47316
47349
47378
47386
47434
47439
47447
47450
47472
47484
47487
47487
47493
47500
47510
47523
47544
47554
47562
47588
47592
47607
47622
47626
47628
47630
47634
47650
47651
47652
47668
47691
47712
47715
47717
47719
47732
47733
47747
47775
47779
47789
47810
47817
47823
47824
47861
47865
47869
47877
47884
47890
47911
47920
47922
47925
47929
47957
47965
47968
47971
47983
47987
47992
48005
48036
48040
48042
48065
48070
48081
48081
48088
48108
48108
48121
48124
48144
48157
48158
48169
48170
48190
48204
48209
48210
48219
48234
48247
48256
48272
48282
48291
48308
48351
48360
48363
48373
48388
48390
48410
48412
48414
48415
48417
48422
48426
48437
48437
48442
48458
48467
48470
48498
48516
48549
48571
48576
48577
48580
48586
48590
48590
48592
48598
48605
48607
48619
48619
48620
48641
48655
48657
48660
48668
48669
48676
48695
48709
48710
48721
48745
48749
48752
48758
48779
48808
48815
48835
48837
48843
48853
48855
48860
48865
48865
48872
48877
48878
48905
48909
48913
48918
48937
48973
48988
48990
48996
49000
49003
49023
49024
49029
49050
49070
49075
49097
49118
49131
49134
49143
49143
49151
49166
49168
49172
49175
49185
49188
49215
49227
49229
49234
49234
49242
49261
49266
49289
49296
49302
49311
49318
49327
49343
49351
49354
49367
49374
49393
49398
49415
49417
49419
49428
49433
49439
49449
49465
49470
49500
49508
49511
49526
49532
49535
49541
49545
49548
49548
49556
49574
49600
49608
49620
49629
49633
49642
49653
49662
49664
49691
49692
49704
49705
49710
49717
49734
49736
49740
49743
49762
49764
49793
49816
49823
49837
49843
49877
49897
49906
49913
49919
49949
49962
49979
