5
13
14
24
24
30
38
40
41
42
47
52
54
65
75
79
83
88
88
88
100
109
111
112
114
127
152
153
166
168
173
178
187
187
187
195
196
214
229
230
232
233
237
239
240
244
245
255
257
260
266
267
274
274
279
283
283
284
290
290
292
292
296
297
316
334
339
346
354
355
357
367
381
384
386
390
405
407
409
413
418
422
431
435
437
456
458
466
470
475
479
479
498
502
508
510
516
518
521
534
555
568
585
591
600
605
606
609
614
630
632
646
646
649
656
656
673
678
680
684
685
692
699
702
710
716
721
724
728
736
739
752
757
757
761
761
771
772
783
787
791
798
800
804
812
813
814
829
831
839
845
851
854
860
861
861
890
892
902
905
908
916
921
927
939
947
959
959
967
976
978
990
998
1012
1022
1024
1025
1028
1035
1036
1037
1039
1041
1046
1056
1066
1072
1078
1103
1115
1117
1119
1123
1130
1139
1142
1143
1144
1144
1144
1147
1150
1161
1167
1167
1184
1186
1203
1210
1226
1238
1249
1251
1255
1255
1257
1263
1271
1297
1299
1301
1310
1311
1312
1315
1327
1330
1334
1338
1345
1357
1359
1361
1379
1392
1411
1412
1414
1421
1422
1425
1426
1430
1430
1447
1448
1449
1449
1457
1464
1466
1467
1473
1477
1504
1507
1507
1513
1521
1521
1521
1523
1525
1528
1530
1535
1540
1557
1563
1569
1570
1575
1576
1586
1587
1589
1592
1605
1606
1618
1619
1640
1650
1653
1655
1659
1660
1674
1681
1681
1682
1695
1699
1701
1708
1709
1710
1712
1728
1734
1734
1735
1738
1740
1745
1761
1761
1771
1771
1775
1784
1800
1811
1824
1825
1826
1833
1839
1841
1842
1842
1855
1861
1862
1863
1866
1867
1873
1876
1880
1885
1887
1892
1897
1912
1921
1924
1938
1949
1954
1956
1957
1969
1976
1977
2002
2002
2003
2007
2009
2012
2014
2019
2033
2042
2053
2056
2056
2069
2079
2081
2084
2108
2121
2130
2138
2148
2159
2162
2168
2169
2170
2178
2181
2185
2197
2213
2228
2236
2244
2249
2267
2281
2286
2289
2291
2299
2303
2310
2311
2312
2323
2324
2325
2332
2338
2344
2353
2354
2355
2360
2364
2365
2378
2386
2388
2389
2405
2411
2416
2417
2419
2425
2430
2431
2432
2432
2435
2445
2447
2455
2461
2477
2488
2494
2496
2497
2508
2508
2509
2521
2524
2533
2542
2546
2546
2552
2564
2566
2569
2581
2582
2586
2591
2596
2596
2597
2598
2612
2625
2627
2649
2652
2671
2671
2672
2673
2675
2677
2689
2707
2711
2713
2714
2716
2719
2722
2725
2727
2727
2730
2733
2734
2734
2738
2740
2744
2748
2752
2758
2759
2760
2761
2765
2775
2778
2778
2784
2800
2802
2806
2815
2816
2820
2823
2824
2836
2838
2844
2851
2854
2857
2861
2862
2863
2865
2867
2875
2877
2878
2881
2886
2890
2895
2898
2901
2909
2911
2912
2921
2928
2938
2950
2951
2951
2953
2962
2963
2965
2967
2972
2974
2981
3003
3004
3005
3009
3019
3023
3035
3042
3052
3054
3057
3071
3071
3077
3079
3088
3100
3120
3129
3129
3135
3137
3148
3162
3166
3166
3170
3187
3189
3191
3212
3213
3223
3224
3226
3227
3234
3235
3243
3247
3251
3252
3254
3256
3260
3263
3269
3275
3284
3286
3293
3296
3299
3311
3315
3320
3327
3337
3342
3343
3348
3361
3368
3387
3391
3398
3403
3407
3412
3412
3424
3426
3439
3439
3440
3440
3474
3480
3481
3496
3498
3503
3507
3509
3514
3515
3516
3520
3523
3525
3526
3533
3551
3563
3573
3579
3591
3604
3605
3608
3609
3611
3618
3619
3619
3634
3644
3660
3661
3683
3691
3700
3703
3712
3725
3732
3739
3749
3752
3758
3766
3784
3795
3796
3812
3814
3815
3818
3823
3824
3830
3832
3833
3846
3854
3859
3860
3865
3865
3866
3867
3878
3884
3889
3900
3903
3910
3911
3911
3916
3935
3938
3941
3946
3952
3955
3967
3968
3969
3971
3980
3982
3987
3995
3998
4000
4005
4008
4009
4010
4013
4019
4038
4047
4048
4051
4051
4055
4060
4062
4063
4069
4078
4081
4088
4091
4092
4103
4103
4105
4106
4108
4109
4115
4116
4118
4130
4133
4135
4136
4137
4143
4151
4151
4157
4158
4163
4163
4166
4185
4194
4212
4217
4220
4224
4226
4226
4249
4251
4253
4264
4265
4266
4270
4282
4282
4285
4300
4308
4309
4311
4317
4329
4329
4329
4332
4342
4347
4352
4359
4361
4383
4384
4403
4407
4413
4418
4427
4432
4432
4435
4439
4439
4440
4443
4455
4476
4479
4488
4492
4500
4500
4504
4505
4506
4508
4518
4520
4521
4528
4530
4530
4533
4537
4540
4548
4561
4564
4566
4568
4573
4576
4578
4584
4586
4595
4599
4600
4633
4641
4646
4648
4660
4669
4671
4674
4682
4694
4699
4699
4702
4704
4708
4708
4708
4709
4710
4710
4715
4716
4721
4725
4733
4736
4742
4752
4775
4779
4783
4784
4785
4787
4791
4799
4803
4803
4809
4818
4824
4828
4828
4836
4839
4849
4850
4851
4861
4863
4883
4886
4886
4899
4906
4913
4922
4923
4925
4931
4933
4934
4945
4945
4949
4952
4974
4975
4986
4995
5002
5013
5014
5023
5024
5030
5031
5043
5049
5051
5056
5074
5089
5091
5100
5117
5122
5124
5131
5145
5146
5151
5151
5162
5163
5164
5184
5184
5186
5193
5193
5201
5203
5211
5219
5224
5236
5253
5254
5258
5259
5300
5301
5316
5332
5338
5339
5365
5367
5371
5375
5376
5378
5382
5384
5388
5392
5412
5413
5416
5419
5442
5442
5449
5454
5458
5460
5464
5464
5468
5479
5479
5480
5500
5507
5516
5517
5527
5539
5540
5544
5557
5568
5570
5572
5575
5575
5576
5594
5602
5615
5617
5619
5634
5637
5646
5649
5654
5655
5681
5693
5697
5711
5715
5716
5726
5728
5741
5741
5755
5758
5761
5762
5765
5769
5770
5775
5776
5800
5805
5808
5812
5827
5832
5834
5836
5841
5843
5846
5851
5870
5871
5886
5890
5894
5910
5916
5923
5925
5927
5928
5932
5949
5949
5957
5958
5963
5966
5969
5973
5975
5995
5996
5997
5997
5998
6007
6017
6036
6048
6050
6051
6052
6062
6063
6071
6086
6087
6090
6094
6097
6099
6102
6104
6106
6108
6112
6120
6132
6136
6146
6146
6148
6152
6153
6158
6165
6168
6169
6191
6197
6203
6213
6219
6225
6234
6248
6252
6258
6259
6262
6272
6276
6277
6282
6299
6302
6305
6312
6319
6328
6340
6346
6352
6352
6353
6360
6361
6363
6368
6372
6373
6394
6410
6411
6422
6440
6441
6450
6461
6461
6462
6465
6466
6471
6476
6477
6479
6485
6498
6500
6513
6515
6516
6522
6522
6523
6524
6527
6527
6528
6532
6533
6539
6553
6558
6560
6561
6564
6567
6574
6575
6578
6588
6593
6593
6595
6597
6598
6613
6613
6613
6621
6622
6655
6658
6667
6669
6676
6693
6709
6711
6717
6730
6734
6751
6756
6760
6761
6765
6774
6781
6782
6792
6852
6854
6854
6862
6862
6866
6879
6883
6893
6903
6905
6905
6913
6914
6916
6916
6924
6924
6943
6948
6955
6958
6961
6963
6966
6967
6977
6984
6996
6997
6998
7008
7016
7039
7045
7046
7058
7074
7085
7092
7099
7101
7106
7107
7109
7131
7135
7144
7148
7160
7161
7164
7164
7168
7170
7177
7178
7185
7191
7203
7203
7206
7207
7209
7210
7212
7215
7221
7223
7224
7227
7236
7238
7238
7247
7257
7283
7290
7295
7298
7300
7313
7327
7330
7339
7348
7357
7358
7362
7367
7369
7371
7376
7377
7379
7381
7388
7388
7392
7395
7397
7404
7408
7409
7413
7424
7425
7425
7428
7437
7438
7441
7444
7450
7459
7461
7462
7469
7475
7486
7502
7507
7507
7507
7508
7510
7517
7524
7524
7528
7531
7534
7541
7557
7559
7563
7566
7574
7574
7582
7582
7596
7597
7598
7602
7617
7666
7678
7687
7688
7694
7695
7707
7713
7716
7718
7722
7725
7732
7747
7751
7756
7757
7782
7784
7796
7809
7818
7822
7823
7834
7836
7840
7840
7845
7848
7862
7877
7878
7882
7883
7888
7889
7906
7908
7908
7924
7928
7934
7940
7940
7945
7947
7950
7959
7971
7972
7974
7983
7984
7985
8002
8003
8010
8011
8017
8022
8027
8034
8037
8044
8050
8052
8072
8079
8081
8082
8089
8092
8102
8105
8106
8109
8111
8115
8126
8131
8151
8155
8158
8161
8162
8167
8167
8168
8169
8186
8187
8187
8187
8190
8192
8196
8200
8204
8205
8207
8216
8227
8232
8233
8258
8264
8265
8266
8266
8271
8277
8279
8280
8298
8304
8307
8308
8310
8313
8314
8314
8323
8324
8327
8328
8328
8338
8352
8356
8366
8371
8374
8377
8386
8387
8389
8401
8401
8405
8410
8411
8416
8425
8426
8449
8449
8464
8465
8482
8483
8494
8499
8503
8505
8517
8522
8529
8530
8537
8539
8546
8549
8556
8560
8566
8581
8582
8599
8610
8617
8630
8632
8632
8637
8656
8657
8661
8686
8688
8690
8698
8723
8726
8726
8729
8731
8731
8733
8736
8738
8740
8747
8761
8764
8766
8785
8790
8793
8796
8798
8800
8801
8809
8812
8813
8821
8827
8827
8842
8846
8851
8856
8860
8871
8872
8881
8891
8895
8896
8897
8899
8901
8908
8918
8920
8921
8929
8930
8931
8939
8939
8939
8943
8957
8966
8966
8968
8974
8979
8988
8989
8997
9013
9021
9025
9027
9031
9058
9059
9063
9063
9064
9076
9076
9077
9078
9086
9092
9092
9094
9106
9107
9108
9112
9112
9113
9114
9116
9129
9141
9144
9157
9160
9166
9170
9175
9176
9191
9191
9198
9198
9204
9206
9208
9209
9217
9232
9249
9250
9255
9265
9270
9279
9279
9288
9296
9296
9308
9319
9340
9341
9343
9346
9348
9349
9351
9352
9356
9369
9370
9373
9377
9377
9379
9384
9391
9391
9392
9394
9397
9410
9418
9434
9439
9439
9446
9447
9451
9458
9464
9481
9492
9507
9511
9511
9512
9512
9519
9525
9526
9527
9529
9540
9546
9564
9567
9570
9577
9586
9596
9610
9612
9633
9635
9643
9649
9652
9655
9662
9663
9665
9666
9675
9689
9689
9698
9699
9699
9706
9706
9710
9712
9718
9729
9736
9739
9741
9746
9748
9758
9768
9773
9774
9778
9780
9780
9790
9795
9797
9798
9801
9802
9804
9809
9810
9816
9817
9817
9819
9828
9829
9830
9837
9859
9873
9874
9886
9894
9898
9911
9914
9919
9929
9932
9932
9937
9941
9943
9946
9947
9969
9970
9975
9980
9983
9985
9986
9991
9993
10004
10008
10009
10011
10032
10038
10041
10041
10042
10042
10046
10056
10072
10081
10084
10085
10088
10089
10092
10097
10101
10113
10118
10135
10136
10141
10142
10148
10151
10153
10155
10182
10188
10190
10191
10192
10194
10194
10195
10202
10207
10209
10213
10233
10247
10254
10255
10258
10258
10261
10262
10263
10263
10277
10280
10280
10287
10290
10292
10292
10294
10305
10312
10319
10320
10321
10337
10341
10344
10348
10356
10364
10369
10375
10375
10389
10394
10405
10413
10422
10422
10423
10438
10442
10457
10467
10470
10471
10472
10484
10485
10491
10493
10503
10507
10509
10512
10513
10517
10518
10519
10524
10532
10535
10536
10536
10540
10545
10553
10559
10562
10571
10586
10589
10592
10606
10607
10609
10613
10614
10616
10619
10625
10628
10629
10633
10651
10652
10659
10662
10668
10672
10672
10685
10690
10691
10698
10701
10716
10719
10720
10725
10731
10735
10747
10753
10754
10758
10761
10762
10767
10772
10777
10778
10787
10797
10799
10803
10806
10809
10817
10818
10836
10837
10840
10850
10854
10865
10870
10874
10895
10898
10902
10907
10918
10920
10924
10925
10943
10949
10950
10973
10974
10975
10979
10989
10994
11013
11014
11028
11036
11038
11051
11054
11055
11061
11064
11074
11075
11082
11088
11096
11111
11118
11129
11141
11146
11158
11159
11166
11181
11186
11186
11190
11206
11221
11233
11238
11239
11242
11251
11252
11253
11257
11265
11280
11281
11283
11287
11288
11288
11290
11291
11293
11295
11296
11296
11298
11301
11305
11306
11308
11309
11311
11315
11317
11329
11331
11338
11347
11361
11365
11370
11372
11377
11397
11403
11409
11410
11424
11432
11435
11435
11445
11448
11449
11450
11452
11453
11456
11459
11459
11463
11473
11473
11478
11485
11492
11499
11504
11515
11519
11520
11521
11522
11526
11533
11534
11539
11540
11545
11545
11547
11566
11569
11572
11588
11617
11620
11621
11627
11630
11633
11638
11642
11650
11652
11658
11659
11670
11671
11677
11687
11687
11689
11693
11695
11699
11699
11708
11709
11714
11736
11750
11756
11758
11766
11769
11774
11792
11795
11804
11815
11828
11833
11850
11851
11860
11873
11889
11889
11896
11903
11911
11912
11914
11935
11937
11939
11942
11944
11945
11946
11952
11953
11955
11956
11960
11961
11973
11998
12002
12005
12021
12025
12040
12041
12044
12047
12048
12048
12062
12064
12072
12081
12097
12097
12111
12125
12127
12131
12132
12146
12147
12147
12154
12159
12160
12169
12185
12186
12187
12194
12205
12208
12211
12215
12247
12249
12253
12255
12256
12256
12262
12265
12273
12286
12288
12291
12291
12296
12305
12326
12327
12332
12335
12335
12349
12368
12377
12379
12383
12384
12387
12390
12392
12399
12407
12409
12410
12418
12420
12423
12449
12450
12453
12463
12481
12483
12484
12492
12497
12497
12502
12514
12515
12523
12525
12539
12541
12543
12551
12561
12565
12565
12580
12581
12586
12603
12611
12621
12623
12623
12635
12641
12642
12643
12644
12647
12651
12658
12658
12672
12687
12695
12696
12700
12712
12714
12725
12737
12743
12746
12755
12762
12763
12766
12770
12775
12784
12785
12789
12808
12818
12824
12830
12835
12848
12849
12853
12858
12867
12869
12879
12889
12899
12909
12913
12936
12936
12962
12967
12974
12982
12984
12994
12996
12996
13006
13011
13019
13021
13028
13034
13035
13056
13065
13073
13077
13078
13079
13081
13083
13088
13092
13102
13113
13117
13123
13130
13140
13147
13163
13170
13174
13181
13185
13187
13190
13194
13194
13196
13197
13198
13200
13202
13212
13218
13227
13245
13248
13253
13264
13279
13285
13288
13290
13290
13293
13305
13305
13306
13312
13313
13313
13316
13348
13357
13367
13370
13370
13374
13378
13379
13398
13407
13417
13424
13425
13435
13436
13438
13442
13444
13446
13448
13448
13454
13454
13458
13463
13472
13482
13492
13499
13505
13526
13537
13547
13552
13567
13568
13568
13570
13571
13572
13575
13578
13580
13581
13585
13587
13592
13592
13595
13598
13614
13619
13619
13624
13641
13646
13650
13652
13653
13654
13660
13661
13665
13676
13679
13679
13682
13688
13690
13694
13697
13699
13702
13704
13717
13721
13730
13735
13742
13746
13748
13749
13752
13765
13771
13777
13778
13784
13787
13792
13795
13798
13814
13815
13818
13826
13829
13830
13837
13841
13842
13851
13855
13855
13860
13863
13866
13870
13871
13878
13893
13899
13912
13921
13924
13927
13929
13936
13946
13952
13962
13967
13969
13974
13975
13978
13978
13982
13994
14005
14008
14012
14014
14020
14042
14043
14044
14054
14054
14067
14068
14072
14077
14084
14088
14092
14093
14095
14097
14116
14116
14118
14120
14122
14123
14124
14135
14136
14138
14141
14144
14150
14151
14152
14153
14159
14167
14167
14181
14187
14188
14198
14198
14203
14208
14210
14230
14231
14239
14254
14254
14262
14264
14264
14270
14272
14283
14287
14288
14289
14291
14292
14298
14330
14330
14333
14334
14338
14347
14351
14358
14361
14365
14366
14370
14372
14373
14377
14378
14381
14382
14382
14384
14401
14411
14426
14426
14427
14430
14433
14434
14438
14442
14443
14449
14450
14451
14454
14454
14457
14469
14475
14480
14488
14488
14495
14497
14498
14499
14508
14513
14519
14521
14524
14532
14533
14536
14539
14551
14551
14552
14556
14556
14557
14557
14558
14559
14580
14582
14590
14593
14595
14601
14602
14606
14607
14621
14638
14639
14642
14647
14650
14656
14661
14663
14672
14677
14682
14682
14687
14688
14689
14694
14695
14724
14725
14737
14741
14745
14756
14765
14770
14771
14771
14774
14780
14783
14792
14792
14796
14798
14802
14803
14804
14805
14811
14814
14817
14820
14832
14832
14836
14841
14843
14845
14848
14849
14854
14854
14863
14865
14869
14874
14879
14893
14894
14898
14909
14912
14913
14918
14921
14950
14960
14968
14983
14988
14991
14999
15000
15010
15012
15017
15039
15044
15046
15055
15063
15074
15078
15082
15089
15090
15094
15108
15113
15115
15124
15125
15134
15134
15139
15140
15156
15157
15165
15191
15191
15203
15230
15241
15248
15253
15257
15276
15280
15286
15293
15302
15302
15302
15308
15315
15316
15321
15322
15323
15329
15331
15333
15337
15339
15342
15347
15349
15351
15358
15362
15365
15389
15393
15395
15409
15415
15416
15421
15423
15443
15444
15446
15453
15458
15458
15460
15465
15485
15492
15493
15499
15502
15504
15506
15515
15521
15526
15528
15531
15547
15554
15567
15569
15580
15595
15596
15596
15604
15615
15619
15620
15624
15628
15631
15641
15643
15645
15646
15647
15656
15659
15661
15665
15666
15667
15670
15686
15690
15692
15706
15707
15714
15722
15736
15744
15752
15759
15762
15782
15795
15800
15814
15814
15832
15837
15838
15849
15852
15858
15863
15868
15874
15874
15876
15882
15896
15902
15904
15921
15938
15939
15943
15960
15961
15972
15976
15977
15984
15988
15989
15994
15998
16001
16003
16003
16004
16009
16010
16020
16022
16024
16025
16031
16031
16044
16056
16057
16058
16059
16062
16080
16084
16085
16087
16091
16098
16100
16100
16106
16109
16114
16117
16123
16142
16146
16158
16171
16184
16185
16186
16186
16193
16201
16201
16204
16211
16225
16230
16230
16232
16234
16238
16241
16246
16248
16260
16263
16274
16278
16281
16282
16286
16297
16298
16301
16301
16302
16306
16307
16312
16314
16318
16326
16329
16335
16337
16346
16358
16361
16364
16374
16379
16383
16387
16394
16397
16400
16402
16404
16422
16423
16427
16447
16475
16478
16479
16482
16488
16490
16492
16509
16510
16512
16516
16526
16529
16535
16545
16556
16557
16568
16570
16580
16586
16599
16601
16603
16605
16617
16621
16626
16645
16661
16662
16675
16682
16688
16688
16706
16713
16726
16728
16731
16740
16743
16755
16758
16774
16778
16782
16783
16783
16785
16801
16813
16817
16820
16822
16822
16833
16837
16844
16854
16860
16861
16865
16871
16874
16877
16879
16887
16898
16910
16912
16912
16914
16923
16929
16937
16940
16951
16952
16955
16969
16970
16970
16976
16984
16999
17005
17007
17008
17017
17032
17033
17047
17062
17063
17071
17073
17085
17085
17087
17094
17103
17112
17120
17120
17127
17139
17139
17143
17150
17154
17157
17163
17163
17165
17175
17191
17196
17197
17200
17204
17206
17227
17237
17240
17254
17273
17275
17281
17281
17284
17289
17295
17298
17298
17299
17306
17336
17341
17344
17351
17367
17368
17368
17374
17377
17379
17389
17390
17394
17397
17403
17406
17413
17413
17428
17436
17445
17446
17447
17448
17448
17449
17454
17464
17464
17471
17482
17489
17494
17527
17540
17542
17575
17583
17588
17591
17598
17601
17604
17605
17605
17607
17609
17616
17630
17641
17646
17648
17652
17654
17660
17660
17669
17669
17673
17687
17692
17693
17740
17741
17742
17765
17765
17772
17772
17777
17781
17793
17794
17797
17800
17818
17834
17838
17840
17841
17844
17847
17857
17862
17865
17886
17891
17900
17904
17912
17912
17922
17926
17933
17936
17950
17952
17957
17958
17971
17972
17993
17997
18005
18017
18020
18023
18024
18025
18027
18030
18042
18044
18046
18050
18054
18057
18062
18067
18067
18072
18074
18081
18090
18094
18103
18105
18115
18120
18126
18136
18143
18156
18171
18172
18176
18179
18190
18192
18199
18202
18230
18236
18238
18244
18248
18248
18249
18249
18253
18254
18255
18259
18260
18263
18265
18266
18278
18290
18296
18302
18302
18307
18308
18318
18321
18331
18342
18348
18350
18352
18355
18371
18374
18378
18383
18390
18395
18395
18397
18402
18405
18406
18407
18410
18411
18414
18414
18418
18422
18424
18427
18433
18435
18436
18437
18460
18466
18470
18474
18491
18491
18495
18500
18500
18508
18509
18510
18511
18512
18524
18527
18529
18532
18537
18538
18539
18542
18547
18548
18552
18554
18558
18558
18561
18564
18567
18568
18570
18572
18574
18575
18575
18578
18582
18583
18588
18589
18592
18594
18599
18603
18619
18628
18632
18635
18646
18662
18663
18670
18670
18678
18680
18680
18681
18685
18687
18690
18697
18699
18704
18711
18712
18712
18717
18722
18723
18733
18734
18736
18736
18749
18750
18757
18758
18767
18768
18772
18776
18784
18787
18790
18793
18796
18797
18797
18800
18803
18806
18821
18824
18833
18837
18846
18850
18872
18872
18872
18895
18898
18911
18917
18923
18930
18935
18939
18944
18946
18963
18973
18974
18978
18979
18986
18989
19000
19002
19004
19008
19016
19024
19044
19044
19050
19051
19065
19068
19086
19089
19095
19097
19101
19103
19103
19106
19111
19111
19114
19115
19121
19127
19129
19131
19131
19143
19143
19149
19149
19152
19162
19163
19163
19164
19181
19192
19194
19199
19202
19215
19215
19217
19219
19223
19230
19243
19246
19247
19248
19248
19253
19261
19270
19277
19281
19290
19295
19305
19309
19312
19315
19318
19335
19335
19336
19337
19340
19350
19350
19352
19361
19366
19368
19372
19373
19389
19393
19394
19398
19400
19403
19407
19408
19411
19423
19428
19429
19431
19437
19441
19441
19447
19451
19455
19457
19459
19460
19462
19463
19468
19472
19475
19481
19485
19486
19488
19494
19496
19499
19510
19511
19514
19516
19521
19522
19529
19530
19535
19536
19542
19542
19543
19547
19548
19559
19576
19576
19579
19583
19595
19602
19609
19618
19626
19630
19644
19650
19653
19657
19663
19664
19665
19682
19686
19696
19703
19710
19718
19721
19725
19734
19751
19754
19754
19755
19761
19770
19775
19800
19805
19807
19812
19813
19825
19826
19829
19830
19830
19833
19862
19862
19866
19874
19874
19890
19893
19895
19896
19910
19911
19913
19913
19915
19919
19926
19927
19930
19933
19939
19948
19949
19951
19955
19967
19969
19971
19971
19972
19977
19979
19993
19995
19997
20003
20012
20016
20021
20023
20029
20038
20047
20057
20060
20060
20078
20081
20101
20114
20128
20132
20139
20144
20151
20167
20170
20172
20176
20187
20198
20207
20215
20215
20218
20242
20247
20249
20255
20263
20272
20279
20280
20306
20309
20314
20332
20335
20341
20347
20353
20364
20367
20375
20377
20385
20391
20400
20404
20411
20414
20414
20417
20421
20430
20435
20441
20449
20455
20459
20472
20472
20479
20480
20497
20500
20501
20501
20507
20509
20509
20528
20540
20546
20551
20553
20584
20587
20594
20616
20621
20622
20625
20639
20649
20664
20664
20668
20674
20678
20679
20681
20681
20687
20689
20696
20713
20739
20753
20759
20768
20773
20777
20778
20782
20787
20795
20802
20807
20807
20810
20815
20821
20822
20823
20825
20834
20836
20838
20844
20869
20875
20902
20904
20921
20922
20936
20939
20943
20943
20951
20961
20966
20969
20973
20976
20987
20989
20995
20998
21004
21007
21017
21020
21021
21021
21037
21039
21048
21055
21056
21067
21075
21075
21089
21089
21090
21114
21126
21165
21172
21175
21188
21192
21207
21210
21223
21230
21232
21238
21240
21241
21243
21244
21257
21263
21264
21268
21269
21273
21275
21278
21280
21284
21287
21331
21332
21338
21344
21348
21352
21353
21357
21360
21371
21372
21373
21389
21405
21414
21427
21430
21433
21433
21449
21452
21454
21456
21464
21477
21479
21483
21488
21501
21516
21517
21526
21529
21529
21539
21540
21540
21551
21560
21560
21561
21563
21564
21569
21573
21573
21583
21586
21598
21600
21612
21616
21616
21619
21625
21628
21664
21666
21666
21667
21677
21680
21684
21692
21692
21695
21700
21702
21706
21707
21711
21713
21717
21731
21740
21741
21743
21750
21751
21758
21760
21764
21771
21772
21776
21787
21793
21794
21795
21804
21806
21810
21811
21813
21815
21819
21825
21830
21838
21840
21846
21847
21864
21864
21869
21872
21873
21880
21884
21894
21897
21912
21914
21917
21917
21924
21925
21926
21927
21951
21953
21965
21968
21978
21982
21983
21989
21989
21992
21999
22000
22001
22015
22016
22018
22020
22021
22022
22028
22031
22038
22049
22061
22062
22077
22078
22084
22087
22088
22095
22097
22097
22102
22102
22106
22106
22117
22123
22128
22133
22138
22142
22151
22152
22154
22160
22162
22169
22170
22179
22179
22182
22183
22195
22205
22205
22206
22226
22228
22234
22237
22257
22260
22262
22271
22276
22278
22292
22297
22299
22304
22304
22307
22307
22318
22321
22321
22326
22326
22330
22331
22337
22339
22350
22353
22361
22363
22370
22378
22379
22397
22400
22406
22407
22416
22418
22431
22449
22456
22458
22459
22476
22481
22483
22496
22503
22505
22507
22517
22555
22560
22562
22570
22570
22577
22578
22579
22588
22602
22603
22604
22614
22614
22616
22622
22622
22624
22626
22629
22629
22638
22643
22644
22645
22659
22659
22661
22674
22676
22676
22679
22680
22682
22687
22701
22703
22708
22717
22728
22738
22741
22743
22750
22755
22756
22757
22764
22765
22765
22770
22772
22775
22782
22790
22801
22804
22805
22805
22809
22810
22820
22820
22827
22837
22844
22847
22847
22853
22882
22887
22887
22893
22896
22902
22906
22929
22931
22932
22933
22934
22934
22937
22939
22944
22946
22951
22956
22966
22982
22988
22990
22996
22997
23005
23005
23012
23022
23023
23024
23025
23034
23035
23035
23041
23044
23049
23056
23063
23066
23076
23085
23086
23097
23098
23101
23105
23106
23106
23113
23118
23119
23119
23129
23136
23136
23150
23153
23161
23162
23164
23170
23175
23186
23191
23193
23197
23205
23207
23207
23211
23214
23217
23218
23220
23229
23230
23230
23230
23231
23234
23236
23237
23245
23253
23262
23265
23268
23269
23269
23273
23275
23276
23284
23286
23291
23296
23311
23314
23317
23322
23333
23334
23348
23349
23363
23370
23371
23378
23381
23386
23387
23391
23393
23404
23410
23420
23431
23431
23432
23436
23442
23443
23449
23453
23454
23457
23472
23475
23481
23486
23489
23499
23506
23517
23521
23521
23523
23523
23530
23537
23543
23547
23550
23554
23559
23560
23568
23570
23571
23574
23578
23579
23581
23581
23583
23584
23586
23587
23602
23628
23640
23641
23643
23647
23657
23657
23658
23659
23670
23670
23677
23682
23693
23695
23704
23709
23711
23713
23716
23721
23722
23724
23735
23736
23744
23750
23761
23762
23764
23766
23771
23773
23773
23776
23781
23784
23787
23789
23798
23815
23816
23817
23817
23826
23842
23844
23848
23849
23851
23851
23854
23855
23877
23880
23881
23883
23891
23892
23898
23899
23906
23906
23921
23923
23925
23931
23931
23932
23939
23944
23958
23966
23971
23985
24005
24010
24014
24017
24017
24026
24036
24041
24041
24060
24064
24067
24070
24078
24078
24078
24079
24085
24090
24096
24100
24102
24106
24112
24113
24119
24119
24124
24124
24127
24131
24132
24132
24142
24147
24153
24153
24164
24183
24185
24191
24196
24214
24214
24220
24223
24236
24264
24278
24282
24287
24290
24290
24310
24310
24314
24316
24325
24337
24337
24344
24347
24349
24350
24353
24356
24356
24357
24362
24362
24369
24391
24393
24404
24408
24419
24423
24428
24431
24446
24456
24456
24467
24482
24486
24490
24496
24500
24501
24508
24509
24517
24528
24528
24530
24534
24534
24542
24547
24551
24551
24580
24584
24604
24608
24614
24617
24619
24631
24633
24638
24646
24651
24652
24656
24662
24671
24673
24676
24678
24695
24707
24710
24717
24736
24737
24739
24740
24741
24746
24751
24776
24778
24784
24790
24806
24819
24826
24847
24847
24869
24885
24890
24903
24905
24906
24918
24933
24938
24939
24941
24942
24947
24948
24949
24957
24959
24963
24966
24966
24980
24983
24986
24988
25005
25031
25032
25045
25047
25062
25062
25068
25091
25105
25106
25116
25117
25118
25127
25131
25133
25135
25138
25139
25140
25141
25157
25158
25165
25166
25172
25176
25180
25193
25197
25200
25211
25213
25228
25229
25231
25232
25237
25242
25244
25265
25267
25272
25276
25286
25286
25287
25293
25294
25306
25307
25313
25314
25341
25364
25365
25369
25369
25379
25380
25382
25383
25383
25385
25390
25395
25399
25410
25414
25415
25424
25431
25442
25446
25451
25460
25461
25468
25473
25473
25476
25482
25484
25486
25487
25489
25493
25495
25498
25509
25514
25520
25535
25549
25554
25555
25558
25562
25565
25566
25567
25577
25578
25579
25581
25582
25590
25592
25600
25609
25617
25617
25619
25634
25651
25658
25661
25662
25671
25675
25676
25685
25686
25695
25699
25703
25709
25716
25716
25735
25743
25746
25746
25773
25782
25785
25785
25787
25793
25798
25814
25830
25842
25851
25852
25855
25857
25864
25864
25868
25873
25874
25921
25925
25931
25935
25940
25944
25944
25979
25980
25984
25997
26004
26005
26008
26012
26021
26026
26029
26031
26038
26051
26054
26066
26069
26081
26103
26112
26121
26123
26125
26127
26142
26157
26165
26165
26170
26176
26190
26210
26211
26212
26226
26228
26230
26232
26241
26242
26242
26250
26258
26276
26281
26284
26292
26293
26294
26294
26305
26308
26311
26313
26317
26318
26319
26322
26344
26346
26351
26353
26354
26357
26359
26364
26368
26382
26383
26401
26408
26412
26415
26416
26420
26429
26430
26435
26436
26439
26447
26449
26456
26457
26470
26475
26479
26488
26489
26493
26508
26509
26517
26518
26534
26540
26543
26557
26560
26581
26590
26591
26606
26613
26620
26624
26627
26633
26637
26643
26656
26657
26666
26668
26674
26677
26678
26682
26685
26712
26719
26727
26729
26731
26737
26741
26743
26744
26746
26749
26750
26756
26758
26760
26776
26792
26803
26807
26818
26823
26827
26833
26838
26845
26847
26855
26870
26873
26874
26874
26877
26880
26885
26888
26892
26901
26912
26913
26920
26938
26939
26941
26946
26949
26950
26964
26997
26997
27016
27031
27035
27039
27039
27049
27051
27058
27059
27059
27060
27064
27071
27073
27078
27079
27081
27084
27100
27105
27107
27133
27134
27134
27136
27138
27142
27147
27147
27150
27155
27158
27159
27159
27159
27175
27179
27185
27186
27195
27200
27206
27206
27206
27207
27210
27210
27214
27217
27224
27226
27227
27227
27232
27236
27237
27239
27248
27249
27255
27261
27280
27281
27289
27291
27295
27299
27302
27306
27306
27311
27311
27345
27355
27357
27360
27379
27382
27392
27397
27414
27415
27422
27433
27441
27452
27455
27460
27461
27463
27464
27468
27472
27482
27485
27491
27495
27510
27511
27514
27522
27522
27522
27532
27535
27545
27548
27549
27551
27553
27559
27561
27564
27565
27575
27588
27591
27603
27614
27617
27630
27633
27641
27641
27647
27650
27661
27662
27681
27681
27685
27695
27708
27709
27716
27723
27724
27729
27735
27741
27753
27753
27782
27783
27792
27802
27809
27810
27832
27835
27838
27842
27850
27855
27860
27877
27886
27896
27899
27906
27929
27944
27946
27946
27947
27947
27951
27956
27958
27959
27960
27967
27972
27983
27983
27986
27995
27997
28003
28003
28005
28008
28009
28010
28019
28019
28022
28027
28034
28046
28053
28057
28063
28074
28087
28092
28092
28094
28096
28104
28112
28112
28119
28121
28126
28128
28132
28143
28143
28147
28152
28167
28167
28177
28186
28191
28196
28197
28205
28211
28212
28213
28214
28215
28229
28229
28238
28243
28255
28267
28269
28275
28283
28294
28300
28304
28318
28326
28331
28335
28338
28339
28340
28341
28355
28359
28364
28365
28365
28367
28372
28382
28389
28389
28391
28392
28396
28397
28406
28409
28410
28417
28445
28445
28447
28452
28459
28469
28474
28475
28486
28495
28500
28507
28508
28512
28513
28513
28518
28533
28534
28536
28539
28540
28552
28556
28557
28562
28582
28583
28588
28598
28608
28609
28614
28619
28624
28636
28641
28644
28653
28658
28661
28663
28669
28674
28679
28679
28681
28695
28700
28708
28724
28726
28728
28746
28748
28752
28760
28761
28768
28776
28777
28791
28802
28810
28810
28812
28821
28835
28850
28851
28852
28854
28856
28863
28863
28869
28869
28869
28884
28888
28898
28909
28926
28927
28927
28934
28936
28955
28956
28958
28962
28976
28980
28981
28989
28995
29008
29011
29013
29014
29019
29038
29042
29049
29054
29067
29067
29084
29089
29091
29092
29096
29104
29117
29119
29124
29124
29129
29130
29133
29134
29142
29156
29185
29187
29188
29190
29190
29206
29247
29249
29251
29268
29268
29270
29273
29276
29277
29278
29279
29282
29284
29304
29311
29312
29319
29340
29352
29358
29360
29363
29367
29374
29374
29376
29385
29387
29389
29389
29391
29392
29392
29399
29401
29406
29412
29416
29419
29423
29427
29435
29447
29452
29461
29461
29493
29494
29497
29507
29509
29510
29514
29523
29552
29553
29558
29563
29568
29570
29573
29579
29580
29585
29592
29609
29611
29611
29619
29621
29627
29628
29634
29643
29654
29659
29661
29663
29666
29668
29684
29688
29696
29699
29706
29708
29710
29716
29716
29718
29721
29723
29737
29754
29754
29765
29768
29778
29781
29782
29789
29793
29794
29798
29799
29801
29803
29803
29807
29810
29811
29814
29814
29816
29828
29836
29836
29839
29853
29854
29861
29861
29868
29869
29877
29887
29900
29901
29907
29916
29928
29938
29948
29953
29967
29968
29971
29979
29985
29995
29996
29997
30001
30003
30009
30025
30033
30042
30043
30052
30053
30054
30058
30059
30060
30060
30066
30066
30068
30070
30075
30080
30091
30095
30095
30102
30118
30127
30136
30145
30158
30173
30176
30184
30185
30201
30203
30207
30220
30221
30237
30240
30251
30256
30259
30260
30261
30265
30279
30300
30315
30317
30319
30320
30320
30324
30325
30325
30327
30332
30334
30335
30345
30354
30375
30383
30391
30397
30404
30411
30411
30420
30421
30427
30437
30450
30453
30461
30466
30480
30492
30497
30505
30510
30516
30524
30543
30551
30554
30560
30565
30567
30567
30579
30585
30594
30601
30604
30607
30617
30627
30627
30631
30637
30638
30638
30660
30667
30671
30685
30686
30690
30691
30699
30700
30705
30709
30717
30724
30724
30725
30727
30736
30737
30747
30750
30751
30763
30768
30768
30771
30773
30786
30794
30799
30806
30813
30816
30817
30831
30832
30832
30836
30837
30853
30856
30860
30878
30886
30890
30893
30893
30902
30902
30910
30913
30920
30921
30927
30930
30933
30937
30945
30945
30963
30974
30982
30984
30986
30989
30992
30992
30998
31000
31000
31007
31010
31010
31012
31012
31013
31017
31021
31026
31031
31032
31032
31033
31034
31043
31046
31059
31060
31062
31062
31063
31063
31068
31085
31087
31090
31095
31102
31117
31119
31122
31125
31132
31138
31144
31147
31155
31173
31179
31182
31183
31196
31201
31206
31209
31210
31214
31218
31222
31227
31239
31251
31258
31265
31271
31280
31288
31295
31296
31312
31314
31328
31347
31362
31370
31372
31379
31385
31389
31396
31405
31414
31418
31422
31427
31428
31432
31434
31462
31466
31472
31486
31488
31494
31496
31497
31514
31526
31536
31546
31547
31566
31569
31573
31575
31581
31581
31585
31586
31586
31592
31592
31600
31602
31602
31603
31606
31611
31622
31623
31639
31642
31649
31651
31655
31658
31658
31668
31673
31676
31683
31684
31690
31693
31697
31701
31702
31704
31704
31709
31710
31711
31721
31721
31727
31736
31746
31755
31763
31765
31771
31779
31789
31799
31802
31803
31806
31810
31823
31830
31835
31840
31841
31855
31856
31862
31873
31876
31876
31896
31897
31905
31916
31919
31923
31927
31929
31936
31938
31945
31949
31959
31960
31960
31978
31979
31994
32003
32007
32017
32028
32030
32038
32044
32050
32056
32068
32069
32069
32072
32079
32086
32091
32096
32107
32111
32116
32119
32119
32127
32132
32137
32139
32146
32146
32151
32155
32161
32163
32172
32173
32176
32178
32178
32181
32182
32191
32199
32199
32217
32220
32223
32231
32232
32232
32233
32237
32250
32257
32266
32267
32279
32283
32287
32290
32296
32300
32301
32303
32303
32304
32309
32313
32313
32316
32318
32332
32349
32358
32358
32358
32359
32361
32364
32367
32371
32374
32395
32398
32415
32417
32417
32433
32440
32452
32455
32464
32485
32495
32503
32508
32511
32512
32524
32526
32529
32534
32537
32543
32548
32552
32559
32564
32566
32594
32597
32604
32607
32612
32631
32636
32643
32655
32657
32657
32670
32679
32682
32702
32716
32720
32737
32745
32751
32764
32773
32777
32780
32785
32792
32794
32797
32806
32809
32818
32822
32825
32826
32828
32843
32844
32852
32859
32863
32868
32868
32869
32869
32876
32898
32907
32913
32951
32956
32968
32973
32975
32975
32984
32996
32998
33023
33023
33027
33030
33033
33040
33050
33050
33057
33059
33069
33083
33105
33107
33108
33121
33122
33139
33140
33141
33151
33154
33157
33158
33165
33165
33174
33178
33194
33198
33200
33226
33227
33234
33239
33248
33258
33262
33276
33277
33280
33280
33281
33287
33293
33293
33294
33296
33309
33318
33321
33322
33328
33331
33336
33338
33339
33344
33354
33363
33366
33366
33387
33388
33400
33400
33417
33418
33419
33421
33425
33427
33429
33440
33441
33443
33449
33449
33450
33452
33452
33454
33468
33484
33485
33496
33504
33517
33520
33526
33538
33553
33554
33555
33555
33561
33563
33565
33572
33578
33582
33586
33589
33591
33591
33594
33596
33596
33597
33600
33601
33605
33611
33617
33617
33623
33625
33629
33637
33642
33648
33651
33651
33671
33677
33677
33686
33686
33689
33696
33701
33704
33709
33725
33753
33758
33770
33772
33779
33805
33809
33811
33818
33818
33823
33834
33844
33845
33847
33849
33858
33874
33881
33893
33893
33902
33903
33904
33909
33920
33925
33925
33928
33930
33937
33947
33949
33963
33967
33971
33972
33975
33978
33979
33983
33985
33988
33990
33993
34003
34011
34012
34016
34019
34023
34024
34026
34029
34034
34037
34045
34052
34067
34067
34074
34077
34077
34082
34085
34089
34091
34102
34112
34114
34122
34122
34129
34146
34154
34157
34158
34173
34175
34186
34205
34212
34213
34219
34240
34246
34250
34252
34258
34260
34261
34270
34271
34273
34278
34279
34282
34294
34298
34299
34305
34311
34318
34324
34326
34329
34331
34335
34337
34344
34352
34352
34359
34371
34376
34379
34383
34384
34384
34386
34391
34400
34402
34406
34415
34425
34426
34428
34441
34445
34446
34446
34458
34460
34468
34472
34476
34478
34478
34483
34483
34485
34491
34497
34498
34500
34512
34522
34523
34536
34542
34551
34558
34562
34565
34565
34573
34576
34577
34577
34593
34625
34627
34632
34651
34651
34655
34656
34657
34659
34661
34671
34677
34694
34698
34704
34710
34714
34722
34728
34733
34759
34764
34774
34779
34780
34803
34810
34821
34821
34822
34830
34835
34840
34845
34875
34885
34886
34886
34890
34900
34903
34923
34942
34943
34945
34950
34952
34985
34986
34994
34995
34995
35009
35016
35017
35019
35039
35051
35054
35057
35060
35067
35070
35080
35082
35082
35089
35091
35096
35099
35099
35109
35110
35118
35123
35124
35144
35157
35162
35168
35169
35171
35172
35172
35176
35199
35205
35210
35214
35217
35220
35233
35235
35244
35253
35256
35264
35267
35275
35277
35283
35288
35294
35304
35312
35314
35342
35345
35351
35363
35365
35370
35384
35386
35392
35394
35395
35418
35419
35439
35439
35439
35440
35443
35444
35445
35455
35464
35469
35470
35475
35475
35478
35479
35480
35490
35495
35503
35508
35512
35529
35530
35538
35538
35545
35549
35551
35554
35558
35564
35565
35565
35585
35594
35600
35606
35607
35624
35625
35627
35640
35647
35650
35656
35658
35666
35667
35672
35673
35680
35682
35694
35694
35698
35710
35713
35719
35727
35734
35735
35735
35738
35746
35748
35751
35751
35753
35762
35762
35765
35771
35772
35775
35778
35782
35791
35795
35796
35799
35801
35808
35810
35815
35820
35821
35822
35831
35835
35850
35861
35862
35863
35864
35871
35871
35878
35887
35890
35891
35900
35906
35918
35922
35929
35944
35945
35945
35951
35952
35957
35967
35968
35977
35978
35978
36003
36003
36006
36022
36023
36031
36033
36039
36051
36053
36055
36063
36064
36068
36071
36077
36078
36083
36085
36109
36113
36114
36116
36117
36118
36128
36128
36128
36133
36146
36152
36158
36165
36168
36169
36173
36174
36174
36181
36181
36183
36183
36194
36197
36197
36205
36213
36215
36216
36217
36227
36232
36235
36236
36240
36246
36248
36251
36254
36254
36254
36258
36265
36273
36285
36294
36295
36296
36298
36304
36324
36327
36338
36338
36341
36346
36385
36386
36388
36393
36395
36396
36396
36409
36415
36419
36420
36429
36433
36443
36454
36456
36459
36461
36462
36480
36481
36491
36494
36496
36502
36502
36507
36518
36524
36533
36534
36539
36544
36548
36555
36561
36563
36564
36571
36580
36596
36599
36612
36625
36625
36631
36639
36642
36648
36651
36653
36653
36654
36655
36655
36660
36668
36677
36677
36678
36680
36684
36692
36692
36694
36701
36703
36709
36714
36716
36726
36728
36739
36741
36750
36751
36755
36760
36763
36763
36766
36777
36777
36783
36796
36800
36807
36810
36816
36817
36821
36828
36835
36840
36842
36850
36859
36865
36870
36874
36875
36876
36878
36884
36903
36904
36905
36913
36915
36925
36925
36926
36934
36945
36949
36951
36955
36961
36973
36974
36986
36988
36994
36999
37000
37000
37003
37009
37024
37025
37028
37030
37031
37033
37042
37044
37050
37050
37051
37054
37074
37085
37086
37087
37089
37092
37096
37099
37103
37106
37107
37110
37111
37112
37118
37126
37131
37138
37139
37156
37157
37157
37162
37169
37176
37199
37200
37205
37206
37206
37217
37223
37239
37241
37244
37265
37268
37283
37290
37293
37299
37304
37307
37313
37319
37324
37326
37336
37337
37352
37365
37371
37380
37381
37388
37388
37403
37417
37417
37421
37425
37431
37435
37436
37443
37444
37445
37447
37456
37459
37462
37467
37469
37472
37475
37481
37484
37504
37505
37514
37516
37517
37519
37522
37524
37524
37532
37534
37544
37551
37558
37566
37581
37583
37585
37590
37607
37611
37616
37618
37625
37642
37653
37662
37691
37692
37698
37700
37704
37705
37711
37711
37713
37719
37722
37735
37745
37751
37755
37756
37756
37767
37772
37781
37782
37785
37789
37794
37800
37800
37802
37805
37822
37831
37837
37865
37868
37876
37880
37882
37886
37889
37892
37892
37904
37908
37923
37942
37946
37947
37955
37962
37967
37970
37972
37976
37976
37977
37980
37994
37994
38002
38014
38026
38028
38052
38053
38070
38071
38072
38074
38080
38085
38088
38095
38098
38106
38108
38111
38112
38116
38117
38120
38125
38130
38131
38132
38143
38143
38181
38183
38187
38198
38199
38214
38215
38218
38223
38224
38231
38238
38253
38254
38264
38270
38272
38276
38291
38295
38295
38296
38306
38310
38312
38318
38324
38332
38335
38340
38342
38344
38356
38374
38381
38387
38388
38392
38395
38397
38401
38403
38418
38426
38433
38434
38450
38464
38471
38479
38486
38490
38512
38514
38515
38523
38524
38529
38531
38538
38540
38543
38543
38543
38546
38551
38569
38587
38590
38596
38596
38599
38621
38643
38644
38644
38647
38648
38652
38653
38664
38671
38678
38685
38692
38703
38704
38719
38720
38726
38729
38733
38757
38776
38780
38782
38793
38799
38801
38805
38811
38813
38816
38817
38829
38830
38838
38855
38862
38866
38867
38868
38872
38873
38874
38877
38880
38887
38888
38890
38892
38894
38954
38967
38991
38997
39001
39002
39005
39021
39021
39026
39031
39032
39034
39040
39041
39041
39056
39058
39067
39068
39076
39092
39109
39113
39115
39125
39127
39131
39141
39157
39157
39178
39184
39184
39186
39191
39194
39195
39207
39212
39222
39222
39225
39225
39232
39237
39242
39245
39248
39251
39252
39254
39256
39257
39262
39267
39272
39274
39277
39278
39282
39284
39288
39289
39302
39303
39305
39327
39332
39333
39339
39359
39360
39365
39366
39370
39376
39380
39384
39400
39401
39403
39404
39411
39415
39422
39437
39443
39450
39450
39451
39459
39473
39479
39481
39490
39498
39500
39512
39517
39523
39532
39541
39545
39545
39545
39568
39568
39577
39578
39589
39599
39604
39607
39618
39620
39620
39625
39628
39634
39639
39640
39642
39644
39646
39652
39652
39653
39658
39661
39663
39668
39669
39671
39676
39678
39689
39692
39693
39694
39694
39695
39695
39702
39713
39719
39719
39720
39729
39733
39750
39763
39771
39773
39778
39778
39783
39787
39787
39788
39789
39793
39803
39803
39806
39810
39813
39813
39822
39826
39828
39839
39840
39846
39847
39853
39853
39857
39857
39861
39866
39868
39875
39876
39886
39890
39896
39897
39904
39911
39912
39931
39935
39948
39950
39953
39953
39955
39965
39972
39978
39980
39982
39989
39990
39992
40013
40016
40018
40019
40021
40021
40023
40024
40027
40029
40035
40040
40046
40046
40049
40054
40058
40061
40061
40064
40066
40073
40077
40082
40085
40087
40094
40095
40113
40115
40117
40119
40126
40127
40131
40135
40139
40141
40142
40145
40153
40168
40172
40174
40176
40190
40201
40203
40215
40216
40219
40225
40247
40248
40250
40250
40254
40261
40265
40270
40274
40292
40297
40317
40330
40335
40337
40339
40341
40341
40347
40359
40360
40382
40398
40405
40410
40418
40420
40431
40431
40438
40440
40452
40455
40459
40462
40462
40467
40467
40471
40472
40485
40485
40487
40488
40496
40503
40508
40537
40545
40547
40548
40554
40556
40560
40566
40577
40578
40580
40581
40582
40594
40594
40595
40606
40608
40609
40619
40624
40630
40633
40641
40648
40659
40672
40682
40684
40688
40692
40692
40693
40704
40705
40706
40706
40707
40713
40714
40718
40729
40731
40735
40748
40750
40752
40762
40767
40770
40777
40779
40798
40801
40825
40827
40830
40836
40836
40837
40848
40868
40872
40873
40874
40877
40884
40892
40895
40902
40909
40915
40924
40929
40933
40934
40937
40944
40947
40955
40956
40957
40959
40961
40970
40973
40973
40974
40975
40976
40982
40984
40986
40991
41001
41007
41007
41008
41041
41053
41057
41062
41064
41073
41088
41089
41090
41092
41106
41110
41111
41113
41126
41128
41132
41135
41145
41147
41162
41164
41167
41170
41172
41180
41184
41198
41208
41222
41224
41246
41256
41261
41271
41277
41301
41302
41312
41321
41324
41324
41331
41332
41335
41336
41342
41349
41353
41354
41358
41360
41383
41385
41391
41394
41394
41405
41410
41419
41424
41424
41432
41434
41437
41438
41441
41445
41450
41466
41467
41469
41471
41479
41481
41493
41495
41502
41510
41511
41514
41517
41517
41519
41525
41526
41536
41540
41540
41556
41557
41557
41566
41566
41568
41584
41591
41594
41595
41598
41600
41603
41609
41616
41621
41642
41646
41664
41665
41672
41676
41679
41683
41694
41699
41707
41707
41708
41713
41719
41719
41722
41725
41737
41737
41740
41755
41756
41758
41767
41769
41775
41777
41792
41801
41806
41809
41818
41819
41823
41829
41833
41834
41849
41850
41852
41856
41856
41860
41862
41870
41875
41885
41889
41899
41901
41904
41912
41926
41932
41937
41953
41955
41961
41971
41972
41975
41983
41995
41998
42001
42004
42010
42011
42016
42019
42032
42036
42040
42040
42041
42042
42050
42059
42059
42068
42072
42076
42087
42089
42094
42095
42095
42095
42126
42135
42141
42144
42147
42149
42153
42158
42160
42163
42190
42193
42193
42195
42196
42200
42200
42202
42221
42225
42238
42238
42239
42246
42252
42264
42272
42279
42280
42280
42282
42293
42294
42303
42306
42307
42308
42308
42310
42316
42330
42330
42350
42352
42366
42379
42390
42393
42395
42402
42403
42404
42405
42410
42417
42418
42424
42433
42433
42439
42440
42441
42455
42467
42468
42474
42475
42478
42479
42482
42483
42486
42492
42502
42503
42519
42530
42543
42548
42559
42559
42563
42565
42566
42566
42568
42588
42598
42603
42610
42611
42616
42624
42625
42626
42630
42632
42633
42633
42647
42654
42664
42680
42701
42701
42704
42707
42714
42720
42724
42729
42729
42730
42732
42745
42748
42750
42750
42755
42761
42766
42766
42771
42782
42783
42783
42783
42784
42793
42793
42802
42807
42810
42811
42813
42818
42828
42831
42837
42839
42844
42849
42855
42858
42867
42876
42881
42887
42889
42899
42910
42910
42914
42914
42916
42920
42925
42927
42930
42932
42936
42937
42942
42943
42945
42954
42956
42956
42967
42979
42979
42989
42995
43001
43004
43005
43006
43014
43014
43015
43018
43018
43021
43023
43036
43040
43055
43057
43059
43060
43063
43074
43076
43083
43092
43095
43098
43110
43120
43129
43131
43132
43133
43136
43137
43137
43148
43150
43154
43168
43171
43173
43183
43188
43202
43205
43211
43216
43223
43223
43226
43232
43236
43236
43241
43249
43261
43268
43268
43272
43273
43280
43280
43283
43283
43293
43312
43314
43315
43316
43323
43324
43331
43347
43348
43375
43387
43390
43397
43404
43414
43417
43422
43424
43439
43444
43448
43460
43485
43485
43515
43525
43533
43538
43540
43549
43551
43558
43565
43576
43579
43589
43595
43598
43598
43599
43601
43608
43616
43621
43622
43623
43625
43638
43638
43639
43641
43643
43661
43661
43674
43675
43681
43684
43685
43690
43694
43697
43698
43705
43712
43714
43715
43716
43727
43731
43734
43734
43737
43738
43743
43748
43750
43762
43766
43767
43769
43771
43778
43782
43786
43786
43787
43794
43812
43816
43820
43826
43840
43845
43845
43845
43853
43866
43869
43869
43878
43881
43885
43888
43890
43893
43893
43894
43898
43904
43904
43939
43942
43947
43949
43957
43957
43960
43982
43987
43988
44014
44015
44021
44024
44027
44031
44040
44049
44050
44054
44054
44057
44080
44082
44087
44088
44091
44093
44116
44119
44124
44125
44143
44144
44150
44165
44167
44171
44174
44176
44184
44200
44202
44205
44210
44210
44212
44212
44213
44214
44222
44223
44226
44228
44229
44229
44232
44239
44242
44249
44251
44255
44270
44272
44272
44279
44280
44281
44283
44289
44293
44294
44297
44311
44338
44340
44341
44345
44358
44367
44367
44370
44371
44374
44384
44384
44385
44400
44408
44416
44416
44420
44423
44437
44465
44468
44491
44497
44498
44502
44506
44507
44512
44531
44531
44537
44539
44546
44561
44585
44585
44607
44613
44614
44615
44627
44629
44639
44646
44660
44664
44666
44666
44669
44692
44696
44717
44719
44724
44726
44729
44731
44736
44746
44750
44754
44759
44761
44769
44772
44773
44775
44780
44783
44785
44789
44793
44793
44804
44804
44806
44808
44814
44816
44819
44822
44823
44823
44832
44832
44837
44849
44851
44857
44861
44881
44883
44886
44895
44896
44905
44923
44928
44933
44938
44940
44942
44953
44955
44957
44964
44968
44972
44981
44992
45005
45012
45012
45020
45041
45048
45059
45075
45075
45076
45081
45082
45086
45093
45096
45104
45111
45111
45114
45117
45122
45130
45133
45140
45146
45148
45154
45155
45161
45164
45165
45172
45174
45182
45183
45196
45196
45200
45202
45227
45236
45239
45241
45243
45247
45248
45249
45259
45270
45289
45290
45303
45320
45340
45346
45348
45373
45379
45383
45384
45386
45389
45393
45395
45402
45404
45408
45409
45410
45415
45419
45421
45427
45432
45434
45438
45441
45447
45458
45461
45485
45488
45488
45490
45496
45500
45500
45507
45512
45517
45527
45533
45536
45544
45545
45559
45575
45575
45585
45592
45598
45602
45613
45617
45617
45622
45632
45644
45646
45651
45653
45654
45655
45662
45664
45668
45689
45703
45711
45718
45719
45726
45726
45732
45733
45765
45765
45766
45775
45777
45783
45792
45798
45800
45802
45814
45829
45836
45839
45842
45843
45844
45844
45857
45860
45864
45869
45883
45904
45927
45929
45934
45934
45942
45960
45960
45962
45965
45968
45975
45987
45999
46003
46015
46019
46028
46034
46046
46067
46068
46076
46077
46081
46082
46088
46092
46101
46105
46107
46109
46109
46111
46130
46143
46150
46158
46169
46171
46177
46182
46183
46184
46188
46195
46200
46222
46230
46241
46244
46245
46250
46261
46266
46273
46276
46277
46278
46282
46283
46286
46289
46299
46299
46311
46318
46328
46332
46336
46340
46344
46345
46346
46349
46359
46370
46373
46375
46386
46387
46391
46395
46397
46402
46404
46405
46407
46415
46415
46416
46417
46418
46419
46419
46433
46445
46445
46453
46464
46468
46470
46482
46486
46490
46491
46492
46494
46496
46498
46499
46503
46503
46504
46512
46512
46514
46515
46521
46529
46530
46535
46538
46539
46544
46551
46554
46561
46565
46566
46566
46567
46568
46573
46586
46594
46607
46607
46608
46608
46611
46615
46615
46618
46620
46621
46623
46625
46629
46631
46634
46652
46654
46660
46677
46681
46729
46731
46740
46746
46752
46753
46761
46762
46762
46771
46771
46772
46788
46793
46795
46804
46807
46814
46817
46831
46833
46835
46842
46850
46851
46852
46852
46854
46857
46861
46865
46867
46868
46874
46878
46885
46888
46893
46893
46898
46903
46904
46914
46916
46923
46923
46933
46945
46950
46950
46955
46968
46968
46976
46989
46993
46996
46997
47026
47026
47034
47036
47050
47050
47052
47058
47063
47067
47076
47104
47112
47115
47118
47125
47143
47157
47160
47160
47161
47179
47179
47181
47182
47182
47184
47195
47212
47215
47224
47226
47232
47244
47244
47250
47252
47263
47279
47280
47283
47301
47301
47306
47311
47311
47315
47324
47331
47332
47332
47343
47355
47361
47363
47363
47375
47376
47377
47382
47392
47404
47421
47422
47423
47432
47437
47439
47440
47444
47445
47446
47453
47454
47459
47463
47468
47468
47478
47479
47479
47480
47481
47483
47486
47497
47511
47532
47533
47538
47544
47547
47547
47577
47595
47597
47609
47609
47618
47638
47645
47648
47659
47685
47691
47694
47695
47704
47706
47725
47732
47736
47741
47756
47757
47759
47759
47763
47774
47776
47777
47779
47779
47786
47796
47805
47808
47813
47814
47830
47835
47837
47841
47842
47846
47847
47849
47856
47859
47859
47863
47864
47866
47876
47876
47883
47887
47888
47890
47900
47901
47903
47906
47908
47912
47914
47920
47926
47926
47927
47936
47939
47939
47942
47947
47975
47986
48000
48007
48013
48022
48038
48042
48042
48044
48053
48062
48065
48066
48068
48071
48075
48078
48083
48085
48091
48093
48103
48108
48111
48112
48113
48114
48125
48128
48138
48140
48141
48153
48157
48170
48173
48179
48188
48194
48207
48211
48221
48226
48228
48230
48232
48244
48257
48259
48259
48271
48275
48291
48292
48292
48297
48302
48308
48315
48316
48326
48331
48332
48332
48334
48338
48347
48349
48357
48363
48369
48380
48380
48382
48395
48396
48396
48399
48408
48437
48440
48445
48449
48469
48469
48470
48478
48482
48484
48484
48492
48493
48515
48532
48533
48556
48557
48559
48559
48561
48564
48568
48586
48589
48599
48601
48613
48623
48630
48633
48634
48638
48644
48646
48646
48647
48648
48671
48679
48681
48684
48685
48690
48693
48706
48706
48717
48720
48725
48730
48730
48744
48771
48776
48778
48779
48780
48786
48791
48800
48805
48810
48816
48826
48830
48830
48834
48835
48838
48841
48841
48845
48854
48863
48872
48875
48876
48885
48890
48892
48897
48902
48902
48910
48915
48951
48952
48954
48955
48956
48969
48970
48971
48973
48974
48995
48995
48999
49012
49021
49027
49034
49036
49044
49055
49059
49060
49061
49067
49077
49081
49081
49083
49085
49089
49091
49096
49101
49104
49108
49124
49128
49129
49139
49142
49143
49145
49161
49164
49173
49179
49180
49182
49201
49207
49212
49218
49221
49222
49257
49279
49280
49282
49293
49295
49295
49296
49296
49306
49312
49312
49314
49317
49318
49334
49338
49340
49341
49341
49345
49351
49353
49354
49374
49376
49397
49399
49402
49406
49408
49417
49419
49426
49451
49453
49454
49468
49469
49471
49481
49492
49498
49499
49505
49508
49517
49518
49520
49526
49527
49528
49529
49535
49541
49542
49548
49550
49550
49551
49555
49564
49570
49570
49577
49591
49591
49603
49604
49615
49620
49620
49624
49624
49633
49635
49636
49643
49646
49648
49652
49666
49668
49677
49679
49680
49680
49686
49692
49704
49709
49710
49711
49712
49726
49737
49749
49751
49754
49762
49763
49772
49773
49773
49780
49784
49788
49802
49805
49816
49829
49831
49835
49838
49839
49849
49851
49857
49859
49868
49871
49877
49882
49885
49885
49891
49891
49892
49898
49903
49914
49934
49937
49941
49955
49959
49961
49964
49964
49973
49978
49981
49982
49984
49996
49999
