62
88
152
257
266
275
307
313
332
410
424
477
493
508
518
554
628
744
806
827
837
867
932
982
1079
1187
1233
1281
1383
1419
1455
1500
1603
1637
1690
1708
1885
1985
2021
2026
2049
2073
2242
2315
2376
2451
2564
2566
2651
2783
2808
2953
3168
3217
3272
3307
3358
3455
3514
3630
3635
3666
3669
3686
3719
3720
3779
3880
3933
3942
3985
4015
4116
4142
4153
4278
4333
4338
4348
4352
4357
4428
4441
4484
4659
4685
4783
4788
4793
4839
4941
4958
5002
5090
5100
5143
5156
5161
5166
5184
5210
5211
5222
5275
5308
5350
5422
5471
5563
5610
5745
5811
5817
5850
5890
5943
5981
6110
6149
6190
6203
6220
6226
6232
6295
6374
6377
6454
6468
6533
6554
6590
6686
6758
6806
6854
6891
7011
7080
7159
7272
7279
7333
7333
7352
7410
7429
7501
7531
7672
7725
7729
7758
7782
7803
7869
7953
7955
8043
8294
8302
8312
8354
8400
8454
8502
8618
8679
8695
8795
8821
8824
8877
8965
9085
9146
9287
9308
9336
9380
9456
9458
9546
9622
9624
9664
9700
9855
9858
9862
10015
10036
10069
10126
10252
10336
10412
10485
10486
10499
10593
10610
10614
10682
10713
10808
10819
10842
10845
10915
10925
10937
10944
11035
11036
11092
11149
11197
11260
11320
11322
11348
11357
11357
11374
11524
11598
11631
11637
11701
11715
11738
11757
11829
11898
11906
11945
12001
12007
12040
12050
12101
12156
12231
12241
12329
12470
12552
12556
12573
12594
12682
12694
12697
12758
12803
12917
12968
12969
12993
13029
13048
13056
13095
13131
13244
13354
13383
13408
13426
13476
13495
13584
13625
13679
13962
14002
14137
14138
14144
14149
14186
14208
14424
14425
14425
14430
14438
14451
14466
14469
14476
14510
14529
14531
14549
14640
14682
14789
14802
14954
14961
14979
15103
15124
15132
15225
15234
15285
15375
15397
15411
15453
15554
15556
15605
15610
15646
15702
15768
15780
15858
15955
15988
16014
16026
16029
16063
16108
16192
16298
16339
16357
16377
16559
16566
16600
16624
16663
16668
16834
16884
16909
17040
17059
17083
17167
17175
17246
17249
17350
17515
17566
17602
17621
17640
17670
17742
17746
17834
17843
17845
17923
17926
17960
17982
18005
18010
18050
18081
18103
18168
18224
18261
18339
18374
18396
18436
18476
18507
18509
18522
18539
18540
18717
18764
18871
18895
18896
18927
18952
18990
19023
19026
19050
19052
19067
19088
19190
19216
19230
19313
19366
19368
19389
19426
19497
19564
19576
19610
19691
19760
19775
19775
19781
19864
19865
19960
19970
19983
20001
20011
20033
20133
20224
20329
20379
20383
20447
20524
20557
20581
20614
20782
20792
20804
20950
21013
21040
21065
21088
21126
21146
21197
21346
21454
21455
21494
21502
21517
21622
21642
21679
21799
21846
21851
21863
21913
21944
21965
21967
22018
22021
22039
22068
22150
22201
22210
22271
22329
22333
22341
22431
22438
22570
22585
22597
22642
22728
22743
22783
22868
22904
22919
22954
22954
23111
23140
23145
23167
23240
23248
23262
23354
23356
23430
23512
23513
23548
23568
23593
23738
23752
23771
23787
23860
23873
23913
23944
23996
24005
24005
24009
24105
24110
24134
24136
24139
24226
24252
24427
24466
24564
24565
24628
24658
24671
24701
24726
24735
24850
24872
24883
25013
25134
25212
25239
25249
25415
25415
25426
25442
25458
25547
25557
25601
25694
25711
25746
25771
25778
25789
25796
25827
25948
26101
26153
26208
26256
26310
26374
26502
26515
26555
26563
26571
26626
26637
26682
26688
26693
26731
26837
26896
26909
26982
26994
27010
27089
27092
27223
27361
27411
27432
27438
27523
27549
27557
27632
27644
27682
27774
27856
27951
27973
27984
28140
28154
28201
28274
28340
28352
28374
28545
28565
28694
28738
28754
28796
28849
28902
28922
28966
28973
29031
29144
29225
29268
29287
29358
29372
29379
29398
29542
29697
29704
29745
29782
29897
30060
30176
30200
30217
30388
30461
30499
30646
30706
30714
30717
30742
30760
30766
30772
30773
30807
30826
30942
30997
31110
31265
31281
31288
31305
31317
31339
31342
31382
31383
31427
31564
31640
31693
31770
31855
31880
31881
31904
31922
31951
32003
32030
32059
32065
32141
32149
32168
32172
32233
32401
32401
32475
32488
32529
32584
32586
32601
32752
32781
32939
32955
33026
33073
33142
33235
33276
33284
33472
33500
33551
33677
33679
33723
33768
33804
33807
33820
33901
33914
33918
33966
34023
34046
34102
34158
34161
34247
34307
34329
34345
34412
34471
34475
34519
34525
34542
34567
34597
34615
34645
34662
34742
34777
34783
34805
34877
34880
34926
34926
34990
35030
35094
35129
35266
35336
35383
35393
35430
35552
35641
35655
35659
35715
35730
35776
35811
35821
35851
35858
35892
35894
35931
35938
35972
36013
36072
36076
36080
36128
36131
36153
36159
36259
36272
36315
36350
36353
36444
36498
36502
36514
36550
36580
36582
36945
36963
37071
37075
37108
37271
37271
37274
37278
37279
37290
37305
37345
37393
37460
37507
37511
37558
37620
37626
37641
37811
37812
37881
37994
38015
38027
38047
38079
38080
38113
38155
38220
38273
38312
38338
38385
38395
38395
38396
38533
38595
38609
38724
38780
38812
38817
38830
38865
38880
38890
38968
39092
39150
39154
39320
39343
39355
39424
39444
39479
39504
39518
39526
39532
39563
39579
39642
39656
39679
39691
39709
39771
39819
39824
39906
40032
40059
40182
40232
40297
40380
40388
40424
40487
40730
40753
40783
40787
40822
40850
40931
40959
41062
41082
41102
41141
41149
41149
41182
41244
41250
41323
41349
41402
41450
41492
41493
41538
41590
41626
41656
41670
41686
41716
41719
41720
41744
41746
41781
41795
41803
41865
41869
41880
42005
42139
42211
42230
42286
42444
42448
42517
42562
42590
42616
42722
42750
42776
42890
42911
42944
43045
43062
43164
43174
43236
43255
43363
43453
43454
43558
43564
43600
43609
43754
43842
43945
43954
44011
44074
44218
44273
44279
44291
44312
44411
44492
44520
44580
44663
44691
44793
44884
45021
45052
45068
45103
45139
45236
45245
45309
45492
45530
45534
45553
45656
45677
45682
45688
45698
45717
45754
45767
46033
46205
46255
46268
46302
46327
46379
46423
46649
46655
46660
46691
46706
46813
46827
46942
46950
46976
47007
47038
47158
47242
47259
47265
47303
47424
47446
47495
47503
47551
47555
47562
47590
47699
47711
47736
47795
47811
47830
47900
47907
47951
48074
48136
48189
48198
48286
48290
48363
48448
48451
48534
48573
48628
48652
48671
48703
48712
48713
48766
48824
48825
48827
48875
48933
48997
49016
49058
49064
49108
49128
49183
49186
49228
49242
49322
49377
49414
49539
49543
49585
49599
49611
49645
49676
49720
49790
49794
49796
49805
49830
49902
49910
49980
