20
25
26
34
57
77
92
163
163
201
212
216
226
247
257
276
283
304
313
313
315
325
330
357
361
381
387
399
408
421
429
434
437
473
508
567
568
616
655
655
661
676
736
786
811
811
812
840
851
887
887
889
893
911
936
955
959
966
988
990
1002
1012
1064
1075
1085
1099
1100
1118
1129
1131
1152
1154
1193
1197
1247
1269
1272
1277
1293
1299
1348
1350
1391
1438
1457
1518
1528
1559
1562
1590
1620
1662
1671
1700
1715
1719
1728
1736
1766
1792
1804
1808
1870
1879
1907
1936
1939
1940
1970
1973
1981
2110
2111
2117
2138
2141
2175
2232
2253
2253
2263
2306
2336
2362
2368
2410
2417
2445
2448
2457
2468
2483
2536
2556
2562
2568
2578
2594
2624
2636
2636
2664
2686
2709
2718
2799
2865
2870
2886
2888
2910
2912
2952
2956
2967
2989
3010
3070
3084
3109
3148
3160
3199
3208
3217
3258
3315
3351
3359
3400
3409
3436
3486
3489
3503
3545
3559
3608
3620
3684
3700
3703
3706
3730
3747
3784
3801
3876
3880
3883
3884
3890
3946
3956
3966
3986
3997
4003
4008
4070
4089
4130
4156
4164
4178
4184
4207
4236
4262
4292
4353
4355
4358
4383
4439
4446
4509
4527
4541
4554
4570
4571
4604
4655
4712
4722
4725
4728
4778
4782
4787
4821
4851
4861
4882
4921
4960
4967
5007
5024
5026
5032
5037
5043
5065
5087
5112
5127
5149
5181
5218
5225
5233
5277
5277
5280
5317
5397
5405
5470
5471
5474
5491
5494
5504
5534
5576
5588
5589
5613
5643
5666
5694
5711
5711
5774
5797
5822
5842
5883
5888
5899
5961
5964
5991
6031
6092
6105
6155
6163
6165
6216
6285
6300
6304
6304
6314
6386
6413
6414
6425
6442
6455
6505
6546
6600
6667
6667
6695
6701
6711
6729
6742
6835
6883
6888
6893
6902
6916
6920
6956
6977
7026
7029
7034
7070
7076
7083
7110
7163
7200
7200
7215
7217
7228
7277
7283
7295
7298
7311
7323
7327
7331
7331
7337
7381
7444
7550
7568
7602
7612
7676
7687
7694
7751
7831
7858
7908
7932
7934
7966
7969
7997
8026
8028
8043
8060
8066
8199
8217
8236
8269
8286
8308
8409
8455
8456
8459
8476
8479
8486
8493
8505
8557
8558
8574
8575
8581
8600
8612
8629
8630
8630
8637
8679
8688
8696
8699
8699
8701
8704
8712
8781
8794
8823
8857
8859
8898
8901
8913
8915
8916
8949
8980
8985
8989
8996
9002
9010
9037
9047
9075
9178
9189
9195
9215
9241
9277
9279
9287
9324
9330
9340
9370
9403
9406
9424
9449
9460
9500
9505
9513
9521
9523
9532
9537
9567
9569
9579
9587
9591
9596
9597
9619
9641
9652
9657
9678
9750
9772
9778
9801
9803
9818
9820
9873
9877
9932
10013
10049
10058
10069
10076
10114
10130
10157
10164
10171
10181
10247
10261
10308
10332
10373
10376
10383
10384
10402
10403
10403
10449
10479
10484
10499
10509
10581
10620
10622
10624
10631
10659
10682
10711
10722
10724
10731
10744
10790
10798
10823
10843
10865
10928
10929
10935
10972
11013
11015
11064
11070
11087
11138
11159
11195
11208
11209
11230
11232
11264
11272
11275
11283
11365
11370
11383
11412
11433
11449
11490
11509
11555
11576
11610
11616
11620
11658
11660
11689
11792
11809
11834
11838
11896
11904
11924
11929
11943
12016
12058
12063
12082
12121
12130
12165
12168
12175
12186
12198
12219
12226
12237
12247
12274
12288
12308
12310
12322
12322
12337
12368
12397
12422
12424
12494
12504
12537
12553
12558
12590
12600
12604
12684
12700
12703
12734
12745
12752
12753
12775
12787
12788
12797
12830
12846
12865
12881
12882
12917
12932
12946
12989
13004
13015
13045
13075
13082
13103
13118
13123
13140
13144
13146
13203
13204
13211
13214
13233
13264
13269
13280
13285
13296
13309
13317
13364
13364
13367
13369
13395
13430
13446
13451
13518
13542
13558
13572
13608
13616
13633
13652
13684
13684
13699
13730
13753
13755
13756
13769
13775
13777
13792
13797
13798
13817
13844
13851
13875
13896
13896
13925
13961
13990
14016
14063
14065
14084
14092
14135
14143
14153
14164
14188
14193
14198
14219
14222
14244
14245
14248
14285
14308
14309
14356
14362
14417
14417
14433
14442
14472
14476
14538
14612
14641
14644
14652
14663
14666
14675
14693
14725
14728
14730
14782
14794
14795
14827
14843
14848
14857
14858
14863
14876
14894
14908
14922
14953
15018
15052
15084
15087
15087
15090
15096
15102
15127
15138
15149
15157
15183
15189
15199
15206
15209
15230
15240
15255
15264
15264
15295
15310
15337
15390
15415
15433
15474
15492
15525
15532
15655
15669
15713
15756
15761
15791
15804
15829
15835
15840
15852
15863
15867
15881
15884
15914
15920
15977
15987
16075
16080
16109
16112
16112
16134
16136
16152
16175
16178
16191
16197
16231
16275
16280
16285
16313
16318
16370
16391
16405
16426
16429
16431
16444
16449
16483
16538
16539
16643
16712
16778
16786
16818
16862
16919
16938
16983
17001
17070
17070
17113
17182
17237
17238
17239
17259
17361
17395
17440
17441
17503
17504
17532
17532
17533
17570
17572
17580
17589
17600
17615
17669
17680
17750
17786
17794
17815
17816
17818
17831
17843
17885
17904
17908
17928
17930
17934
17941
17996
18013
18026
18057
18064
18077
18094
18098
18102
18127
18134
18152
18174
18182
18201
18220
18233
18272
18278
18316
18396
18398
18413
18419
18475
18488
18536
18537
18545
18558
18560
18586
18611
18633
18635
18653
18678
18688
18699
18715
18721
18722
18735
18759
18776
18779
18783
18786
18794
18829
18839
18854
18856
18862
18876
18893
18974
18981
18982
18983
18995
19022
19064
19106
19125
19184
19211
19216
19232
19265
19312
19326
19330
19364
19407
19443
19470
19474
19491
19499
19527
19529
19575
19604
19613
19616
19627
19699
19700
19704
19715
19741
19759
19804
19828
19842
19882
19888
19900
19909
19921
19936
19940
20008
20008
20010
20014
20018
20028
20050
20062
20076
20110
20136
20219
20242
20243
20248
20256
20274
20309
20316
20319
20373
20422
20423
20441
20495
20519
20520
20524
20545
20559
20575
20587
20598
20617
20643
20663
20670
20686
20693
20713
20718
20760
20775
20779
20801
20801
20825
20841
20845
20850
20851
20861
20895
20896
20960
20961
21009
21013
21025
21030
21046
21047
21051
21059
21082
21102
21121
21136
21156
21158
21180
21208
21218
21291
21298
21315
21352
21368
21391
21415
21420
21421
21441
21460
21462
21529
21547
21660
21710
21715
21716
21728
21771
21821
21844
21862
21895
21950
21965
21967
21969
21984
22059
22091
22095
22129
22132
22139
22158
22171
22188
22210
22240
22264
22267
22282
22282
22298
22329
22347
22457
22505
22549
22609
22635
22644
22684
22697
22698
22699
22724
22728
22736
22757
22784
22805
22811
22845
22869
22887
22890
22904
22908
22924
22926
22954
22986
22992
23002
23015
23042
23049
23054
23068
23116
23137
23148
23212
23217
23220
23224
23228
23238
23250
23257
23288
23306
23335
23337
23354
23389
23394
23397
23398
23403
23407
23439
23446
23452
23463
23515
23536
23548
23554
23589
23602
23629
23659
23678
23737
23742
23810
23852
23858
23869
23869
23879
23947
23959
23975
23987
23997
24000
24000
24004
24053
24069
24105
24106
24114
24118
24143
24174
24195
24249
24268
24296
24352
24358
24363
24405
24413
24429
24460
24504
24521
24526
24547
24547
24548
24563
24585
24596
24605
24657
24686
24711
24715
24730
24752
24753
24758
24765
24768
24795
24804
24819
24844
24880
24913
24931
24967
25007
25008
25014
25027
25041
25142
25178
25186
25190
25191
25197
25220
25237
25237
25253
25286
25344
25355
25361
25428
25440
25498
25504
25516
25519
25521
25535
25556
25566
25568
25591
25597
25608
25617
25650
25662
25685
25711
25733
25738
25748
25751
25753
25760
25761
25766
25767
25839
25857
25876
25890
25955
25972
25984
25992
26030
26051
26058
26096
26135
26163
26165
26187
26188
26240
26256
26261
26335
26354
26364
26366
26387
26398
26408
26413
26418
26431
26438
26456
26529
26554
26603
26697
26703
26766
26777
26794
26823
26847
26866
26877
26913
26945
26962
26986
26989
26998
27015
27039
27077
27079
27099
27112
27134
27134
27157
27165
27174
27190
27238
27240
27241
27250
27320
27328
27358
27358
27392
27393
27423
27462
27474
27530
27582
27586
27596
27602
27628
27628
27642
27663
27682
27689
27723
27747
27796
27803
27859
27874
27882
27929
27930
27942
27947
27949
27968
28016
28046
28051
28058
28062
28080
28106
28114
28176
28179
28196
28218
28280
28312
28317
28332
28385
28398
28461
28475
28494
28516
28541
28602
28618
28618
28644
28701
28716
28759
28808
28816
28824
28846
28902
28903
28931
28933
28940
28986
28986
29021
29059
29125
29142
29144
29179
29189
29274
29305
29320
29331
29383
29398
29399
29433
29443
29457
29527
29583
29585
29624
29660
29698
29715
29716
29759
29773
29783
29784
29816
29839
29847
29861
29870
29871
29909
29911
29917
29918
29928
29942
29954
29978
30022
30024
30026
30063
30082
30091
30091
30169
30182
30192
30208
30225
30269
30288
30319
30321
30345
30348
30376
30384
30394
30399
30402
30406
30451
30478
30521
30534
30560
30620
30632
30645
30715
30722
30751
30754
30762
30783
30851
30860
30938
30943
30944
30944
30952
30981
31010
31019
31032
31112
31142
31170
31214
31221
31311
31312
31318
31340
31363
31368
31437
31446
31496
31501
31515
31569
31617
31634
31660
31679
31690
31702
31713
31729
31756
31762
31774
31777
31788
31790
31832
31834
31892
31924
31925
31960
32003
32071
32103
32112
32124
32257
32295
32301
32314
32345
32349
32359
32368
32389
32411
32428
32449
32466
32469
32472
32490
32491
32516
32544
32604
32606
32610
32655
32696
32760
32780
32796
32808
32835
32848
32880
32902
32937
32947
32957
32971
32976
32979
32990
33001
33014
33049
33065
33075
33082
33113
33116
33150
33158
33172
33184
33202
33243
33319
33322
33324
33378
33397
33471
33490
33503
33526
33543
33549
33553
33577
33582
33628
33683
33693
33708
33733
33762
33774
33775
33781
33802
33804
33894
33930
33951
33988
34027
34059
34071
34087
34098
34111
34139
34149
34159
34164
34179
34200
34202
34209
34221
34222
34240
34268
34299
34305
34321
34336
34421
34484
34493
34525
34559
34560
34624
34655
34659
34666
34700
34702
34719
34750
34757
34762
34838
34853
34854
34880
34896
34951
34957
34971
35011
35076
35076
35101
35118
35147
35169
35184
35196
35211
35215
35249
35294
35303
35316
35333
35346
35380
35384
35463
35464
35546
35581
35601
35628
35635
35701
35705
35760
35764
35775
35781
35797
35798
35803
35843
35900
35955
36003
36008
36015
36040
36040
36041
36043
36045
36050
36064
36083
36160
36164
36210
36236
36252
36266
36309
36320
36394
36408
36411
36416
36419
36419
36436
36450
36470
36513
36520
36534
36581
36592
36641
36643
36679
36709
36726
36750
36792
36850
36852
36866
36873
36900
36920
36930
36945
36976
36986
37017
37039
37053
37109
37116
37125
37170
37178
37182
37192
37206
37210
37223
37238
37241
37296
37304
37315
37348
37378
37394
37404
37420
37422
37442
37497
37529
37538
37545
37551
37565
37571
37576
37615
37616
37635
37684
37701
37709
37720
37728
37734
37766
37803
37810
37820
37836
37867
37902
37924
37925
37966
37979
38000
38007
38010
38050
38071
38132
38133
38159
38165
38194
38202
38205
38206
38210
38218
38252
38332
38353
38363
38371
38392
38450
38495
38520
38545
38581
38591
38619
38632
38636
38672
38680
38693
38694
38697
38712
38722
38730
38734
38747
38751
38775
38829
38887
38901
38920
38989
38991
39032
39042
39063
39071
39096
39100
39117
39168
39196
39197
39220
39223
39230
39236
39328
39329
39340
39343
39344
39389
39393
39426
39428
39437
39464
39485
39532
39537
39595
39613
39613
39691
39703
39715
39717
39789
39805
39805
39806
39822
39832
39882
39896
39910
39924
39942
39945
39955
39959
39964
39978
40002
40030
40043
40088
40094
40121
40228
40294
40301
40304
40357
40362
40384
40391
40429
40457
40464
40479
40483
40489
40499
40513
40521
40660
40686
40710
40741
40742
40770
40839
40876
40894
40932
40935
40949
40953
40966
41009
41021
41036
41045
41048
41123
41137
41182
41188
41189
41212
41213
41223
41241
41271
41292
41296
41348
41350
41354
41366
41393
41398
41426
41445
41446
41494
41495
41520
41539
41556
41648
41673
41706
41819
41844
41875
41892
41902
41918
41933
41936
41966
41996
41999
42000
42013
42019
42058
42061
42064
42067
42127
42140
42143
42227
42247
42272
42285
42314
42320
42341
42341
42346
42349
42355
42370
42398
42421
42441
42462
42467
42469
42477
42505
42523
42525
42585
42641
42643
42646
42659
42677
42700
42719
42725
42742
42746
42779
42810
42829
42888
42914
42941
42963
42997
43013
43034
43066
43087
43108
43123
43132
43140
43150
43155
43182
43198
43203
43205
43207
43228
43235
43255
43293
43296
43322
43324
43341
43348
43391
43394
43421
43424
43427
43495
43500
43593
43624
43634
43645
43680
43696
43778
43787
43812
43836
43899
43899
43902
43997
44024
44043
44050
44057
44091
44108
44110
44124
44153
44213
44223
44253
44279
44343
44358
44407
44435
44471
44501
44550
44556
44557
44585
44588
44607
44622
44636
44660
44685
44688
44724
44802
44847
44848
44855
44862
44913
44938
44992
45033
45037
45048
45058
45059
45116
45149
45160
45165
45198
45224
45297
45308
45336
45351
45359
45361
45363
45373
45448
45513
45562
45585
45613
45640
45665
45691
45719
45756
45759
45774
45790
45808
45822
45840
45941
45954
46009
46033
46042
46067
46069
46100
46128
46162
46207
46216
46232
46290
46365
46366
46377
46397
46465
46469
46482
46500
46500
46513
46514
46522
46544
46571
46572
46579
46657
46697
46701
46739
46763
46775
46796
46807
46825
46828
46864
46872
46940
46961
46974
46974
47016
47020
47029
47100
47127
47138
47164
47171
47206
47220
47299
47303
47408
47429
47431
47431
47438
47438
47456
47470
47485
47544
47576
47632
47637
47645
47648
47674
47686
47694
47741
47762
47800
47832
47855
47867
47895
47914
47937
47986
48026
48055
48069
48109
48162
48164
48181
48244
48323
48370
48414
48420
48450
48460
48492
48508
48512
48570
48580
48591
48601
48606
48608
48619
48621
48633
48673
48701
48707
48714
48747
48768
48773
48778
48798
48914
48918
48954
48954
48988
49018
49078
49118
49139
49150
49188
49189
49235
49259
49265
49270
49284
49309
49319
49372
49398
49458
49485
49488
49507
49508
49512
49542
49542
49548
49561
49609
49611
49612
49663
49695
49807
49815
49861
49870
49878
49882
49897
49911
49930
49934
49955
49962
49978
49984
49998
