9
21
23
25
27
32
58
60
77
83
89
93
95
117
126
130
154
158
167
168
181
191
205
209
220
230
235
236
242
244
258
259
259
263
263
263
269
272
275
295
359
379
383
389
405
406
410
413
423
460
461
484
493
494
500
501
501
506
533
543
555
560
597
612
619
622
625
630
644
654
668
677
686
701
702
714
715
716
722
728
745
749
767
772
788
812
815
821
826
831
845
847
847
878
892
905
906
918
926
931
932
944
968
972
986
992
1009
1026
1029
1030
1044
1048
1051
1078
1093
1101
1106
1139
1139
1149
1149
1163
1174
1174
1181
1188
1191
1193
1198
1214
1215
1221
1224
1241
1246
1252
1252
1253
1276
1276
1282
1296
1305
1313
1314
1319
1320
1328
1332
1343
1347
1368
1374
1390
1402
1403
1414
1430
1430
1431
1444
1457
1459
1462
1473
1476
1480
1486
1489
1489
1498
1507
1522
1529
1540
1544
1555
1558
1563
1570
1579
1584
1587
1588
1589
1591
1591
1591
1608
1609
1628
1632
1641
1641
1651
1668
1676
1688
1690
1708
1735
1738
1739
1796
1799
1801
1805
1806
1808
1812
1819
1823
1878
1892
1905
1911
1920
1932
1953
1965
1983
1993
1994
2022
2023
2025
2028
2042
2043
2046
2046
2048
2063
2070
2076
2081
2093
2094
2098
2104
2122
2129
2131
2134
2140
2141
2160
2164
2170
2181
2182
2186
2192
2199
2203
2208
2210
2215
2227
2228
2232
2233
2243
2253
2261
2276
2296
2297
2323
2335
2337
2341
2352
2370
2377
2382
2390
2393
2395
2402
2405
2415
2424
2425
2433
2445
2472
2480
2483
2509
2527
2537
2541
2548
2566
2568
2578
2583
2600
2601
2622
2630
2653
2673
2677
2682
2695
2702
2703
2704
2728
2728
2730
2743
2764
2773
2784
2796
2796
2803
2804
2805
2818
2823
2824
2836
2850
2855
2868
2870
2889
2898
2903
2929
2933
2939
2940
2950
2964
2982
2992
3007
3022
3029
3031
3036
3038
3042
3051
3055
3056
3062
3102
3102
3114
3127
3127
3147
3156
3163
3163
3176
3180
3182
3183
3197
3208
3219
3227
3229
3233
3233
3238
3246
3247
3261
3270
3292
3294
3299
3329
3335
3344
3359
3359
3371
3373
3379
3392
3396
3397
3410
3432
3441
3443
3459
3465
3465
3470
3477
3487
3490
3497
3506
3528
3530
3551
3554
3559
3562
3583
3588
3611
3632
3632
3642
3646
3647
3648
3662
3696
3703
3716
3725
3726
3726
3728
3730
3734
3738
3739
3742
3762
3765
3779
3786
3809
3812
3819
3825
3833
3842
3853
3855
3884
3888
3892
3913
3918
3918
3931
3932
3935
3936
3945
3981
3983
3984
4005
4011
4014
4023
4030
4047
4049
4050
4055
4058
4059
4062
4063
4068
4078
4090
4102
4123
4135
4136
4142
4148
4157
4159
4171
4203
4212
4215
4227
4231
4233
4236
4245
4268
4275
4277
4295
4311
4317
4331
4335
4339
4354
4365
4365
4396
4399
4400
4414
4443
4489
4504
4504
4504
4522
4535
4540
4541
4550
4588
4594
4604
4630
4636
4653
4663
4665
4670
4671
4673
4686
4695
4699
4706
4713
4719
4722
4737
4753
4754
4765
4766
4793
4803
4808
4812
4824
4842
4873
4895
4898
4898
4903
4905
4906
4907
4926
4929
4959
4978
4981
4986
4988
5002
5009
5021
5036
5048
5056
5058
5060
5062
5068
5072
5090
5090
5094
5107
5108
5118
5118
5148
5148
5149
5158
5163
5165
5175
5175
5175
5185
5186
5187
5189
5200
5203
5212
5216
5219
5222
5235
5244
5245
5253
5279
5296
5303
5319
5328
5330
5336
5337
5339
5340
5341
5352
5352
5367
5385
5388
5392
5394
5406
5412
5421
5431
5440
5446
5450
5453
5457
5465
5477
5481
5482
5485
5492
5497
5501
5516
5517
5529
5537
5537
5550
5562
5569
5571
5571
5589
5619
5630
5635
5646
5654
5659
5663
5668
5670
5672
5672
5677
5718
5737
5737
5739
5776
5815
5826
5836
5840
5845
5852
5869
5869
5874
5884
5895
5909
5914
5914
5928
5934
5936
5967
5968
5969
5973
5986
5991
5995
6001
6011
6013
6013
6020
6045
6047
6055
6056
6060
6073
6083
6090
6091
6097
6101
6109
6111
6114
6122
6123
6125
6135
6149
6151
6171
6181
6189
6191
6207
6207
6209
6229
6238
6245
6246
6265
6283
6295
6295
6314
6317
6334
6364
6364
6369
6397
6409
6421
6425
6438
6442
6446
6462
6482
6484
6492
6513
6516
6531
6532
6537
6553
6554
6565
6569
6571
6574
6592
6596
6618
6619
6632
6642
6644
6647
6648
6665
6678
6681
6684
6693
6695
6713
6729
6734
6739
6748
6769
6777
6777
6797
6822
6824
6849
6856
6862
6868
6869
6876
6882
6900
6901
6905
6908
6910
6916
6918
6920
6927
6937
6959
6963
6963
6967
6973
6973
6987
6997
7017
7020
7029
7033
7037
7046
7047
7049
7073
7099
7102
7106
7106
7109
7123
7145
7149
7155
7162
7163
7163
7168
7174
7180
7181
7185
7187
7190
7191
7203
7208
7208
7224
7230
7238
7240
7242
7252
7260
7262
7267
7275
7285
7292
7293
7295
7312
7313
7326
7333
7341
7345
7355
7365
7369
7383
7384
7387
7392
7402
7418
7428
7428
7433
7439
7447
7448
7450
7452
7457
7473
7480
7483
7501
7510
7517
7521
7529
7534
7557
7564
7607
7617
7621
7622
7629
7634
7652
7668
7670
7685
7708
7713
7722
7734
7737
7740
7742
7753
7761
7777
7783
7803
7808
7815
7833
7864
7870
7889
7893
7895
7911
7915
7926
7940
7957
7963
7968
7969
7975
7977
7979
7994
7998
8024
8031
8034
8038
8046
8049
8070
8070
8075
8091
8095
8096
8122
8141
8142
8151
8157
8162
8166
8178
8182
8196
8196
8201
8202
8204
8213
8229
8232
8251
8264
8273
8280
8285
8295
8304
8304
8309
8322
8323
8324
8335
8336
8348
8360
8364
8391
8393
8399
8441
8444
8449
8452
8462
8463
8464
8482
8483
8486
8490
8509
8519
8527
8535
8555
8556
8557
8573
8583
8610
8614
8632
8642
8652
8654
8666
8672
8675
8681
8685
8701
8702
8706
8725
8732
8732
8736
8741
8743
8746
8752
8761
8765
8772
8772
8775
8787
8791
8831
8840
8844
8863
8864
8882
8886
8898
8911
8929
8942
8960
8964
8965
8966
8980
9007
9008
9018
9027
9035
9044
9057
9067
9076
9093
9107
9118
9120
9121
9123
9126
9127
9128
9132
9133
9138
9156
9158
9158
9173
9190
9198
9233
9240
9253
9258
9271
9285
9289
9293
9311
9319
9329
9336
9339
9352
9355
9365
9366
9367
9372
9397
9398
9410
9424
9427
9431
9440
9447
9453
9454
9464
9467
9467
9471
9473
9473
9475
9481
9490
9496
9498
9508
9516
9517
9522
9534
9561
9562
9568
9572
9582
9585
9593
9611
9615
9616
9624
9636
9639
9640
9642
9652
9653
9671
9673
9687
9703
9703
9742
9747
9764
9785
9793
9800
9803
9804
9817
9820
9825
9845
9859
9859
9865
9878
9886
9889
9907
9932
9934
9936
9936
9953
9969
9975
9994
9995
10012
10026
10026
10031
10032
10035
10039
10058
10061
10063
10065
10075
10083
10084
10097
10106
10114
10117
10121
10125
10128
10130
10133
10147
10156
10159
10160
10160
10178
10187
10189
10216
10218
10223
10227
10236
10242
10248
10263
10265
10273
10287
10291
10296
10314
10314
10328
10329
10359
10361
10396
10400
10416
10418
10420
10420
10434
10438
10439
10447
10447
10494
10495
10497
10512
10538
10539
10551
10554
10561
10568
10576
10583
10587
10607
10608
10616
10620
10624
10629
10634
10646
10649
10658
10659
10673
10682
10695
10704
10710
10711
10728
10734
10740
10742
10742
10745
10755
10786
10789
10789
10796
10807
10809
10815
10818
10822
10826
10833
10879
10887
10907
10921
10927
10928
10930
10959
10966
10969
10974
10988
11008
11012
11044
11052
11052
11066
11067
11074
11084
11087
11088
11099
11099
11110
11136
11141
11148
11153
11158
11167
11168
11186
11195
11201
11253
11275
11276
11292
11314
11315
11332
11335
11354
11371
11371
11384
11395
11408
11422
11424
11427
11428
11443
11451
11454
11462
11478
11481
11484
11489
11499
11499
11511
11512
11523
11528
11558
11567
11574
11626
11626
11649
11651
11658
11659
11664
11666
11669
11669
11674
11687
11689
11693
11696
11699
11722
11726
11736
11740
11746
11750
11752
11768
11772
11780
11782
11783
11784
11792
11795
11795
11801
11825
11827
11843
11847
11852
11861
11862
11864
11865
11866
11873
11886
11894
11896
11903
11908
11914
11924
11932
11947
11967
11967
11967
11986
11986
11995
12007
12011
12012
12019
12023
12030
12040
12043
12058
12061
12064
12070
12073
12080
12092
12096
12139
12141
12147
12149
12153
12155
12162
12169
12180
12182
12184
12193
12199
12206
12209
12222
12222
12225
12227
12246
12254
12257
12270
12273
12276
12295
12295
12296
12301
12303
12308
12319
12322
12331
12352
12359
12363
12364
12366
12371
12388
12412
12417
12419
12421
12430
12439
12446
12451
12481
12487
12489
12490
12494
12496
12497
12503
12507
12518
12541
12544
12553
12563
12568
12569
12572
12579
12588
12599
12602
12609
12611
12664
12665
12666
12682
12687
12697
12706
12726
12726
12744
12756
12773
12778
12783
12790
12791
12799
12807
12819
12833
12845
12846
12851
12862
12862
12876
12878
12896
12896
12898
12903
12905
12905
12909
12910
12916
12921
12941
12975
13009
13033
13034
13041
13041
13052
13060
13068
13068
13069
13077
13077
13079
13082
13091
13101
13103
13111
13114
13121
13135
13136
13137
13144
13148
13163
13165
13174
13180
13187
13189
13190
13191
13198
13198
13205
13207
13213
13235
13253
13261
13264
13267
13274
13274
13286
13295
13310
13311
13320
13338
13346
13359
13376
13380
13386
13420
13433
13439
13442
13442
13453
13459
13464
13468
13470
13479
13492
13492
13495
13497
13506
13515
13527
13536
13537
13540
13551
13567
13575
13589
13591
13597
13602
13608
13628
13630
13640
13656
13670
13678
13689
13712
13714
13715
13726
13728
13743
13748
13751
13761
13773
13776
13851
13858
13871
13875
13876
13892
13894
13896
13905
13926
13935
13951
13972
13985
13995
13997
13998
14012
14018
14041
14050
14053
14054
14055
14069
14075
14083
14086
14092
14099
14114
14125
14126
14129
14131
14134
14136
14136
14144
14160
14171
14173
14186
14189
14190
14191
14194
14196
14205
14209
14211
14242
14244
14251
14259
14260
14281
14283
14287
14294
14306
14318
14341
14351
14369
14374
14375
14381
14384
14388
14392
14399
14400
14417
14427
14429
14432
14449
14467
14467
14479
14483
14494
14497
14504
14509
14512
14518
14521
14532
14543
14547
14552
14553
14564
14568
14586
14586
14596
14602
14608
14612
14613
14614
14629
14635
14636
14641
14650
14654
14659
14664
14671
14675
14676
14688
14699
14705
14712
14714
14731
14731
14733
14734
14748
14754
14761
14772
14775
14777
14793
14793
14795
14807
14808
14820
14829
14839
14840
14847
14879
14887
14901
14908
14919
14924
14937
14938
14941
14946
14950
14958
14983
14983
14986
14995
15005
15008
15032
15043
15044
15051
15054
15059
15063
15064
15064
15082
15098
15106
15116
15139
15147
15162
15165
15169
15172
15178
15179
15182
15220
15226
15228
15241
15246
15270
15271
15273
15289
15303
15311
15316
15338
15371
15401
15402
15419
15427
15439
15483
15484
15486
15490
15524
15525
15541
15549
15570
15585
15588
15602
15604
15634
15635
15647
15652
15655
15660
15673
15690
15694
15699
15709
15714
15723
15724
15732
15735
15743
15743
15744
15748
15751
15758
15761
15762
15767
15768
15783
15785
15795
15801
15809
15840
15844
15847
15851
15858
15873
15874
15876
15876
15896
15908
15913
15928
15933
15937
15937
15943
15944
15956
15970
15993
16013
16023
16059
16060
16064
16087
16094
16105
16107
16110
16118
16119
16125
16125
16142
16153
16157
16161
16164
16168
16177
16234
16243
16244
16257
16259
16269
16270
16273
16278
16280
16283
16304
16313
16313
16315
16318
16324
16325
16338
16344
16362
16369
16379
16380
16381
16394
16406
16419
16423
16426
16429
16432
16463
16464
16466
16466
16473
16478
16480
16486
16489
16497
16513
16513
16517
16527
16543
16546
16559
16573
16581
16593
16593
16596
16602
16609
16618
16630
16639
16641
16657
16661
16682
16682
16685
16692
16697
16702
16707
16714
16744
16745
16756
16770
16784
16784
16801
16805
16811
16823
16838
16859
16864
16879
16883
16885
16912
16917
16925
16929
16932
16936
16947
16956
16957
16962
16968
16974
16978
16979
17017
17018
17025
17028
17030
17032
17039
17039
17042
17051
17053
17054
17060
17068
17068
17072
17072
17074
17083
17089
17104
17108
17114
17117
17120
17132
17137
17138
17150
17166
17166
17167
17168
17182
17188
17190
17194
17201
17223
17235
17237
17243
17254
17258
17264
17274
17286
17296
17304
17312
17325
17338
17339
17339
17346
17347
17366
17386
17395
17404
17404
17430
17445
17448
17457
17460
17466
17467
17479
17490
17490
17494
17507
17515
17525
17529
17539
17548
17548
17553
17559
17578
17578
17581
17589
17613
17646
17660
17663
17675
17681
17683
17693
17726
17728
17729
17729
17735
17743
17748
17755
17755
17761
17779
17785
17802
17821
17822
17823
17829
17842
17848
17861
17865
17868
17875
17916
17916
17920
17921
17924
17925
17926
17926
17932
17942
17959
17968
17969
17971
17974
17982
17985
17996
17998
17999
18024
18034
18042
18043
18048
18059
18070
18085
18097
18102
18106
18112
18122
18138
18140
18151
18157
18166
18172
18184
18187
18194
18198
18205
18240
18246
18247
18248
18258
18260
18268
18270
18282
18295
18296
18305
18312
18325
18330
18344
18350
18353
18357
18358
18404
18409
18413
18418
18420
18425
18426
18432
18441
18467
18470
18487
18488
18491
18491
18495
18501
18501
18510
18520
18539
18556
18561
18580
18581
18582
18597
18601
18602
18613
18621
18625
18634
18635
18637
18639
18646
18654
18672
18677
18682
18683
18695
18710
18732
18736
18737
18747
18749
18760
18760
18769
18783
18783
18805
18809
18814
18831
18839
18844
18850
18859
18861
18871
18873
18889
18890
18895
18896
18896
18905
18908
18927
18936
18946
18947
18951
18954
18956
18976
18995
18996
18996
19004
19006
19006
19010
19013
19015
19027
19028
19035
19038
19044
19047
19048
19049
19051
19058
19059
19059
19067
19078
19079
19080
19085
19094
19104
19107
19126
19130
19142
19145
19147
19149
19170
19172
19181
19186
19191
19196
19200
19205
19209
19210
19214
19217
19223
19235
19251
19268
19274
19285
19293
19297
19300
19301
19335
19340
19347
19360
19368
19380
19389
19390
19395
19401
19406
19409
19411
19420
19435
19437
19438
19441
19454
19454
19454
19456
19469
19471
19473
19479
19482
19483
19489
19496
19498
19534
19539
19548
19556
19570
19588
19590
19597
19605
19613
19626
19635
19641
19651
19672
19676
19683
19687
19695
19699
19708
19710
19714
19718
19724
19735
19747
19747
19751
19755
19759
19764
19783
19786
19786
19804
19810
19823
19841
19859
19865
19865
19877
19880
19889
19890
19899
19906
19912
19921
19927
19937
19945
19946
19951
19954
19957
19967
19969
19972
19974
19979
20006
20009
20011
20015
20062
20064
20076
20082
20087
20096
20101
20105
20107
20110
20112
20125
20126
20133
20138
20145
20154
20164
20199
20206
20208
20213
20216
20218
20224
20229
20238
20239
20242
20250
20265
20273
20277
20287
20289
20299
20317
20321
20334
20339
20366
20372
20374
20379
20389
20428
20450
20452
20467
20476
20494
20503
20508
20521
20530
20541
20542
20548
20555
20555
20561
20566
20577
20580
20583
20592
20593
20595
20598
20602
20603
20605
20620
20623
20640
20641
20667
20674
20675
20686
20696
20710
20718
20724
20727
20736
20739
20743
20749
20758
20761
20767
20769
20770
20779
20793
20821
20831
20844
20851
20852
20853
20864
20875
20881
20901
20902
20925
20934
20943
20960
20971
20977
20980
21004
21008
21011
21012
21012
21020
21024
21027
21028
21030
21031
21035
21041
21044
21046
21048
21087
21099
21116
21137
21138
21153
21172
21178
21179
21185
21186
21196
21197
21203
21208
21213
21225
21232
21240
21249
21271
21271
21291
21297
21301
21314
21315
21348
21352
21363
21366
21375
21400
21422
21426
21449
21465
21483
21515
21519
21522
21546
21578
21581
21596
21603
21608
21614
21631
21637
21638
21641
21650
21653
21690
21695
21735
21752
21756
21771
21782
21786
21793
21796
21807
21812
21825
21830
21832
21844
21856
21865
21871
21897
21901
21903
21909
21913
21918
21924
21933
21949
21959
21966
21985
22009
22011
22011
22029
22038
22041
22042
22047
22054
22061
22062
22070
22070
22077
22083
22088
22091
22094
22110
22128
22140
22150
22156
22163
22174
22202
22206
22214
22232
22242
22245
22248
22258
22260
22287
22291
22295
22301
22313
22313
22314
22325
22342
22346
22357
22365
22373
22384
22391
22395
22411
22415
22416
22416
22441
22443
22454
22466
22469
22471
22472
22474
22481
22518
22518
22523
22548
22550
22554
22567
22568
22579
22585
22589
22598
22605
22608
22612
22625
22631
22635
22638
22651
22663
22663
22671
22686
22700
22704
22705
22720
22734
22740
22776
22777
22785
22786
22788
22798
22812
22817
22824
22825
22855
22861
22873
22883
22915
22919
22933
22938
22943
22947
22949
22955
22971
22973
22980
22987
22991
22997
23003
23020
23035
23041
23058
23061
23078
23085
23087
23088
23098
23101
23106
23108
23108
23111
23140
23144
23162
23163
23169
23172
23180
23187
23189
23189
23216
23219
23225
23228
23228
23230
23239
23239
23249
23250
23259
23260
23262
23268
23274
23276
23281
23281
23286
23287
23306
23317
23333
23343
23346
23353
23355
23362
23369
23372
23373
23382
23394
23418
23431
23437
23438
23448
23467
23468
23469
23479
23483
23488
23490
23495
23496
23504
23508
23513
23533
23546
23551
23568
23570
23597
23600
23604
23625
23631
23638
23655
23667
23686
23694
23700
23707
23712
23714
23734
23738
23769
23793
23797
23803
23812
23824
23826
23834
23837
23850
23855
23861
23862
23873
23879
23884
23886
23886
23894
23895
23899
23904
23911
23912
23922
23923
23923
23925
23931
23933
23956
23958
23962
23963
23965
23975
23978
23986
23991
23992
23997
24003
24011
24011
24016
24026
24044
24046
24050
24058
24060
24071
24083
24083
24110
24113
24126
24128
24138
24144
24160
24163
24169
24186
24205
24208
24216
24219
24221
24224
24229
24233
24258
24269
24273
24279
24312
24312
24329
24333
24348
24354
24356
24366
24368
24374
24381
24395
24407
24414
24421
24423
24456
24463
24466
24466
24484
24506
24515
24520
24533
24539
24546
24560
24563
24565
24572
24583
24585
24612
24615
24634
24636
24637
24680
24699
24716
24723
24725
24741
24746
24747
24749
24755
24773
24797
24804
24807
24822
24822
24831
24832
24844
24873
24873
24875
24898
24914
24937
24950
24953
24959
24965
24978
24979
24992
25006
25012
25020
25021
25021
25022
25034
25040
25061
25075
25076
25084
25103
25110
25116
25118
25122
25131
25136
25141
25157
25158
25168
25184
25204
25212
25221
25242
25244
25257
25261
25267
25288
25327
25332
25334
25340
25359
25359
25362
25366
25370
25375
25380
25393
25394
25394
25397
25447
25466
25472
25487
25487
25488
25501
25508
25519
25519
25526
25526
25536
25537
25539
25541
25547
25562
25562
25568
25569
25574
25578
25585
25588
25588
25601
25609
25612
25639
25641
25651
25654
25657
25670
25682
25685
25706
25722
25724
25730
25761
25765
25775
25794
25800
25800
25829
25831
25836
25841
25843
25847
25855
25857
25865
25878
25897
25906
25917
25933
25952
25963
25969
26001
26007
26021
26022
26025
26027
26048
26050
26058
26067
26082
26082
26105
26149
26149
26164
26176
26185
26197
26225
26245
26249
26254
26261
26267
26283
26284
26285
26286
26309
26311
26318
26330
26343
26345
26350
26356
26372
26382
26386
26389
26393
26407
26416
26423
26426
26433
26453
26458
26459
26475
26479
26488
26491
26491
26505
26517
26522
26539
26543
26544
26555
26565
26567
26587
26607
26607
26613
26624
26637
26645
26652
26700
26706
26711
26723
26751
26751
26760
26765
26767
26771
26779
26791
26795
26797
26805
26806
26807
26817
26818
26821
26857
26866
26880
26882
26886
26887
26912
26919
26922
26926
26946
26952
26959
26974
26975
26981
27001
27001
27003
27005
27006
27010
27017
27085
27092
27094
27098
27104
27105
27109
27122
27128
27136
27144
27148
27160
27166
27170
27173
27199
27217
27227
27241
27244
27245
27264
27267
27271
27279
27282
27287
27292
27298
27322
27342
27381
27383
27384
27392
27396
27399
27408
27417
27424
27425
27425
27428
27441
27445
27451
27455
27473
27476
27492
27499
27499
27505
27514
27526
27531
27547
27548
27551
27554
27562
27566
27575
27575
27575
27578
27579
27588
27603
27603
27611
27648
27649
27654
27656
27663
27663
27678
27687
27698
27711
27719
27734
27748
27782
27786
27787
27805
27819
27829
27835
27848
27849
27877
27890
27909
27916
27935
27943
27951
27954
27955
27963
27971
27972
27975
27977
27978
27982
27987
28000
28025
28035
28042
28060
28068
28074
28096
28097
28100
28103
28110
28113
28117
28135
28139
28149
28150
28159
28167
28171
28178
28179
28181
28195
28202
28218
28238
28246
28248
28252
28256
28258
28269
28282
28285
28304
28320
28322
28350
28352
28353
28360
28363
28379
28393
28401
28412
28415
28420
28463
28490
28501
28502
28503
28515
28516
28531
28537
28539
28548
28558
28561
28562
28574
28582
28588
28594
28596
28603
28617
28628
28631
28636
28640
28646
28652
28661
28662
28666
28672
28683
28686
28687
28701
28702
28704
28707
28708
28711
28725
28758
28759
28768
28768
28768
28772
28775
28778
28783
28791
28795
28798
28799
28799
28801
28814
28823
28823
28835
28837
28838
28872
28872
28881
28897
28901
28903
28916
28917
28925
28926
28955
28955
28959
28982
28993
29016
29024
29026
29034
29041
29044
29052
29053
29055
29059
29067
29072
29088
29090
29100
29111
29112
29137
29140
29143
29144
29145
29149
29169
29171
29194
29196
29196
29222
29227
29236
29242
29246
29252
29261
29266
29281
29289
29296
29296
29297
29303
29315
29318
29327
29359
29362
29365
29365
29367
29369
29376
29377
29381
29383
29388
29423
29425
29444
29478
29484
29487
29491
29493
29506
29509
29510
29521
29530
29547
29548
29561
29564
29580
29585
29616
29619
29632
29639
29647
29654
29675
29675
29676
29688
29694
29697
29699
29712
29721
29731
29731
29731
29744
29767
29768
29773
29777
29783
29783
29785
29811
29812
29825
29827
29834
29848
29852
29867
29868
29872
29874
29893
29893
29896
29897
29899
29939
29940
29949
29958
29967
29982
29995
30000
30006
30009
30013
30029
30032
30034
30041
30043
30047
30057
30071
30080
30085
30089
30101
30113
30118
30118
30133
30150
30157
30166
30170
30172
30172
30175
30179
30180
30182
30188
30191
30198
30199
30201
30203
30206
30214
30229
30235
30251
30252
30254
30258
30282
30285
30310
30311
30363
30365
30390
30393
30397
30400
30419
30421
30438
30446
30447
30451
30452
30459
30466
30478
30482
30499
30509
30533
30534
30534
30546
30569
30575
30579
30599
30603
30618
30624
30633
30636
30641
30648
30662
30667
30686
30693
30693
30700
30719
30739
30757
30781
30783
30788
30789
30812
30824
30838
30838
30840
30851
30863
30871
30873
30873
30884
30889
30895
30901
30904
30909
30910
30915
30939
30942
30946
30954
30983
30996
31000
31008
31027
31028
31039
31045
31049
31059
31090
31096
31098
31108
31108
31116
31126
31127
31145
31155
31156
31156
31157
31162
31165
31170
31207
31213
31217
31218
31222
31234
31242
31246
31249
31252
31259
31260
31300
31308
31327
31329
31337
31337
31347
31352
31369
31380
31384
31386
31401
31407
31417
31434
31448
31469
31482
31532
31539
31548
31560
31560
31569
31576
31576
31587
31590
31596
31599
31616
31617
31625
31629
31638
31645
31652
31696
31726
31729
31731
31736
31746
31762
31781
31782
31783
31791
31793
31799
31806
31806
31810
31823
31833
31855
31860
31861
31866
31875
31892
31902
31906
31911
31921
31938
31939
31940
31947
31969
31971
31976
32012
32027
32033
32042
32045
32046
32050
32059
32066
32082
32083
32093
32095
32095
32100
32103
32107
32109
32112
32112
32121
32121
32123
32124
32139
32148
32151
32151
32157
32164
32171
32195
32203
32210
32212
32222
32227
32233
32248
32249
32251
32254
32255
32268
32285
32288
32295
32303
32305
32316
32319
32319
32321
32335
32338
32357
32359
32372
32390
32391
32392
32408
32433
32435
32440
32445
32448
32457
32460
32462
32468
32480
32488
32489
32495
32497
32522
32525
32532
32542
32562
32571
32575
32575
32578
32580
32583
32590
32598
32618
32621
32623
32638
32643
32646
32672
32682
32693
32707
32709
32714
32716
32718
32738
32745
32753
32756
32763
32792
32798
32798
32806
32808
32812
32813
32820
32822
32823
32824
32846
32852
32860
32881
32882
32883
32887
32895
32901
32902
32907
32914
32915
32923
32926
32928
32937
32956
32982
32985
32989
32992
33009
33012
33027
33034
33038
33052
33053
33058
33081
33123
33138
33141
33148
33152
33173
33176
33179
33180
33181
33182
33194
33197
33199
33207
33211
33218
33222
33228
33229
33238
33241
33242
33242
33245
33288
33321
33335
33340
33347
33348
33360
33363
33371
33371
33398
33400
33405
33418
33424
33428
33442
33445
33447
33462
33464
33466
33476
33476
33486
33488
33489
33500
33502
33506
33512
33516
33519
33524
33526
33531
33547
33563
33570
33572
33576
33576
33585
33591
33602
33607
33612
33614
33629
33638
33642
33666
33703
33706
33708
33708
33717
33721
33721
33726
33746
33754
33759
33761
33762
33763
33767
33768
33771
33775
33780
33784
33798
33811
33819
33823
33827
33835
33849
33850
33850
33879
33896
33897
33897
33918
33927
33932
33940
33949
33953
33954
33958
33965
33970
33973
33982
34003
34007
34008
34010
34024
34028
34037
34044
34047
34072
34085
34087
34099
34101
34101
34106
34114
34115
34116
34117
34118
34118
34120
34125
34129
34147
34154
34156
34164
34173
34175
34178
34179
34192
34195
34195
34200
34201
34211
34213
34224
34229
34245
34247
34255
34266
34274
34294
34294
34306
34319
34320
34333
34337
34354
34363
34375
34375
34382
34406
34416
34421
34422
34439
34448
34473
34482
34487
34493
34497
34503
34513
34522
34528
34543
34545
34553
34555
34563
34571
34573
34594
34596
34600
34613
34618
34634
34649
34685
34686
34689
34691
34700
34730
34732
34737
34747
34753
34768
34774
34778
34782
34821
34825
34831
34836
34884
34896
34897
34905
34911
34917
34920
34921
34924
34943
34943
34949
34980
34989
34992
35021
35024
35031
35032
35037
35039
35041
35041
35042
35045
35050
35051
35062
35063
35070
35087
35098
35110
35118
35120
35131
35143
35164
35190
35201
35212
35215
35223
35234
35237
35254
35267
35271
35292
35301
35314
35324
35330
35346
35352
35357
35357
35363
35369
35371
35383
35384
35392
35401
35404
35412
35416
35417
35423
35441
35447
35447
35450
35454
35459
35474
35476
35491
35493
35496
35544
35558
35564
35565
35577
35579
35580
35582
35587
35601
35607
35608
35610
35623
35626
35633
35637
35637
35647
35657
35658
35664
35682
35688
35689
35707
35712
35721
35723
35758
35778
35782
35784
35789
35796
35813
35828
35848
35860
35869
35886
35887
35887
35887
35887
35899
35913
35915
35918
35933
35936
35958
35972
35983
35983
35991
36012
36029
36032
36037
36038
36061
36064
36068
36071
36079
36087
36098
36133
36148
36148
36174
36186
36187
36198
36205
36206
36230
36238
36240
36251
36253
36257
36267
36279
36281
36290
36295
36298
36301
36310
36310
36322
36328
36332
36337
36360
36361
36369
36386
36391
36401
36402
36433
36456
36464
36479
36481
36493
36503
36505
36505
36508
36520
36522
36524
36532
36536
36539
36547
36547
36558
36559
36568
36568
36574
36577
36579
36582
36586
36591
36612
36622
36652
36658
36702
36709
36711
36756
36757
36772
36782
36784
36798
36801
36802
36807
36816
36833
36837
36844
36852
36869
36872
36873
36895
36898
36902
36910
36924
36933
36939
36939
36943
36959
36985
36996
36997
37010
37019
37024
37026
37038
37044
37045
37053
37065
37080
37083
37101
37109
37113
37117
37134
37135
37141
37182
37184
37184
37184
37186
37195
37218
37225
37228
37231
37235
37241
37246
37250
37252
37253
37257
37267
37274
37275
37282
37282
37294
37310
37312
37314
37349
37368
37371
37391
37397
37399
37405
37432
37439
37448
37463
37482
37493
37497
37499
37511
37530
37533
37551
37555
37562
37577
37578
37580
37583
37588
37590
37605
37605
37607
37624
37647
37648
37676
37682
37683
37694
37699
37704
37706
37718
37744
37753
37786
37786
37801
37801
37805
37814
37818
37822
37824
37825
37840
37841
37844
37855
37863
37865
37878
37879
37881
37881
37882
37883
37897
37914
37921
37922
37926
37931
37939
37941
37942
37944
37955
37960
37967
37978
37981
37985
37990
37991
38005
38007
38011
38025
38027
38028
38056
38060
38073
38086
38109
38115
38133
38149
38169
38171
38191
38196
38205
38209
38209
38215
38219
38232
38235
38248
38254
38261
38262
38265
38279
38288
38302
38308
38319
38322
38326
38339
38344
38344
38349
38352
38353
38354
38364
38389
38389
38434
38441
38447
38452
38466
38467
38474
38475
38483
38490
38499
38521
38529
38532
38539
38542
38550
38555
38564
38564
38571
38584
38592
38592
38595
38601
38603
38624
38628
38642
38647
38666
38667
38670
38671
38678
38681
38681
38689
38704
38708
38715
38721
38735
38743
38768
38783
38794
38801
38833
38836
38836
38849
38860
38861
38864
38868
38878
38888
38891
38896
38898
38903
38909
38910
38929
38930
38931
38932
38946
38950
38956
38957
38959
38965
38969
38974
38980
38984
38992
39016
39026
39029
39029
39038
39041
39044
39046
39053
39064
39069
39072
39074
39083
39114
39119
39139
39161
39168
39194
39206
39213
39218
39219
39230
39233
39249
39254
39274
39283
39297
39299
39314
39319
39322
39330
39331
39331
39338
39349
39353
39374
39387
39413
39416
39428
39438
39444
39459
39461
39482
39484
39505
39523
39525
39534
39535
39546
39549
39557
39558
39577
39578
39596
39611
39614
39616
39629
39664
39668
39668
39686
39690
39696
39704
39710
39720
39727
39741
39745
39754
39771
39777
39798
39824
39828
39836
39840
39846
39855
39864
39866
39869
39876
39876
39877
39877
39885
39892
39911
39925
39929
39937
39950
39955
39960
39971
39974
39977
39991
40006
40021
40023
40036
40036
40051
40052
40055
40055
40066
40081
40095
40100
40165
40165
40169
40181
40182
40189
40197
40206
40213
40220
40223
40238
40243
40244
40266
40282
40292
40298
40298
40330
40330
40332
40338
40340
40346
40356
40360
40365
40367
40372
40372
40373
40376
40388
40389
40391
40398
40398
40399
40399
40405
40422
40423
40435
40445
40484
40495
40495
40506
40510
40532
40541
40565
40568
40570
40602
40631
40641
40642
40646
40647
40649
40656
40656
40662
40662
40664
40677
40688
40700
40702
40711
40723
40726
40731
40741
40763
40770
40776
40778
40778
40784
40788
40799
40807
40825
40843
40851
40870
40899
40925
40926
40950
40953
40958
40959
40976
40989
41000
41002
41018
41024
41025
41025
41030
41038
41057
41073
41074
41092
41099
41107
41126
41159
41162
41164
41171
41172
41172
41176
41202
41214
41215
41216
41221
41222
41230
41233
41235
41236
41238
41246
41247
41260
41263
41266
41267
41283
41284
41289
41295
41303
41317
41326
41329
41347
41355
41358
41361
41366
41383
41400
41413
41414
41416
41423
41435
41437
41443
41447
41454
41464
41483
41490
41498
41500
41528
41528
41530
41538
41541
41558
41558
41565
41571
41573
41577
41580
41587
41591
41594
41603
41612
41612
41613
41617
41619
41622
41624
41637
41639
41646
41646
41651
41658
41659
41667
41682
41684
41693
41695
41704
41711
41738
41742
41744
41748
41751
41793
41795
41797
41798
41800
41801
41813
41824
41832
41842
41856
41858
41877
41896
41899
41913
41914
41918
41925
41935
41938
41940
41945
41948
41963
41969
41976
41989
41992
41995
42007
42011
42013
42035
42035
42042
42076
42076
42101
42101
42104
42118
42130
42153
42154
42160
42161
42162
42173
42185
42188
42207
42211
42219
42239
42241
42248
42261
42303
42311
42318
42326
42335
42346
42347
42350
42367
42369
42371
42382
42390
42405
42408
42424
42428
42434
42452
42470
42481
42488
42493
42504
42506
42510
42521
42546
42550
42565
42568
42569
42603
42603
42603
42607
42610
42618
42633
42633
42654
42655
42659
42671
42678
42688
42692
42697
42712
42732
42739
42744
42747
42751
42761
42766
42770
42773
42781
42829
42831
42836
42840
42841
42852
42855
42869
42869
42877
42882
42884
42886
42910
42926
42931
42954
42965
42980
42991
43001
43002
43003
43012
43013
43020
43028
43032
43039
43040
43040
43044
43045
43067
43069
43071
43080
43085
43091
43107
43119
43126
43162
43168
43171
43187
43211
43216
43219
43222
43246
43255
43259
43261
43294
43307
43322
43332
43340
43345
43348
43362
43378
43379
43396
43409
43414
43428
43432
43444
43450
43451
43455
43463
43464
43478
43481
43500
43509
43527
43538
43543
43553
43572
43574
43588
43602
43608
43619
43633
43640
43653
43661
43666
43693
43730
43734
43735
43737
43748
43748
43749
43768
43777
43797
43815
43840
43843
43852
43868
43871
43877
43882
43885
43896
43899
43909
43922
43925
43930
43931
43960
43962
43971
43972
43977
43991
43992
44012
44024
44027
44031
44057
44071
44072
44077
44082
44082
44090
44093
44099
44103
44105
44116
44136
44143
44144
44147
44152
44152
44168
44173
44178
44183
44189
44196
44198
44203
44208
44219
44219
44233
44243
44250
44253
44258
44263
44274
44284
44292
44308
44315
44321
44327
44337
44344
44352
44373
44382
44383
44390
44412
44414
44421
44422
44423
44424
44429
44437
44439
44440
44454
44469
44479
44506
44513
44530
44540
44541
44554
44557
44564
44579
44594
44606
44607
44612
44617
44625
44636
44640
44647
44648
44668
44675
44683
44693
44707
44712
44726
44748
44751
44786
44797
44812
44818
44819
44826
44826
44828
44869
44872
44876
44884
44888
44897
44903
44906
44917
44919
44923
44927
44942
44942
44956
44956
44976
44982
44991
44999
45020
45023
45029
45039
45046
45049
45051
45061
45064
45086
45094
45101
45104
45133
45142
45156
45162
45166
45167
45177
45186
45187
45189
45191
45194
45198
45211
45211
45220
45227
45232
45245
45249
45266
45268
45280
45306
45314
45339
45339
45356
45362
45374
45399
45421
45428
45428
45449
45467
45468
45509
45511
45515
45519
45523
45525
45528
45530
45534
45539
45542
45554
45567
45580
45583
45585
45589
45590
45606
45614
45615
45624
45635
45635
45638
45648
45657
45657
45675
45681
45739
45745
45751
45775
45782
45792
45796
45805
45822
45836
45845
45854
45863
45877
45909
45912
45913
45915
45925
45942
45945
45963
45967
45980
45986
45989
45992
46013
46018
46038
46043
46055
46055
46064
46073
46074
46087
46090
46107
46121
46123
46131
46134
46138
46146
46148
46164
46165
46168
46176
46183
46202
46205
46205
46214
46227
46229
46230
46247
46250
46261
46263
46273
46282
46294
46297
46298
46305
46312
46339
46345
46356
46362
46367
46388
46389
46409
46409
46413
46415
46426
46433
46456
46465
46472
46477
46493
46496
46506
46525
46528
46530
46535
46551
46556
46565
46577
46586
46596
46598
46607
46608
46610
46614
46618
46637
46638
46651
46657
46705
46711
46741
46743
46758
46760
46762
46767
46769
46775
46777
46783
46792
46792
46794
46798
46799
46811
46823
46826
46842
46869
46889
46897
46902
46902
46904
46904
46917
46921
46928
46928
46934
46935
46935
46938
46939
46946
46947
46970
46973
46992
46994
47019
47019
47030
47039
47062
47068
47077
47078
47102
47108
47115
47127
47135
47144
47148
47160
47171
47172
47172
47187
47196
47212
47222
47226
47251
47256
47263
47275
47284
47285
47289
47290
47290
47293
47308
47312
47315
47326
47328
47339
47371
47375
47375
47380
47391
47398
47401
47419
47433
47435
47436
47441
47444
47453
47469
47469
47478
47482
47485
47498
47513
47516
47521
47521
47523
47525
47527
47540
47551
47552
47566
47567
47591
47606
47607
47615
47625
47673
47673
47676
47679
47691
47710
47711
47714
47716
47717
47723
47730
47742
47749
47766
47767
47783
47783
47785
47792
47802
47826
47835
47841
47846
47847
47852
47858
47886
47890
47901
47904
47912
47916
47918
47928
47945
47949
47951
47956
47956
47964
47968
47975
47978
47982
47992
47998
48000
48002
48005
48010
48013
48017
48038
48039
48045
48047
48052
48055
48066
48073
48082
48084
48101
48105
48112
48123
48133
48155
48163
48190
48194
48194
48196
48203
48206
48217
48218
48237
48244
48244
48245
48248
48255
48257
48259
48263
48265
48270
48272
48272
48275
48279
48295
48306
48309
48342
48346
48348
48371
48396
48400
48404
48412
48419
48421
48422
48432
48437
48441
48447
48458
48487
48512
48529
48532
48560
48565
48578
48579
48583
48586
48587
48590
48595
48605
48611
48634
48661
48661
48666
48671
48686
48694
48714
48720
48730
48742
48761
48772
48774
48781
48786
48794
48805
48809
48813
48820
48828
48837
48844
48848
48855
48862
48866
48884
48891
48896
48906
48913
48915
48932
48945
48950
48956
48962
48973
48980
48983
48992
48992
48993
49004
49011
49012
49016
49027
49040
49046
49047
49058
49062
49081
49081
49098
49101
49102
49103
49106
49112
49120
49149
49152
49162
49179
49185
49227
49236
49237
49242
49247
49250
49268
49273
49286
49287
49293
49302
49313
49319
49320
49328
49331
49343
49356
49361
49370
49375
49384
49395
49396
49414
49423
49425
49426
49447
49457
49474
49480
49495
49521
49523
49523
49529
49549
49551
49602
49602
49604
49606
49615
49621
49626
49634
49638
49644
49647
49655
49658
49665
49665
49684
49690
49691
49697
49703
49707
49713
49713
49725
49734
49736
49740
49745
49756
49763
49768
49772
49782
49803
49804
49812
49827
49833
49833
49837
49859
49866
49884
49889
49892
49895
49899
49900
49912
49915
49917
49921
49928
49928
49931
49933
49934
49936
49941
49959
49970
49974
49981
49988
49994
