6
12
21
29
44
54
55
66
77
81
95
101
107
108
108
123
127
131
134
134
135
138
142
145
146
154
158
160
165
188
192
199
201
206
214
220
225
230
235
248
248
250
251
255
260
269
275
276
292
304
304
310
316
319
328
332
333
336
353
355
370
373
373
378
380
384
385
388
394
404
409
410
413
422
429
432
433
433
455
455
464
466
467
471
473
474
477
486
493
494
494
513
514
529
530
539
547
555
558
565
567
582
587
591
591
594
596
602
611
611
612
623
628
630
654
668
672
673
677
678
689
705
709
719
732
736
745
746
747
757
762
762
779
786
792
792
793
794
804
825
829
847
849
859
861
863
864
868
870
871
880
890
891
893
898
902
914
916
918
921
921
922
925
929
937
939
943
943
951
962
967
974
978
979
982
994
997
999
999
1001
1005
1005
1008
1013
1014
1017
1020
1022
1027
1039
1045
1050
1056
1060
1079
1089
1100
1103
1110
1111
1116
1124
1125
1130
1133
1137
1140
1141
1143
1153
1159
1172
1188
1191
1210
1228
1235
1238
1249
1250
1253
1260
1270
1272
1278
1284
1299
1310
1311
1311
1313
1323
1331
1334
1337
1338
1349
1355
1368
1369
1371
1386
1387
1397
1414
1414
1423
1424
1427
1430
1432
1433
1445
1455
1468
1469
1473
1481
1484
1503
1507
1520
1522
1530
1532
1546
1555
1555
1558
1560
1562
1562
1568
1580
1594
1594
1595
1615
1623
1632
1634
1635
1637
1639
1649
1651
1663
1666
1667
1674
1687
1691
1691
1691
1694
1696
1713
1722
1738
1763
1764
1772
1776
1778
1786
1816
1817
1821
1825
1826
1848
1855
1867
1868
1869
1871
1878
1883
1886
1898
1906
1909
1909
1911
1914
1915
1928
1928
1933
1935
1937
1948
1957
1958
1958
1970
1981
1982
2001
2001
2002
2002
2002
2003
2007
2010
2011
2013
2023
2025
2028
2037
2040
2046
2049
2054
2056
2060
2064
2072
2073
2079
2080
2083
2085
2092
2092
2094
2103
2114
2117
2120
2129
2130
2135
2142
2145
2145
2148
2150
2155
2177
2177
2181
2182
2184
2197
2198
2203
2216
2218
2221
2224
2224
2228
2229
2232
2240
2244
2248
2248
2254
2256
2265
2271
2278
2284
2285
2299
2300
2307
2309
2311
2317
2318
2321
2322
2323
2338
2341
2342
2348
2359
2363
2365
2378
2379
2384
2386
2394
2394
2395
2396
2400
2404
2419
2420
2421
2429
2430
2452
2456
2464
2465
2472
2488
2490
2493
2497
2501
2503
2513
2515
2516
2520
2531
2533
2536
2539
2546
2560
2576
2576
2583
2586
2591
2603
2604
2609
2610
2612
2613
2621
2627
2627
2632
2638
2659
2684
2703
2706
2707
2708
2716
2721
2721
2734
2735
2758
2775
2783
2789
2791
2801
2807
2815
2824
2824
2825
2827
2829
2831
2833
2851
2858
2862
2889
2905
2909
2923
2926
2930
2930
2932
2934
2936
2939
2941
2947
2958
2960
2977
2979
2987
2987
2987
2993
2994
2997
2999
3003
3023
3031
3035
3037
3038
3041
3045
3050
3055
3056
3061
3069
3079
3082
3101
3108
3109
3117
3120
3130
3136
3143
3149
3149
3155
3156
3164
3168
3170
3195
3198
3199
3203
3204
3223
3237
3239
3244
3246
3250
3264
3275
3276
3278
3281
3282
3287
3301
3306
3328
3332
3333
3341
3347
3357
3357
3368
3368
3373
3374
3376
3392
3406
3409
3413
3455
3456
3457
3458
3460
3460
3461
3478
3500
3503
3504
3508
3509
3510
3511
3513
3525
3531
3539
3541
3545
3552
3559
3571
3574
3576
3576
3577
3586
3588
3591
3596
3610
3613
3614
3617
3623
3625
3628
3634
3638
3643
3648
3650
3651
3652
3659
3666
3673
3675
3676
3677
3682
3690
3691
3692
3695
3696
3703
3707
3708
3730
3739
3739
3747
3753
3762
3769
3772
3775
3783
3784
3786
3795
3795
3804
3813
3818
3821
3823
3840
3841
3849
3857
3858
3870
3873
3874
3875
3878
3880
3882
3882
3906
3913
3915
3916
3916
3924
3924
3950
3958
3962
3965
3981
3985
3989
3990
3991
3991
3994
3997
4001
4001
4002
4004
4004
4011
4016
4020
4025
4032
4036
4037
4046
4058
4067
4068
4093
4102
4106
4115
4118
4123
4128
4135
4152
4157
4158
4159
4161
4163
4166
4170
4174
4178
4179
4185
4186
4190
4191
4195
4198
4200
4209
4214
4217
4224
4230
4235
4237
4239
4240
4241
4242
4242
4247
4274
4291
4292
4300
4329
4330
4332
4334
4334
4338
4342
4344
4355
4379
4390
4390
4391
4391
4392
4393
4393
4395
4406
4408
4416
4417
4419
4422
4428
4429
4432
4438
4454
4469
4471
4471
4476
4481
4483
4486
4498
4501
4506
4516
4523
4526
4536
4554
4555
4555
4566
4570
4573
4576
4590
4595
4600
4622
4622
4622
4622
4624
4624
4626
4628
4629
4634
4635
4636
4640
4656
4672
4674
4678
4687
4691
4695
4705
4711
4720
4720
4721
4727
4731
4737
4739
4744
4751
4781
4783
4787
4787
4789
4792
4797
4798
4805
4815
4815
4818
4818
4820
4826
4826
4829
4830
4830
4831
4835
4836
4841
4842
4850
4850
4853
4859
4860
4871
4882
4883
4889
4910
4916
4920
4923
4925
4929
4940
4949
4956
4956
4970
4972
4982
4983
4992
5008
5019
5030
5039
5050
5052
5053
5065
5067
5069
5071
5073
5076
5076
5085
5097
5101
5102
5104
5106
5116
5119
5131
5131
5138
5140
5165
5166
5169
5169
5181
5187
5197
5200
5201
5202
5203
5208
5211
5212
5212
5229
5232
5239
5241
5253
5254
5273
5290
5296
5302
5308
5313
5315
5329
5329
5337
5347
5354
5357
5361
5377
5385
5387
5387
5391
5397
5397
5397
5405
5410
5411
5414
5432
5439
5442
5442
5474
5477
5491
5495
5501
5503
5506
5506
5513
5515
5524
5533
5533
5558
5558
5558
5569
5580
5587
5590
5601
5617
5621
5632
5639
5647
5648
5657
5666
5686
5686
5689
5693
5696
5700
5703
5727
5730
5735
5739
5756
5760
5772
5774
5781
5783
5786
5802
5806
5810
5814
5833
5834
5836
5836
5841
5845
5849
5851
5851
5852
5852
5853
5855
5855
5863
5863
5868
5874
5890
5894
5913
5915
5920
5921
5922
5923
5929
5942
5942
5943
5945
5945
5946
5947
5951
5951
5955
5960
5967
5973
5976
5986
5989
5990
6012
6015
6015
6031
6033
6037
6050
6058
6058
6070
6071
6104
6104
6110
6121
6121
6124
6137
6139
6142
6159
6164
6165
6165
6168
6170
6170
6185
6186
6191
6192
6201
6204
6207
6214
6223
6224
6230
6230
6234
6237
6240
6241
6256
6262
6269
6270
6278
6289
6295
6296
6300
6317
6319
6322
6322
6325
6327
6328
6332
6335
6337
6348
6349
6351
6353
6357
6361
6364
6380
6380
6394
6396
6399
6402
6404
6416
6419
6423
6423
6434
6439
6448
6451
6455
6458
6468
6469
6473
6482
6484
6487
6489
6491
6491
6499
6501
6506
6509
6511
6515
6519
6520
6525
6531
6534
6535
6548
6554
6566
6568
6569
6572
6579
6586
6592
6593
6601
6608
6612
6615
6619
6619
6621
6622
6632
6633
6634
6642
6648
6650
6652
6663
6676
6686
6712
6730
6739
6739
6746
6748
6755
6760
6764
6769
6776
6776
6792
6799
6803
6805
6808
6818
6831
6846
6875
6885
6889
6912
6913
6918
6919
6921
6925
6936
6946
6947
6949
6954
6957
6960
6963
6965
6968
6982
6983
6988
6993
7006
7009
7015
7050
7062
7065
7068
7072
7072
7073
7089
7095
7098
7103
7103
7104
7105
7109
7111
7114
7121
7122
7128
7141
7148
7160
7166
7168
7171
7177
7184
7190
7199
7200
7201
7203
7205
7211
7218
7218
7221
7234
7236
7252
7253
7256
7259
7264
7277
7278
7287
7301
7302
7302
7306
7311
7315
7326
7327
7329
7339
7342
7348
7362
7379
7384
7404
7420
7421
7423
7424
7427
7428
7435
7440
7440
7445
7462
7464
7486
7490
7494
7505
7513
7519
7521
7522
7527
7540
7542
7554
7560
7566
7576
7590
7592
7592
7598
7613
7613
7616
7619
7622
7628
7636
7638
7641
7649
7653
7657
7666
7667
7668
7671
7673
7675
7678
7681
7689
7695
7700
7718
7720
7728
7731
7732
7734
7734
7752
7752
7767
7780
7803
7806
7807
7808
7831
7838
7857
7858
7859
7861
7871
7875
7876
7877
7880
7895
7900
7905
7906
7909
7910
7921
7921
7926
7940
7945
7950
7952
7956
7957
7970
7971
7972
7996
7998
7999
8004
8013
8023
8037
8051
8053
8053
8062
8067
8072
8080
8080
8086
8103
8105
8106
8107
8108
8110
8111
8114
8122
8123
8123
8123
8124
8125
8127
8128
8132
8132
8133
8138
8150
8151
8152
8153
8153
8163
8165
8166
8166
8187
8188
8189
8191
8192
8197
8198
8208
8217
8220
8221
8223
8236
8237
8239
8242
8249
8249
8254
8265
8270
8273
8275
8278
8285
8290
8291
8301
8308
8315
8319
8321
8325
8345
8346
8350
8354
8361
8365
8370
8378
8385
8389
8394
8406
8408
8418
8429
8429
8430
8431
8434
8435
8437
8450
8450
8454
8454
8459
8460
8467
8478
8480
8492
8495
8495
8501
8502
8503
8503
8507
8518
8519
8522
8529
8531
8538
8541
8552
8557
8567
8578
8588
8602
8603
8607
8612
8614
8614
8627
8632
8643
8647
8647
8653
8655
8660
8671
8671
8673
8683
8690
8699
8701
8707
8711
8714
8721
8730
8733
8759
8761
8764
8778
8782
8782
8789
8800
8804
8807
8808
8809
8814
8819
8826
8828
8833
8838
8842
8851
8859
8860
8861
8864
8866
8871
8880
8882
8884
8888
8895
8909
8911
8915
8917
8919
8920
8930
8931
8931
8933
8937
8939
8943
8972
8974
8976
8981
8988
8997
9000
9002
9004
9022
9025
9034
9044
9047
9060
9066
9067
9067
9070
9074
9093
9103
9107
9109
9110
9112
9122
9122
9126
9128
9145
9145
9146
9150
9161
9166
9169
9178
9181
9183
9185
9192
9194
9196
9197
9200
9203
9204
9226
9232
9235
9240
9242
9250
9253
9265
9265
9268
9269
9278
9283
9288
9289
9292
9293
9295
9300
9322
9323
9324
9334
9334
9334
9336
9337
9339
9345
9346
9347
9352
9359
9359
9377
9378
9380
9391
9392
9392
9392
9393
9396
9399
9407
9434
9435
9447
9452
9458
9460
9461
9464
9466
9469
9473
9485
9488
9489
9491
9495
9501
9517
9517
9531
9536
9546
9548
9552
9555
9560
9572
9577
9578
9585
9586
9600
9601
9605
9609
9612
9615
9619
9621
9623
9631
9637
9649
9653
9659
9663
9669
9669
9671
9672
9680
9703
9714
9715
9715
9720
9734
9740
9740
9749
9754
9761
9764
9769
9771
9771
9779
9780
9789
9800
9808
9819
9820
9820
9824
9827
9835
9842
9844
9845
9846
9847
9865
9873
9877
9895
9897
9899
9905
9908
9909
9909
9911
9916
9929
9942
9952
9957
9961
9964
9967
9969
9970
9971
9977
9980
9988
9990
9990
9990
9992
10007
10008
10019
10029
10035
10038
10047
10048
10066
10068
10068
10069
10069
10073
10076
10082
10086
10087
10094
10102
10103
10114
10121
10146
10159
10160
10165
10166
10167
10172
10180
10183
10184
10189
10189
10209
10220
10222
10226
10227
10228
10234
10253
10257
10259
10272
10274
10277
10297
10298
10325
10328
10328
10336
10339
10344
10346
10348
10350
10352
10354
10359
10359
10368
10372
10380
10387
10389
10402
10405
10407
10416
10423
10425
10434
10436
10447
10457
10458
10473
10474
10474
10480
10493
10496
10499
10501
10501
10502
10506
10507
10509
10509
10516
10517
10541
10552
10585
10591
10592
10597
10613
10613
10614
10616
10623
10627
10629
10631
10631
10635
10638
10639
10641
10643
10656
10657
10657
10664
10668
10669
10674
10678
10679
10688
10689
10691
10693
10700
10712
10713
10714
10714
10715
10723
10729
10732
10736
10738
10738
10755
10758
10758
10758
10770
10783
10790
10794
10794
10799
10801
10809
10809
10810
10810
10815
10821
10823
10832
10833
10842
10846
10853
10857
10857
10871
10875
10875
10876
10887
10890
10910
10916
10917
10918
10922
10922
10925
10943
10944
10947
10955
10956
10957
10958
10958
10961
10975
10976
10978
10980
10991
10995
10997
10998
11001
11003
11005
11006
11010
11016
11018
11018
11026
11034
11037
11043
11081
11083
11085
11086
11091
11105
11106
11115
11117
11132
11138
11139
11143
11144
11148
11155
11159
11164
11168
11174
11181
11183
11190
11194
11215
11229
11237
11242
11249
11266
11267
11268
11270
11274
11276
11277
11284
11291
11291
11299
11304
11314
11319
11322
11323
11325
11329
11338
11340
11342
11342
11343
11344
11344
11352
11357
11358
11361
11361
11364
11365
11368
11371
11373
11380
11381
11384
11387
11400
11412
11419
11420
11432
11442
11444
11460
11460
11466
11479
11479
11490
11509
11516
11523
11525
11534
11536
11537
11541
11542
11544
11546
11550
11553
11557
11558
11561
11562
11564
11565
11569
11574
11574
11576
11580
11583
11583
11585
11603
11608
11609
11613
11615
11618
11620
11620
11629
11638
11639
11643
11647
11650
11654
11661
11665
11671
11676
11694
11710
11715
11715
11716
11722
11752
11759
11761
11761
11769
11772
11772
11779
11781
11794
11814
11814
11815
11815
11821
11825
11830
11831
11832
11834
11836
11851
11861
11865
11866
11871
11873
11880
11881
11884
11897
11912
11914
11917
11925
11932
11936
11946
11948
11951
11970
11978
11981
11990
12003
12008
12010
12016
12023
12026
12042
12045
12059
12059
12060
12072
12072
12092
12094
12096
12101
12105
12106
12109
12109
12113
12114
12118
12128
12128
12129
12135
12135
12149
12154
12156
12160
12178
12183
12190
12199
12200
12217
12222
12227
12230
12234
12246
12246
12248
12260
12265
12268
12268
12269
12282
12284
12285
12291
12294
12295
12299
12305
12305
12306
12311
12313
12322
12325
12325
12335
12336
12340
12345
12356
12364
12366
12370
12372
12374
12387
12392
12415
12424
12427
12430
12441
12445
12446
12446
12453
12455
12460
12477
12485
12491
12495
12499
12521
12523
12530
12536
12559
12580
12587
12589
12604
12605
12605
12614
12618
12618
12619
12625
12625
12637
12639
12649
12650
12656
12667
12673
12680
12680
12683
12712
12722
12723
12724
12728
12731
12731
12741
12741
12745
12754
12755
12765
12766
12770
12771
12773
12775
12786
12791
12803
12806
12813
12813
12820
12820
12820
12823
12835
12835
12846
12846
12850
12862
12863
12878
12890
12891
12903
12913
12917
12939
12944
12945
12965
12966
12970
12973
12974
12998
13004
13006
13011
13027
13029
13035
13038
13044
13055
13062
13067
13073
13075
13078
13085
13091
13095
13098
13100
13102
13114
13115
13119
13125
13137
13139
13145
13147
13148
13154
13161
13161
13172
13189
13194
13201
13202
13211
13219
13233
13236
13238
13244
13248
13251
13252
13263
13270
13270
13277
13280
13299
13306
13307
13317
13317
13321
13324
13325
13325
13326
13331
13340
13344
13349
13350
13361
13366
13368
13368
13390
13401
13406
13406
13409
13413
13414
13414
13422
13424
13425
13429
13433
13434
13444
13445
13446
13448
13468
13469
13481
13492
13510
13511
13526
13529
13529
13540
13551
13553
13558
13561
13563
13565
13575
13576
13589
13592
13593
13594
13595
13595
13597
13600
13603
13604
13606
13607
13609
13614
13616
13645
13647
13657
13693
13695
13709
13711
13713
13713
13715
13719
13726
13732
13743
13744
13754
13757
13760
13761
13765
13769
13778
13781
13784
13788
13788
13789
13792
13792
13792
13801
13811
13812
13817
13821
13823
13828
13841
13847
13850
13860
13861
13869
13873
13877
13883
13915
13915
13919
13924
13926
13933
13939
13946
13948
13950
13950
13952
13952
13954
13955
13959
13959
13969
13973
13978
13978
13979
13980
13981
13987
13991
13995
14002
14008
14011
14016
14018
14029
14034
14035
14035
14039
14045
14049
14069
14095
14098
14101
14109
14111
14114
14135
14140
14140
14143
14144
14163
14167
14184
14185
14185
14189
14192
14205
14208
14210
14210
14210
14214
14214
14215
14227
14228
14236
14239
14239
14239
14262
14263
14263
14276
14284
14287
14288
14310
14316
14320
14322
14325
14327
14329
14330
14332
14336
14342
14342
14342
14349
14353
14356
14365
14376
14384
14384
14391
14393
14394
14399
14406
14409
14410
14418
14419
14424
14424
14427
14434
14435
14436
14436
14442
14450
14454
14460
14462
14474
14475
14493
14496
14499
14502
14507
14508
14520
14528
14532
14552
14558
14566
14571
14575
14578
14588
14594
14604
14606
14611
14614
14621
14628
14629
14629
14638
14639
14658
14664
14679
14687
14687
14690
14695
14698
14710
14713
14714
14719
14726
14726
14731
14741
14747
14755
14763
14764
14771
14774
14778
14786
14793
14796
14811
14832
14834
14840
14846
14857
14860
14866
14875
14876
14884
14886
14893
14913
14916
14930
14930
14941
14948
14978
15014
15015
15028
15033
15034
15035
15037
15041
15043
15050
15053
15053
15054
15061
15064
15065
15065
15073
15077
15080
15089
15101
15102
15107
15118
15124
15134
15140
15142
15144
15145
15148
15154
15156
15157
15162
15163
15170
15171
15178
15189
15195
15195
15197
15199
15199
15201
15207
15214
15227
15230
15232
15269
15289
15292
15298
15299
15309
15309
15339
15348
15358
15365
15366
15366
15375
15376
15376
15387
15391
15392
15396
15397
15398
15401
15404
15404
15406
15410
15417
15421
15430
15434
15437
15442
15444
15448
15449
15451
15453
15454
15459
15460
15460
15461
15469
15471
15473
15479
15481
15493
15495
15507
15514
15520
15529
15530
15533
15534
15537
15543
15545
15551
15556
15564
15582
15584
15588
15590
15593
15595
15598
15603
15612
15626
15626
15627
15632
15633
15633
15634
15636
15647
15648
15651
15660
15660
15660
15660
15677
15689
15712
15713
15718
15718
15722
15722
15731
15731
15732
15739
15741
15745
15746
15749
15750
15753
15754
15758
15761
15766
15768
15770
15782
15784
15787
15794
15807
15809
15820
15825
15827
15827
15830
15832
15851
15865
15868
15868
15885
15886
15891
15893
15904
15914
15916
15917
15927
15928
15929
15937
15944
15945
15951
15952
15954
15956
15958
15962
15964
15968
15971
15978
15989
15995
15998
16004
16028
16029
16051
16066
16080
16094
16095
16095
16100
16111
16113
16125
16131
16134
16138
16138
16142
16154
16164
16170
16179
16182
16184
16202
16205
16215
16216
16227
16228
16235
16253
16256
16257
16258
16259
16262
16268
16272
16273
16276
16288
16289
16292
16293
16294
16295
16300
16303
16309
16315
16318
16319
16329
16334
16335
16341
16348
16353
16354
16354
16354
16367
16370
16373
16377
16377
16382
16386
16387
16390
16393
16395
16405
16407
16414
16420
16423
16426
16430
16440
16441
16442
16447
16469
16480
16483
16497
16502
16505
16505
16509
16527
16529
16540
16547
16555
16569
16572
16580
16582
16584
16585
16586
16589
16595
16595
16598
16603
16604
16605
16610
16627
16633
16635
16636
16644
16645
16648
16659
16661
16668
16675
16679
16683
16704
16705
16707
16719
16720
16724
16744
16752
16755
16757
16758
16758
16773
16777
16779
16789
16793
16801
16808
16820
16828
16841
16843
16848
16857
16864
16867
16868
16875
16880
16886
16890
16898
16901
16904
16905
16909
16919
16920
16923
16925
16926
16949
16958
16986
16989
16998
17006
17010
17011
17027
17032
17035
17039
17047
17055
17058
17059
17076
17080
17080
17081
17083
17090
17097
17099
17105
17106
17116
17120
17152
17157
17170
17185
17191
17208
17209
17212
17213
17215
17216
17219
17231
17245
17249
17251
17271
17276
17276
17278
17283
17286
17288
17290
17294
17297
17316
17316
17325
17330
17332
17339
17345
17346
17356
17361
17363
17365
17366
17367
17384
17391
17399
17400
17404
17407
17414
17415
17418
17420
17428
17438
17440
17441
17447
17448
17452
17457
17459
17459
17460
17462
17462
17483
17485
17494
17500
17509
17512
17519
17523
17524
17536
17543
17546
17547
17549
17552
17552
17563
17564
17575
17576
17577
17582
17601
17604
17611
17611
17614
17615
17616
17625
17633
17636
17636
17641
17650
17658
17663
17666
17671
17674
17677
17681
17683
17705
17708
17708
17720
17722
17724
17735
17736
17737
17738
17738
17744
17754
17767
17773
17779
17789
17796
17807
17808
17817
17822
17828
17847
17848
17855
17865
17871
17873
17875
17879
17893
17895
17898
17905
17908
17912
17913
17919
17920
17929
17929
17930
17932
17936
17937
17938
17943
17946
17951
17958
17961
17970
17974
17976
17977
17979
17986
17991
17991
17993
18007
18015
18019
18025
18027
18042
18045
18048
18048
18055
18066
18066
18082
18082
18083
18091
18095
18104
18107
18109
18115
18121
18129
18129
18142
18144
18153
18157
18159
18182
18193
18194
18198
18198
18211
18216
18225
18226
18238
18241
18243
18248
18254
18261
18261
18262
18273
18276
18280
18280
18283
18283
18285
18285
18287
18287
18297
18299
18310
18312
18328
18333
18333
18335
18364
18364
18364
18371
18385
18386
18386
18386
18410
18411
18415
18415
18416
18416
18421
18438
18442
18443
18446
18451
18452
18455
18460
18489
18497
18500
18504
18510
18515
18539
18540
18542
18543
18560
18562
18574
18589
18596
18604
18608
18616
18617
18618
18621
18623
18624
18637
18648
18657
18657
18665
18670
18673
18676
18679
18683
18685
18692
18693
18699
18713
18718
18720
18720
18724
18730
18731
18732
18738
18739
18748
18751
18763
18765
18770
18772
18775
18794
18803
18805
18813
18817
18818
18822
18823
18824
18828
18829
18831
18836
18839
18853
18854
18854
18860
18862
18869
18877
18880
18881
18899
18899
18899
18900
18918
18919
18920
18923
18927
18930
18931
18980
18981
18989
18991
18991
18994
18997
18997
18999
19005
19006
19007
19008
19012
19016
19016
19017
19026
19028
19028
19031
19031
19041
19043
19050
19052
19053
19058
19062
19078
19081
19091
19094
19097
19114
19117
19124
19126
19148
19150
19151
19171
19176
19178
19183
19183
19189
19191
19210
19217
19221
19229
19230
19238
19257
19260
19278
19292
19293
19293
19304
19306
19308
19333
19335
19341
19342
19346
19357
19364
19365
19368
19371
19375
19377
19378
19381
19386
19395
19396
19401
19402
19406
19421
19427
19427
19429
19430
19430
19431
19432
19435
19446
19447
19455
19475
19478
19482
19483
19484
19486
19489
19492
19494
19496
19498
19501
19503
19511
19519
19545
19547
19559
19563
19563
19569
19570
19576
19578
19579
19597
19601
19604
19605
19605
19606
19610
19614
19619
19619
19622
19623
19623
19633
19640
19644
19654
19656
19666
19668
19669
19670
19670
19676
19677
19687
19692
19692
19693
19694
19697
19700
19704
19704
19709
19709
19713
19717
19723
19730
19735
19735
19735
19738
19743
19744
19753
19753
19753
19754
19759
19768
19768
19788
19791
19800
19800
19809
19817
19823
19823
19823
19826
19830
19838
19839
19849
19850
19886
19902
19935
19936
19940
19947
19956
19959
19963
19965
19968
19972
19976
19977
19978
20001
20007
20012
20020
20020
20023
20027
20034
20035
20037
20042
20046
20049
20050
20054
20066
20066
20068
20070
20079
20086
20093
20095
20107
20110
20120
20126
20132
20133
20134
20139
20140
20142
20150
20154
20154
20159
20165
20173
20177
20177
20180
20184
20189
20194
20198
20200
20201
20209
20214
20224
20229
20234
20239
20239
20240
20249
20266
20267
20270
20271
20271
20272
20279
20288
20289
20303
20304
20312
20314
20316
20322
20332
20335
20336
20336
20341
20342
20344
20356
20358
20364
20364
20367
20374
20374
20376
20385
20394
20395
20398
20416
20418
20419
20429
20433
20433
20435
20440
20445
20454
20455
20493
20496
20499
20511
20514
20515
20519
20526
20527
20535
20545
20546
20547
20554
20555
20573
20580
20589
20593
20594
20602
20603
20606
20607
20610
20613
20627
20627
20631
20633
20638
20638
20642
20645
20651
20653
20658
20663
20666
20667
20667
20668
20671
20675
20676
20692
20701
20706
20748
20748
20749
20749
20757
20760
20769
20770
20772
20787
20790
20794
20795
20801
20805
20806
20809
20813
20819
20828
20838
20841
20852
20857
20859
20861
20873
20881
20882
20884
20890
20890
20898
20904
20910
20916
20935
20937
20955
20963
20977
20978
20982
20983
20986
20989
20991
20994
20999
21014
21029
21030
21031
21033
21034
21034
21035
21041
21041
21045
21046
21052
21055
21067
21070
21076
21086
21094
21097
21106
21107
21111
21127
21137
21141
21147
21153
21153
21154
21173
21176
21178
21191
21193
21194
21197
21197
21211
21214
21237
21237
21239
21247
21247
21269
21279
21281
21281
21296
21331
21340
21340
21342
21345
21347
21350
21350
21360
21363
21378
21384
21384
21387
21391
21392
21392
21410
21411
21411
21423
21423
21438
21447
21452
21454
21463
21475
21477
21486
21497
21498
21507
21509
21514
21516
21519
21524
21524
21534
21534
21551
21562
21563
21574
21587
21606
21608
21619
21627
21633
21639
21642
21645
21651
21652
21656
21657
21658
21661
21694
21696
21697
21699
21707
21715
21718
21725
21732
21740
21741
21746
21755
21760
21775
21779
21783
21790
21794
21801
21803
21810
21819
21821
21831
21832
21833
21839
21840
21840
21848
21852
21867
21873
21874
21875
21884
21886
21887
21888
21888
21891
21891
21893
21900
21908
21910
21919
21923
21925
21938
21944
21952
21953
21963
21966
21967
21972
21974
21976
21985
21989
21992
21996
22006
22025
22052
22059
22064
22065
22068
22075
22083
22101
22104
22109
22126
22130
22132
22132
22134
22136
22144
22144
22144
22145
22150
22156
22157
22159
22164
22168
22171
22177
22180
22187
22189
22207
22211
22226
22229
22230
22250
22253
22256
22260
22263
22273
22287
22293
22295
22303
22306
22308
22309
22312
22312
22318
22320
22320
22320
22322
22327
22328
22337
22349
22352
22357
22360
22368
22371
22375
22378
22398
22403
22406
22407
22409
22413
22418
22421
22431
22432
22433
22439
22445
22455
22457
22457
22462
22480
22482
22483
22485
22486
22488
22493
22495
22497
22500
22503
22509
22517
22523
22528
22536
22539
22543
22562
22562
22567
22572
22580
22592
22597
22603
22614
22614
22618
22621
22624
22627
22632
22633
22638
22640
22642
22642
22647
22662
22669
22699
22704
22704
22706
22707
22710
22712
22713
22722
22722
22732
22750
22756
22777
22785
22785
22789
22789
22792
22794
22799
22803
22805
22811
22829
22834
22843
22847
22852
22869
22872
22874
22878
22882
22883
22886
22895
22896
22899
22908
22914
22923
22924
22926
22927
22932
22937
22943
22951
22957
22959
22961
22964
22972
22981
22981
22988
22992
22995
23003
23005
23006
23007
23016
23030
23032
23039
23054
23065
23065
23077
23077
23080
23083
23095
23095
23096
23098
23100
23104
23113
23115
23127
23134
23142
23154
23158
23174
23175
23176
23180
23188
23188
23189
23191
23199
23202
23207
23211
23212
23214
23224
23227
23228
23234
23242
23251
23259
23260
23265
23286
23289
23294
23303
23306
23313
23318
23324
23327
23338
23345
23345
23347
23351
23351
23358
23359
23361
23363
23370
23372
23376
23385
23389
23395
23404
23404
23410
23411
23418
23419
23420
23425
23447
23451
23452
23460
23462
23462
23466
23479
23488
23493
23503
23504
23506
23508
23510
23528
23534
23534
23545
23568
23569
23578
23580
23583
23586
23587
23595
23595
23598
23602
23602
23607
23608
23614
23618
23622
23624
23626
23628
23629
23641
23652
23654
23656
23656
23659
23666
23675
23675
23677
23689
23689
23710
23710
23725
23729
23738
23739
23741
23746
23749
23772
23777
23780
23781
23786
23791
23804
23805
23811
23813
23820
23823
23834
23837
23837
23839
23840
23850
23852
23872
23872
23872
23876
23876
23879
23887
23890
23893
23894
23897
23901
23902
23903
23904
23916
23925
23926
23928
23947
23959
23960
23969
23970
23972
23978
23981
23982
23987
23988
24005
24020
24022
24035
24048
24059
24059
24069
24070
24071
24081
24083
24099
24102
24111
24115
24117
24152
24155
24160
24161
24164
24172
24172
24174
24188
24202
24205
24217
24222
24231
24239
24245
24247
24249
24256
24260
24263
24266
24286
24287
24288
24290
24293
24294
24296
24300
24306
24306
24310
24311
24312
24313
24319
24327
24338
24345
24351
24357
24363
24370
24371
24391
24393
24395
24396
24401
24402
24409
24410
24416
24419
24420
24421
24426
24430
24442
24448
24453
24470
24470
24475
24490
24493
24501
24502
24521
24526
24531
24539
24553
24556
24559
24568
24572
24580
24581
24588
24591
24593
24597
24610
24611
24615
24618
24623
24633
24638
24644
24649
24651
24658
24658
24660
24662
24665
24667
24668
24672
24674
24674
24678
24680
24684
24697
24703
24706
24708
24708
24712
24716
24717
24727
24729
24730
24737
24739
24757
24769
24778
24779
24783
24785
24788
24788
24808
24819
24830
24834
24835
24836
24850
24852
24858
24871
24877
24884
24885
24887
24888
24888
24889
24892
24899
24904
24917
24918
24925
24931
24934
24950
24954
24956
24957
24957
24959
24962
24963
24971
24972
24981
24983
24985
24989
24994
25000
25000
25010
25011
25012
25012
25016
25019
25026
25028
25032
25035
25039
25046
25058
25063
25066
25067
25070
25071
25077
25078
25092
25108
25117
25131
25135
25137
25144
25154
25175
25179
25181
25181
25184
25190
25191
25192
25193
25199
25202
25205
25206
25211
25217
25219
25223
25233
25234
25235
25235
25236
25243
25254
25257
25258
25261
25269
25274
25281
25282
25286
25298
25298
25324
25324
25326
25331
25337
25337
25344
25346
25350
25350
25351
25356
25370
25376
25379
25381
25389
25394
25394
25395
25402
25412
25428
25433
25436
25439
25445
25447
25465
25471
25478
25482
25484
25494
25497
25498
25501
25512
25516
25525
25533
25554
25570
25579
25580
25597
25614
25621
25638
25653
25656
25658
25660
25664
25665
25671
25676
25685
25685
25702
25717
25719
25720
25725
25733
25745
25747
25751
25752
25761
25761
25772
25781
25786
25788
25796
25807
25808
25816
25817
25820
25823
25829
25835
25851
25854
25858
25869
25879
25885
25887
25892
25893
25899
25899
25901
25911
25915
25922
25923
25935
25938
25940
25950
25960
25978
25978
25986
25988
25997
26007
26009
26010
26011
26012
26017
26021
26025
26026
26034
26039
26041
26060
26062
26101
26102
26106
26112
26117
26124
26128
26132
26133
26135
26136
26138
26142
26164
26164
26187
26189
26189
26189
26193
26197
26198
26200
26215
26216
26224
26230
26231
26231
26235
26237
26240
26247
26261
26273
26276
26280
26286
26290
26294
26296
26303
26308
26325
26326
26344
26350
26355
26364
26364
26367
26372
26376
26380
26381
26389
26393
26394
26395
26401
26410
26414
26434
26437
26439
26442
26445
26447
26450
26452
26473
26479
26485
26485
26486
26488
26490
26500
26503
26503
26504
26504
26515
26524
26529
26529
26530
26535
26542
26551
26561
26567
26578
26580
26585
26591
26598
26599
26601
26608
26609
26611
26615
26626
26627
26638
26644
26645
26647
26647
26652
26660
26660
26668
26669
26669
26681
26688
26692
26703
26713
26716
26722
26730
26738
26740
26749
26750
26762
26770
26785
26785
26786
26793
26797
26798
26798
26803
26818
26823
26826
26832
26847
26856
26861
26865
26874
26876
26884
26890
26890
26899
26917
26921
26928
26928
26933
26933
26933
26940
26957
26959
26960
26963
26964
26969
26973
26973
26977
26978
26983
26984
26986
26989
26993
26994
27002
27004
27005
27008
27009
27041
27048
27053
27064
27067
27067
27067
27092
27103
27113
27121
27123
27130
27134
27156
27161
27162
27175
27178
27188
27190
27191
27194
27201
27204
27205
27208
27212
27225
27227
27228
27230
27239
27247
27247
27260
27263
27269
27271
27274
27278
27287
27289
27295
27296
27296
27298
27302
27312
27312
27314
27317
27320
27322
27332
27346
27349
27356
27359
27360
27364
27364
27377
27384
27391
27394
27398
27399
27410
27413
27417
27419
27419
27428
27428
27438
27456
27461
27473
27482
27485
27487
27492
27496
27501
27525
27528
27528
27529
27532
27551
27558
27559
27560
27581
27584
27618
27619
27624
27629
27640
27641
27643
27644
27645
27658
27669
27674
27677
27678
27678
27686
27698
27700
27704
27705
27707
27707
27708
27708
27733
27733
27734
27737
27738
27740
27742
27750
27755
27760
27776
27790
27792
27806
27809
27810
27812
27814
27825
27836
27836
27851
27852
27854
27857
27860
27863
27873
27874
27885
27889
27891
27911
27921
27923
27939
27942
27949
27952
27962
27965
27982
27985
27992
27994
27996
28025
28035
28037
28045
28052
28053
28062
28065
28067
28069
28087
28092
28098
28107
28113
28129
28132
28134
28147
28149
28152
28159
28169
28172
28172
28173
28183
28195
28195
28199
28199
28208
28218
28232
28234
28237
28241
28243
28243
28244
28244
28247
28249
28249
28261
28267
28270
28272
28273
28274
28279
28285
28291
28303
28307
28318
28321
28329
28342
28354
28360
28367
28369
28370
28374
28384
28387
28391
28402
28408
28415
28423
28425
28429
28429
28435
28441
28454
28455
28457
28463
28465
28466
28470
28489
28502
28509
28511
28517
28534
28543
28544
28545
28545
28556
28558
28560
28572
28576
28579
28585
28590
28603
28605
28606
28608
28611
28615
28627
28629
28633
28634
28647
28657
28665
28672
28674
28676
28690
28694
28699
28702
28710
28715
28716
28719
28720
28733
28737
28738
28744
28758
28759
28760
28762
28764
28767
28769
28777
28779
28794
28795
28812
28815
28822
28823
28823
28826
28835
28844
28846
28859
28874
28880
28881
28881
28884
28884
28891
28895
28898
28911
28913
28917
28921
28927
28940
28942
28950
28950
28950
28968
28973
28981
28982
28983
28983
28989
28993
28993
28996
29019
29024
29031
29037
29038
29055
29062
29084
29085
29086
29097
29102
29108
29109
29110
29111
29111
29116
29120
29126
29128
29131
29135
29141
29144
29145
29146
29153
29156
29160
29165
29171
29179
29191
29211
29212
29216
29222
29225
29227
29229
29230
29232
29238
29239
29241
29247
29252
29253
29260
29262
29270
29274
29280
29282
29282
29286
29286
29291
29305
29307
29311
29315
29325
29325
29336
29340
29341
29342
29350
29365
29374
29375
29375
29377
29378
29379
29399
29408
29427
29432
29454
29456
29459
29460
29466
29466
29466
29497
29503
29507
29515
29516
29525
29540
29542
29549
29550
29562
29570
29571
29571
29578
29584
29589
29595
29601
29608
29619
29626
29629
29635
29647
29666
29669
29670
29674
29674
29674
29680
29682
29682
29683
29683
29685
29686
29687
29689
29697
29702
29703
29705
29706
29712
29718
29724
29731
29736
29737
29739
29749
29752
29756
29761
29763
29766
29775
29777
29785
29790
29790
29790
29794
29799
29822
29823
29826
29827
29831
29833
29836
29836
29842
29849
29852
29853
29860
29862
29862
29866
29874
29879
29897
29897
29899
29902
29906
29914
29928
29935
29943
29945
29946
29958
29962
29970
29972
29974
29976
29979
29984
29986
30004
30008
30017
30017
30019
30028
30030
30031
30032
30033
30036
30037
30049
30052
30055
30059
30062
30072
30073
30078
30080
30082
30100
30105
30110
30112
30113
30114
30114
30117
30130
30140
30151
30162
30165
30168
30168
30178
30182
30189
30192
30195
30208
30210
30218
30224
30227
30227
30232
30242
30244
30260
30264
30265
30270
30272
30277
30286
30287
30291
30298
30311
30311
30315
30318
30321
30321
30322
30328
30346
30357
30357
30360
30361
30364
30367
30371
30384
30388
30392
30396
30422
30426
30429
30436
30442
30445
30445
30448
30457
30457
30467
30483
30486
30489
30491
30494
30499
30506
30511
30514
30515
30516
30518
30523
30525
30527
30530
30535
30537
30548
30555
30558
30558
30559
30564
30565
30565
30565
30574
30581
30582
30582
30599
30607
30616
30620
30623
30630
30635
30644
30647
30651
30654
30656
30661
30676
30689
30698
30708
30715
30715
30720
30730
30734
30738
30741
30756
30760
30766
30773
30783
30786
30786
30793
30796
30817
30817
30819
30822
30826
30834
30837
30842
30843
30846
30858
30859
30866
30873
30877
30893
30902
30903
30903
30910
30910
30915
30924
30929
30932
30933
30941
30950
30951
30953
30961
30962
30968
30968
30971
30972
30972
30991
30994
30999
31008
31013
31018
31020
31023
31025
31025
31028
31029
31031
31043
31049
31053
31065
31077
31085
31088
31090
31098
31099
31106
31119
31121
31122
31122
31123
31126
31126
31147
31148
31152
31153
31154
31163
31163
31170
31176
31176
31177
31191
31200
31209
31210
31210
31211
31215
31218
31219
31234
31235
31235
31243
31253
31255
31258
31262
31265
31266
31272
31273
31278
31280
31281
31282
31288
31291
31292
31298
31299
31301
31306
31308
31310
31315
31339
31340
31343
31344
31345
31346
31351
31354
31356
31367
31374
31377
31379
31380
31390
31397
31398
31400
31401
31406
31408
31410
31417
31418
31424
31436
31437
31438
31450
31454
31460
31461
31466
31467
31488
31489
31497
31504
31505
31505
31505
31512
31513
31516
31524
31526
31528
31532
31533
31540
31546
31556
31559
31568
31585
31594
31607
31618
31640
31641
31644
31644
31645
31646
31647
31660
31663
31665
31667
31682
31700
31702
31711
31735
31740
31745
31755
31756
31759
31760
31761
31762
31763
31767
31768
31771
31787
31788
31791
31795
31810
31811
31816
31816
31823
31825
31837
31850
31854
31863
31865
31867
31869
31871
31886
31894
31898
31900
31912
31912
31913
31914
31918
31920
31940
31948
31949
31950
31957
31959
31968
31974
31983
31990
31994
31995
32002
32005
32010
32011
32012
32013
32018
32029
32032
32037
32039
32045
32050
32057
32072
32076
32077
32078
32081
32082
32093
32095
32104
32107
32113
32117
32119
32125
32129
32136
32141
32146
32151
32157
32159
32159
32162
32163
32166
32166
32167
32176
32177
32181
32196
32199
32202
32206
32212
32212
32216
32222
32252
32256
32259
32264
32269
32270
32283
32283
32291
32300
32301
32312
32315
32329
32334
32343
32357
32361
32367
32370
32372
32383
32388
32395
32399
32400
32401
32410
32418
32433
32436
32464
32469
32471
32471
32473
32477
32485
32488
32492
32492
32495
32498
32502
32502
32504
32505
32510
32514
32516
32517
32526
32531
32532
32532
32542
32543
32544
32549
32553
32558
32558
32562
32563
32589
32592
32592
32594
32609
32615
32620
32620
32626
32634
32640
32646
32650
32660
32668
32674
32685
32698
32699
32701
32708
32713
32718
32718
32736
32737
32744
32750
32754
32757
32772
32784
32795
32812
32827
32840
32840
32841
32842
32847
32848
32849
32849
32860
32863
32865
32869
32870
32871
32876
32884
32892
32893
32900
32907
32914
32918
32919
32926
32937
32939
32940
32940
32945
32947
32950
32958
32962
32971
32972
32977
32981
32995
33012
33023
33026
33028
33035
33039
33039
33042
33051
33052
33056
33056
33059
33066
33068
33078
33086
33096
33107
33116
33135
33137
33156
33156
33161
33164
33165
33165
33175
33181
33187
33189
33192
33198
33207
33207
33210
33215
33215
33229
33237
33245
33249
33257
33259
33260
33274
33278
33283
33285
33294
33298
33313
33314
33322
33332
33338
33340
33343
33346
33354
33360
33362
33367
33376
33382
33384
33388
33397
33404
33413
33417
33451
33459
33460
33468
33469
33470
33474
33474
33475
33479
33480
33482
33482
33485
33490
33498
33505
33506
33509
33519
33535
33553
33556
33556
33557
33571
33576
33577
33578
33580
33589
33605
33607
33612
33614
33616
33627
33630
33634
33653
33655
33657
33657
33659
33661
33663
33669
33672
33676
33683
33703
33705
33718
33731
33735
33736
33739
33739
33741
33746
33755
33760
33760
33776
33779
33788
33793
33807
33820
33821
33836
33837
33839
33843
33843
33846
33856
33856
33857
33868
33873
33885
33885
33887
33891
33901
33902
33902
33903
33907
33910
33924
33927
33927
33940
33941
33945
33969
33969
33970
33970
33974
33976
33987
33991
33993
33993
33994
33998
34015
34015
34020
34025
34026
34026
34028
34030
34033
34034
34053
34054
34056
34063
34078
34097
34104
34109
34112
34120
34121
34122
34132
34143
34146
34147
34148
34148
34152
34158
34171
34176
34182
34190
34193
34207
34230
34237
34239
34240
34240
34241
34244
34257
34266
34267
34270
34275
34284
34286
34305
34306
34323
34323
34324
34333
34334
34334
34337
34349
34349
34357
34365
34365
34397
34402
34403
34408
34413
34416
34428
34433
34443
34446
34446
34447
34448
34449
34450
34454
34465
34467
34480
34481
34492
34494
34502
34511
34512
34526
34532
34535
34535
34545
34546
34553
34557
34581
34581
34587
34587
34588
34598
34598
34600
34601
34601
34603
34613
34617
34621
34628
34629
34638
34641
34642
34643
34648
34654
34654
34656
34656
34665
34668
34691
34693
34699
34709
34709
34715
34716
34720
34720
34726
34729
34729
34734
34735
34737
34737
34747
34751
34756
34758
34758
34785
34788
34797
34797
34799
34804
34809
34814
34814
34818
34826
34828
34832
34839
34842
34855
34857
34858
34865
34874
34883
34890
34898
34900
34903
34904
34909
34909
34910
34915
34915
34918
34942
34948
34951
34954
34957
34959
34961
34963
34970
34980
34980
34982
34986
34987
34995
34997
34997
35003
35005
35010
35014
35015
35022
35024
35029
35035
35042
35043
35053
35056
35064
35072
35074
35076
35081
35081
35087
35100
35117
35123
35129
35141
35142
35146
35159
35159
35162
35162
35162
35166
35170
35171
35180
35184
35185
35196
35204
35205
35206
35207
35209
35219
35221
35222
35226
35229
35232
35232
35244
35250
35251
35252
35259
35260
35262
35265
35266
35284
35289
35300
35302
35303
35310
35320
35322
35338
35350
35355
35361
35367
35368
35375
35386
35401
35411
35422
35425
35431
35431
35433
35442
35443
35450
35454
35460
35460
35471
35471
35472
35473
35477
35481
35482
35483
35485
35489
35494
35503
35513
35516
35521
35525
35526
35527
35545
35549
35560
35565
35566
35572
35574
35578
35597
35619
35640
35644
35648
35662
35670
35674
35679
35679
35679
35685
35687
35704
35716
35722
35727
35736
35738
35748
35750
35754
35766
35778
35778
35785
35794
35803
35811
35819
35831
35832
35844
35861
35865
35868
35868
35878
35886
35894
35905
35906
35906
35910
35910
35918
35920
35921
35932
35942
35944
35946
35951
35963
35975
35981
35983
35991
35996
36005
36013
36018
36020
36026
36032
36035
36037
36043
36044
36046
36053
36058
36080
36092
36093
36096
36097
36098
36100
36100
36106
36111
36114
36123
36123
36127
36131
36137
36147
36149
36165
36172
36182
36183
36186
36188
36189
36189
36230
36232
36247
36248
36269
36271
36274
36276
36289
36295
36303
36320
36321
36332
36335
36352
36352
36362
36364
36364
36368
36371
36373
36375
36380
36382
36406
36416
36420
36422
36423
36427
36440
36444
36444
36451
36461
36465
36480
36484
36486
36490
36509
36510
36513
36517
36520
36527
36536
36541
36548
36552
36563
36569
36591
36592
36592
36598
36599
36599
36610
36613
36619
36622
36634
36635
36639
36642
36649
36657
36658
36662
36668
36676
36676
36677
36678
36683
36685
36690
36690
36696
36698
36703
36715
36715
36725
36726
36729
36730
36733
36734
36735
36741
36748
36750
36764
36765
36769
36788
36803
36813
36814
36819
36822
36824
36824
36824
36835
36839
36840
36847
36852
36864
36866
36872
36881
36884
36888
36894
36909
36920
36940
36944
36944
36946
36958
36966
36969
36984
36986
36988
37005
37013
37013
37016
37023
37025
37025
37027
37038
37041
37042
37043
37049
37050
37052
37066
37068
37072
37073
37074
37080
37098
37107
37110
37113
37114
37115
37124
37131
37133
37137
37145
37149
37154
37161
37164
37164
37168
37168
37171
37172
37172
37180
37195
37197
37197
37206
37214
37217
37224
37225
37228
37236
37237
37239
37242
37243
37245
37250
37251
37254
37256
37265
37265
37266
37266
37279
37293
37304
37308
37314
37315
37317
37324
37326
37329
37330
37332
37341
37349
37350
37361
37368
37369
37376
37384
37385
37387
37390
37405
37412
37415
37415
37418
37420
37420
37428
37466
37467
37476
37479
37479
37480
37485
37491
37494
37498
37506
37509
37516
37519
37520
37521
37529
37541
37542
37544
37547
37558
37560
37563
37567
37571
37597
37602
37604
37615
37616
37616
37616
37623
37634
37636
37648
37659
37664
37665
37666
37666
37668
37670
37674
37687
37691
37691
37692
37695
37696
37699
37700
37701
37703
37709
37717
37721
37723
37729
37737
37738
37745
37749
37753
37754
37763
37771
37776
37779
37779
37782
37782
37786
37790
37796
37799
37803
37811
37813
37817
37820
37822
37842
37848
37849
37850
37864
37865
37867
37873
37890
37893
37916
37920
37927
37935
37968
37971
37971
37978
37982
37983
37990
38006
38009
38021
38025
38027
38036
38038
38057
38058
38062
38063
38065
38068
38071
38079
38082
38085
38087
38095
38096
38102
38105
38112
38115
38123
38134
38136
38136
38136
38138
38147
38151
38155
38165
38166
38168
38169
38174
38175
38181
38183
38186
38193
38200
38203
38205
38216
38221
38221
38222
38224
38225
38232
38240
38248
38251
38256
38259
38265
38267
38270
38273
38284
38290
38297
38308
38308
38317
38320
38325
38326
38326
38337
38338
38342
38348
38354
38355
38368
38369
38375
38379
38380
38389
38391
38394
38394
38398
38402
38406
38407
38408
38410
38410
38418
38421
38426
38427
38431
38432
38436
38441
38446
38449
38452
38453
38458
38472
38486
38487
38488
38490
38493
38495
38500
38505
38506
38509
38511
38516
38522
38523
38529
38533
38539
38542
38542
38552
38558
38560
38565
38570
38573
38574
38582
38588
38590
38591
38593
38607
38613
38617
38620
38623
38627
38628
38630
38630
38630
38650
38666
38685
38688
38693
38708
38714
38720
38729
38734
38753
38757
38763
38767
38767
38769
38773
38779
38786
38798
38800
38802
38805
38807
38807
38808
38815
38817
38834
38836
38836
38860
38879
38889
38889
38892
38895
38897
38897
38898
38903
38909
38921
38922
38922
38922
38925
38929
38934
38936
38941
38955
38956
38962
38971
38974
38986
38994
38996
38999
39001
39003
39007
39013
39015
39019
39020
39024
39025
39038
39041
39054
39058
39064
39075
39084
39091
39096
39098
39106
39127
39133
39144
39145
39147
39155
39155
39160
39168
39173
39174
39174
39176
39180
39192
39196
39206
39206
39212
39216
39216
39218
39222
39241
39247
39251
39252
39257
39261
39261
39268
39270
39270
39283
39285
39286
39287
39287
39290
39291
39301
39311
39315
39334
39349
39353
39355
39361
39362
39365
39374
39386
39393
39393
39395
39415
39438
39444
39447
39460
39460
39463
39474
39477
39483
39485
39487
39489
39492
39494
39494
39497
39501
39508
39510
39522
39535
39535
39539
39548
39549
39550
39551
39556
39560
39563
39569
39569
39570
39573
39574
39575
39590
39591
39591
39598
39606
39607
39609
39611
39612
39620
39622
39631
39638
39643
39644
39646
39649
39653
39655
39657
39673
39674
39678
39678
39680
39688
39691
39711
39712
39713
39714
39714
39717
39718
39720
39728
39728
39729
39731
39731
39737
39740
39751
39757
39757
39763
39774
39777
39779
39781
39781
39782
39783
39791
39793
39794
39799
39809
39816
39824
39827
39830
39831
39833
39856
39857
39863
39863
39865
39869
39869
39871
39873
39879
39888
39893
39893
39896
39903
39906
39909
39909
39912
39917
39924
39924
39925
39929
39930
39938
39946
39947
39978
39982
39983
39996
40000
40005
40009
40014
40020
40023
40029
40030
40033
40034
40056
40063
40065
40073
40086
40091
40093
40098
40098
40100
40106
40108
40112
40114
40116
40116
40125
40129
40129
40132
40135
40138
40141
40169
40172
40176
40181
40196
40207
40216
40219
40222
40225
40230
40231
40233
40234
40241
40243
40243
40245
40250
40253
40270
40271
40274
40279
40279
40286
40287
40292
40294
40294
40295
40296
40307
40308
40309
40325
40333
40340
40341
40347
40352
40364
40382
40384
40384
40384
40389
40391
40404
40408
40410
40414
40418
40428
40429
40434
40438
40441
40444
40455
40458
40461
40462
40474
40481
40483
40494
40510
40513
40520
40528
40531
40531
40539
40542
40546
40548
40549
40549
40560
40563
40573
40577
40581
40581
40585
40585
40585
40589
40593
40597
40606
40608
40615
40616
40617
40619
40643
40645
40652
40662
40668
40675
40676
40676
40681
40687
40689
40692
40695
40704
40714
40719
40720
40725
40740
40743
40744
40748
40752
40759
40761
40762
40776
40778
40780
40781
40782
40787
40789
40796
40807
40814
40814
40821
40829
40830
40834
40836
40838
40843
40844
40856
40858
40861
40865
40871
40875
40877
40886
40886
40888
40888
40896
40903
40905
40907
40911
40913
40916
40922
40925
40938
40940
40941
40944
40950
40951
40957
40966
40972
40973
40990
40991
40992
40996
40997
40997
41006
41020
41046
41052
41053
41064
41064
41066
41085
41090
41102
41109
41112
41120
41120
41125
41126
41130
41131
41134
41143
41152
41162
41166
41169
41180
41185
41187
41189
41190
41230
41248
41249
41257
41258
41263
41266
41285
41296
41296
41300
41303
41313
41314
41319
41320
41323
41326
41330
41332
41346
41349
41354
41354
41355
41361
41368
41379
41379
41382
41382
41391
41395
41399
41401
41414
41446
41446
41451
41459
41461
41468
41490
41491
41495
41496
41500
41500
41502
41514
41533
41537
41537
41547
41549
41550
41553
41560
41560
41560
41561
41561
41562
41573
41582
41584
41584
41585
41586
41608
41608
41611
41615
41621
41622
41631
41654
41663
41664
41667
41673
41685
41685
41694
41695
41707
41707
41714
41720
41721
41725
41741
41771
41771
41777
41777
41783
41783
41800
41814
41817
41823
41828
41831
41836
41837
41844
41847
41859
41862
41867
41870
41875
41877
41879
41883
41890
41892
41902
41913
41920
41921
41925
41926
41940
41942
41943
41956
41957
41960
41964
41966
41968
41972
41975
41979
41985
41988
41988
41989
41996
42002
42023
42023
42027
42032
42034
42036
42040
42049
42068
42072
42079
42087
42090
42098
42102
42110
42113
42122
42124
42129
42132
42133
42140
42148
42159
42167
42168
42173
42174
42174
42179
42186
42188
42195
42202
42207
42209
42213
42215
42222
42228
42230
42233
42235
42236
42242
42249
42250
42253
42255
42257
42258
42263
42265
42276
42277
42279
42280
42288
42298
42322
42323
42332
42342
42343
42360
42360
42363
42368
42377
42380
42382
42386
42396
42408
42409
42417
42429
42436
42436
42436
42453
42476
42481
42481
42485
42488
42495
42497
42531
42540
42547
42554
42555
42555
42563
42567
42568
42570
42573
42582
42584
42584
42594
42601
42601
42604
42611
42622
42627
42629
42629
42636
42639
42641
42653
42655
42673
42678
42704
42709
42712
42723
42723
42724
42735
42735
42736
42741
42746
42748
42750
42750
42750
42751
42752
42756
42761
42766
42766
42771
42772
42785
42790
42791
42799
42799
42813
42815
42819
42820
42823
42828
42830
42838
42838
42844
42850
42852
42854
42864
42887
42888
42891
42892
42894
42896
42900
42911
42918
42921
42922
42928
42931
42931
42937
42940
42943
42949
42953
42960
42961
42961
42972
42972
42972
42973
42974
42974
42981
42982
42987
42988
42991
43001
43002
43004
43008
43011
43028
43037
43048
43064
43081
43081
43085
43086
43086
43089
43093
43093
43097
43106
43111
43112
43112
43117
43118
43127
43131
43138
43141
43145
43153
43156
43164
43164
43169
43181
43185
43189
43198
43204
43216
43221
43237
43238
43239
43240
43247
43250
43262
43269
43271
43281
43281
43288
43310
43312
43326
43334
43350
43355
43360
43390
43394
43399
43400
43403
43422
43422
43427
43431
43436
43460
43469
43477
43485
43488
43497
43511
43511
43512
43521
43525
43526
43528
43537
43542
43545
43550
43561
43562
43562
43578
43582
43585
43590
43591
43595
43596
43596
43599
43603
43616
43621
43635
43639
43640
43642
43643
43645
43646
43646
43649
43665
43666
43686
43688
43688
43690
43692
43694
43705
43719
43732
43740
43744
43752
43758
43773
43774
43775
43777
43778
43781
43782
43795
43803
43804
43805
43806
43807
43809
43812
43817
43833
43834
43852
43852
43861
43862
43862
43864
43871
43875
43881
43884
43887
43890
43902
43912
43925
43927
43953
43963
43967
43971
43972
43974
43977
43992
43996
44010
44016
44021
44027
44029
44041
44062
44063
44072
44076
44076
44077
44077
44077
44083
44086
44086
44095
44098
44099
44102
44105
44106
44106
44118
44119
44122
44123
44125
44132
44141
44143
44150
44150
44159
44170
44179
44183
44189
44190
44190
44191
44191
44201
44203
44208
44209
44213
44214
44239
44240
44246
44248
44249
44253
44254
44271
44279
44279
44279
44283
44295
44307
44313
44314
44314
44334
44343
44346
44350
44362
44372
44373
44380
44382
44384
44398
44405
44406
44407
44415
44416
44422
44426
44429
44430
44432
44433
44435
44439
44443
44447
44450
44453
44454
44460
44461
44469
44471
44471
44472
44476
44482
44488
44491
44492
44494
44495
44506
44526
44532
44533
44538
44542
44543
44554
44563
44571
44575
44581
44585
44588
44598
44610
44615
44622
44624
44624
44625
44627
44630
44638
44644
44645
44649
44652
44660
44666
44668
44673
44677
44679
44681
44690
44705
44709
44727
44736
44742
44746
44760
44769
44770
44775
44775
44777
44792
44797
44807
44808
44810
44813
44825
44828
44838
44838
44847
44848
44848
44854
44859
44861
44864
44864
44869
44871
44877
44899
44899
44900
44902
44904
44910
44920
44922
44947
44949
44952
44958
44961
44962
44972
44976
44976
44977
44994
44995
45000
45000
45015
45018
45018
45022
45022
45027
45028
45035
45041
45050
45051
45058
45062
45065
45069
45073
45083
45087
45095
45111
45120
45121
45123
45124
45132
45132
45133
45137
45139
45152
45154
45158
45160
45162
45163
45167
45170
45171
45177
45180
45199
45201
45201
45207
45212
45215
45216
45216
45219
45225
45229
45233
45236
45238
45239
45241
45245
45249
45260
45265
45269
45275
45278
45282
45289
45289
45290
45293
45302
45312
45315
45320
45323
45328
45330
45332
45338
45341
45345
45350
45360
45366
45371
45384
45393
45393
45406
45413
45416
45423
45429
45433
45434
45434
45439
45439
45443
45444
45451
45451
45457
45458
45464
45469
45469
45475
45484
45485
45486
45488
45502
45512
45529
45530
45538
45548
45553
45554
45554
45565
45570
45572
45575
45576
45581
45584
45589
45591
45593
45594
45597
45601
45608
45615
45630
45630
45639
45643
45654
45677
45678
45682
45688
45698
45702
45704
45704
45705
45722
45724
45733
45736
45740
45745
45753
45757
45757
45764
45765
45773
45794
45800
45802
45805
45812
45820
45824
45827
45829
45830
45832
45834
45839
45850
45857
45861
45864
45864
45868
45871
45873
45874
45897
45901
45902
45905
45907
45913
45917
45919
45935
45935
45936
45940
45942
45955
45961
45979
45981
45984
45986
45989
45992
45994
45999
46001
46005
46007
46020
46029
46032
46041
46050
46051
46053
46060
46061
46062
46069
46080
46085
46088
46089
46089
46090
46100
46118
46125
46128
46133
46136
46145
46147
46156
46160
46165
46173
46178
46179
46184
46184
46189
46190
46198
46200
46202
46203
46204
46214
46219
46229
46232
46232
46242
46249
46253
46254
46266
46282
46283
46285
46292
46296
46299
46316
46321
46323
46324
46338
46343
46355
46357
46358
46358
46369
46373
46390
46394
46410
46410
46411
46417
46420
46420
46428
46437
46442
46445
46446
46448
46456
46457
46459
46461
46466
46477
46477
46483
46489
46500
46502
46503
46504
46507
46513
46516
46519
46524
46531
46534
46539
46551
46551
46559
46570
46573
46580
46583
46586
46586
46586
46588
46592
46627
46631
46637
46651
46655
46661
46665
46668
46669
46673
46676
46688
46691
46694
46713
46713
46714
46714
46719
46736
46737
46741
46745
46750
46750
46763
46767
46776
46778
46792
46800
46803
46804
46809
46811
46813
46813
46841
46846
46846
46846
46866
46867
46867
46868
46870
46870
46872
46873
46873
46875
46875
46878
46893
46896
46898
46903
46912
46915
46921
46931
46931
46932
46932
46954
46957
46958
46974
46991
46994
47001
47003
47008
47010
47015
47025
47030
47037
47061
47064
47070
47078
47081
47090
47098
47106
47107
47117
47119
47125
47126
47131
47133
47138
47141
47153
47154
47163
47165
47172
47200
47203
47203
47209
47211
47214
47223
47224
47228
47233
47236
47244
47271
47279
47282
47284
47285
47294
47294
47296
47298
47300
47308
47314
47319
47319
47325
47340
47347
47366
47367
47373
47373
47377
47381
47382
47397
47408
47408
47415
47431
47431
47436
47439
47449
47452
47452
47457
47458
47461
47462
47466
47467
47469
47471
47475
47507
47512
47527
47528
47542
47543
47564
47564
47568
47570
47589
47601
47612
47625
47628
47646
47655
47658
47670
47675
47675
47679
47689
47703
47709
47713
47716
47717
47722
47743
47748
47749
47756
47757
47764
47766
47782
47784
47787
47798
47798
47807
47809
47810
47812
47814
47814
47815
47819
47824
47829
47831
47835
47841
47852
47859
47865
47867
47886
47887
47891
47895
47899
47903
47905
47907
47908
47910
47925
47937
47944
47945
47948
47952
47953
47967
47968
47973
47975
47991
47997
48011
48012
48038
48038
48040
48046
48051
48058
48060
48060
48080
48087
48091
48099
48108
48109
48111
48112
48117
48123
48129
48131
48134
48144
48148
48148
48150
48151
48173
48181
48185
48194
48203
48210
48225
48228
48237
48240
48243
48258
48259
48262
48276
48292
48293
48301
48307
48309
48325
48325
48331
48332
48334
48334
48335
48339
48341
48347
48351
48364
48369
48370
48374
48403
48404
48416
48418
48432
48441
48457
48457
48465
48473
48474
48477
48481
48486
48498
48502
48504
48506
48507
48515
48516
48523
48526
48527
48529
48538
48547
48547
48548
48557
48563
48567
48576
48580
48595
48600
48602
48612
48620
48620
48636
48638
48640
48649
48669
48679
48679
48682
48686
48686
48697
48698
48711
48712
48714
48715
48730
48740
48744
48746
48747
48748
48751
48758
48760
48762
48762
48766
48769
48772
48774
48778
48789
48789
48793
48800
48804
48819
48826
48846
48857
48873
48877
48881
48885
48891
48901
48901
48902
48905
48907
48909
48913
48913
48921
48930
48932
48937
48938
48940
48942
48943
48945
48946
48958
48962
48964
48979
48987
48991
48991
48995
48999
49002
49003
49010
49011
49015
49016
49020
49021
49029
49031
49037
49048
49052
49056
49056
49064
49067
49075
49082
49088
49092
49092
49094
49095
49097
49103
49113
49115
49128
49129
49139
49147
49150
49151
49152
49176
49189
49205
49210
49210
49212
49213
49213
49218
49240
49241
49258
49259
49263
49263
49263
49264
49264
49267
49269
49272
49279
49283
49294
49296
49313
49318
49325
49328
49332
49335
49343
49349
49352
49352
49353
49357
49360
49366
49375
49379
49379
49384
49389
49405
49409
49410
49412
49413
49428
49439
49449
49454
49457
49459
49459
49468
49474
49475
49479
49482
49485
49496
49500
49507
49509
49511
49517
49518
49527
49533
49535
49541
49541
49542
49575
49578
49579
49580
49599
49599
49606
49621
49622
49623
49624
49631
49635
49638
49643
49645
49656
49670
49677
49678
49681
49682
49684
49690
49692
49704
49706
49714
49724
49733
49734
49743
49743
49744
49750
49753
49753
49759
49764
49765
49769
49769
49774
49782
49796
49802
49806
49806
49808
49812
49813
49815
49818
49828
49833
49833
49834
49835
49837
49838
49844
49846
49847
49847
49859
49876
49880
49881
49887
49897
49898
49901
49912
49918
49919
49926
49928
49935
49936
49938
49944
49954
49957
49958
49958
49968
49992
