3
8
9
16
38
60
64
107
149
151
154
163
166
171
174
179
181
183
201
205
207
210
218
225
242
277
284
290
299
311
311
313
323
327
336
347
352
357
362
370
378
385
386
386
401
402
407
410
423
429
440
458
497
512
516
518
522
527
536
543
546
559
573
602
603
604
605
614
621
629
635
638
643
645
658
674
680
687
696
714
717
729
730
735
736
738
745
753
760
762
772
782
786
786
788
793
793
798
803
804
816
823
826
841
844
861
868
869
870
878
878
882
885
910
922
927
937
942
953
957
964
977
990
990
991
994
996
1000
1005
1020
1025
1026
1044
1051
1057
1075
1076
1080
1084
1088
1091
1094
1102
1108
1114
1120
1121
1121
1150
1150
1160
1174
1177
1177
1183
1196
1201
1201
1210
1212
1212
1213
1222
1224
1247
1252
1257
1259
1273
1273
1291
1293
1321
1321
1322
1346
1347
1349
1354
1361
1362
1364
1371
1383
1391
1396
1401
1411
1414
1419
1448
1472
1483
1483
1484
1516
1519
1530
1531
1537
1552
1556
1562
1564
1569
1595
1599
1600
1600
1613
1616
1635
1641
1643
1643
1672
1700
1717
1743
1744
1747
1767
1778
1780
1784
1822
1850
1859
1871
1886
1895
1900
1919
1930
1950
1950
1955
1965
1972
1977
2000
2011
2034
2037
2040
2049
2051
2051
2061
2066
2079
2083
2087
2094
2099
2100
2101
2118
2126
2131
2136
2140
2189
2192
2193
2206
2206
2212
2228
2234
2234
2243
2256
2263
2270
2295
2298
2318
2328
2335
2348
2362
2379
2397
2411
2418
2447
2462
2464
2470
2480
2491
2502
2511
2517
2520
2531
2552
2554
2554
2554
2561
2564
2565
2579
2588
2590
2594
2616
2631
2673
2682
2685
2686
2695
2696
2702
2708
2713
2719
2722
2727
2734
2743
2766
2798
2805
2805
2806
2808
2812
2825
2829
2851
2873
2905
2936
2949
2956
2962
2965
2982
2983
3003
3003
3013
3051
3059
3060
3068
3088
3099
3105
3126
3146
3149
3152
3154
3159
3162
3166
3174
3183
3224
3227
3228
3243
3248
3258
3265
3270
3272
3275
3277
3280
3291
3333
3336
3336
3338
3338
3350
3369
3379
3384
3394
3400
3400
3408
3409
3425
3436
3438
3440
3446
3477
3491
3492
3505
3529
3535
3542
3544
3552
3557
3570
3584
3586
3590
3594
3596
3597
3603
3607
3616
3621
3625
3625
3625
3627
3647
3650
3676
3685
3685
3686
3716
3731
3741
3756
3758
3761
3769
3769
3773
3776
3777
3789
3797
3809
3813
3834
3840
3843
3845
3864
3896
3899
3903
3903
3906
3907
3909
3911
3932
3939
3948
3959
3965
3972
3973
3974
3984
3987
3993
4000
4006
4009
4012
4022
4027
4031
4033
4052
4070
4087
4089
4102
4126
4143
4146
4164
4171
4174
4176
4179
4188
4193
4217
4219
4224
4232
4239
4247
4248
4250
4250
4261
4262
4280
4281
4288
4301
4303
4304
4313
4316
4319
4326
4337
4342
4354
4367
4379
4384
4389
4389
4394
4395
4414
4428
4454
4459
4475
4480
4486
4493
4508
4510
4514
4515
4534
4591
4600
4600
4614
4615
4642
4647
4649
4666
4667
4694
4702
4705
4718
4720
4752
4754
4755
4763
4791
4810
4822
4833
4848
4863
4866
4881
4893
4900
4912
4919
4920
4925
4963
4974
5000
5001
5019
5023
5026
5031
5044
5051
5054
5054
5063
5083
5100
5106
5115
5134
5139
5144
5144
5148
5153
5162
5163
5168
5176
5185
5194
5198
5198
5200
5211
5222
5225
5227
5233
5248
5253
5261
5269
5269
5292
5295
5298
5301
5301
5304
5331
5346
5346
5356
5356
5356
5365
5366
5370
5395
5396
5398
5402
5403
5405
5408
5408
5424
5438
5439
5441
5466
5473
5475
5490
5529
5540
5544
5545
5554
5574
5579
5600
5603
5603
5605
5608
5616
5627
5640
5664
5671
5681
5682
5685
5697
5706
5707
5727
5730
5774
5778
5782
5791
5791
5796
5812
5818
5824
5838
5843
5866
5871
5884
5900
5901
5920
5932
5969
5971
5974
5979
5979
5990
5991
6010
6016
6018
6018
6025
6026
6042
6045
6053
6055
6063
6089
6093
6100
6104
6124
6140
6148
6162
6166
6174
6183
6207
6209
6216
6218
6219
6228
6240
6240
6242
6242
6253
6262
6265
6271
6311
6324
6330
6333
6336
6347
6348
6370
6376
6378
6383
6418
6434
6435
6439
6450
6453
6453
6467
6471
6475
6480
6487
6499
6501
6507
6515
6527
6528
6538
6539
6541
6557
6585
6590
6590
6603
6604
6624
6630
6651
6655
6671
6675
6675
6679
6680
6685
6687
6692
6694
6695
6697
6705
6708
6721
6737
6738
6741
6743
6761
6779
6794
6797
6803
6804
6859
6869
6883
6898
6910
6914
6927
6950
6953
6983
6983
6986
6990
6998
7010
7012
7017
7033
7037
7040
7045
7052
7059
7071
7073
7075
7103
7144
7152
7159
7169
7169
7170
7184
7188
7222
7227
7236
7243
7248
7249
7273
7274
7304
7308
7323
7326
7329
7335
7340
7378
7384
7398
7406
7410
7416
7429
7435
7437
7477
7483
7490
7510
7513
7528
7532
7542
7551
7551
7567
7576
7578
7601
7613
7658
7659
7659
7663
7667
7669
7688
7702
7709
7709
7739
7747
7762
7765
7781
7788
7792
7797
7804
7809
7814
7829
7841
7857
7909
7912
7927
7936
7936
7946
7950
7964
7985
7990
7994
8026
8039
8040
8047
8060
8069
8076
8080
8093
8095
8107
8113
8115
8115
8120
8120
8122
8128
8128
8137
8137
8149
8159
8170
8174
8189
8204
8207
8209
8212
8224
8227
8238
8283
8284
8289
8293
8296
8314
8325
8327
8327
8357
8360
8384
8387
8424
8449
8454
8455
8458
8469
8472
8485
8488
8505
8522
8532
8534
8545
8550
8551
8551
8551
8555
8558
8582
8587
8613
8614
8622
8633
8639
8643
8645
8648
8657
8664
8670
8677
8691
8714
8719
8723
8729
8738
8743
8744
8757
8763
8793
8799
8826
8827
8830
8842
8853
8861
8875
8886
8904
8904
8906
8919
8921
8932
8934
8935
8938
8942
8942
8956
8981
8984
9016
9021
9030
9030
9033
9038
9041
9041
9048
9051
9076
9082
9083
9118
9123
9123
9124
9142
9148
9160
9168
9174
9175
9182
9219
9223
9235
9238
9250
9253
9259
9260
9265
9266
9273
9274
9275
9292
9300
9311
9327
9335
9336
9347
9376
9379
9387
9395
9395
9405
9417
9421
9423
9424
9439
9446
9447
9448
9457
9462
9467
9467
9481
9495
9512
9513
9514
9524
9531
9540
9561
9561
9565
9593
9620
9621
9630
9632
9634
9656
9667
9672
9701
9709
9719
9727
9735
9740
9782
9783
9788
9790
9798
9811
9831
9833
9834
9850
9863
9865
9866
9870
9890
9896
9897
9898
9904
9910
9914
9917
9919
9922
9926
9927
9929
9935
9938
9944
9955
9971
9973
9986
9988
9989
9992
9999
10003
10036
10040
10049
10051
10052
10109
10118
10120
10120
10129
10131
10136
10136
10138
10144
10177
10177
10182
10190
10203
10220
10221
10227
10228
10288
10296
10301
10314
10316
10320
10323
10332
10334
10336
10336
10343
10348
10395
10409
10412
10416
10419
10424
10428
10432
10449
10476
10477
10486
10494
10505
10512
10515
10518
10531
10534
10537
10543
10556
10558
10563
10568
10579
10615
10655
10666
10670
10671
10678
10684
10685
10694
10699
10706
10738
10743
10747
10760
10762
10765
10785
10785
10798
10800
10806
10813
10816
10821
10827
10829
10833
10837
10839
10842
10870
10871
10885
10912
10920
10934
10944
10944
10956
10993
11033
11036
11043
11044
11051
11074
11081
11088
11092
11101
11115
11139
11148
11157
11164
11168
11181
11198
11203
11213
11222
11234
11246
11246
11255
11260
11262
11264
11265
11272
11277
11278
11289
11289
11299
11304
11307
11311
11318
11324
11324
11333
11336
11342
11346
11348
11357
11359
11376
11379
11383
11391
11396
11405
11406
11407
11419
11423
11437
11439
11443
11454
11472
11479
11495
11499
11511
11513
11531
11540
11552
11560
11565
11568
11579
11583
11593
11608
11608
11622
11642
11650
11665
11672
11676
11693
11708
11709
11714
11716
11717
11718
11719
11719
11730
11752
11753
11754
11760
11771
11783
11789
11791
11796
11805
11806
11819
11827
11832
11850
11852
11853
11866
11875
11892
11893
11901
11902
11903
11906
11911
11931
11937
11939
11942
11942
11980
11991
12004
12007
12007
12011
12011
12024
12029
12033
12035
12043
12048
12066
12073
12073
12075
12077
12091
12097
12099
12113
12122
12128
12137
12146
12150
12155
12157
12158
12160
12161
12173
12178
12193
12209
12219
12228
12237
12240
12248
12273
12279
12282
12298
12309
12319
12325
12326
12335
12351
12357
12359
12366
12366
12369
12406
12407
12408
12437
12439
12443
12456
12462
12471
12482
12502
12512
12524
12529
12535
12548
12551
12552
12557
12594
12606
12608
12612
12613
12613
12639
12647
12653
12660
12664
12666
12667
12669
12676
12679
12698
12699
12704
12721
12751
12778
12781
12783
12797
12806
12815
12829
12834
12839
12839
12842
12848
12852
12869
12892
12896
12898
12912
12916
12928
12928
12930
12933
12949
12952
12982
12998
13011
13012
13014
13037
13048
13062
13064
13067
13073
13079
13087
13098
13101
13108
13113
13113
13119
13119
13123
13142
13148
13157
13157
13164
13167
13229
13249
13254
13277
13292
13308
13333
13333
13336
13342
13346
13384
13391
13401
13419
13426
13429
13465
13506
13514
13517
13517
13529
13542
13546
13547
13553
13555
13558
13559
13561
13566
13581
13607
13611
13625
13646
13660
13675
13688
13696
13712
13726
13738
13742
13745
13747
13754
13766
13791
13792
13794
13798
13814
13816
13822
13825
13839
13845
13853
13868
13883
13898
13913
13930
13935
13946
13948
13950
13954
13970
13982
13992
14015
14021
14030
14031
14037
14039
14054
14055
14055
14060
14068
14119
14120
14125
14140
14163
14169
14176
14179
14183
14189
14190
14191
14200
14221
14223
14243
14255
14255
14269
14273
14273
14276
14286
14317
14323
14334
14349
14355
14368
14369
14376
14381
14384
14388
14391
14397
14398
14404
14431
14445
14452
14454
14480
14483
14496
14524
14528
14536
14543
14553
14573
14573
14574
14576
14578
14581
14582
14601
14602
14603
14606
14616
14622
14627
14638
14642
14650
14691
14692
14699
14716
14718
14721
14724
14752
14754
14768
14786
14806
14824
14832
14840
14852
14869
14899
14903
14910
14912
14923
14943
14956
14975
14978
14978
14986
14986
14999
15010
15015
15019
15029
15048
15049
15052
15058
15058
15059
15062
15074
15089
15090
15098
15110
15118
15139
15139
15139
15152
15155
15163
15178
15180
15188
15192
15194
15198
15204
15206
15210
15212
15250
15251
15251
15259
15263
15266
15280
15282
15298
15300
15301
15303
15315
15316
15331
15342
15361
15426
15434
15449
15456
15469
15477
15495
15495
15503
15510
15515
15532
15533
15543
15546
15551
15555
15559
15561
15578
15583
15610
15616
15617
15629
15639
15645
15649
15661
15684
15717
15722
15722
15728
15730
15741
15749
15770
15771
15776
15780
15799
15830
15832
15835
15845
15869
15874
15876
15879
15883
15887
15888
15904
15933
15941
15959
15976
15988
15998
16015
16024
16030
16041
16046
16049
16056
16064
16083
16094
16099
16119
16133
16144
16147
16172
16175
16181
16184
16186
16187
16192
16196
16209
16214
16228
16236
16253
16255
16256
16273
16274
16291
16304
16304
16312
16312
16320
16341
16343
16353
16355
16356
16376
16377
16394
16396
16405
16411
16411
16439
16446
16456
16461
16481
16486
16504
16513
16534
16539
16560
16582
16586
16588
16596
16598
16610
16622
16623
16635
16645
16649
16652
16660
16676
16683
16687
16723
16756
16765
16770
16777
16779
16782
16791
16804
16812
16814
16818
16836
16852
16854
16861
16866
16877
16906
16911
16917
16918
16932
16935
16952
16963
16964
16975
17000
17003
17006
17019
17021
17023
17028
17037
17039
17041
17063
17067
17092
17096
17096
17106
17128
17130
17157
17163
17163
17167
17173
17181
17185
17186
17203
17216
17216
17235
17240
17246
17247
17258
17262
17277
17302
17313
17327
17331
17337
17365
17369
17370
17371
17390
17396
17397
17413
17415
17422
17429
17433
17440
17445
17448
17452
17457
17472
17474
17476
17480
17481
17499
17503
17521
17555
17561
17562
17563
17585
17598
17600
17603
17603
17605
17611
17621
17638
17641
17646
17652
17665
17685
17687
17700
17700
17706
17711
17728
17732
17734
17737
17744
17750
17756
17763
17806
17810
17811
17822
17825
17827
17830
17830
17832
17834
17842
17844
17846
17847
17868
17883
17893
17901
17904
17911
17930
17931
17938
17955
17963
17976
17980
17994
18002
18007
18024
18032
18034
18054
18056
18057
18060
18071
18084
18101
18103
18104
18107
18109
18116
18119
18121
18130
18162
18174
18180
18184
18187
18195
18200
18213
18225
18239
18241
18254
18258
18259
18262
18264
18267
18267
18300
18305
18334
18347
18363
18369
18371
18374
18376
18382
18387
18390
18394
18418
18421
18426
18427
18437
18450
18461
18467
18468
18516
18548
18555
18559
18577
18609
18611
18620
18638
18645
18648
18659
18659
18683
18710
18716
18717
18749
18756
18759
18765
18792
18792
18797
18800
18812
18812
18834
18839
18841
18843
18884
18886
18905
18908
18909
18924
18931
18939
18941
18948
18950
18956
18960
18979
18980
19001
19027
19029
19031
19068
19075
19083
19090
19091
19115
19124
19161
19166
19174
19204
19216
19225
19226
19228
19230
19237
19238
19250
19259
19268
19276
19282
19286
19287
19288
19289
19300
19308
19314
19316
19322
19331
19332
19334
19344
19347
19358
19359
19361
19363
19372
19383
19398
19405
19410
19410
19412
19434
19437
19450
19452
19475
19479
19484
19493
19495
19506
19520
19526
19545
19558
19559
19590
19595
19597
19598
19607
19621
19639
19644
19660
19661
19663
19677
19689
19708
19709
19730
19748
19758
19762
19770
19775
19778
19780
19786
19790
19794
19794
19810
19811
19818
19819
19825
19832
19838
19847
19862
19885
19890
19897
19906
19910
19921
19946
19951
19957
19957
19970
19977
19989
20011
20020
20026
20033
20041
20057
20065
20066
20081
20081
20087
20090
20090
20091
20103
20109
20113
20119
20144
20166
20174
20189
20199
20200
20210
20220
20233
20245
20262
20268
20280
20293
20304
20328
20330
20350
20358
20371
20396
20399
20406
20410
20437
20458
20466
20492
20498
20530
20532
20540
20549
20572
20573
20588
20608
20613
20619
20667
20675
20677
20680
20681
20694
20711
20723
20725
20744
20749
20752
20763
20767
20769
20775
20781
20781
20808
20814
20838
20841
20844
20852
20853
20854
20865
20877
20886
20903
20907
20915
20928
20938
20954
20954
20961
20962
20968
20978
20980
20987
20993
21036
21038
21064
21089
21092
21093
21111
21119
21126
21130
21130
21132
21141
21166
21181
21196
21205
21224
21244
21255
21256
21266
21289
21334
21337
21342
21344
21350
21356
21395
21399
21404
21413
21416
21425
21428
21437
21439
21443
21448
21451
21452
21456
21456
21466
21472
21492
21494
21516
21519
21540
21567
21585
21593
21594
21598
21617
21622
21623
21627
21639
21640
21688
21693
21698
21700
21708
21718
21723
21734
21753
21755
21760
21761
21763
21764
21785
21821
21823
21844
21844
21850
21875
21880
21884
21885
21906
21909
21927
21932
21944
21944
21946
21953
21957
21958
21962
21965
21965
21969
21980
21983
22002
22025
22033
22036
22043
22052
22061
22063
22082
22120
22137
22138
22148
22165
22167
22173
22196
22197
22197
22232
22236
22250
22256
22258
22259
22262
22262
22278
22306
22315
22322
22325
22335
22348
22355
22377
22386
22400
22405
22405
22407
22433
22457
22478
22487
22491
22494
22522
22535
22542
22554
22567
22570
22573
22597
22605
22606
22606
22606
22624
22626
22651
22652
22653
22661
22668
22674
22681
22695
22695
22707
22708
22721
22723
22724
22737
22766
22773
22784
22791
22800
22808
22817
22829
22835
22836
22858
22862
22867
22887
22891
22893
22901
22916
22930
22961
22963
22976
22984
22989
22989
22994
23013
23020
23025
23026
23044
23052
23062
23063
23066
23070
23095
23119
23129
23130
23143
23144
23150
23172
23175
23176
23184
23189
23191
23193
23208
23237
23248
23256
23267
23267
23269
23270
23273
23274
23275
23275
23275
23278
23280
23287
23292
23303
23304
23314
23322
23326
23328
23344
23349
23350
23359
23369
23375
23382
23410
23410
23415
23418
23428
23435
23454
23466
23468
23481
23486
23498
23500
23503
23504
23510
23519
23534
23551
23551
23558
23559
23561
23573
23603
23604
23605
23625
23633
23646
23662
23678
23690
23711
23731
23754
23760
23760
23762
23772
23776
23782
23795
23801
23809
23830
23856
23865
23865
23874
23886
23886
23889
23911
23912
23913
23914
23926
23934
23938
23952
23963
23964
23977
23985
23985
23986
23988
23988
24001
24002
24031
24042
24048
24061
24092
24104
24122
24124
24129
24133
24143
24169
24170
24170
24188
24197
24200
24201
24202
24208
24216
24245
24249
24256
24258
24259
24259
24264
24271
24277
24288
24301
24319
24326
24341
24354
24363
24374
24378
24395
24413
24415
24417
24426
24433
24453
24458
24464
24466
24479
24487
24496
24498
24500
24505
24511
24515
24518
24524
24525
24525
24534
24535
24537
24540
24545
24557
24558
24571
24595
24600
24618
24619
24628
24632
24633
24634
24641
24642
24654
24655
24664
24672
24696
24701
24704
24710
24713
24724
24742
24746
24763
24785
24786
24791
24792
24800
24806
24819
24820
24825
24855
24863
24866
24870
24880
24885
24892
24897
24916
24923
24924
24936
24938
24943
24951
24952
24954
24979
24991
25000
25007
25027
25028
25036
25038
25041
25043
25052
25053
25089
25090
25096
25101
25107
25108
25122
25124
25125
25129
25137
25141
25182
25186
25187
25195
25205
25215
25235
25244
25263
25264
25265
25285
25288
25290
25294
25306
25309
25321
25328
25348
25358
25360
25363
25399
25401
25404
25405
25429
25432
25437
25460
25487
25487
25518
25520
25527
25531
25533
25553
25554
25570
25573
25577
25592
25631
25641
25644
25645
25646
25646
25647
25654
25657
25659
25665
25672
25674
25678
25679
25681
25685
25716
25746
25757
25766
25782
25796
25797
25798
25821
25822
25825
25842
25855
25868
25868
25874
25884
25885
25906
25918
25930
25947
25959
25963
25965
25993
25993
25994
26005
26007
26054
26081
26090
26111
26116
26121
26123
26126
26126
26127
26141
26144
26155
26157
26167
26172
26183
26189
26195
26197
26223
26247
26259
26273
26299
26302
26308
26315
26326
26327
26328
26333
26336
26344
26350
26371
26376
26377
26394
26396
26411
26434
26437
26440
26448
26470
26470
26485
26487
26488
26496
26503
26510
26511
26527
26531
26543
26555
26565
26592
26599
26602
26614
26631
26634
26635
26636
26640
26656
26678
26678
26681
26687
26694
26702
26714
26723
26726
26738
26740
26740
26741
26742
26743
26743
26760
26792
26821
26828
26829
26835
26842
26865
26868
26871
26873
26886
26890
26893
26893
26894
26899
26905
26907
26911
26915
26926
26926
26947
26948
26955
26980
26983
26987
26994
26997
26998
26999
26999
27010
27011
27021
27026
27057
27059
27070
27076
27086
27095
27098
27099
27101
27109
27121
27122
27129
27134
27140
27146
27155
27164
27166
27189
27191
27193
27215
27218
27220
27222
27223
27227
27229
27235
27238
27246
27263
27277
27281
27290
27291
27298
27302
27306
27307
27319
27355
27378
27383
27393
27393
27404
27418
27418
27420
27422
27432
27433
27447
27460
27468
27470
27473
27475
27479
27480
27483
27518
27535
27541
27557
27565
27568
27568
27597
27614
27620
27627
27628
27628
27636
27648
27651
27663
27665
27677
27678
27685
27686
27690
27691
27708
27716
27720
27744
27748
27758
27773
27780
27814
27821
27825
27846
27848
27849
27857
27875
27892
27894
27896
27906
27912
27949
27949
27965
27967
27968
27969
27970
27980
27985
27994
28001
28002
28002
28019
28032
28042
28052
28052
28061
28066
28073
28075
28076
28094
28094
28096
28105
28121
28123
28126
28128
28136
28138
28143
28145
28153
28162
28171
28179
28185
28206
28209
28210
28218
28236
28241
28248
28253
28254
28262
28280
28285
28307
28309
28357
28369
28387
28398
28401
28433
28460
28462
28465
28469
28471
28488
28495
28513
28525
28536
28544
28547
28562
28570
28577
28581
28587
28590
28590
28594
28601
28639
28642
28650
28658
28682
28691
28696
28717
28737
28740
28741
28751
28754
28762
28797
28801
28829
28835
28843
28853
28860
28862
28874
28882
28895
28910
28923
28928
28933
28937
28944
28964
28972
28972
28977
28985
28992
29018
29026
29043
29060
29067
29071
29077
29093
29093
29096
29115
29118
29123
29129
29132
29140
29168
29204
29211
29233
29246
29259
29261
29296
29307
29307
29314
29325
29336
29343
29365
29387
29399
29402
29413
29413
29419
29441
29453
29453
29471
29480
29500
29503
29515
29519
29525
29532
29542
29543
29552
29561
29571
29593
29595
29602
29612
29613
29616
29617
29628
29633
29637
29641
29648
29659
29661
29662
29669
29675
29692
29707
29719
29726
29728
29729
29771
29773
29773
29777
29783
29789
29794
29796
29808
29839
29847
29847
29858
29861
29868
29880
29932
29941
29944
29946
29955
29975
30005
30008
30014
30052
30060
30067
30080
30081
30099
30099
30102
30112
30112
30134
30136
30146
30147
30157
30161
30164
30212
30215
30216
30220
30222
30223
30227
30232
30239
30251
30251
30253
30261
30264
30268
30283
30295
30314
30316
30318
30331
30341
30380
30393
30405
30412
30415
30416
30427
30438
30450
30474
30478
30480
30510
30517
30534
30544
30551
30553
30554
30555
30569
30584
30587
30589
30601
30613
30622
30642
30645
30649
30663
30663
30667
30678
30680
30682
30687
30702
30707
30728
30746
30752
30762
30764
30764
30790
30791
30804
30811
30815
30820
30821
30836
30861
30871
30875
30883
30888
30894
30912
30912
30915
30917
30929
30939
30951
30955
30960
30966
30967
30967
31010
31010
31029
31034
31039
31060
31065
31075
31080
31084
31093
31123
31131
31142
31150
31151
31152
31159
31170
31179
31179
31181
31192
31208
31213
31227
31230
31259
31264
31266
31272
31275
31281
31286
31289
31294
31297
31320
31338
31348
31348
31353
31357
31359
31386
31395
31406
31435
31438
31451
31453
31457
31464
31494
31513
31554
31560
31573
31586
31603
31609
31619
31636
31648
31665
31689
31693
31706
31719
31727
31738
31741
31743
31749
31758
31769
31780
31788
31794
31804
31809
31820
31829
31833
31844
31846
31857
31861
31865
31866
31870
31875
31884
31891
31895
31897
31903
31915
31919
31951
31968
31977
31978
31980
31981
31994
32005
32035
32037
32041
32057
32070
32083
32086
32110
32112
32118
32122
32126
32129
32132
32136
32158
32192
32196
32202
32202
32216
32218
32225
32228
32243
32263
32264
32270
32274
32341
32351
32355
32362
32370
32371
32384
32401
32408
32422
32422
32435
32440
32444
32450
32452
32458
32466
32473
32511
32526
32529
32535
32543
32547
32557
32569
32570
32597
32599
32602
32628
32641
32642
32656
32667
32700
32712
32742
32744
32745
32755
32756
32759
32760
32760
32762
32778
32792
32793
32806
32812
32839
32843
32844
32855
32856
32870
32871
32874
32876
32881
32886
32888
32892
32900
32925
32956
32963
32968
32985
32990
32995
32996
32996
32997
33001
33005
33007
33052
33059
33077
33080
33083
33095
33105
33116
33137
33140
33157
33161
33161
33162
33165
33166
33174
33176
33180
33180
33182
33192
33224
33225
33226
33236
33254
33257
33295
33300
33300
33301
33314
33317
33319
33322
33332
33337
33362
33365
33366
33371
33381
33382
33386
33402
33414
33430
33435
33436
33437
33450
33473
33481
33481
33485
33485
33494
33502
33504
33515
33521
33555
33556
33557
33564
33566
33569
33580
33583
33590
33594
33601
33601
33605
33607
33613
33622
33630
33633
33659
33661
33675
33681
33689
33691
33693
33708
33720
33731
33737
33744
33750
33756
33760
33761
33761
33763
33763
33780
33803
33814
33815
33823
33825
33825
33839
33843
33846
33854
33856
33868
33868
33870
33872
33878
33885
33887
33913
33915
33916
33917
33926
33934
33936
33944
33961
33968
33970
33978
33982
33994
34022
34027
34031
34042
34062
34073
34106
34107
34107
34111
34111
34121
34144
34146
34168
34175
34180
34185
34192
34196
34196
34206
34226
34232
34240
34252
34252
34267
34267
34273
34282
34311
34348
34350
34355
34375
34389
34392
34413
34418
34424
34429
34464
34468
34508
34521
34547
34551
34557
34561
34574
34575
34576
34583
34597
34606
34608
34608
34609
34616
34619
34620
34628
34629
34638
34640
34658
34667
34686
34716
34718
34723
34728
34744
34750
34753
34756
34760
34763
34798
34804
34816
34820
34842
34850
34884
34887
34898
34911
34925
34928
34930
34933
34945
34948
34952
34961
34977
35018
35033
35039
35041
35052
35057
35096
35106
35110
35117
35121
35125
35136
35136
35140
35142
35143
35154
35161
35170
35176
35179
35184
35192
35193
35197
35201
35227
35230
35242
35244
35268
35274
35286
35314
35318
35327
35328
35330
35357
35364
35365
35368
35371
35379
35391
35404
35434
35437
35441
35464
35480
35481
35494
35498
35499
35504
35512
35515
35520
35541
35550
35551
35553
35577
35579
35589
35603
35604
35610
35614
35617
35623
35626
35631
35640
35649
35660
35665
35666
35669
35680
35716
35731
35735
35740
35756
35767
35782
35808
35816
35822
35833
35834
35837
35837
35869
35872
35885
35903
35908
35911
35912
35913
35915
35926
35933
35944
35951
35955
35960
35960
35968
35979
35983
35992
35993
35998
36009
36010
36015
36019
36020
36022
36025
36025
36026
36030
36033
36039
36044
36044
36052
36068
36070
36084
36087
36093
36101
36111
36112
36130
36136
36138
36152
36165
36168
36169
36175
36178
36198
36211
36224
36238
36246
36251
36253
36260
36262
36273
36275
36275
36287
36287
36289
36296
36299
36310
36315
36316
36323
36328
36339
36374
36385
36391
36393
36423
36424
36425
36428
36430
36437
36440
36449
36452
36467
36469
36475
36486
36488
36490
36494
36499
36515
36528
36528
36544
36551
36555
36557
36557
36566
36581
36593
36603
36605
36605
36606
36619
36619
36622
36624
36635
36638
36643
36646
36655
36660
36667
36672
36680
36686
36697
36701
36708
36717
36723
36733
36741
36743
36752
36757
36787
36792
36797
36808
36815
36817
36826
36832
36851
36853
36866
36876
36902
36914
36923
36924
36935
36937
36939
36941
36945
36955
36958
36961
36975
36985
36987
37006
37011
37015
37021
37037
37045
37047
37061
37068
37070
37075
37079
37102
37109
37110
37114
37122
37127
37140
37144
37149
37152
37154
37162
37166
37166
37170
37174
37189
37205
37215
37218
37222
37232
37237
37246
37255
37263
37265
37265
37267
37272
37272
37277
37278
37298
37311
37313
37317
37365
37366
37369
37373
37389
37392
37401
37403
37403
37426
37430
37433
37446
37468
37470
37482
37484
37484
37484
37515
37515
37524
37528
37532
37534
37541
37572
37574
37577
37578
37599
37605
37606
37611
37624
37637
37657
37660
37664
37666
37667
37679
37686
37689
37695
37725
37731
37734
37750
37763
37766
37772
37776
37784
37788
37795
37795
37798
37812
37813
37827
37845
37845
37846
37848
37854
37855
37884
37889
37910
37913
37914
37920
37921
37925
37948
37949
37964
37975
38007
38032
38044
38048
38050
38051
38080
38082
38102
38110
38112
38135
38147
38159
38160
38171
38185
38196
38220
38229
38231
38232
38243
38251
38254
38259
38264
38266
38269
38276
38279
38293
38301
38306
38306
38309
38319
38323
38329
38349
38352
38396
38402
38402
38405
38417
38417
38432
38435
38438
38449
38450
38451
38478
38479
38498
38505
38513
38514
38519
38523
38523
38528
38533
38535
38547
38558
38560
38570
38574
38574
38580
38583
38594
38597
38605
38605
38615
38619
38631
38648
38653
38655
38664
38665
38701
38705
38706
38709
38710
38730
38734
38742
38744
38753
38759
38763
38770
38772
38782
38787
38808
38837
38846
38846
38855
38875
38881
38883
38885
38886
38890
38903
38904
38914
38915
38921
38929
38938
38942
38957
38967
38979
38989
39004
39005
39010
39014
39016
39020
39026
39032
39035
39067
39067
39084
39094
39099
39100
39105
39120
39133
39136
39137
39137
39145
39149
39153
39157
39192
39192
39197
39201
39207
39214
39228
39245
39248
39249
39252
39273
39280
39293
39300
39303
39318
39330
39353
39357
39357
39358
39375
39400
39404
39428
39432
39437
39441
39443
39451
39468
39490
39496
39499
39522
39522
39526
39529
39548
39554
39556
39557
39581
39585
39592
39592
39599
39599
39606
39607
39609
39617
39627
39630
39637
39659
39661
39682
39692
39701
39705
39708
39710
39714
39714
39715
39715
39715
39718
39722
39734
39743
39745
39750
39762
39783
39783
39792
39796
39807
39810
39815
39820
39841
39852
39870
39880
39883
39899
39906
39908
39913
39914
39915
39927
39927
39931
39936
39940
39946
39959
39964
39966
39992
40001
40010
40016
40023
40025
40028
40035
40042
40047
40069
40077
40105
40110
40117
40121
40125
40134
40149
40151
40164
40174
40188
40198
40201
40206
40220
40226
40237
40240
40246
40249
40258
40263
40269
40275
40276
40279
40280
40288
40297
40307
40311
40320
40325
40340
40358
40359
40374
40376
40378
40379
40380
40383
40407
40410
40432
40436
40442
40450
40455
40463
40463
40464
40467
40474
40478
40483
40523
40523
40526
40528
40540
40544
40552
40555
40562
40573
40575
40579
40583
40591
40617
40617
40627
40634
40634
40635
40639
40643
40646
40649
40653
40663
40677
40684
40710
40710
40725
40732
40738
40761
40777
40781
40784
40785
40818
40824
40831
40839
40844
40846
40872
40883
40901
40902
40910
40915
40920
40928
40932
40956
40989
41004
41012
41014
41019
41023
41025
41025
41028
41034
41039
41042
41044
41045
41053
41064
41071
41078
41082
41084
41087
41087
41104
41104
41123
41136
41136
41145
41161
41202
41202
41219
41225
41233
41239
41267
41268
41271
41287
41289
41293
41299
41300
41305
41314
41316
41320
41325
41329
41330
41334
41339
41345
41355
41406
41407
41414
41415
41416
41417
41435
41437
41443
41455
41457
41462
41466
41469
41478
41484
41486
41492
41503
41512
41520
41521
41534
41536
41551
41553
41554
41559
41561
41571
41573
41585
41592
41597
41613
41664
41670
41677
41683
41708
41725
41731
41732
41737
41737
41758
41767
41769
41771
41783
41787
41810
41821
41828
41830
41841
41863
41871
41874
41894
41900
41908
41930
41939
41947
41959
41963
41965
41984
41995
42022
42039
42042
42066
42071
42080
42083
42084
42087
42095
42095
42123
42123
42128
42145
42145
42146
42151
42160
42161
42166
42197
42208
42216
42216
42225
42270
42273
42283
42285
42303
42317
42349
42382
42387
42390
42398
42410
42414
42417
42434
42461
42466
42470
42473
42483
42487
42506
42537
42568
42572
42579
42588
42603
42604
42609
42616
42623
42639
42639
42645
42652
42653
42656
42657
42666
42675
42678
42682
42692
42693
42696
42709
42715
42716
42716
42779
42808
42825
42828
42832
42834
42839
42846
42858
42870
42874
42874
42882
42893
42895
42908
42912
42917
42924
42924
42942
42982
42990
42998
43019
43028
43046
43059
43075
43075
43083
43102
43103
43114
43140
43204
43205
43208
43210
43217
43257
43275
43280
43297
43298
43302
43326
43343
43358
43369
43370
43377
43383
43385
43393
43399
43399
43400
43421
43428
43429
43430
43437
43438
43447
43447
43448
43451
43453
43455
43460
43475
43477
43483
43495
43496
43508
43509
43515
43518
43521
43529
43539
43540
43547
43564
43594
43603
43609
43615
43637
43649
43653
43653
43657
43659
43664
43669
43678
43689
43715
43723
43724
43730
43732
43736
43750
43775
43780
43797
43806
43816
43833
43834
43841
43849
43851
43865
43869
43897
43909
43947
43949
43952
43954
43957
43960
43970
44012
44017
44025
44031
44043
44045
44052
44053
44055
44055
44061
44078
44088
44093
44093
44117
44124
44151
44152
44158
44170
44187
44199
44203
44209
44246
44247
44259
44273
44280
44288
44292
44302
44312
44315
44328
44340
44344
44344
44357
44362
44367
44368
44371
44374
44379
44380
44381
44388
44410
44411
44447
44448
44462
44463
44465
44467
44467
44470
44479
44496
44503
44540
44547
44553
44559
44565
44569
44571
44577
44578
44586
44592
44610
44617
44632
44645
44648
44654
44655
44663
44677
44679
44681
44692
44695
44696
44701
44707
44710
44722
44722
44724
44735
44746
44748
44748
44750
44755
44759
44761
44767
44768
44786
44788
44800
44805
44813
44817
44824
44837
44837
44837
44889
44891
44901
44915
44915
44916
44932
44942
44945
44956
44966
44975
44994
44995
45000
45011
45030
45058
45071
45076
45086
45110
45119
45127
45131
45136
45158
45161
45162
45170
45180
45185
45187
45193
45193
45217
45246
45246
45247
45263
45270
45290
45320
45321
45340
45342
45356
45361
45363
45384
45387
45392
45425
45430
45440
45452
45453
45456
45473
45505
45512
45514
45525
45530
45532
45549
45560
45579
45580
45601
45616
45620
45621
45625
45627
45646
45650
45653
45670
45671
45678
45691
45706
45738
45744
45762
45796
45798
45802
45817
45850
45852
45866
45872
45872
45875
45879
45901
45903
45904
45913
45921
45923
45933
45948
45963
45987
45988
45993
46011
46016
46022
46023
46029
46039
46046
46047
46053
46057
46072
46087
46089
46091
46103
46104
46122
46126
46127
46127
46139
46147
46148
46159
46160
46164
46171
46175
46185
46187
46187
46188
46201
46224
46229
46230
46236
46258
46263
46266
46270
46272
46273
46274
46287
46291
46293
46294
46299
46303
46305
46321
46330
46355
46368
46370
46380
46398
46407
46422
46440
46441
46463
46478
46480
46484
46489
46498
46507
46509
46524
46544
46553
46584
46591
46595
46597
46616
46632
46633
46637
46646
46661
46662
46686
46713
46714
46717
46721
46725
46726
46732
46734
46744
46746
46770
46788
46797
46797
46801
46822
46823
46835
46840
46849
46867
46868
46869
46900
46902
46907
46908
46916
46942
46945
46989
47004
47025
47044
47047
47050
47070
47075
47092
47097
47098
47106
47116
47118
47121
47137
47178
47178
47181
47187
47187
47195
47198
47214
47233
47238
47263
47273
47282
47293
47295
47299
47308
47326
47347
47373
47376
47380
47389
47392
47403
47405
47426
47428
47449
47450
47464
47492
47498
47506
47512
47520
47526
47531
47540
47548
47550
47551
47598
47610
47615
47616
47618
47618
47631
47637
47648
47651
47665
47679
47680
47684
47689
47697
47706
47717
47720
47734
47737
47747
47765
47778
47788
47795
47805
47829
47829
47830
47839
47841
47852
47854
47856
47861
47865
47866
47867
47868
47891
47893
47903
47919
47922
47923
47938
47947
47963
47969
47976
47977
48011
48025
48031
48054
48057
48059
48064
48080
48082
48088
48101
48103
48104
48141
48146
48152
48154
48166
48167
48177
48186
48187
48188
48190
48195
48212
48222
48225
48227
48234
48237
48240
48242
48248
48250
48250
48262
48266
48275
48276
48278
48284
48311
48318
48336
48340
48358
48384
48388
48395
48400
48406
48407
48427
48429
48450
48464
48483
48488
48491
48499
48505
48506
48519
48526
48527
48563
48564
48566
48588
48601
48611
48619
48636
48639
48642
48644
48659
48668
48668
48683
48721
48723
48737
48747
48754
48759
48770
48778
48793
48796
48800
48801
48846
48853
48856
48902
48904
48907
48926
48958
48961
48968
48969
48976
48977
48981
48982
48985
49000
49005
49006
49007
49007
49008
49013
49014
49027
49032
49049
49050
49065
49070
49098
49138
49142
49146
49165
49177
49192
49195
49197
49202
49217
49234
49238
49257
49298
49302
49316
49329
49337
49342
49346
49347
49354
49357
49382
49382
49397
49406
49412
49414
49416
49426
49458
49461
49481
49481
49484
49507
49517
49539
49541
49574
49578
49603
49606
49618
49621
49626
49626
49643
49644
49645
49649
49659
49674
49686
49690
49696
49697
49701
49707
49723
49727
49734
49744
49749
49758
49762
49766
49769
49774
49777
49783
49810
49826
49851
49867
49881
49886
49886
49896
49900
49904
49920
49923
49923
49928
49929
49930
49930
49931
49945
49959
49962
49962
49976
49977
