5
22
24
46
53
62
69
71
78
80
82
102
102
107
115
117
127
154
166
166
181
184
186
198
202
209
219
220
220
226
230
236
247
248
265
288
291
306
311
316
319
322
323
338
341
353
362
362
368
377
398
429
430
438
448
450
461
466
466
470
474
485
486
490
497
498
502
528
547
548
549
557
568
570
576
582
583
589
591
620
620
622
630
633
633
645
649
667
673
676
686
715
726
737
741
741
746
768
778
780
783
783
811
815
829
842
850
871
879
879
905
910
911
917
920
928
931
931
933
942
962
965
969
971
972
977
1023
1024
1031
1035
1040
1043
1051
1052
1052
1055
1057
1063
1063
1067
1071
1077
1078
1085
1094
1102
1116
1153
1154
1165
1173
1189
1198
1202
1205
1213
1254
1254
1266
1270
1271
1276
1288
1304
1306
1307
1310
1310
1311
1312
1315
1316
1331
1342
1349
1356
1359
1360
1364
1367
1368
1374
1379
1382
1382
1420
1420
1433
1440
1441
1445
1458
1467
1470
1476
1481
1487
1494
1499
1502
1503
1505
1516
1517
1542
1547
1548
1554
1558
1559
1566
1571
1588
1599
1622
1626
1629
1648
1657
1666
1667
1672
1674
1683
1685
1721
1728
1735
1742
1748
1753
1761
1767
1773
1789
1793
1795
1796
1807
1813
1826
1835
1850
1853
1857
1858
1861
1865
1878
1881
1893
1895
1904
1912
1915
1915
1916
1920
1929
1931
1945
1945
1950
1951
1953
1954
1958
1967
1967
1975
1992
1993
1999
2005
2018
2027
2042
2045
2058
2060
2062
2068
2071
2084
2094
2099
2108
2111
2116
2127
2128
2132
2135
2137
2140
2148
2153
2155
2155
2164
2166
2178
2179
2180
2186
2187
2187
2188
2195
2197
2213
2215
2215
2219
2226
2227
2232
2232
2243
2259
2278
2282
2291
2297
2299
2308
2310
2312
2313
2316
2317
2320
2330
2343
2349
2352
2354
2368
2376
2380
2388
2393
2396
2398
2400
2406
2407
2415
2419
2425
2444
2467
2470
2487
2488
2489
2506
2522
2527
2534
2538
2553
2555
2561
2569
2574
2597
2610
2620
2623
2624
2639
2656
2667
2673
2674
2674
2679
2728
2735
2736
2739
2749
2761
2761
2762
2767
2770
2783
2784
2799
2800
2805
2833
2836
2856
2862
2868
2871
2877
2902
2922
2931
2931
2931
2932
2933
2935
2942
2947
2948
2950
2978
2979
2983
2993
3004
3009
3018
3028
3032
3039
3045
3057
3058
3070
3084
3105
3114
3116
3118
3123
3134
3135
3136
3138
3145
3170
3174
3185
3188
3197
3199
3203
3218
3219
3219
3225
3231
3242
3252
3253
3259
3259
3259
3259
3263
3266
3271
3272
3280
3282
3291
3303
3311
3313
3314
3337
3339
3342
3360
3363
3367
3389
3393
3395
3411
3414
3425
3427
3429
3441
3450
3461
3464
3467
3480
3483
3487
3489
3499
3506
3507
3523
3536
3538
3551
3558
3562
3574
3575
3580
3584
3599
3599
3606
3607
3609
3613
3615
3625
3627
3629
3647
3648
3648
3656
3658
3659
3668
3679
3692
3695
3700
3701
3702
3713
3724
3732
3745
3752
3758
3771
3775
3790
3807
3819
3823
3824
3824
3827
3831
3836
3852
3892
3901
3903
3909
3935
3945
3957
3969
3986
3992
3998
3999
4025
4028
4044
4047
4066
4083
4092
4093
4097
4100
4103
4115
4118
4121
4125
4128
4141
4141
4142
4144
4146
4160
4160
4168
4169
4176
4186
4196
4236
4247
4252
4256
4267
4270
4279
4285
4292
4307
4309
4316
4319
4325
4330
4334
4352
4354
4375
4382
4394
4396
4396
4402
4406
4407
4423
4423
4432
4443
4447
4447
4457
4457
4464
4467
4469
4472
4479
4480
4490
4494
4507
4526
4527
4530
4538
4541
4544
4546
4547
4553
4556
4558
4560
4561
4588
4597
4605
4607
4613
4624
4630
4640
4650
4653
4656
4658
4667
4670
4681
4681
4691
4701
4703
4710
4712
4714
4722
4728
4747
4753
4763
4767
4768
4772
4782
4789
4799
4800
4808
4808
4812
4827
4829
4852
4862
4863
4866
4869
4870
4872
4874
4880
4894
4897
4898
4900
4914
4916
4917
4924
4931
4945
4954
4954
4956
4969
4998
5002
5005
5006
5007
5011
5018
5028
5031
5036
5062
5073
5074
5082
5088
5098
5104
5104
5107
5116
5117
5122
5126
5130
5178
5180
5187
5201
5209
5217
5218
5226
5235
5238
5256
5264
5272
5282
5289
5292
5302
5306
5309
5310
5327
5329
5338
5356
5357
5358
5359
5365
5365
5384
5386
5397
5422
5426
5429
5429
5435
5447
5447
5453
5454
5484
5490
5492
5494
5525
5553
5568
5574
5578
5590
5600
5602
5608
5620
5621
5627
5634
5659
5663
5665
5679
5691
5736
5762
5765
5779
5784
5793
5794
5806
5807
5837
5838
5846
5852
5855
5862
5871
5881
5883
5887
5895
5900
5907
5917
5918
5927
5933
5935
5948
5957
5962
5996
6005
6006
6009
6010
6016
6024
6026
6035
6054
6060
6062
6069
6072
6073
6077
6085
6085
6090
6091
6099
6100
6118
6123
6131
6140
6153
6156
6164
6165
6168
6177
6188
6192
6192
6205
6213
6219
6230
6230
6234
6239
6245
6245
6250
6257
6269
6273
6276
6281
6286
6297
6304
6344
6347
6370
6387
6389
6390
6392
6406
6406
6409
6434
6435
6439
6442
6452
6464
6465
6474
6474
6475
6479
6492
6501
6504
6508
6513
6513
6517
6524
6530
6536
6539
6541
6544
6552
6557
6560
6561
6562
6575
6577
6599
6603
6613
6616
6625
6631
6634
6635
6647
6651
6652
6653
6656
6658
6667
6671
6683
6683
6684
6690
6704
6712
6713
6713
6714
6719
6730
6743
6748
6762
6771
6779
6786
6791
6794
6800
6803
6813
6819
6828
6833
6834
6843
6847
6853
6856
6860
6865
6867
6874
6876
6898
6902
6903
6915
6922
6929
6941
6944
6946
6953
6957
6959
6959
6961
6966
6978
6984
6994
6996
7000
7006
7009
7034
7036
7041
7041
7056
7078
7081
7086
7106
7108
7111
7121
7135
7142
7145
7152
7163
7175
7177
7185
7186
7190
7210
7224
7226
7229
7237
7238
7249
7263
7271
7296
7308
7311
7311
7320
7334
7336
7347
7355
7361
7361
7366
7370
7371
7403
7403
7426
7432
7433
7449
7454
7461
7466
7466
7485
7486
7502
7505
7525
7529
7534
7560
7562
7580
7586
7596
7601
7619
7638
7671
7689
7698
7720
7736
7773
7775
7780
7786
7813
7819
7822
7849
7853
7853
7855
7860
7877
7881
7883
7885
7890
7897
7901
7907
7916
7917
7923
7933
7934
7938
7946
7961
7964
7966
7989
7996
8001
8002
8005
8007
8012
8014
8014
8016
8039
8048
8053
8057
8075
8091
8092
8094
8097
8098
8098
8104
8106
8110
8111
8116
8125
8127
8131
8135
8155
8162
8171
8176
8176
8200
8204
8211
8216
8219
8238
8240
8243
8248
8251
8262
8265
8268
8272
8281
8287
8291
8293
8303
8304
8305
8311
8319
8339
8340
8350
8353
8360
8363
8368
8376
8388
8399
8408
8420
8438
8444
8445
8446
8460
8462
8474
8477
8492
8492
8500
8502
8508
8513
8515
8520
8562
8563
8586
8592
8601
8626
8629
8630
8646
8647
8656
8658
8664
8666
8668
8678
8686
8688
8711
8721
8725
8743
8744
8747
8752
8762
8765
8768
8783
8796
8800
8804
8814
8827
8830
8836
8838
8838
8839
8850
8858
8863
8863
8870
8875
8885
8887
8893
8921
8949
8958
8969
8970
8970
8980
8990
9003
9007
9020
9045
9056
9058
9065
9066
9068
9074
9076
9080
9092
9108
9112
9118
9158
9170
9175
9176
9177
9177
9178
9182
9186
9192
9198
9216
9223
9225
9231
9243
9247
9251
9272
9275
9289
9297
9299
9303
9304
9306
9306
9341
9346
9347
9352
9352
9355
9361
9362
9388
9391
9404
9405
9406
9430
9435
9443
9447
9456
9459
9461
9481
9483
9484
9485
9515
9525
9526
9529
9533
9538
9541
9541
9542
9544
9556
9567
9572
9581
9584
9589
9592
9600
9602
9610
9610
9659
9671
9676
9681
9698
9698
9715
9716
9741
9745
9746
9751
9752
9759
9759
9761
9767
9771
9778
9788
9798
9804
9810
9814
9814
9824
9829
9838
9842
9848
9855
9859
9868
9875
9882
9918
9921
9929
9952
9970
9974
9995
9995
9998
10007
10008
10029
10031
10033
10047
10059
10060
10070
10073
10075
10081
10085
10085
10087
10089
10096
10108
10119
10137
10139
10148
10149
10182
10187
10190
10193
10196
10199
10214
10216
10223
10232
10247
10249
10264
10265
10268
10268
10270
10272
10274
10275
10276
10298
10299
10303
10318
10322
10334
10348
10352
10358
10374
10376
10385
10387
10396
10399
10426
10440
10468
10492
10505
10517
10541
10566
10572
10588
10608
10613
10622
10630
10640
10645
10646
10650
10678
10687
10687
10697
10698
10714
10718
10720
10728
10731
10754
10755
10761
10762
10768
10771
10779
10793
10796
10798
10799
10803
10804
10808
10812
10818
10830
10831
10834
10841
10842
10847
10856
10857
10858
10870
10873
10874
10895
10900
10905
10914
10925
10929
10935
10941
10948
10949
10952
10952
10958
10967
10970
10974
10974
10983
10983
10984
11004
11014
11017
11018
11023
11038
11040
11047
11055
11058
11062
11072
11083
11089
11091
11097
11097
11099
11106
11109
11111
11116
11122
11124
11126
11134
11142
11161
11163
11171
11174
11182
11184
11206
11216
11218
11245
11248
11250
11262
11265
11268
11272
11276
11288
11289
11329
11339
11354
11361
11377
11381
11384
11396
11396
11409
11410
11420
11444
11445
11446
11451
11462
11472
11478
11489
11518
11533
11537
11539
11541
11544
11552
11559
11570
11576
11584
11592
11597
11597
11606
11618
11620
11640
11641
11658
11663
11678
11686
11688
11694
11710
11714
11723
11727
11737
11755
11762
11784
11823
11826
11830
11835
11836
11845
11848
11856
11857
11862
11877
11894
11898
11906
11911
11925
11929
11940
11946
11946
11947
11949
11960
11962
11962
11962
11974
11985
11985
11997
12008
12009
12026
12027
12042
12056
12056
12058
12063
12066
12078
12082
12085
12085
12093
12109
12122
12140
12144
12146
12149
12151
12173
12181
12182
12185
12188
12200
12204
12210
12217
12235
12239
12241
12243
12262
12284
12288
12289
12294
12296
12302
12303
12307
12307
12315
12334
12347
12347
12347
12347
12355
12359
12362
12392
12393
12395
12396
12397
12411
12446
12452
12458
12464
12467
12488
12490
12511
12528
12533
12537
12542
12548
12550
12551
12556
12586
12589
12618
12621
12625
12637
12651
12651
12651
12667
12670
12671
12693
12708
12708
12712
12723
12733
12734
12735
12738
12739
12756
12766
12767
12772
12779
12788
12799
12810
12816
12818
12830
12848
12859
12861
12869
12875
12884
12891
12899
12907
12920
12921
12922
12930
12933
12936
12938
12961
12975
12981
12989
12991
12991
12995
13000
13007
13015
13031
13045
13045
13048
13057
13059
13072
13099
13100
13104
13105
13111
13114
13124
13137
13138
13138
13144
13154
13156
13163
13166
13168
13169
13174
13174
13196
13198
13200
13204
13226
13226
13230
13244
13249
13253
13256
13267
13274
13289
13295
13296
13296
13302
13303
13303
13307
13307
13313
13315
13322
13329
13335
13351
13371
13381
13385
13402
13443
13444
13445
13459
13467
13483
13497
13507
13522
13528
13529
13533
13535
13537
13541
13548
13551
13552
13566
13582
13586
13590
13591
13607
13612
13635
13636
13638
13647
13667
13672
13674
13675
13676
13678
13688
13691
13691
13694
13712
13712
13729
13751
13753
13754
13756
13799
13802
13817
13834
13850
13852
13864
13884
13885
13895
13897
13917
13919
13944
13970
13974
13988
14002
14006
14008
14020
14023
14023
14030
14038
14045
14055
14059
14061
14063
14066
14066
14086
14092
14095
14095
14108
14111
14114
14117
14125
14126
14131
14146
14147
14158
14173
14194
14201
14214
14216
14231
14234
14247
14261
14266
14302
14311
14315
14316
14327
14330
14339
14342
14355
14359
14367
14371
14373
14378
14382
14409
14419
14424
14454
14458
14459
14465
14486
14493
14505
14505
14528
14534
14549
14554
14578
14583
14596
14600
14605
14613
14616
14621
14623
14624
14629
14642
14646
14648
14648
14651
14654
14656
14675
14675
14676
14678
14681
14682
14699
14709
14712
14717
14723
14736
14740
14753
14754
14757
14772
14774
14775
14780
14781
14783
14789
14802
14814
14817
14820
14824
14828
14828
14830
14838
14844
14847
14851
14856
14857
14869
14874
14882
14898
14900
14904
14907
14925
14927
14948
14951
14953
14953
14960
14961
14967
14971
14984
14985
14989
14992
14993
14994
14995
15001
15011
15012
15018
15023
15023
15042
15043
15046
15059
15063
15075
15075
15085
15088
15089
15121
15123
15126
15126
15130
15142
15161
15172
15173
15177
15217
15234
15240
15248
15257
15261
15263
15263
15269
15273
15278
15279
15279
15280
15284
15289
15289
15306
15311
15314
15323
15324
15325
15343
15353
15358
15364
15366
15370
15372
15386
15387
15392
15406
15417
15422
15443
15458
15473
15482
15483
15484
15489
15498
15503
15538
15565
15578
15585
15593
15596
15596
15596
15626
15629
15637
15638
15644
15646
15647
15653
15662
15669
15671
15673
15696
15707
15707
15709
15709
15717
15721
15726
15730
15734
15735
15735
15742
15746
15760
15807
15836
15861
15868
15872
15878
15878
15890
15923
15923
15925
15943
15951
15960
15962
15973
15982
16004
16006
16010
16014
16018
16023
16034
16041
16042
16049
16054
16066
16066
16069
16072
16094
16102
16106
16114
16115
16128
16137
16147
16158
16160
16164
16166
16175
16175
16190
16192
16211
16224
16228
16245
16248
16251
16288
16310
16327
16343
16346
16358
16365
16379
16388
16395
16397
16402
16402
16404
16412
16416
16416
16435
16467
16470
16475
16491
16495
16499
16504
16507
16510
16522
16525
16528
16537
16538
16542
16550
16572
16598
16598
16599
16607
16617
16638
16649
16652
16653
16662
16668
16687
16693
16695
16697
16727
16729
16734
16734
16736
16739
16740
16758
16760
16761
16761
16770
16772
16774
16784
16792
16797
16799
16805
16817
16824
16837
16863
16868
16871
16881
16890
16893
16900
16904
16936
16944
16955
16966
16969
16976
16988
16994
17010
17017
17026
17037
17053
17060
17068
17072
17084
17086
17120
17120
17126
17134
17148
17173
17188
17190
17194
17210
17210
17225
17244
17245
17250
17252
17254
17260
17260
17264
17278
17279
17288
17294
17301
17319
17322
17323
17328
17336
17339
17344
17347
17350
17355
17366
17367
17372
17373
17386
17388
17389
17393
17393
17396
17399
17405
17408
17409
17420
17433
17442
17444
17448
17448
17456
17470
17471
17473
17475
17492
17493
17498
17526
17527
17529
17549
17553
17565
17574
17577
17578
17581
17589
17593
17595
17595
17605
17625
17633
17639
17639
17647
17653
17655
17655
17660
17661
17663
17665
17668
17670
17676
17677
17692
17705
17705
17706
17707
17720
17720
17723
17724
17733
17735
17767
17782
17801
17807
17815
17821
17866
17870
17882
17886
17886
17892
17897
17914
17930
17940
17949
17958
17960
17966
17971
17984
17994
18001
18027
18029
18036
18040
18045
18068
18076
18078
18086
18089
18092
18107
18112
18118
18126
18134
18141
18154
18165
18172
18183
18190
18192
18197
18208
18208
18235
18240
18248
18261
18264
18278
18292
18293
18307
18308
18317
18331
18342
18345
18349
18360
18370
18390
18405
18422
18424
18433
18463
18463
18465
18468
18469
18480
18489
18494
18501
18508
18509
18513
18515
18520
18527
18542
18546
18558
18562
18566
18568
18579
18589
18589
18608
18624
18630
18637
18640
18649
18653
18653
18665
18701
18703
18704
18708
18721
18723
18751
18757
18764
18766
18769
18771
18774
18779
18780
18783
18788
18789
18794
18798
18803
18805
18809
18810
18825
18834
18834
18841
18849
18858
18863
18877
18891
18897
18913
18921
18923
18939
18941
18948
18989
18994
18997
18997
19010
19018
19021
19022
19023
19024
19025
19027
19050
19052
19052
19054
19077
19082
19082
19119
19120
19131
19160
19171
19176
19177
19188
19196
19202
19215
19223
19234
19236
19256
19256
19270
19281
19298
19300
19306
19321
19322
19341
19341
19343
19347
19348
19349
19352
19360
19362
19367
19368
19371
19371
19382
19384
19387
19388
19393
19397
19406
19409
19415
19415
19419
19421
19426
19428
19435
19436
19438
19442
19458
19477
19478
19487
19495
19511
19512
19518
19522
19525
19533
19534
19534
19539
19554
19554
19563
19564
19567
19570
19575
19589
19595
19603
19625
19634
19637
19638
19639
19643
19663
19678
19696
19702
19715
19722
19726
19757
19768
19777
19784
19784
19788
19794
19805
19811
19820
19821
19824
19840
19851
19873
19894
19899
19911
19929
19930
19930
19932
19932
19938
19940
19942
19951
19953
19954
19958
19974
20004
20014
20017
20038
20044
20045
20052
20070
20071
20073
20083
20090
20091
20102
20120
20133
20141
20143
20151
20151
20157
20157
20163
20168
20171
20176
20181
20187
20190
20198
20213
20217
20220
20220
20225
20230
20231
20233
20239
20248
20250
20251
20260
20266
20269
20280
20285
20293
20318
20328
20338
20338
20346
20351
20367
20367
20369
20371
20387
20421
20432
20453
20475
20479
20482
20504
20513
20518
20522
20523
20529
20533
20541
20560
20564
20576
20576
20580
20580
20581
20582
20591
20602
20602
20613
20617
20618
20627
20630
20651
20652
20652
20661
20702
20704
20707
20709
20711
20713
20729
20741
20747
20757
20760
20761
20774
20780
20788
20792
20801
20802
20802
20805
20810
20817
20819
20820
20825
20825
20840
20852
20860
20886
20897
20916
20936
20938
20939
20943
20955
20959
20960
20962
20964
20967
20975
20977
20979
20980
20989
21001
21007
21021
21044
21047
21065
21079
21083
21084
21087
21089
21100
21115
21124
21140
21150
21153
21156
21170
21176
21181
21189
21192
21194
21196
21205
21207
21210
21216
21220
21221
21222
21224
21227
21229
21232
21243
21246
21246
21247
21248
21248
21255
21263
21269
21275
21297
21298
21308
21311
21317
21320
21331
21340
21350
21371
21381
21384
21398
21412
21414
21418
21418
21429
21442
21448
21451
21456
21456
21461
21470
21470
21481
21489
21490
21496
21502
21506
21507
21533
21540
21544
21544
21545
21555
21562
21564
21565
21568
21584
21596
21631
21633
21647
21652
21652
21665
21667
21668
21691
21694
21700
21701
21712
21725
21735
21737
21741
21747
21765
21802
21822
21826
21828
21833
21836
21846
21859
21861
21862
21862
21865
21880
21881
21889
21889
21898
21915
21919
21928
21965
21968
21981
22000
22012
22019
22025
22035
22037
22038
22053
22056
22059
22066
22074
22078
22111
22116
22120
22146
22156
22157
22160
22162
22165
22168
22173
22178
22186
22193
22218
22223
22231
22235
22239
22244
22246
22249
22264
22272
22273
22275
22282
22297
22314
22316
22317
22320
22328
22332
22333
22339
22340
22349
22352
22356
22359
22364
22375
22391
22402
22410
22424
22451
22455
22459
22467
22468
22470
22479
22484
22487
22504
22517
22521
22522
22524
22524
22526
22533
22534
22538
22538
22548
22550
22554
22556
22561
22561
22568
22573
22580
22598
22607
22615
22622
22634
22635
22639
22644
22653
22657
22670
22676
22678
22682
22688
22699
22727
22732
22737
22739
22746
22747
22748
22758
22770
22774
22789
22792
22800
22805
22810
22811
22813
22833
22854
22856
22859
22862
22866
22889
22907
22907
22908
22930
22936
22937
22942
22944
22955
22960
22971
22977
22978
22994
23003
23010
23013
23020
23030
23030
23044
23050
23051
23052
23053
23060
23067
23075
23082
23089
23100
23115
23132
23133
23143
23144
23153
23154
23157
23192
23192
23199
23209
23213
23215
23217
23217
23235
23240
23250
23256
23259
23284
23285
23286
23287
23295
23314
23334
23336
23351
23363
23369
23373
23378
23381
23397
23398
23419
23427
23429
23454
23456
23466
23468
23475
23476
23491
23493
23496
23499
23534
23547
23558
23560
23564
23572
23572
23573
23578
23578
23579
23583
23598
23604
23623
23624
23627
23631
23633
23636
23637
23643
23645
23655
23672
23675
23677
23680
23691
23692
23707
23712
23722
23724
23728
23729
23738
23743
23747
23767
23769
23771
23773
23784
23795
23816
23820
23823
23833
23836
23837
23840
23843
23855
23866
23883
23887
23892
23900
23901
23909
23916
23923
23923
23924
23945
23947
23951
23952
23959
23960
23967
23968
23968
23968
23969
23970
23980
23989
24008
24025
24049
24053
24081
24085
24086
24098
24104
24105
24120
24123
24126
24126
24138
24141
24145
24148
24152
24152
24161
24171
24184
24204
24220
24223
24228
24229
24229
24239
24242
24247
24262
24268
24281
24282
24291
24315
24325
24331
24346
24359
24361
24361
24365
24371
24379
24380
24380
24383
24384
24385
24396
24407
24410
24412
24418
24423
24425
24426
24426
24433
24433
24440
24470
24471
24482
24489
24490
24508
24514
24518
24520
24526
24541
24553
24561
24587
24588
24590
24590
24590
24592
24605
24607
24610
24627
24629
24632
24645
24648
24681
24684
24684
24687
24688
24690
24693
24695
24698
24702
24709
24718
24721
24727
24748
24788
24791
24792
24795
24804
24808
24814
24821
24823
24823
24825
24828
24837
24844
24848
24878
24886
24911
24919
24921
24923
24927
24929
24935
24939
24942
24951
24952
24967
24968
24977
24984
24986
24993
24998
24998
24999
25022
25036
25041
25046
25047
25051
25056
25058
25058
25082
25094
25103
25113
25113
25129
25132
25133
25140
25151
25151
25175
25185
25185
25186
25202
25219
25220
25226
25236
25243
25252
25263
25263
25268
25269
25299
25310
25319
25334
25345
25348
25350
25366
25401
25409
25411
25413
25434
25436
25438
25440
25446
25448
25455
25459
25468
25468
25472
25477
25487
25488
25506
25528
25533
25558
25562
25566
25570
25577
25582
25588
25598
25601
25608
25620
25632
25641
25657
25667
25681
25684
25701
25722
25735
25739
25744
25756
25799
25803
25830
25837
25841
25841
25847
25855
25855
25868
25885
25886
25890
25904
25929
25935
25936
25942
25944
25965
25972
25983
25991
25999
26011
26014
26020
26027
26029
26039
26062
26070
26086
26115
26117
26119
26119
26142
26144
26184
26185
26204
26215
26220
26232
26235
26243
26244
26245
26261
26280
26286
26286
26289
26293
26301
26329
26348
26348
26349
26358
26359
26377
26402
26403
26427
26438
26446
26455
26463
26479
26492
26514
26515
26515
26534
26550
26551
26552
26564
26566
26567
26580
26594
26594
26596
26607
26609
26609
26628
26633
26633
26645
26647
26655
26657
26684
26685
26696
26700
26708
26722
26740
26756
26777
26785
26786
26790
26796
26800
26808
26817
26819
26827
26828
26846
26852
26859
26861
26864
26867
26867
26881
26884
26892
26898
26902
26908
26909
26939
26952
26969
26979
26995
27001
27004
27016
27033
27036
27039
27043
27043
27052
27054
27069
27073
27081
27084
27090
27102
27126
27140
27140
27149
27194
27200
27201
27209
27213
27222
27223
27228
27231
27247
27251
27253
27253
27258
27275
27277
27282
27293
27300
27324
27326
27327
27361
27370
27382
27391
27408
27416
27416
27427
27432
27438
27446
27447
27462
27463
27479
27501
27506
27512
27515
27520
27526
27528
27528
27530
27534
27553
27560
27574
27578
27584
27597
27602
27606
27609
27611
27614
27614
27615
27637
27638
27645
27655
27676
27681
27693
27693
27697
27705
27716
27720
27724
27730
27735
27735
27742
27743
27767
27770
27782
27799
27816
27824
27844
27853
27853
27856
27873
27877
27878
27880
27881
27883
27884
27888
27889
27896
27905
27911
27926
27937
27945
27952
27979
27985
28015
28016
28032
28046
28064
28072
28078
28098
28100
28107
28128
28131
28140
28170
28170
28171
28180
28180
28183
28189
28202
28214
28215
28224
28229
28258
28261
28261
28265
28276
28278
28287
28293
28300
28311
28321
28326
28329
28347
28359
28360
28361
28371
28376
28379
28381
28386
28389
28409
28410
28411
28416
28423
28429
28443
28453
28478
28479
28481
28483
28486
28491
28497
28509
28517
28521
28524
28536
28544
28549
28556
28569
28572
28574
28575
28577
28583
28586
28590
28591
28600
28611
28614
28628
28628
28628
28631
28653
28655
28666
28668
28674
28675
28691
28704
28720
28731
28734
28754
28759
28765
28776
28778
28787
28787
28788
28822
28825
28827
28829
28834
28841
28851
28856
28860
28861
28863
28875
28880
28880
28888
28896
28897
28900
28906
28915
28922
28922
28924
28926
28930
28934
28934
28935
28940
28952
28956
28960
28971
28980
28980
28993
29000
29002
29006
29008
29010
29012
29020
29021
29035
29035
29040
29057
29059
29079
29085
29097
29112
29113
29135
29142
29145
29155
29156
29165
29168
29172
29173
29173
29179
29182
29195
29204
29212
29215
29235
29249
29260
29288
29288
29288
29329
29330
29333
29337
29341
29343
29351
29351
29362
29366
29400
29406
29409
29415
29431
29447
29450
29451
29453
29474
29489
29492
29493
29512
29522
29534
29542
29564
29568
29574
29577
29581
29590
29593
29597
29598
29601
29610
29614
29619
29642
29656
29659
29670
29675
29695
29696
29723
29726
29733
29742
29742
29745
29755
29767
29768
29768
29771
29771
29780
29783
29784
29785
29786
29794
29812
29814
29814
29818
29822
29825
29838
29840
29861
29868
29869
29870
29877
29879
29889
29903
29905
29908
29913
29926
29927
29932
29955
29955
29962
29971
29975
29977
29979
29985
30012
30021
30035
30047
30048
30054
30057
30059
30065
30067
30073
30075
30081
30086
30090
30097
30108
30119
30134
30137
30138
30149
30160
30165
30168
30170
30175
30175
30178
30181
30183
30187
30190
30198
30212
30214
30227
30239
30243
30244
30252
30254
30256
30256
30260
30266
30273
30282
30284
30285
30289
30292
30294
30296
30311
30318
30323
30324
30334
30340
30361
30368
30372
30400
30406
30422
30429
30445
30455
30461
30465
30468
30489
30491
30496
30498
30507
30516
30526
30526
30530
30543
30545
30553
30560
30562
30563
30564
30569
30579
30580
30582
30598
30599
30601
30603
30608
30616
30619
30625
30626
30629
30649
30661
30683
30683
30696
30698
30713
30715
30729
30733
30736
30740
30745
30765
30771
30789
30813
30816
30817
30821
30823
30824
30850
30870
30877
30893
30895
30898
30904
30909
30912
30914
30919
30920
30926
30927
30958
30964
30972
30985
30991
31007
31018
31022
31022
31027
31037
31039
31040
31043
31044
31055
31065
31067
31068
31076
31079
31084
31088
31089
31096
31098
31110
31113
31134
31142
31151
31160
31160
31161
31170
31176
31197
31199
31203
31209
31223
31230
31244
31249
31255
31263
31265
31275
31275
31280
31285
31285
31296
31302
31320
31322
31350
31351
31355
31357
31363
31372
31375
31375
31383
31383
31385
31390
31409
31428
31431
31432
31436
31440
31443
31450
31475
31477
31485
31498
31514
31520
31529
31542
31547
31551
31559
31587
31596
31612
31624
31628
31658
31665
31670
31673
31686
31688
31692
31711
31717
31720
31723
31726
31728
31734
31737
31741
31745
31753
31758
31766
31767
31781
31783
31791
31793
31794
31798
31799
31815
31815
31825
31833
31838
31842
31843
31854
31864
31868
31876
31879
31882
31883
31889
31895
31910
31911
31917
31921
31927
31935
31937
31950
31960
31964
31988
31991
31995
31998
32000
32005
32011
32023
32028
32029
32050
32050
32051
32065
32072
32073
32118
32120
32121
32131
32134
32135
32148
32159
32166
32171
32189
32198
32210
32229
32232
32233
32237
32239
32239
32245
32268
32274
32276
32285
32335
32337
32337
32353
32354
32357
32361
32368
32377
32390
32392
32408
32415
32422
32423
32423
32429
32434
32441
32442
32467
32501
32509
32519
32522
32523
32530
32535
32539
32554
32565
32570
32572
32576
32593
32597
32599
32607
32613
32613
32617
32629
32629
32637
32657
32658
32666
32675
32675
32689
32696
32696
32698
32712
32714
32720
32724
32732
32736
32742
32750
32771
32778
32778
32779
32781
32794
32800
32807
32809
32812
32826
32827
32827
32828
32829
32835
32843
32846
32848
32848
32856
32859
32861
32862
32864
32871
32874
32884
32888
32896
32918
32931
32937
32943
32952
32953
32961
32969
32985
32989
32989
33002
33010
33022
33024
33025
33027
33029
33047
33058
33062
33068
33073
33075
33077
33085
33087
33092
33096
33098
33102
33111
33126
33137
33146
33155
33169
33175
33177
33181
33182
33188
33210
33214
33220
33228
33249
33256
33260
33271
33282
33287
33292
33306
33329
33337
33344
33349
33360
33369
33370
33376
33377
33395
33398
33398
33401
33412
33421
33423
33445
33448
33455
33456
33458
33460
33467
33481
33483
33488
33502
33515
33533
33533
33536
33538
33551
33552
33552
33559
33559
33567
33575
33583
33592
33602
33604
33606
33613
33619
33624
33627
33630
33643
33649
33665
33666
33672
33704
33715
33718
33724
33738
33755
33771
33778
33782
33785
33788
33795
33798
33802
33803
33820
33826
33826
33828
33836
33838
33848
33857
33864
33867
33877
33880
33887
33893
33896
33902
33930
33932
33933
33934
33940
33951
33955
33961
33970
33979
33980
33985
33986
33990
33997
34001
34012
34016
34032
34032
34037
34042
34045
34048
34049
34050
34050
34054
34056
34061
34062
34069
34076
34080
34083
34085
34088
34092
34094
34106
34116
34121
34123
34136
34141
34141
34151
34156
34168
34189
34201
34204
34204
34212
34214
34229
34233
34245
34269
34272
34276
34289
34297
34304
34304
34313
34319
34325
34328
34334
34336
34339
34354
34368
34371
34376
34386
34387
34398
34399
34421
34437
34441
34444
34447
34451
34458
34476
34476
34502
34506
34515
34536
34537
34539
34541
34561
34569
34569
34571
34583
34583
34584
34589
34596
34611
34612
34612
34613
34616
34631
34631
34635
34656
34667
34675
34677
34680
34695
34706
34706
34707
34734
34744
34746
34754
34763
34764
34767
34771
34779
34787
34790
34816
34830
34831
34836
34841
34847
34857
34863
34871
34889
34899
34907
34919
34938
34946
34952
34964
34969
34972
34977
34988
34992
34996
35000
35005
35018
35021
35030
35038
35043
35075
35077
35079
35085
35090
35090
35101
35141
35141
35143
35148
35153
35155
35168
35175
35183
35191
35213
35214
35220
35234
35246
35247
35250
35255
35263
35265
35270
35271
35312
35314
35319
35322
35323
35329
35334
35360
35366
35373
35376
35383
35403
35413
35418
35421
35429
35440
35449
35460
35500
35502
35503
35506
35518
35523
35534
35536
35547
35559
35566
35567
35567
35570
35584
35586
35610
35630
35638
35652
35653
35663
35664
35665
35666
35687
35694
35704
35720
35723
35727
35732
35761
35768
35772
35772
35775
35784
35793
35795
35806
35807
35808
35819
35840
35852
35879
35891
35896
35905
35905
35909
35917
35928
35960
35962
35973
35974
35975
35978
35985
35999
36002
36003
36005
36024
36030
36053
36062
36076
36079
36081
36082
36085
36100
36108
36117
36119
36123
36136
36145
36148
36166
36178
36180
36192
36206
36211
36216
36221
36223
36229
36232
36234
36242
36243
36244
36249
36255
36256
36270
36276
36295
36307
36308
36309
36333
36345
36346
36347
36361
36363
36381
36401
36413
36429
36431
36431
36443
36453
36456
36456
36465
36481
36492
36494
36497
36511
36515
36526
36541
36542
36571
36571
36575
36580
36580
36585
36600
36601
36602
36603
36615
36624
36637
36662
36665
36666
36671
36675
36683
36714
36719
36744
36746
36751
36754
36764
36765
36767
36778
36788
36790
36797
36801
36813
36814
36834
36837
36846
36855
36866
36867
36870
36879
36901
36906
36909
36917
36929
36932
36934
36937
36950
36958
36965
36967
36977
36983
36986
36989
36995
36996
37005
37008
37014
37026
37042
37050
37055
37060
37085
37089
37093
37102
37110
37111
37113
37113
37120
37122
37123
37126
37128
37128
37133
37134
37146
37147
37149
37154
37158
37170
37174
37179
37182
37188
37192
37203
37219
37234
37236
37244
37246
37278
37280
37289
37301
37305
37332
37334
37339
37352
37363
37369
37369
37380
37387
37387
37395
37396
37399
37402
37404
37407
37411
37415
37418
37419
37434
37465
37472
37485
37505
37511
37515
37525
37534
37554
37555
37555
37591
37595
37605
37608
37614
37623
37624
37626
37646
37652
37652
37666
37675
37679
37680
37695
37705
37708
37712
37715
37718
37721
37725
37729
37739
37741
37747
37748
37755
37764
37767
37778
37789
37791
37801
37823
37854
37854
37867
37902
37904
37918
37922
37925
37940
37940
37948
37949
37961
37967
37972
37985
37990
37994
37997
38005
38023
38030
38035
38037
38057
38078
38079
38089
38090
38090
38119
38128
38135
38136
38150
38156
38169
38187
38188
38193
38206
38209
38211
38220
38236
38250
38261
38279
38283
38296
38298
38303
38304
38309
38321
38334
38367
38368
38380
38384
38395
38399
38404
38407
38412
38416
38417
38423
38427
38433
38443
38445
38447
38447
38449
38475
38476
38476
38481
38486
38494
38496
38504
38514
38517
38529
38549
38551
38552
38557
38559
38559
38560
38561
38563
38564
38565
38565
38566
38581
38615
38617
38619
38620
38622
38636
38636
38637
38639
38648
38661
38662
38673
38683
38700
38700
38707
38711
38717
38727
38736
38740
38747
38749
38755
38765
38766
38773
38792
38793
38806
38808
38814
38829
38841
38845
38846
38849
38851
38857
38860
38863
38874
38879
38903
38911
38922
38938
38938
38982
39000
39008
39018
39020
39024
39038
39049
39051
39051
39052
39062
39069
39071
39086
39088
39095
39101
39104
39111
39123
39126
39130
39131
39135
39135
39139
39140
39151
39153
39157
39166
39169
39171
39172
39178
39182
39207
39212
39220
39231
39243
39252
39254
39258
39265
39269
39271
39272
39275
39286
39292
39296
39296
39300
39304
39306
39308
39324
39331
39335
39338
39342
39346
39358
39364
39372
39397
39397
39397
39403
39412
39414
39416
39416
39422
39428
39429
39436
39438
39441
39466
39475
39485
39489
39502
39504
39509
39509
39510
39513
39524
39532
39543
39556
39559
39562
39615
39632
39634
39644
39647
39652
39652
39667
39675
39682
39685
39688
39693
39698
39701
39709
39712
39739
39749
39749
39764
39764
39765
39767
39768
39769
39788
39797
39804
39804
39812
39823
39836
39856
39857
39859
39859
39864
39865
39872
39893
39894
39904
39906
39911
39914
39915
39922
39922
39924
39926
39929
39929
39938
39942
39942
39942
39952
39980
39985
39987
39989
39991
39994
40025
40031
40034
40039
40057
40058
40060
40062
40089
40104
40111
40114
40118
40124
40141
40141
40146
40149
40157
40159
40172
40175
40186
40195
40197
40203
40221
40222
40244
40253
40253
40262
40271
40299
40300
40323
40330
40332
40333
40347
40347
40354
40355
40373
40373
40378
40390
40391
40405
40407
40417
40426
40433
40440
40456
40464
40474
40474
40476
40483
40496
40498
40507
40517
40518
40521
40523
40541
40542
40545
40564
40565
40576
40579
40583
40590
40601
40611
40614
40616
40626
40629
40632
40643
40652
40656
40665
40667
40675
40690
40696
40727
40729
40730
40747
40751
40757
40760
40762
40766
40768
40770
40774
40780
40784
40785
40787
40793
40802
40816
40816
40830
40838
40840
40850
40860
40863
40865
40873
40876
40893
40893
40904
40905
40908
40913
40938
40939
40944
40975
40975
40990
40990
41000
41012
41014
41015
41017
41021
41023
41028
41031
41032
41036
41038
41039
41041
41063
41063
41065
41066
41079
41084
41105
41106
41116
41124
41134
41134
41144
41152
41155
41159
41165
41167
41168
41171
41174
41183
41184
41201
41211
41220
41223
41224
41225
41227
41239
41242
41244
41262
41271
41283
41300
41309
41320
41322
41325
41333
41334
41344
41361
41368
41369
41369
41370
41376
41380
41380
41381
41382
41387
41388
41391
41401
41405
41420
41431
41435
41443
41449
41471
41476
41484
41485
41490
41509
41510
41516
41522
41525
41531
41531
41533
41561
41575
41586
41588
41589
41594
41602
41604
41626
41640
41650
41656
41664
41678
41679
41682
41685
41695
41755
41766
41774
41779
41787
41791
41806
41810
41811
41814
41816
41838
41838
41843
41847
41850
41860
41862
41863
41863
41878
41890
41897
41899
41907
41927
41930
41931
41933
41955
41956
41958
41978
41979
41982
41982
41984
41986
42001
42004
42010
42010
42019
42024
42025
42026
42027
42032
42050
42052
42062
42066
42067
42072
42079
42083
42089
42095
42115
42124
42128
42130
42131
42132
42145
42168
42173
42174
42180
42182
42182
42193
42194
42197
42199
42200
42201
42217
42218
42223
42229
42248
42257
42262
42268
42271
42273
42287
42289
42322
42334
42334
42337
42351
42354
42356
42391
42398
42400
42412
42414
42458
42460
42472
42476
42480
42489
42503
42517
42518
42524
42529
42529
42549
42555
42558
42574
42580
42585
42586
42594
42607
42611
42624
42630
42632
42641
42642
42654
42656
42662
42663
42671
42682
42689
42691
42709
42722
42738
42743
42750
42756
42762
42771
42780
42784
42789
42807
42813
42817
42831
42835
42845
42852
42857
42889
42891
42892
42901
42901
42905
42909
42917
42922
42931
42936
42937
42943
42946
42955
42961
42961
42963
42982
43002
43003
43004
43017
43025
43028
43034
43037
43044
43047
43048
43063
43065
43073
43088
43091
43100
43102
43104
43113
43115
43128
43136
43141
43142
43152
43156
43163
43166
43167
43171
43194
43195
43202
43208
43214
43216
43226
43227
43234
43242
43246
43268
43280
43284
43300
43302
43306
43327
43340
43340
43352
43354
43358
43359
43360
43379
43380
43384
43388
43393
43407
43411
43417
43444
43450
43454
43471
43472
43479
43485
43492
43518
43535
43539
43542
43556
43570
43594
43597
43601
43607
43608
43621
43625
43628
43631
43638
43643
43665
43683
43688
43695
43696
43699
43710
43713
43718
43727
43727
43729
43733
43747
43751
43762
43777
43779
43787
43795
43800
43803
43804
43810
43811
43820
43826
43831
43837
43851
43860
43866
43871
43879
43879
43884
43887
43900
43921
43925
43926
43931
43931
43938
43943
43946
43950
43952
43955
43966
43967
43981
44002
44005
44005
44029
44034
44042
44044
44045
44048
44051
44057
44061
44074
44077
44082
44087
44087
44093
44101
44106
44106
44107
44112
44119
44124
44134
44144
44169
44173
44179
44188
44198
44199
44216
44263
44265
44273
44280
44296
44300
44306
44321
44321
44327
44336
44342
44348
44357
44361
44363
44370
44372
44387
44391
44394
44402
44405
44407
44416
44430
44430
44432
44433
44434
44440
44447
44447
44448
44456
44459
44462
44472
44477
44483
44494
44496
44500
44500
44518
44538
44542
44557
44564
44565
44569
44577
44577
44581
44583
44583
44583
44589
44595
44596
44600
44601
44636
44643
44646
44647
44654
44656
44660
44679
44687
44687
44692
44697
44700
44707
44707
44709
44710
44717
44735
44745
44762
44772
44776
44777
44803
44822
44827
44842
44843
44845
44850
44853
44858
44859
44894
44894
44895
44902
44903
44913
44920
44922
44949
44958
44965
44972
44977
45002
45002
45010
45015
45019
45032
45056
45060
45068
45079
45082
45090
45106
45110
45115
45122
45129
45132
45136
45143
45149
45158
45168
45183
45192
45203
45216
45228
45233
45242
45257
45258
45258
45263
45303
45311
45311
45314
45314
45327
45331
45337
45360
45377
45382
45392
45410
45411
45427
45432
45437
45438
45463
45475
45476
45502
45502
45510
45512
45515
45517
45518
45528
45534
45546
45556
45557
45574
45575
45578
45585
45593
45624
45634
45641
45643
45646
45648
45664
45670
45677
45688
45690
45694
45697
45711
45720
45723
45760
45783
45787
45795
45795
45802
45802
45805
45815
45828
45849
45851
45866
45868
45873
45879
45888
45888
45891
45892
45894
45894
45898
45904
45909
45910
45921
45923
45925
45926
45935
45939
45958
45962
45963
45967
45973
45993
45995
45996
45998
46014
46025
46025
46030
46032
46032
46034
46057
46059
46067
46080
46086
46088
46091
46102
46104
46117
46140
46149
46165
46166
46170
46176
46186
46187
46187
46194
46199
46202
46202
46203
46210
46219
46220
46238
46239
46254
46258
46270
46274
46279
46282
46285
46293
46296
46304
46304
46315
46334
46335
46338
46347
46355
46367
46371
46372
46399
46399
46403
46404
46417
46424
46429
46443
46454
46461
46465
46466
46470
46484
46501
46511
46525
46526
46529
46532
46542
46546
46550
46551
46560
46561
46566
46566
46591
46594
46595
46604
46612
46620
46624
46626
46644
46650
46657
46658
46668
46671
46673
46683
46690
46694
46723
46725
46727
46728
46776
46779
46821
46826
46844
46846
46858
46861
46864
46866
46877
46878
46878
46886
46891
46897
46910
46913
46919
46923
46933
46935
46938
46952
46970
46972
46974
46980
46993
46997
47002
47006
47006
47016
47027
47037
47040
47044
47050
47058
47061
47064
47082
47085
47086
47095
47118
47123
47155
47156
47167
47177
47186
47192
47198
47199
47201
47208
47208
47212
47212
47217
47219
47230
47231
47241
47254
47261
47273
47276
47278
47282
47284
47285
47289
47296
47305
47310
47322
47323
47324
47357
47364
47377
47378
47378
47381
47396
47405
47412
47420
47436
47446
47454
47465
47478
47485
47488
47508
47520
47522
47524
47525
47525
47525
47532
47536
47554
47555
47557
47575
47590
47598
47600
47601
47601
47610
47628
47629
47637
47641
47649
47661
47664
47684
47684
47689
47704
47704
47705
47709
47716
47726
47727
47733
47736
47773
47785
47786
47788
47789
47792
47801
47803
47809
47830
47834
47837
47842
47844
47847
47861
47864
47870
47871
47872
47877
47879
47880
47880
47884
47892
47897
47899
47900
47901
47906
47916
47919
47933
47938
47943
47954
47957
47961
47962
47965
47966
47969
47971
47975
47991
47996
47997
47999
48001
48023
48027
48028
48032
48040
48050
48053
48056
48058
48077
48083
48084
48109
48114
48117
48135
48139
48164
48170
48193
48210
48213
48215
48221
48223
48232
48246
48256
48268
48273
48282
48285
48292
48294
48298
48299
48307
48317
48325
48341
48345
48346
48350
48356
48364
48386
48389
48390
48392
48392
48416
48422
48431
48437
48447
48454
48464
48470
48472
48478
48484
48501
48502
48503
48508
48519
48522
48534
48542
48548
48551
48559
48560
48566
48569
48574
48581
48582
48599
48608
48609
48609
48615
48649
48651
48665
48666
48675
48696
48724
48741
48777
48778
48780
48784
48786
48793
48794
48802
48808
48816
48832
48859
48861
48872
48874
48896
48902
48933
48936
48937
48950
48951
48956
48957
48961
48972
48978
48981
48990
48992
49012
49019
49053
49073
49081
49091
49093
49099
49101
49104
49112
49122
49132
49136
49144
49146
49151
49157
49168
49169
49171
49173
49179
49185
49192
49194
49200
49211
49211
49215
49222
49222
49230
49231
49248
49269
49297
49310
49314
49320
49329
49330
49338
49338
49339
49341
49343
49346
49348
49357
49359
49361
49363
49374
49401
49408
49415
49421
49432
49434
49443
49446
49476
49481
49482
49497
49502
49514
49515
49520
49535
49538
49545
49578
49580
49581
49590
49600
49602
49604
49612
49625
49646
49646
49654
49675
49677
49679
49711
49711
49719
49719
49724
49734
49735
49739
49759
49759
49761
49762
49780
49794
49794
49798
49799
49805
49807
49808
49810
49813
49821
49828
49841
49846
49846
49848
49851
49858
49867
49875
49876
49877
49886
49913
49915
49920
49936
49936
49947
49955
49957
49964
49967
49968
49976
49981
49983
49992
49995
