564
1341
1459
1505
1531
1728
2340
2597
3107
3387
3420
4000
4367
4525
4537
5089
5216
5218
5267
5580
5760
5835
6168
6420
6462
6667
7311
7531
7612
7765
7796
8498
8624
8713
8899
9340
10158
10854
11463
11871
11914
11963
12583
12842
13121
13808
14034
14341
14514
15376
16056
16360
16428
16814
16910
17698
18121
18893
18915
19379
19848
20000
20128
20298
20417
20630
21028
21083
21146
21590
21713
22648
22965
22994
23032
23870
23948
24184
24554
24724
24786
24873
25111
25198
25203
25253
25399
25801
26027
26142
26483
26527
26681
26928
28044
28167
28846
29326
29475
29498
29573
30141
30239
30409
30473
30766
30922
31476
32653
32659
32678
33707
33850
33883
34049
34360
34431
34994
35202
35248
35640
35764
35790
36243
36550
36872
37351
37356
37504
38232
38257
38356
38509
38561
38738
38849
38862
39033
39203
39324
39637
40119
40336
40678
40789
41115
41182
41332
41686
42010
42280
43134
43811
44065
44585
44878
44992
45062
45177
45414
45599
45830
46810
47126
47184
47558
47579
47712
47900
48371
48922
49559
49642
49705
49987
