36
37
39
48
62
67
71
72
80
83
86
90
95
99
105
109
111
143
146
154
159
159
163
166
166
167
174
174
174
177
188
202
203
204
205
207
212
227
242
244
248
256
257
267
277
277
280
288
292
300
309
310
311
334
334
335
340
342
346
346
349
363
366
371
371
371
401
407
415
432
457
458
468
468
478
481
486
494
500
509
536
539
543
551
552
554
557
558
601
605
609
614
614
620
631
637
645
645
649
662
665
677
680
697
699
707
711
711
714
727
733
752
754
758
766
768
770
775
781
783
786
787
792
808
812
819
820
821
827
832
845
850
851
855
857
867
873
878
883
900
907
919
919
930
933
934
939
943
963
972
972
972
973
973
975
979
980
985
1002
1002
1005
1007
1016
1018
1023
1025
1039
1041
1045
1048
1048
1054
1061
1062
1073
1074
1081
1086
1093
1103
1103
1106
1123
1127
1130
1136
1143
1153
1168
1175
1182
1188
1190
1199
1205
1206
1207
1207
1210
1211
1211
1227
1236
1246
1263
1270
1297
1298
1312
1320
1327
1329
1332
1337
1352
1357
1357
1360
1373
1379
1385
1386
1387
1396
1397
1397
1400
1411
1414
1416
1433
1435
1447
1448
1455
1469
1470
1475
1495
1498
1503
1503
1503
1513
1515
1519
1531
1537
1543
1548
1564
1576
1591
1592
1600
1613
1635
1639
1643
1650
1659
1664
1665
1668
1672
1672
1681
1685
1691
1692
1696
1702
1702
1734
1735
1738
1742
1748
1749
1753
1753
1757
1764
1765
1766
1770
1775
1779
1789
1799
1814
1824
1825
1825
1827
1830
1839
1841
1849
1850
1852
1853
1855
1858
1862
1865
1865
1872
1877
1885
1898
1903
1922
1929
1933
1944
1954
1983
2000
2016
2019
2022
2024
2028
2042
2043
2048
2048
2055
2062
2081
2083
2084
2099
2101
2113
2124
2130
2134
2135
2142
2152
2153
2167
2170
2173
2174
2185
2191
2197
2217
2230
2245
2251
2265
2274
2277
2287
2311
2313
2314
2324
2324
2326
2331
2345
2359
2366
2371
2376
2378
2378
2380
2381
2382
2387
2399
2408
2443
2447
2460
2485
2488
2509
2519
2525
2527
2529
2536
2536
2544
2564
2566
2568
2573
2578
2586
2600
2611
2614
2622
2624
2636
2637
2652
2654
2655
2655
2673
2674
2678
2687
2691
2693
2698
2700
2708
2712
2714
2719
2722
2731
2739
2749
2753
2773
2774
2791
2795
2798
2810
2817
2822
2824
2827
2830
2845
2847
2849
2863
2864
2878
2896
2899
2900
2902
2914
2921
2926
2937
2945
2946
2951
2954
2960
2961
2974
2986
2990
2991
2994
3002
3004
3014
3017
3020
3026
3028
3038
3043
3045
3048
3057
3064
3100
3102
3110
3116
3131
3134
3137
3140
3142
3144
3148
3151
3166
3170
3186
3190
3192
3196
3212
3227
3231
3239
3258
3263
3278
3291
3302
3304
3306
3308
3331
3337
3344
3349
3370
3379
3382
3383
3384
3386
3391
3395
3395
3396
3399
3401
3405
3410
3424
3452
3464
3467
3467
3471
3474
3488
3492
3508
3516
3519
3526
3526
3535
3546
3547
3550
3555
3561
3566
3583
3586
3587
3588
3590
3592
3603
3611
3612
3619
3630
3658
3664
3671
3676
3698
3700
3714
3719
3726
3729
3732
3737
3744
3745
3752
3761
3762
3763
3770
3778
3791
3811
3813
3837
3846
3849
3850
3856
3856
3861
3872
3885
3885
3890
3896
3899
3905
3908
3911
3917
3924
3931
3937
3943
3948
3948
3952
3975
3976
3979
3985
4005
4006
4008
4016
4019
4023
4027
4028
4038
4051
4051
4052
4057
4057
4067
4070
4101
4104
4108
4117
4119
4124
4125
4127
4137
4168
4180
4186
4187
4201
4210
4211
4216
4224
4225
4229
4234
4243
4255
4257
4260
4267
4278
4279
4281
4305
4321
4332
4333
4335
4344
4353
4375
4387
4388
4395
4398
4401
4403
4408
4427
4429
4430
4435
4435
4454
4456
4460
4470
4477
4482
4484
4489
4491
4492
4492
4503
4505
4510
4515
4517
4535
4544
4551
4552
4565
4568
4571
4572
4575
4595
4613
4616
4617
4617
4630
4638
4649
4661
4663
4672
4674
4690
4697
4703
4714
4726
4732
4748
4756
4757
4761
4763
4776
4777
4778
4785
4802
4805
4813
4817
4824
4830
4849
4851
4853
4854
4860
4867
4873
4876
4881
4888
4889
4894
4894
4919
4922
4930
4935
4957
4958
4962
4969
4971
4971
4975
4981
4994
5002
5002
5012
5016
5021
5028
5028
5045
5049
5066
5086
5088
5091
5094
5095
5095
5097
5116
5116
5135
5156
5178
5179
5185
5218
5219
5239
5245
5253
5256
5290
5290
5294
5297
5310
5326
5330
5334
5342
5343
5344
5345
5348
5350
5359
5361
5362
5370
5372
5374
5381
5391
5395
5408
5424
5431
5437
5443
5458
5485
5488
5498
5510
5514
5525
5528
5541
5554
5555
5561
5568
5571
5574
5577
5578
5585
5607
5607
5621
5625
5640
5644
5644
5647
5650
5654
5658
5664
5664
5676
5698
5705
5715
5722
5726
5730
5736
5737
5738
5739
5741
5747
5752
5753
5754
5762
5764
5767
5773
5774
5776
5781
5789
5815
5820
5824
5833
5842
5844
5847
5858
5859
5867
5870
5881
5903
5906
5912
5913
5922
5923
5935
5939
5941
5953
5967
5971
5981
5984
5992
5994
6006
6021
6033
6052
6052
6055
6058
6059
6059
6063
6064
6069
6069
6075
6102
6102
6113
6114
6116
6121
6125
6130
6131
6146
6147
6165
6170
6173
6185
6186
6192
6192
6197
6206
6208
6227
6228
6230
6232
6237
6239
6247
6279
6279
6287
6309
6309
6317
6336
6341
6343
6347
6349
6350
6355
6359
6370
6370
6371
6374
6398
6402
6402
6415
6424
6424
6424
6438
6445
6451
6465
6470
6475
6478
6489
6513
6518
6519
6543
6546
6546
6548
6567
6578
6579
6593
6593
6595
6598
6613
6623
6648
6650
6652
6656
6661
6663
6666
6666
6667
6679
6700
6702
6705
6706
6707
6708
6716
6724
6740
6740
6750
6752
6754
6767
6770
6777
6795
6810
6810
6819
6819
6826
6827
6827
6829
6833
6833
6834
6836
6839
6852
6859
6863
6897
6906
6909
6909
6917
6927
6928
6938
6941
6953
6959
6972
6979
6981
6986
6988
7001
7009
7009
7017
7022
7038
7040
7066
7067
7072
7080
7090
7100
7104
7158
7160
7164
7166
7167
7169
7172
7173
7177
7180
7183
7183
7186
7189
7189
7212
7215
7222
7228
7230
7237
7238
7257
7259
7268
7283
7297
7300
7317
7318
7319
7336
7337
7341
7349
7359
7363
7372
7383
7393
7399
7411
7413
7422
7428
7428
7430
7433
7435
7453
7455
7462
7469
7469
7471
7479
7487
7490
7496
7497
7503
7505
7525
7527
7544
7544
7545
7547
7550
7554
7559
7560
7564
7570
7575
7595
7608
7619
7637
7640
7645
7648
7659
7666
7666
7667
7691
7705
7714
7718
7721
7731
7738
7747
7756
7756
7780
7786
7789
7794
7817
7819
7823
7827
7835
7856
7859
7864
7869
7886
7886
7912
7913
7932
7956
7963
7965
7969
7984
7996
8018
8022
8046
8068
8073
8089
8093
8094
8110
8112
8113
8130
8136
8139
8140
8141
8154
8158
8168
8171
8182
8200
8201
8210
8219
8224
8231
8246
8255
8268
8268
8269
8277
8315
8317
8330
8334
8338
8358
8358
8361
8369
8376
8387
8399
8405
8408
8413
8429
8436
8439
8453
8460
8461
8462
8465
8475
8483
8483
8502
8508
8514
8516
8529
8544
8554
8562
8575
8580
8586
8601
8604
8605
8609
8614
8627
8631
8632
8642
8651
8653
8674
8681
8694
8696
8699
8699
8700
8706
8707
8708
8715
8716
8731
8734
8740
8742
8742
8744
8748
8752
8760
8765
8765
8769
8773
8785
8785
8794
8800
8811
8841
8846
8852
8861
8862
8871
8880
8882
8882
8892
8896
8897
8906
8910
8911
8919
8923
8923
8923
8933
8948
8951
8964
8965
8973
8978
8978
8981
8985
8987
9002
9003
9008
9016
9024
9029
9044
9052
9060
9060
9067
9084
9099
9108
9120
9123
9130
9138
9140
9151
9154
9166
9177
9189
9197
9202
9203
9207
9222
9225
9228
9268
9275
9276
9287
9306
9311
9312
9314
9322
9332
9340
9349
9355
9360
9367
9371
9377
9382
9383
9385
9386
9390
9391
9416
9420
9432
9450
9450
9450
9477
9484
9499
9508
9511
9512
9513
9520
9522
9531
9538
9547
9576
9588
9594
9603
9613
9618
9620
9644
9651
9652
9660
9667
9669
9671
9681
9692
9695
9696
9703
9710
9714
9715
9717
9718
9758
9763
9769
9769
9772
9778
9783
9787
9796
9802
9823
9825
9828
9829
9830
9871
9894
9896
9898
9910
9913
9915
9932
9934
9939
9957
9959
9960
9967
9974
10001
10010
10018
10019
10022
10028
10035
10046
10049
10053
10054
10061
10064
10065
10065
10076
10077
10088
10090
10101
10104
10106
10106
10118
10121
10126
10129
10133
10142
10146
10147
10151
10153
10158
10159
10163
10163
10164
10172
10190
10191
10196
10197
10205
10207
10211
10218
10233
10252
10258
10266
10268
10279
10280
10293
10304
10306
10308
10321
10331
10357
10360
10377
10397
10399
10406
10418
10441
10446
10455
10478
10490
10500
10509
10509
10512
10532
10537
10538
10542
10548
10553
10561
10565
10573
10582
10584
10584
10584
10586
10589
10591
10594
10601
10602
10612
10625
10642
10659
10659
10663
10665
10679
10685
10693
10697
10702
10713
10723
10726
10740
10740
10741
10742
10756
10768
10775
10776
10784
10789
10799
10805
10806
10814
10845
10845
10848
10850
10851
10854
10854
10864
10873
10879
10884
10892
10896
10900
10902
10902
10908
10915
10919
10922
10924
10929
10931
10936
10944
10945
10965
10970
10971
10985
10986
10987
10988
10995
10996
11010
11017
11023
11051
11060
11065
11069
11072
11094
11113
11113
11126
11136
11148
11151
11153
11153
11154
11161
11165
11168
11177
11182
11196
11197
11199
11201
11222
11225
11232
11240
11242
11245
11248
11250
11257
11279
11288
11303
11321
11324
11342
11350
11351
11359
11373
11388
11395
11412
11418
11421
11422
11435
11441
11456
11475
11480
11485
11493
11500
11504
11505
11511
11512
11519
11553
11554
11555
11563
11567
11585
11595
11605
11609
11620
11623
11632
11634
11670
11672
11688
11690
11704
11708
11723
11736
11745
11749
11750
11755
11757
11768
11773
11773
11775
11781
11782
11806
11816
11823
11839
11852
11855
11867
11871
11882
11885
11888
11907
11924
11941
11951
11952
11957
11960
11961
11963
11969
11972
11973
11982
11988
11991
11993
11999
12000
12002
12005
12009
12014
12026
12029
12042
12047
12053
12059
12076
12076
12088
12088
12103
12105
12107
12109
12112
12116
12120
12133
12143
12146
12156
12157
12171
12178
12187
12191
12206
12219
12228
12242
12243
12245
12246
12254
12255
12257
12262
12263
12264
12268
12269
12287
12304
12313
12326
12335
12338
12342
12349
12360
12365
12383
12385
12386
12391
12398
12409
12416
12423
12432
12436
12437
12453
12463
12478
12480
12481
12484
12487
12492
12513
12525
12533
12547
12551
12551
12554
12557
12558
12563
12565
12568
12572
12576
12577
12592
12602
12606
12608
12610
12611
12619
12628
12644
12644
12644
12664
12681
12695
12697
12704
12707
12728
12734
12737
12737
12752
12762
12762
12765
12766
12769
12773
12782
12783
12786
12796
12801
12807
12809
12809
12811
12815
12821
12830
12832
12849
12849
12851
12854
12855
12860
12861
12864
12866
12869
12880
12883
12890
12899
12901
12923
12931
12931
12942
12947
12980
12991
12994
12996
13000
13005
13007
13009
13012
13036
13037
13051
13061
13062
13064
13086
13096
13106
13110
13141
13145
13146
13164
13175
13176
13186
13193
13194
13213
13217
13223
13236
13241
13243
13248
13248
13261
13266
13276
13278
13286
13287
13288
13293
13296
13322
13322
13330
13334
13335
13338
13342
13347
13357
13368
13391
13393
13405
13406
13417
13418
13432
13433
13439
13446
13451
13452
13464
13491
13505
13523
13539
13541
13552
13560
13562
13577
13591
13591
13598
13616
13616
13618
13623
13631
13677
13692
13692
13697
13700
13704
13716
13719
13722
13727
13740
13757
13759
13772
13783
13787
13833
13838
13852
13856
13862
13866
13867
13874
13874
13892
13893
13894
13922
13942
13953
13956
13960
13978
13980
13980
13986
13989
13992
13996
14002
14005
14039
14043
14057
14075
14081
14086
14087
14089
14090
14094
14102
14109
14110
14111
14117
14123
14140
14151
14152
14154
14157
14159
14170
14196
14209
14215
14228
14239
14242
14250
14255
14256
14276
14281
14289
14295
14300
14301
14305
14308
14310
14318
14327
14328
14331
14336
14352
14360
14366
14368
14383
14383
14387
14389
14394
14401
14406
14408
14415
14415
14431
14439
14440
14440
14459
14460
14465
14479
14491
14493
14508
14553
14556
14557
14565
14570
14580
14583
14584
14593
14595
14600
14611
14615
14620
14625
14662
14662
14668
14670
14671
14686
14700
14724
14748
14761
14762
14769
14777
14783
14790
14792
14804
14806
14820
14825
14825
14830
14836
14844
14859
14860
14877
14887
14901
14908
14913
14918
14923
14956
14966
14971
14971
14975
14992
14994
15007
15015
15015
15016
15021
15028
15042
15045
15047
15057
15062
15065
15069
15075
15077
15078
15091
15093
15104
15111
15117
15122
15129
15131
15143
15148
15152
15153
15159
15170
15173
15173
15175
15190
15197
15204
15205
15216
15223
15243
15247
15248
15260
15269
15276
15285
15285
15295
15301
15303
15307
15315
15316
15316
15323
15330
15354
15372
15391
15391
15396
15396
15415
15415
15419
15425
15429
15434
15438
15447
15454
15457
15481
15517
15524
15528
15534
15540
15562
15591
15607
15614
15618
15618
15621
15625
15633
15644
15652
15663
15664
15674
15679
15688
15695
15706
15707
15717
15717
15724
15729
15730
15732
15733
15750
15757
15787
15788
15796
15798
15809
15819
15821
15823
15834
15839
15839
15840
15880
15897
15897
15900
15901
15911
15912
15915
15918
15919
15946
15951
15953
15955
15994
16001
16001
16007
16017
16024
16025
16033
16044
16047
16049
16065
16069
16075
16084
16092
16094
16095
16096
16096
16102
16108
16111
16126
16128
16140
16143
16143
16147
16156
16156
16158
16158
16162
16163
16174
16191
16195
16210
16211
16220
16222
16222
16226
16245
16245
16246
16250
16252
16254
16279
16283
16285
16291
16299
16306
16322
16324
16337
16373
16385
16387
16390
16392
16404
16404
16404
16413
16416
16425
16438
16458
16458
16465
16486
16489
16497
16497
16514
16524
16535
16538
16549
16558
16573
16574
16580
16624
16624
16627
16632
16642
16643
16645
16648
16656
16656
16668
16674
16676
16684
16687
16696
16697
16704
16708
16726
16730
16730
16738
16774
16774
16776
16788
16789
16799
16805
16811
16820
16823
16827
16833
16840
16852
16875
16877
16878
16897
16902
16902
16919
16927
16939
16942
16951
16956
16961
16962
16978
16978
17046
17057
17079
17080
17100
17115
17125
17126
17139
17148
17149
17150
17158
17160
17164
17173
17185
17185
17193
17193
17202
17216
17219
17220
17230
17244
17245
17251
17254
17261
17265
17272
17273
17311
17330
17334
17342
17342
17352
17379
17384
17395
17399
17402
17414
17419
17424
17425
17429
17432
17445
17445
17490
17497
17505
17514
17522
17526
17546
17549
17557
17572
17576
17581
17585
17588
17593
17596
17603
17606
17609
17615
17621
17622
17659
17660
17664
17678
17716
17718
17721
17722
17728
17737
17739
17740
17743
17752
17760
17777
17789
17815
17826
17841
17846
17853
17854
17856
17863
17869
17869
17874
17881
17889
17895
17899
17906
17907
17923
17925
17932
17935
17935
17940
17944
17954
17960
17967
17969
17978
17978
17988
17989
18000
18003
18005
18005
18007
18011
18021
18021
18026
18035
18038
18042
18043
18045
18060
18065
18065
18072
18074
18086
18105
18132
18135
18135
18135
18136
18139
18144
18149
18151
18159
18164
18169
18176
18176
18184
18185
18196
18207
18209
18213
18226
18236
18245
18249
18253
18262
18275
18299
18299
18307
18307
18320
18323
18347
18371
18372
18394
18395
18397
18404
18428
18430
18438
18459
18462
18477
18479
18492
18494
18498
18510
18518
18524
18538
18545
18547
18550
18552
18554
18569
18572
18573
18585
18600
18603
18621
18623
18638
18640
18642
18644
18644
18660
18694
18695
18703
18713
18731
18748
18758
18775
18780
18781
18784
18785
18790
18794
18794
18811
18819
18825
18836
18841
18859
18860
18869
18882
18889
18894
18900
18911
18915
18915
18917
18918
18919
18924
18930
18943
18964
18966
18968
18969
18974
18984
18987
18997
19002
19003
19041
19043
19051
19051
19056
19057
19058
19083
19089
19090
19091
19094
19108
19110
19111
19113
19132
19139
19146
19148
19153
19157
19161
19163
19191
19192
19198
19208
19208
19211
19215
19217
19229
19230
19241
19243
19266
19269
19275
19281
19293
19305
19311
19312
19321
19326
19330
19345
19348
19353
19354
19358
19365
19366
19379
19381
19382
19393
19402
19405
19411
19415
19416
19417
19418
19419
19424
19438
19448
19448
19462
19463
19471
19501
19514
19514
19514
19515
19521
19521
19525
19525
19526
19540
19553
19555
19556
19582
19584
19585
19592
19596
19601
19604
19611
19613
19615
19623
19625
19626
19636
19645
19647
19653
19663
19665
19667
19668
19672
19679
19680
19694
19705
19729
19737
19743
19754
19756
19759
19762
19766
19770
19771
19795
19798
19808
19809
19814
19820
19820
19822
19830
19830
19836
19837
19843
19847
19850
19851
19862
19868
19871
19882
19886
19896
19897
19901
19902
19915
19926
19928
19949
19953
19961
19964
19976
19980
19986
19987
19995
19997
20008
20016
20019
20022
20027
20042
20043
20072
20079
20089
20089
20092
20121
20143
20144
20150
20150
20154
20157
20163
20178
20180
20191
20206
20214
20215
20215
20218
20219
20222
20222
20223
20227
20228
20229
20233
20246
20248
20249
20267
20268
20281
20282
20284
20286
20286
20293
20293
20316
20319
20325
20326
20327
20350
20350
20351
20370
20381
20383
20390
20394
20400
20401
20407
20414
20417
20424
20428
20428
20449
20456
20478
20480
20514
20528
20531
20532
20545
20547
20551
20557
20560
20561
20567
20574
20590
20592
20598
20601
20602
20606
20606
20611
20615
20627
20628
20630
20630
20630
20630
20632
20642
20644
20655
20656
20657
20657
20658
20669
20680
20687
20688
20692
20693
20699
20704
20717
20726
20731
20735
20736
20747
20747
20777
20785
20791
20806
20823
20831
20859
20861
20872
20872
20872
20881
20887
20891
20906
20913
20919
20939
20945
20946
20953
20962
20963
20969
20979
20982
20996
20997
20997
21003
21006
21020
21023
21024
21033
21043
21058
21060
21072
21077
21080
21083
21084
21094
21108
21109
21116
21123
21141
21149
21152
21153
21159
21177
21183
21185
21186
21202
21204
21218
21226
21232
21233
21253
21270
21273
21276
21280
21297
21303
21308
21309
21312
21314
21318
21321
21327
21335
21343
21349
21360
21362
21380
21382
21397
21403
21406
21422
21442
21444
21448
21448
21460
21461
21472
21487
21488
21501
21504
21512
21519
21537
21542
21548
21552
21561
21564
21565
21570
21571
21579
21586
21589
21606
21622
21635
21639
21654
21659
21668
21674
21681
21688
21691
21692
21699
21700
21701
21701
21702
21703
21703
21706
21712
21720
21726
21730
21737
21765
21773
21780
21790
21792
21802
21813
21815
21818
21825
21839
21839
21843
21846
21847
21854
21872
21875
21877
21878
21885
21890
21900
21902
21913
21923
21927
21931
21940
21940
21941
21946
21948
21952
21958
21974
21974
21977
21989
21989
21990
22001
22005
22005
22019
22021
22035
22040
22044
22055
22056
22062
22065
22070
22078
22080
22087
22092
22093
22096
22116
22119
22135
22136
22137
22143
22172
22181
22191
22195
22202
22205
22207
22208
22234
22236
22243
22244
22245
22251
22257
22266
22276
22281
22287
22288
22295
22297
22299
22304
22308
22318
22318
22321
22329
22343
22346
22346
22346
22359
22361
22365
22365
22372
22385
22402
22413
22419
22420
22434
22438
22450
22450
22451
22452
22455
22456
22463
22470
22481
22485
22492
22492
22494
22497
22509
22522
22547
22561
22567
22569
22577
22584
22589
22596
22598
22604
22613
22614
22615
22633
22636
22637
22644
22651
22652
22653
22666
22675
22677
22688
22689
22692
22701
22709
22723
22725
22746
22762
22780
22788
22808
22815
22816
22830
22832
22834
22837
22838
22839
22843
22856
22869
22883
22893
22911
22913
22916
22924
22928
22930
22934
22939
22990
22990
22992
22999
23008
23017
23020
23033
23034
23036
23040
23041
23041
23048
23050
23050
23056
23061
23071
23072
23088
23093
23096
23129
23138
23150
23170
23191
23203
23203
23209
23212
23212
23217
23227
23229
23239
23239
23247
23261
23262
23279
23280
23283
23286
23287
23303
23311
23332
23339
23342
23343
23358
23362
23375
23380
23381
23387
23389
23389
23394
23396
23400
23403
23433
23437
23438
23439
23445
23450
23464
23467
23478
23484
23498
23499
23518
23524
23546
23547
23551
23554
23557
23559
23563
23570
23573
23573
23580
23596
23615
23628
23638
23648
23657
23657
23661
23664
23665
23668
23674
23685
23685
23691
23695
23705
23709
23710
23715
23730
23732
23744
23746
23751
23759
23760
23764
23778
23782
23792
23804
23813
23814
23823
23831
23845
23857
23863
23865
23867
23872
23883
23884
23889
23894
23894
23897
23898
23905
23908
23920
23930
23932
23957
23960
23962
23970
23971
23976
23983
23986
23987
24014
24039
24049
24051
24057
24065
24069
24078
24091
24103
24108
24112
24115
24124
24125
24126
24142
24145
24151
24158
24172
24178
24183
24185
24192
24192
24198
24214
24217
24219
24236
24238
24287
24287
24340
24342
24348
24348
24354
24395
24407
24428
24433
24469
24469
24471
24474
24478
24484
24485
24488
24504
24508
24520
24521
24542
24547
24553
24555
24557
24564
24568
24607
24627
24656
24680
24683
24689
24707
24721
24733
24734
24737
24764
24766
24770
24775
24778
24779
24800
24809
24817
24822
24841
24847
24852
24878
24889
24911
24913
24931
24938
24944
24952
24954
24955
24963
24970
24974
24974
24974
24981
24984
24995
25004
25005
25040
25042
25043
25046
25050
25057
25070
25072
25073
25075
25083
25085
25086
25088
25095
25096
25099
25117
25139
25154
25157
25172
25177
25178
25180
25186
25188
25192
25194
25196
25209
25222
25231
25232
25238
25239
25242
25242
25244
25254
25260
25266
25269
25273
25277
25280
25282
25297
25306
25317
25321
25324
25327
25330
25343
25345
25373
25409
25411
25415
25417
25418
25427
25435
25453
25469
25484
25487
25493
25501
25520
25527
25535
25540
25546
25562
25574
25580
25580
25589
25593
25596
25597
25605
25605
25607
25617
25618
25640
25641
25641
25654
25656
25670
25670
25675
25691
25696
25700
25704
25707
25725
25727
25730
25738
25747
25750
25751
25764
25784
25785
25797
25798
25806
25815
25823
25848
25849
25857
25858
25884
25884
25889
25892
25893
25909
25925
25929
25932
25953
25954
25955
25961
25969
25989
25991
25995
25996
25998
26022
26038
26043
26045
26050
26050
26054
26055
26068
26068
26068
26082
26085
26087
26099
26110
26115
26117
26119
26125
26147
26147
26160
26171
26171
26172
26174
26179
26197
26205
26210
26214
26219
26220
26220
26226
26228
26237
26242
26249
26255
26271
26276
26280
26289
26298
26300
26305
26318
26319
26321
26325
26327
26337
26337
26339
26355
26359
26369
26370
26374
26380
26387
26391
26395
26395
26407
26412
26412
26417
26433
26434
26437
26459
26488
26491
26498
26510
26515
26522
26524
26528
26536
26547
26557
26561
26594
26599
26604
26619
26624
26628
26634
26638
26662
26668
26685
26694
26705
26713
26713
26730
26739
26748
26749
26757
26759
26760
26789
26790
26823
26833
26850
26851
26863
26884
26895
26897
26900
26907
26910
26911
26916
26920
26920
26926
26930
26937
26938
26938
26945
26952
26957
26959
26969
26978
26986
26994
27000
27000
27002
27003
27021
27030
27033
27041
27048
27054
27088
27091
27100
27101
27125
27158
27160
27183
27184
27185
27195
27202
27230
27246
27251
27252
27256
27256
27271
27277
27283
27290
27307
27307
27307
27310
27312
27313
27315
27335
27353
27359
27360
27360
27362
27362
27367
27371
27391
27395
27407
27423
27424
27427
27434
27439
27442
27444
27445
27446
27452
27457
27495
27500
27528
27540
27541
27544
27551
27553
27558
27560
27567
27581
27592
27613
27614
27616
27640
27641
27660
27660
27673
27679
27687
27704
27711
27724
27735
27741
27748
27773
27777
27777
27779
27792
27798
27801
27811
27814
27821
27825
27841
27859
27873
27875
27876
27901
27901
27906
27912
27917
27961
27976
27986
27988
27995
28021
28026
28035
28041
28076
28077
28082
28108
28116
28116
28117
28124
28143
28162
28174
28177
28181
28187
28195
28195
28207
28216
28228
28243
28266
28272
28279
28291
28296
28297
28298
28298
28303
28305
28324
28338
28346
28353
28362
28363
28370
28370
28383
28390
28396
28405
28406
28413
28418
28421
28422
28453
28455
28461
28479
28485
28530
28530
28543
28543
28546
28549
28565
28566
28569
28576
28589
28589
28590
28598
28613
28617
28620
28624
28637
28642
28648
28651
28658
28661
28685
28705
28710
28721
28729
28731
28737
28738
28739
28742
28754
28760
28762
28766
28766
28766
28779
28788
28809
28812
28816
28833
28843
28843
28843
28847
28864
28866
28878
28887
28891
28899
28900
28901
28904
28917
28926
28942
28960
28965
28981
28991
28993
28998
29010
29015
29017
29018
29025
29026
29027
29028
29034
29035
29049
29061
29069
29075
29081
29082
29099
29104
29109
29110
29123
29129
29145
29148
29162
29185
29211
29225
29242
29243
29254
29256
29292
29294
29320
29323
29325
29328
29328
29337
29346
29347
29360
29362
29364
29378
29396
29398
29403
29404
29413
29416
29421
29432
29463
29472
29487
29492
29504
29509
29510
29512
29513
29514
29518
29526
29528
29538
29551
29554
29562
29566
29573
29581
29600
29600
29602
29611
29612
29613
29630
29644
29648
29651
29652
29671
29678
29683
29720
29726
29730
29737
29748
29764
29771
29776
29779
29792
29794
29811
29826
29830
29831
29835
29837
29842
29843
29853
29854
29861
29865
29868
29870
29883
29901
29902
29903
29907
29914
29929
29945
29964
29967
29988
30005
30006
30040
30048
30050
30055
30070
30087
30089
30091
30096
30104
30108
30118
30152
30176
30184
30189
30193
30220
30226
30228
30231
30231
30233
30237
30244
30245
30255
30256
30280
30287
30290
30297
30297
30314
30320
30323
30339
30342
30344
30352
30353
30363
30396
30399
30401
30415
30425
30429
30437
30451
30460
30469
30470
30477
30481
30506
30510
30529
30535
30540
30542
30543
30564
30565
30565
30577
30578
30598
30604
30620
30631
30636
30639
30639
30639
30641
30649
30650
30658
30660
30691
30711
30722
30732
30741
30747
30754
30766
30768
30774
30774
30776
30779
30781
30800
30801
30804
30830
30844
30847
30854
30867
30870
30870
30872
30885
30887
30895
30903
30904
30924
30927
30928
30930
30941
30943
30952
30955
30958
30964
30972
31000
31004
31007
31010
31010
31015
31016
31026
31035
31040
31042
31043
31046
31047
31049
31054
31065
31075
31091
31102
31115
31116
31121
31122
31127
31144
31146
31152
31158
31165
31167
31181
31181
31182
31191
31199
31199
31208
31209
31210
31210
31212
31222
31239
31249
31253
31272
31278
31278
31291
31302
31315
31324
31329
31332
31346
31351
31352
31379
31379
31385
31398
31400
31410
31419
31428
31429
31432
31435
31439
31440
31468
31481
31483
31486
31486
31487
31497
31499
31522
31536
31537
31540
31541
31547
31551
31575
31580
31594
31611
31623
31627
31636
31648
31660
31668
31682
31698
31698
31700
31704
31726
31727
31738
31749
31777
31784
31791
31791
31798
31800
31809
31814
31816
31819
31824
31828
31829
31838
31849
31851
31854
31855
31860
31872
31873
31889
31900
31901
31902
31904
31914
31927
31927
31939
31940
31943
31943
31945
31947
31975
31982
31986
31998
32023
32023
32028
32035
32037
32050
32054
32056
32060
32069
32073
32079
32108
32111
32113
32129
32131
32133
32134
32144
32172
32173
32187
32192
32277
32290
32291
32299
32318
32329
32347
32366
32369
32370
32372
32373
32391
32398
32401
32403
32404
32409
32415
32418
32439
32439
32448
32456
32469
32475
32478
32487
32492
32520
32528
32537
32544
32545
32552
32567
32568
32568
32578
32583
32611
32617
32617
32621
32628
32634
32640
32659
32663
32677
32681
32684
32696
32704
32707
32711
32712
32714
32716
32727
32729
32730
32733
32752
32753
32755
32757
32772
32777
32806
32828
32837
32860
32883
32891
32896
32903
32921
32935
32945
32946
32948
32953
32954
32958
32958
32968
32969
32972
32973
32978
32981
32982
32992
32996
33002
33010
33030
33052
33052
33056
33069
33085
33094
33099
33100
33106
33110
33112
33116
33126
33137
33162
33163
33164
33187
33191
33192
33204
33206
33212
33214
33214
33233
33241
33245
33245
33256
33262
33266
33271
33272
33291
33293
33314
33322
33327
33337
33342
33342
33345
33345
33353
33354
33360
33361
33367
33378
33382
33387
33389
33395
33399
33407
33412
33424
33438
33446
33447
33453
33457
33466
33476
33483
33514
33531
33531
33548
33560
33578
33580
33606
33613
33615
33615
33616
33620
33627
33636
33639
33640
33657
33657
33680
33688
33692
33697
33697
33698
33701
33709
33710
33712
33718
33728
33732
33734
33744
33748
33782
33806
33808
33809
33813
33813
33815
33816
33818
33820
33828
33830
33833
33835
33838
33839
33843
33853
33883
33893
33904
33910
33911
33915
33920
33923
33928
33929
33942
33952
33972
33979
33983
33985
33985
33986
34005
34006
34008
34015
34016
34024
34029
34032
34033
34034
34043
34044
34049
34054
34055
34057
34057
34073
34082
34084
34089
34106
34137
34148
34166
34183
34197
34197
34200
34219
34247
34252
34255
34259
34265
34268
34300
34306
34307
34340
34343
34351
34354
34356
34365
34371
34382
34384
34386
34397
34398
34412
34430
34430
34434
34439
34440
34448
34449
34452
34460
34462
34474
34504
34516
34519
34522
34522
34525
34526
34538
34549
34549
34559
34562
34567
34578
34587
34588
34590
34592
34617
34650
34655
34663
34669
34672
34684
34705
34714
34733
34744
34754
34759
34762
34769
34771
34772
34773
34807
34809
34815
34830
34838
34839
34843
34845
34849
34858
34861
34862
34871
34872
34879
34883
34896
34903
34910
34916
34934
34953
34969
34978
35005
35006
35009
35012
35020
35020
35029
35033
35034
35044
35045
35045
35053
35066
35083
35085
35087
35089
35090
35090
35098
35103
35110
35116
35119
35120
35127
35127
35139
35139
35145
35156
35156
35156
35164
35168
35172
35180
35185
35198
35229
35233
35235
35243
35245
35250
35251
35255
35263
35266
35271
35285
35286
35292
35292
35300
35304
35304
35316
35331
35356
35357
35371
35377
35379
35381
35386
35402
35408
35417
35429
35435
35445
35446
35454
35481
35482
35489
35501
35526
35529
35550
35565
35566
35576
35583
35588
35592
35599
35601
35610
35624
35631
35634
35635
35636
35664
35666
35669
35671
35672
35673
35678
35679
35680
35681
35681
35687
35693
35706
35715
35720
35745
35747
35748
35749
35753
35758
35766
35793
35795
35810
35812
35814
35819
35853
35859
35868
35868
35874
35874
35876
35889
35892
35902
35907
35909
35918
35919
35921
35930
35935
35957
35974
35977
35989
35993
35995
35995
35997
36014
36017
36017
36037
36037
36037
36055
36071
36087
36097
36097
36098
36100
36104
36105
36112
36122
36134
36147
36166
36167
36181
36181
36188
36190
36209
36216
36218
36220
36225
36228
36232
36232
36237
36248
36259
36291
36292
36304
36321
36321
36324
36325
36337
36341
36344
36345
36377
36390
36395
36411
36413
36428
36437
36468
36471
36473
36476
36479
36481
36482
36485
36487
36514
36528
36534
36535
36548
36550
36550
36560
36571
36573
36583
36586
36594
36596
36597
36611
36616
36619
36624
36630
36634
36636
36638
36639
36651
36653
36663
36679
36682
36687
36693
36698
36704
36704
36713
36717
36719
36733
36744
36754
36766
36768
36774
36783
36792
36804
36828
36840
36850
36858
36861
36872
36874
36883
36894
36899
36919
36927
36941
36951
36964
36982
36987
36992
37009
37025
37037
37045
37046
37051
37054
37059
37076
37080
37086
37088
37090
37118
37129
37129
37130
37143
37146
37150
37155
37155
37160
37172
37177
37178
37181
37186
37193
37194
37195
37196
37198
37213
37218
37220
37231
37250
37253
37261
37272
37275
37285
37290
37291
37310
37310
37314
37327
37332
37344
37345
37352
37357
37358
37367
37367
37379
37380
37407
37412
37413
37417
37428
37430
37432
37434
37435
37449
37454
37456
37457
37477
37485
37487
37495
37498
37500
37503
37505
37507
37521
37537
37560
37576
37577
37585
37587
37588
37597
37597
37610
37612
37627
37643
37649
37655
37660
37681
37686
37687
37696
37702
37708
37711
37716
37716
37728
37728
37731
37741
37742
37742
37777
37781
37797
37798
37799
37808
37809
37816
37829
37880
37892
37895
37904
37909
37913
37921
37932
37932
37939
37944
37956
37959
37964
37964
37965
37975
37978
37988
37988
37992
38002
38004
38009
38014
38037
38047
38056
38063
38075
38089
38105
38114
38115
38116
38131
38146
38147
38148
38155
38158
38186
38188
38188
38195
38198
38198
38216
38220
38226
38232
38238
38249
38254
38255
38260
38270
38274
38280
38280
38281
38290
38291
38297
38298
38310
38333
38336
38347
38353
38355
38361
38374
38379
38390
38403
38412
38424
38428
38429
38430
38457
38461
38462
38470
38474
38482
38483
38483
38487
38491
38499
38500
38512
38513
38521
38526
38533
38541
38543
38553
38571
38574
38576
38579
38581
38582
38596
38608
38612
38625
38628
38636
38663
38678
38694
38708
38710
38725
38739
38752
38764
38764
38782
38782
38789
38790
38792
38793
38794
38795
38804
38823
38842
38845
38845
38870
38883
38892
38893
38896
38900
38910
38912
38932
38946
38954
39007
39022
39034
39042
39056
39072
39077
39078
39080
39086
39086
39087
39091
39092
39096
39097
39105
39106
39112
39117
39121
39128
39133
39146
39151
39168
39170
39177
39183
39197
39201
39204
39206
39234
39247
39248
39251
39269
39277
39277
39289
39290
39310
39314
39319
39326
39333
39338
39351
39359
39363
39365
39367
39382
39385
39388
39406
39410
39411
39415
39419
39421
39430
39440
39441
39450
39452
39461
39468
39483
39486
39493
39495
39511
39514
39518
39527
39527
39530
39542
39546
39567
39569
39581
39591
39624
39625
39630
39632
39636
39653
39668
39672
39681
39684
39690
39696
39706
39707
39716
39737
39737
39749
39752
39771
39772
39795
39797
39804
39810
39815
39816
39818
39819
39824
39837
39860
39861
39864
39867
39878
39879
39883
39891
39907
39909
39920
39949
39958
39962
39968
39972
39986
39992
39992
40008
40018
40019
40030
40031
40052
40066
40074
40084
40086
40087
40088
40091
40093
40109
40116
40117
40125
40128
40155
40172
40175
40200
40209
40212
40216
40222
40226
40229
40235
40247
40252
40254
40265
40277
40287
40294
40296
40318
40325
40330
40338
40340
40341
40342
40345
40351
40353
40368
40369
40375
40376
40379
40386
40388
40396
40399
40401
40403
40404
40408
40421
40428
40435
40443
40453
40468
40480
40485
40486
40494
40498
40506
40512
40525
40532
40534
40539
40540
40543
40553
40560
40561
40569
40569
40580
40581
40583
40597
40621
40623
40626
40627
40628
40640
40645
40653
40654
40657
40658
40660
40667
40682
40693
40695
40699
40712
40723
40726
40764
40768
40773
40774
40775
40782
40790
40815
40818
40830
40834
40835
40836
40843
40868
40875
40901
40915
40922
40945
40960
40965
40972
40989
40995
40998
41000
41016
41016
41028
41032
41035
41037
41058
41066
41067
41073
41073
41074
41076
41083
41097
41099
41100
41101
41114
41115
41119
41136
41143
41144
41155
41160
41161
41174
41181
41185
41185
41202
41208
41226
41231
41263
41273
41274
41279
41279
41286
41290
41295
41312
41324
41342
41352
41362
41372
41379
41388
41392
41398
41398
41412
41417
41437
41444
41449
41451
41453
41459
41467
41468
41473
41473
41492
41523
41531
41540
41543
41544
41547
41548
41557
41557
41559
41561
41562
41568
41575
41575
41580
41584
41586
41586
41589
41602
41616
41623
41630
41639
41640
41644
41646
41649
41653
41659
41668
41672
41677
41682
41705
41710
41711
41752
41767
41767
41771
41773
41776
41777
41778
41778
41778
41786
41799
41805
41806
41824
41824
41832
41836
41848
41858
41868
41873
41876
41883
41919
41929
41948
41950
41959
41975
41984
41990
41999
42003
42014
42015
42016
42022
42037
42045
42059
42063
42065
42068
42071
42085
42086
42098
42120
42127
42128
42134
42136
42137
42139
42140
42141
42152
42165
42165
42183
42205
42215
42227
42230
42247
42262
42263
42266
42275
42284
42284
42291
42299
42309
42315
42321
42329
42351
42362
42376
42381
42390
42392
42396
42397
42406
42411
42412
42418
42431
42438
42441
42449
42453
42457
42458
42463
42464
42468
42469
42472
42483
42488
42491
42495
42495
42497
42510
42520
42536
42554
42556
42578
42579
42587
42588
42591
42615
42627
42636
42642
42647
42650
42654
42659
42662
42668
42676
42687
42687
42688
42688
42708
42721
42723
42737
42739
42746
42749
42750
42754
42758
42760
42768
42774
42780
42781
42785
42793
42793
42795
42806
42808
42813
42824
42847
42864
42867
42868
42890
42903
42903
42908
42910
42912
42915
42923
42924
42934
42940
42946
42951
42953
42968
42972
42976
42979
42979
42985
43001
43008
43037
43043
43045
43054
43063
43066
43073
43077
43086
43091
43091
43119
43121
43126
43135
43139
43161
43169
43177
43178
43181
43183
43183
43190
43205
43208
43218
43220
43222
43233
43249
43256
43257
43270
43273
43280
43282
43292
43321
43338
43340
43341
43342
43346
43348
43397
43401
43402
43404
43420
43433
43439
43442
43449
43450
43450
43451
43469
43474
43477
43485
43501
43501
43506
43507
43523
43530
43530
43534
43547
43567
43572
43580
43585
43589
43594
43604
43623
43626
43633
43635
43648
43649
43665
43666
43670
43670
43675
43682
43685
43695
43711
43715
43719
43724
43727
43728
43732
43735
43737
43745
43749
43754
43787
43809
43822
43822
43823
43849
43851
43853
43856
43858
43866
43867
43875
43883
43892
43893
43916
43928
43937
43938
43982
43988
43990
44007
44029
44068
44072
44081
44090
44097
44100
44106
44123
44145
44161
44179
44191
44210
44220
44220
44222
44228
44235
44237
44256
44265
44275
44283
44290
44293
44299
44301
44313
44329
44358
44360
44372
44380
44394
44407
44420
44422
44446
44462
44470
44478
44478
44483
44491
44491
44495
44501
44502
44503
44504
44510
44513
44513
44520
44537
44544
44547
44547
44562
44564
44564
44572
44573
44574
44584
44586
44592
44597
44601
44634
44645
44651
44654
44659
44717
44723
44729
44734
44742
44758
44758
44779
44786
44792
44795
44796
44808
44818
44819
44827
44829
44845
44850
44854
44859
44863
44865
44869
44869
44878
44900
44906
44913
44924
44937
44952
44957
44957
44962
44966
44966
44972
44974
44983
45002
45010
45012
45017
45024
45033
45034
45044
45052
45054
45067
45079
45081
45085
45096
45104
45105
45116
45133
45172
45179
45192
45193
45203
45206
45213
45220
45238
45242
45245
45253
45272
45273
45282
45286
45295
45301
45306
45312
45314
45318
45339
45345
45362
45366
45368
45378
45379
45386
45405
45420
45421
45437
45446
45451
45454
45455
45468
45470
45485
45486
45487
45502
45503
45506
45519
45522
45524
45524
45528
45531
45533
45533
45535
45542
45547
45550
45551
45555
45561
45563
45563
45569
45573
45576
45585
45589
45589
45591
45616
45628
45644
45664
45674
45682
45683
45690
45698
45707
45710
45712
45715
45715
45739
45745
45749
45750
45755
45762
45763
45770
45782
45799
45808
45810
45814
45816
45833
45840
45845
45853
45853
45878
45878
45880
45885
45901
45903
45916
45924
45925
45929
45932
45933
45942
45945
45963
45972
45973
45992
45993
45995
45995
46004
46008
46017
46019
46037
46042
46048
46050
46062
46067
46069
46086
46088
46094
46096
46110
46117
46123
46129
46145
46148
46161
46197
46216
46217
46218
46222
46230
46235
46237
46242
46244
46247
46266
46269
46282
46292
46309
46310
46332
46335
46335
46338
46341
46358
46360
46361
46362
46370
46400
46421
46438
46448
46457
46461
46478
46507
46512
46515
46517
46519
46534
46546
46546
46555
46555
46558
46563
46576
46580
46586
46591
46593
46598
46598
46600
46602
46604
46616
46643
46656
46665
46666
46668
46674
46679
46686
46702
46702
46708
46723
46724
46726
46731
46731
46733
46764
46790
46794
46801
46813
46863
46869
46881
46901
46901
46903
46907
46910
46928
46928
46937
46948
46949
46951
46955
46960
46962
46965
46974
46981
46988
46989
46996
47004
47007
47019
47021
47037
47055
47056
47071
47072
47076
47078
47083
47111
47126
47135
47136
47149
47151
47161
47167
47185
47188
47210
47215
47221
47237
47249
47250
47258
47259
47261
47263
47266
47275
47300
47319
47344
47346
47346
47353
47358
47363
47363
47374
47374
47378
47381
47383
47389
47407
47424
47426
47434
47479
47494
47497
47498
47523
47540
47543
47544
47553
47564
47565
47570
47579
47598
47599
47603
47614
47626
47634
47636
47639
47642
47643
47648
47653
47663
47667
47669
47680
47693
47696
47697
47698
47700
47715
47715
47722
47729
47735
47739
47742
47745
47745
47761
47766
47787
47796
47814
47814
47816
47829
47836
47836
47837
47841
47841
47845
47859
47863
47866
47877
47879
47887
47891
47891
47900
47902
47904
47905
47908
47909
47913
47920
47925
47939
47950
47956
47981
47983
47996
48005
48016
48021
48043
48047
48052
48054
48062
48065
48083
48087
48088
48105
48115
48115
48117
48122
48122
48139
48141
48150
48152
48154
48160
48160
48161
48163
48170
48194
48206
48215
48220
48232
48233
48234
48237
48239
48241
48242
48260
48262
48272
48273
48275
48287
48288
48313
48327
48329
48329
48332
48334
48350
48364
48378
48398
48399
48408
48411
48416
48418
48433
48434
48437
48441
48441
48441
48458
48460
48463
48465
48471
48472
48491
48497
48497
48498
48508
48524
48528
48546
48546
48559
48568
48574
48587
48589
48593
48594
48595
48605
48610
48611
48613
48634
48636
48640
48647
48651
48651
48652
48655
48656
48683
48686
48690
48696
48699
48699
48699
48701
48704
48705
48708
48710
48716
48717
48719
48736
48737
48740
48741
48750
48751
48768
48775
48781
48793
48808
48819
48825
48839
48854
48855
48866
48867
48874
48888
48891
48899
48919
48923
48930
48938
48938
48961
48967
48977
48981
48989
48991
48999
49000
49000
49011
49013
49020
49032
49036
49039
49040
49042
49044
49049
49056
49070
49071
49071
49081
49094
49096
49104
49109
49114
49119
49129
49141
49151
49151
49153
49167
49198
49203
49206
49211
49213
49222
49222
49229
49233
49237
49249
49249
49250
49267
49277
49283
49285
49289
49290
49297
49305
49310
49321
49328
49331
49331
49340
49382
49382
49383
49383
49385
49398
49414
49430
49437
49465
49479
49479
49483
49491
49498
49501
49516
49518
49522
49551
49559
49574
49577
49581
49584
49589
49597
49597
49607
49608
49621
49621
49629
49635
49637
49637
49644
49646
49646
49654
49668
49670
49674
49680
49681
49682
49683
49689
49690
49696
49708
49710
49714
49718
49738
49744
49777
49786
49788
49792
49798
49814
49826
49866
49870
49890
49891
49901
49903
49906
49925
49926
49939
49944
49958
49960
49965
49966
49985
49990
49991
