4
21
25
36
38
43
66
75
82
91
97
100
129
131
148
149
151
169
189
190
194
195
205
209
218
227
236
251
254
272
308
332
340
358
362
363
373
375
382
388
393
395
398
412
416
417
419
426
433
434
447
459
461
469
482
488
491
492
520
529
540
550
568
583
611
614
615
615
620
626
630
639
641
651
662
666
684
687
689
695
716
722
724
726
739
744
747
752
755
765
767
768
769
770
777
780
790
830
833
857
872
886
889
921
931
946
957
958
960
970
974
978
978
978
980
981
989
999
999
1002
1004
1004
1006
1016
1045
1058
1059
1068
1083
1088
1152
1154
1188
1194
1203
1213
1228
1229
1233
1234
1246
1246
1247
1254
1268
1277
1277
1284
1286
1290
1297
1312
1322
1338
1339
1342
1357
1359
1362
1379
1398
1400
1408
1414
1417
1421
1425
1428
1439
1467
1471
1474
1476
1483
1529
1534
1536
1564
1570
1594
1606
1606
1609
1616
1624
1625
1626
1627
1632
1637
1665
1666
1673
1689
1695
1712
1717
1718
1764
1769
1770
1781
1782
1782
1785
1786
1786
1794
1799
1802
1814
1815
1825
1832
1838
1848
1860
1860
1869
1909
1914
1921
1923
1946
1948
1966
1968
1970
2010
2012
2013
2016
2018
2026
2030
2044
2046
2050
2060
2060
2074
2080
2080
2084
2084
2095
2116
2123
2130
2132
2145
2146
2148
2168
2168
2172
2175
2190
2196
2204
2209
2224
2225
2244
2244
2266
2270
2289
2296
2302
2307
2310
2315
2329
2330
2341
2365
2368
2375
2383
2388
2408
2411
2421
2424
2428
2441
2441
2449
2459
2459
2462
2475
2491
2494
2504
2505
2528
2530
2531
2534
2538
2539
2542
2550
2568
2568
2592
2592
2605
2609
2616
2619
2622
2633
2635
2649
2651
2658
2679
2680
2689
2693
2708
2711
2719
2725
2725
2731
2733
2734
2736
2746
2762
2776
2798
2800
2808
2813
2817
2831
2838
2842
2845
2845
2849
2855
2867
2869
2879
2883
2889
2889
2898
2902
2911
2924
2926
2933
2934
2955
2960
2975
2975
2976
2983
3011
3029
3042
3045
3058
3059
3062
3075
3116
3133
3139
3169
3170
3208
3212
3218
3228
3235
3237
3237
3237
3246
3248
3254
3266
3267
3273
3289
3290
3293
3302
3306
3330
3337
3350
3350
3374
3390
3390
3393
3398
3399
3418
3422
3424
3425
3426
3426
3441
3447
3453
3456
3464
3469
3473
3479
3486
3496
3502
3510
3511
3526
3537
3543
3553
3556
3571
3577
3578
3583
3584
3595
3607
3607
3618
3629
3630
3658
3665
3685
3699
3700
3700
3703
3711
3715
3735
3742
3755
3757
3761
3768
3775
3797
3822
3833
3840
3854
3863
3873
3875
3891
3891
3906
3916
3935
3941
3942
3981
3984
4000
4003
4016
4048
4058
4064
4065
4065
4069
4073
4079
4086
4090
4097
4102
4103
4106
4122
4143
4143
4147
4152
4153
4161
4170
4205
4217
4220
4235
4278
4278
4283
4284
4291
4309
4310
4312
4313
4336
4349
4351
4356
4364
4377
4380
4382
4396
4409
4411
4430
4431
4433
4440
4472
4474
4493
4502
4519
4528
4528
4529
4529
4554
4589
4592
4600
4602
4631
4631
4639
4659
4664
4664
4686
4702
4705
4708
4718
4727
4730
4770
4771
4772
4778
4790
4793
4801
4803
4815
4818
4818
4819
4825
4831
4831
4841
4866
4878
4899
4914
4917
4920
4925
4938
4941
4944
4977
4980
4982
4983
4992
5002
5003
5027
5032
5036
5037
5052
5053
5054
5056
5065
5070
5075
5078
5085
5095
5106
5118
5140
5142
5194
5202
5207
5229
5234
5239
5256
5260
5267
5268
5279
5314
5319
5325
5330
5332
5332
5333
5356
5358
5366
5371
5373
5387
5389
5392
5396
5402
5415
5426
5426
5428
5452
5452
5461
5475
5480
5486
5487
5493
5497
5514
5519
5521
5551
5561
5569
5572
5582
5585
5590
5597
5608
5610
5627
5629
5643
5647
5654
5675
5683
5693
5695
5700
5708
5710
5724
5726
5734
5734
5742
5742
5770
5787
5787
5788
5797
5815
5817
5823
5824
5828
5829
5840
5853
5854
5862
5864
5903
5909
5920
5921
5927
5935
5939
5941
5950
5965
5965
5975
5981
5996
5997
6004
6010
6010
6014
6024
6036
6049
6054
6062
6074
6078
6079
6085
6088
6089
6095
6097
6101
6110
6137
6149
6150
6153
6172
6188
6194
6212
6215
6223
6243
6253
6255
6257
6257
6259
6274
6274
6288
6303
6306
6318
6326
6327
6327
6332
6338
6344
6364
6394
6402
6412
6413
6414
6421
6441
6446
6469
6484
6494
6499
6503
6510
6516
6542
6555
6563
6575
6581
6591
6594
6623
6625
6630
6651
6656
6657
6685
6715
6717
6737
6740
6748
6772
6779
6785
6789
6807
6810
6829
6830
6843
6857
6860
6861
6870
6880
6888
6904
6914
6915
6915
6916
6917
6918
6924
6926
6934
6939
6940
6943
6960
6965
6966
6991
6993
7006
7018
7021
7043
7054
7057
7058
7061
7080
7081
7083
7084
7086
7093
7094
7114
7120
7138
7144
7160
7167
7169
7177
7185
7190
7224
7230
7238
7253
7256
7259
7272
7273
7277
7280
7283
7285
7292
7294
7310
7313
7315
7319
7319
7332
7362
7364
7391
7412
7413
7443
7449
7455
7459
7464
7471
7475
7477
7481
7489
7499
7506
7514
7517
7521
7537
7548
7548
7571
7573
7584
7591
7601
7634
7646
7661
7661
7663
7676
7681
7685
7688
7689
7697
7700
7707
7719
7727
7730
7740
7762
7772
7779
7780
7781
7786
7811
7814
7821
7833
7846
7867
7876
7883
7888
7907
7910
7923
7992
7997
8001
8019
8019
8021
8026
8043
8058
8068
8071
8083
8089
8092
8095
8099
8100
8112
8128
8137
8165
8169
8188
8195
8200
8218
8240
8242
8263
8265
8268
8333
8334
8336
8350
8353
8358
8364
8368
8370
8375
8376
8382
8389
8400
8414
8416
8421
8431
8439
8441
8442
8444
8445
8445
8452
8455
8465
8476
8479
8489
8498
8499
8500
8501
8506
8513
8514
8532
8539
8544
8555
8563
8571
8577
8600
8622
8628
8635
8645
8645
8649
8651
8653
8654
8662
8663
8672
8688
8691
8709
8723
8725
8736
8740
8743
8746
8747
8748
8756
8761
8765
8778
8786
8804
8818
8829
8849
8851
8863
8865
8873
8886
8887
8889
8901
8931
8933
8937
8943
8944
8955
8963
8976
9016
9020
9023
9027
9027
9035
9044
9052
9053
9062
9072
9078
9087
9112
9113
9131
9132
9145
9161
9176
9182
9183
9194
9194
9196
9200
9221
9237
9239
9247
9254
9272
9281
9314
9316
9328
9330
9331
9340
9341
9352
9368
9372
9384
9387
9390
9417
9434
9438
9438
9446
9460
9467
9474
9480
9495
9510
9514
9520
9523
9535
9538
9542
9564
9564
9570
9572
9575
9583
9591
9595
9602
9632
9632
9641
9644
9648
9654
9667
9672
9678
9697
9704
9716
9723
9735
9735
9740
9747
9770
9771
9787
9795
9798
9805
9817
9825
9828
9828
9867
9867
9879
9890
9896
9907
9922
9924
9929
9934
9942
9959
9963
9970
9974
9989
9991
10008
10009
10013
10022
10074
10094
10097
10103
10104
10112
10122
10123
10143
10158
10175
10176
10178
10184
10198
10202
10204
10210
10213
10214
10227
10245
10270
10296
10296
10299
10306
10307
10308
10326
10352
10352
10362
10381
10388
10400
10404
10406
10429
10435
10438
10440
10461
10473
10483
10508
10519
10520
10532
10532
10544
10548
10552
10553
10560
10571
10595
10619
10626
10628
10631
10667
10678
10679
10703
10733
10735
10736
10742
10750
10825
10837
10846
10851
10852
10854
10857
10858
10863
10880
10884
10886
10891
10903
10912
10913
10915
10918
10919
10925
10942
10945
10947
10949
10976
10977
10978
10988
10998
11008
11008
11018
11043
11070
11073
11079
11080
11112
11121
11123
11126
11143
11158
11160
11169
11180
11184
11191
11207
11214
11220
11224
11249
11251
11265
11266
11281
11293
11296
11300
11303
11315
11320
11322
11324
11334
11395
11414
11427
11429
11435
11448
11467
11471
11478
11486
11502
11523
11526
11537
11540
11555
11567
11582
11595
11603
11604
11625
11629
11638
11678
11689
11695
11705
11709
11733
11739
11745
11761
11783
11787
11803
11807
11809
11815
11816
11847
11856
11866
11871
11886
11896
11910
11923
11928
11934
11936
11944
11970
11978
11982
11984
11988
11991
12011
12025
12036
12045
12048
12065
12066
12084
12109
12114
12116
12122
12142
12149
12180
12194
12196
12196
12211
12212
12220
12225
12245
12248
12263
12267
12271
12281
12287
12291
12293
12307
12307
12317
12321
12323
12335
12340
12341
12365
12383
12390
12400
12415
12418
12432
12436
12446
12453
12456
12468
12492
12495
12499
12505
12509
12510
12510
12511
12528
12535
12537
12544
12544
12559
12564
12589
12596
12607
12617
12632
12636
12639
12642
12643
12663
12667
12667
12667
12677
12681
12691
12701
12703
12710
12724
12725
12727
12748
12766
12771
12772
12777
12788
12791
12797
12800
12845
12852
12861
12868
12875
12898
12904
12909
12910
12917
12947
12947
12953
12989
13007
13026
13056
13057
13079
13080
13083
13093
13095
13096
13102
13110
13114
13124
13133
13136
13146
13151
13152
13182
13193
13205
13223
13238
13251
13256
13264
13265
13284
13284
13299
13300
13302
13305
13319
13327
13347
13348
13349
13365
13370
13370
13378
13383
13399
13406
13417
13426
13429
13450
13457
13466
13466
13468
13475
13479
13485
13498
13501
13512
13513
13513
13517
13517
13522
13523
13526
13537
13554
13554
13559
13570
13598
13603
13629
13631
13647
13655
13662
13662
13670
13674
13683
13686
13687
13687
13688
13689
13703
13706
13707
13719
13721
13725
13758
13762
13796
13797
13826
13828
13832
13840
13848
13850
13869
13869
13879
13889
13898
13918
13920
13930
13936
13940
13968
13987
13988
13991
13997
14004
14016
14024
14067
14071
14072
14072
14092
14097
14102
14105
14107
14112
14128
14130
14147
14157
14173
14194
14208
14219
14226
14229
14251
14251
14260
14261
14269
14288
14288
14290
14293
14309
14327
14338
14341
14354
14368
14376
14381
14383
14390
14401
14406
14420
14435
14448
14463
14466
14475
14476
14494
14497
14505
14508
14531
14535
14538
14548
14550
14563
14578
14582
14602
14606
14610
14613
14629
14636
14664
14668
14708
14719
14720
14732
14747
14764
14795
14796
14803
14809
14822
14843
14850
14851
14852
14853
14858
14858
14872
14872
14875
14883
14889
14892
14903
14908
14919
14925
14931
14934
14936
14945
14968
15014
15015
15025
15030
15040
15042
15044
15058
15059
15106
15112
15118
15126
15139
15175
15187
15199
15217
15231
15238
15241
15244
15247
15247
15248
15254
15255
15261
15273
15275
15281
15285
15285
15291
15307
15318
15326
15335
15336
15350
15383
15391
15398
15402
15403
15408
15410
15420
15421
15426
15439
15457
15471
15482
15495
15502
15502
15507
15513
15514
15542
15545
15547
15577
15584
15616
15626
15627
15630
15636
15640
15642
15643
15644
15646
15648
15656
15691
15702
15703
15710
15723
15724
15753
15767
15771
15777
15790
15793
15803
15819
15820
15832
15832
15845
15849
15854
15861
15863
15864
15875
15891
15892
15896
15899
15901
15906
15930
15952
15956
15964
15970
15977
15980
15983
15996
16000
16001
16007
16008
16009
16010
16012
16013
16015
16020
16021
16025
16025
16030
16036
16040
16043
16060
16075
16089
16090
16093
16109
16114
16122
16132
16133
16157
16196
16204
16223
16243
16252
16252
16268
16281
16287
16293
16295
16312
16335
16344
16353
16371
16374
16406
16413
16416
16418
16421
16438
16440
16447
16449
16456
16465
16465
16479
16480
16495
16514
16516
16534
16554
16555
16565
16579
16591
16598
16602
16604
16609
16614
16623
16630
16635
16640
16643
16653
16660
16666
16667
16681
16686
16687
16691
16706
16706
16706
16751
16762
16787
16805
16805
16807
16815
16816
16820
16824
16830
16835
16846
16872
16872
16877
16877
16882
16904
16909
16918
16921
16921
16927
16941
16941
16952
16969
16978
16978
16979
16983
16995
17013
17020
17021
17027
17061
17063
17064
17080
17086
17090
17093
17101
17104
17107
17132
17133
17143
17149
17153
17163
17165
17168
17174
17179
17184
17186
17194
17203
17231
17242
17243
17254
17275
17278
17287
17292
17293
17295
17310
17312
17322
17332
17338
17359
17379
17380
17385
17386
17401
17413
17433
17439
17452
17454
17464
17467
17472
17474
17485
17488
17491
17497
17537
17541
17541
17548
17566
17579
17585
17599
17614
17616
17617
17639
17639
17652
17655
17659
17665
17677
17677
17679
17681
17686
17697
17698
17704
17713
17724
17725
17725
17730
17747
17748
17763
17781
17784
17786
17788
17809
17816
17822
17823
17827
17842
17861
17864
17879
17899
17912
17926
17929
17936
17939
17949
17957
17957
17975
17979
17984
17994
17996
17998
18009
18016
18018
18032
18060
18063
18066
18070
18072
18073
18084
18090
18099
18103
18103
18119
18133
18136
18137
18139
18161
18181
18198
18199
18199
18203
18217
18221
18260
18271
18276
18278
18286
18286
18288
18290
18290
18292
18292
18314
18323
18327
18343
18350
18362
18363
18370
18395
18417
18424
18430
18432
18438
18462
18475
18484
18485
18491
18493
18499
18499
18509
18518
18519
18527
18530
18534
18569
18579
18587
18589
18609
18614
18616
18632
18641
18641
18642
18645
18653
18654
18660
18677
18687
18692
18693
18719
18722
18723
18743
18744
18748
18754
18757
18762
18769
18784
18785
18787
18791
18800
18811
18822
18825
18847
18858
18880
18882
18910
18920
18935
18948
18951
18963
18969
18969
18970
18986
18994
19001
19007
19009
19011
19021
19025
19034
19050
19052
19061
19062
19093
19101
19119
19125
19135
19146
19165
19169
19226
19259
19267
19279
19279
19288
19292
19299
19312
19313
19339
19343
19344
19344
19351
19355
19367
19371
19377
19377
19378
19380
19409
19411
19412
19413
19418
19435
19439
19447
19476
19481
19491
19510
19512
19531
19536
19541
19548
19565
19567
19575
19580
19581
19585
19589
19604
19604
19613
19618
19636
19639
19649
19650
19651
19665
19674
19678
19680
19695
19698
19701
19726
19736
19745
19745
19759
19760
19778
19799
19800
19809
19817
19818
19825
19825
19833
19836
19840
19869
19878
19887
19895
19904
19914
19931
19931
19939
19961
19971
19978
19981
19991
19994
19999
20015
20038
20040
20062
20070
20088
20090
20101
20102
20106
20110
20114
20116
20139
20161
20170
20185
20198
20225
20226
20284
20286
20290
20292
20316
20324
20330
20352
20376
20398
20399
20414
20417
20470
20472
20472
20481
20491
20492
20496
20517
20520
20522
20524
20531
20543
20555
20559
20579
20590
20617
20619
20635
20643
20658
20663
20672
20684
20687
20716
20719
20720
20724
20746
20748
20752
20763
20771
20775
20788
20798
20811
20817
20823
20837
20839
20841
20843
20843
20863
20868
20868
20870
20871
20879
20881
20887
20891
20891
20900
20912
20914
20927
20941
20973
20977
20978
20981
20986
20986
21024
21035
21035
21038
21044
21048
21071
21076
21078
21083
21087
21091
21114
21119
21127
21133
21139
21144
21151
21168
21169
21169
21172
21180
21192
21195
21203
21215
21216
21253
21279
21282
21289
21304
21306
21306
21337
21340
21340
21345
21349
21352
21370
21372
21373
21388
21399
21418
21420
21423
21440
21441
21446
21448
21449
21454
21461
21471
21482
21492
21493
21505
21530
21537
21540
21544
21552
21576
21590
21605
21619
21621
21632
21634
21636
21651
21660
21661
21664
21673
21674
21683
21694
21695
21710
21722
21729
21753
21756
21759
21794
21801
21801
21823
21836
21839
21857
21860
21864
21872
21873
21896
21898
21899
21934
21939
21939
21948
21949
21950
21951
21959
21994
21995
22001
22016
22036
22038
22043
22044
22046
22055
22065
22089
22097
22117
22124
22140
22167
22168
22177
22186
22195
22205
22208
22225
22227
22243
22254
22260
22261
22263
22264
22277
22285
22287
22303
22314
22318
22332
22357
22358
22360
22361
22367
22374
22380
22398
22398
22419
22425
22428
22429
22472
22472
22477
22483
22484
22486
22526
22527
22536
22537
22559
22561
22580
22587
22592
22610
22614
22614
22639
22639
22644
22651
22653
22658
22668
22678
22707
22734
22747
22753
22764
22793
22797
22804
22805
22816
22851
22886
22889
22896
22902
22912
22913
22916
22962
22970
22980
22998
23008
23012
23017
23020
23023
23030
23030
23050
23057
23062
23081
23097
23105
23109
23111
23111
23124
23128
23134
23150
23188
23189
23214
23215
23230
23232
23232
23236
23239
23246
23249
23253
23265
23266
23267
23270
23270
23279
23291
23297
23302
23304
23310
23313
23316
23316
23319
23335
23339
23342
23349
23352
23359
23367
23369
23376
23378
23398
23401
23415
23420
23422
23431
23450
23454
23457
23461
23463
23475
23481
23499
23502
23505
23509
23520
23542
23564
23568
23577
23586
23589
23595
23620
23654
23663
23669
23678
23678
23689
23692
23698
23701
23706
23707
23713
23715
23719
23728
23735
23741
23744
23749
23771
23774
23775
23781
23800
23802
23802
23806
23812
23816
23820
23824
23833
23851
23860
23868
23877
23882
23883
23889
23895
23910
23917
23919
23924
23929
23934
23941
23951
23960
23965
23966
23996
24008
24037
24038
24043
24048
24052
24058
24062
24076
24078
24085
24089
24093
24094
24107
24113
24118
24120
24122
24123
24127
24132
24140
24155
24167
24169
24186
24189
24200
24208
24217
24218
24223
24258
24258
24270
24299
24306
24315
24334
24339
24339
24343
24357
24359
24368
24380
24380
24381
24384
24396
24399
24399
24410
24412
24444
24459
24477
24487
24499
24501
24508
24511
24521
24545
24553
24556
24559
24572
24584
24597
24598
24610
24618
24624
24629
24633
24655
24660
24661
24680
24686
24695
24699
24730
24731
24746
24758
24765
24785
24824
24834
24850
24856
24864
24865
24890
24896
24898
24905
24910
24912
24915
24924
24924
24927
24943
24947
24961
24965
24967
24975
24985
24993
24996
25005
25005
25006
25010
25011
25024
25042
25046
25053
25061
25075
25078
25079
25080
25081
25085
25095
25095
25125
25131
25132
25134
25156
25160
25166
25169
25173
25198
25203
25217
25242
25243
25247
25265
25299
25310
25313
25316
25320
25327
25351
25352
25363
25364
25368
25370
25375
25383
25386
25388
25399
25400
25401
25401
25405
25420
25446
25451
25453
25464
25481
25511
25516
25522
25523
25525
25529
25532
25533
25556
25559
25563
25568
25593
25598
25602
25623
25640
25651
25652
25671
25672
25687
25697
25698
25699
25734
25767
25772
25774
25787
25790
25797
25801
25808
25811
25813
25814
25819
25822
25828
25839
25840
25849
25852
25853
25861
25864
25869
25870
25913
25930
25931
25938
25940
25945
25948
25953
25985
26000
26011
26013
26018
26020
26038
26044
26045
26053
26070
26078
26084
26084
26087
26123
26188
26189
26194
26194
26210
26217
26220
26221
26228
26232
26235
26239
26259
26259
26297
26308
26323
26323
26325
26328
26344
26377
26381
26381
26384
26395
26424
26447
26450
26452
26452
26458
26464
26474
26476
26477
26478
26486
26490
26496
26497
26504
26513
26537
26540
26542
26543
26555
26556
26561
26568
26570
26573
26579
26588
26591
26593
26604
26609
26609
26636
26651
26658
26661
26666
26680
26681
26689
26698
26711
26739
26742
26746
26747
26749
26751
26753
26763
26763
26771
26789
26795
26796
26799
26803
26824
26833
26835
26851
26851
26861
26865
26885
26891
26906
26910
26910
26922
26923
26937
26988
27006
27013
27016
27016
27019
27021
27055
27056
27061
27067
27068
27069
27078
27079
27100
27100
27102
27116
27117
27119
27130
27130
27143
27161
27171
27175
27178
27187
27200
27205
27207
27208
27208
27209
27210
27217
27229
27230
27246
27248
27251
27258
27264
27293
27307
27320
27320
27321
27322
27349
27369
27380
27382
27387
27398
27402
27403
27421
27422
27427
27427
27428
27432
27450
27456
27459
27466
27490
27491
27492
27514
27534
27561
27561
27570
27571
27577
27579
27592
27606
27609
27612
27618
27620
27631
27634
27661
27663
27680
27681
27683
27686
27721
27734
27740
27742
27742
27768
27783
27784
27791
27796
27823
27831
27834
27843
27843
27848
27849
27858
27858
27865
27866
27888
27896
27915
27916
27930
27951
27960
27968
27978
27983
27986
27991
28005
28015
28019
28041
28069
28076
28076
28081
28082
28082
28107
28112
28129
28154
28184
28185
28187
28191
28196
28201
28202
28225
28235
28237
28239
28246
28256
28264
28265
28265
28274
28297
28312
28321
28340
28350
28360
28365
28365
28370
28385
28387
28391
28404
28410
28416
28418
28434
28437
28446
28448
28461
28472
28473
28483
28496
28500
28508
28508
28509
28514
28521
28534
28546
28558
28565
28605
28610
28635
28650
28659
28666
28669
28678
28711
28717
28722
28733
28734
28736
28741
28742
28744
28748
28755
28759
28772
28778
28781
28786
28795
28807
28836
28846
28862
28871
28882
28899
28911
28914
28915
28918
28919
28921
28925
28930
28935
28952
28954
28958
28968
28978
28997
29033
29053
29063
29064
29070
29073
29076
29097
29100
29104
29104
29105
29118
29119
29141
29147
29147
29151
29153
29153
29162
29177
29183
29191
29224
29230
29236
29244
29248
29250
29253
29256
29261
29261
29263
29276
29279
29284
29291
29295
29300
29308
29309
29316
29333
29346
29349
29363
29380
29382
29388
29404
29425
29429
29453
29467
29487
29489
29494
29504
29512
29538
29544
29552
29563
29588
29598
29615
29615
29615
29618
29648
29652
29682
29699
29699
29723
29724
29728
29735
29753
29784
29790
29795
29797
29806
29808
29809
29812
29819
29820
29822
29824
29826
29829
29839
29850
29884
29890
29911
29935
29941
29950
29952
29953
29955
29956
29964
29988
29989
30000
30002
30011
30016
30019
30021
30027
30039
30043
30046
30055
30064
30066
30069
30085
30119
30122
30126
30126
30139
30147
30159
30162
30165
30167
30169
30173
30173
30175
30192
30192
30200
30208
30214
30238
30267
30274
30282
30282
30284
30291
30295
30309
30318
30320
30329
30334
30348
30350
30359
30361
30372
30401
30404
30415
30417
30419
30420
30425
30448
30448
30460
30466
30472
30476
30506
30518
30518
30522
30523
30524
30529
30548
30575
30577
30578
30582
30585
30588
30601
30618
30630
30650
30651
30652
30658
30661
30664
30671
30681
30686
30702
30703
30706
30709
30715
30715
30716
30721
30735
30737
30748
30749
30750
30760
30765
30768
30776
30793
30808
30816
30830
30837
30845
30845
30860
30861
30867
30880
30886
30891
30927
30932
30939
30940
30954
30960
30967
30983
30987
30989
31008
31010
31022
31032
31043
31043
31073
31077
31081
31088
31089
31093
31095
31114
31116
31157
31159
31168
31183
31189
31192
31209
31212
31214
31217
31226
31239
31239
31241
31249
31272
31281
31291
31294
31294
31319
31326
31339
31346
31356
31357
31359
31369
31370
31375
31378
31397
31449
31451
31453
31456
31481
31484
31485
31491
31496
31501
31502
31517
31535
31543
31548
31553
31554
31572
31572
31576
31589
31601
31615
31615
31621
31631
31635
31657
31660
31664
31666
31675
31679
31697
31707
31715
31717
31730
31737
31749
31765
31774
31791
31806
31837
31840
31850
31861
31875
31882
31890
31901
31904
31918
31919
31922
31922
31936
31936
31995
32007
32017
32022
32027
32031
32043
32056
32064
32076
32077
32079
32094
32098
32102
32117
32117
32120
32136
32137
32156
32193
32193
32226
32288
32289
32290
32293
32294
32338
32376
32384
32384
32392
32401
32402
32447
32457
32467
32469
32470
32480
32482
32486
32486
32490
32494
32503
32505
32505
32515
32522
32543
32552
32562
32577
32584
32602
32609
32610
32612
32614
32617
32622
32623
32680
32701
32704
32709
32730
32735
32749
32749
32750
32759
32773
32782
32796
32810
32815
32816
32817
32821
32825
32826
32831
32836
32844
32850
32860
32869
32871
32888
32895
32906
32913
32922
32922
32936
32937
32937
32943
32954
32956
32986
33008
33015
33024
33026
33042
33054
33065
33072
33082
33083
33085
33088
33096
33097
33169
33174
33178
33190
33197
33199
33210
33212
33226
33236
33265
33278
33280
33285
33294
33296
33298
33314
33325
33335
33348
33357
33362
33371
33371
33374
33374
33434
33442
33458
33458
33466
33476
33495
33498
33502
33509
33514
33522
33526
33531
33534
33537
33541
33552
33566
33594
33601
33611
33617
33620
33621
33647
33654
33655
33665
33667
33674
33694
33696
33698
33699
33714
33722
33739
33746
33756
33762
33764
33768
33771
33771
33774
33778
33796
33812
33814
33821
33835
33838
33854
33857
33875
33879
33889
33894
33897
33908
33939
33941
33958
33959
33965
33966
33968
33974
33980
33980
34008
34015
34037
34044
34056
34062
34080
34082
34095
34109
34111
34114
34122
34128
34146
34151
34161
34174
34184
34184
34190
34201
34210
34234
34241
34252
34254
34264
34267
34282
34285
34306
34312
34322
34331
34337
34348
34349
34359
34363
34378
34388
34401
34407
34414
34420
34422
34423
34431
34431
34431
34456
34485
34497
34507
34512
34529
34534
34540
34565
34571
34574
34575
34596
34599
34600
34613
34633
34649
34650
34664
34677
34683
34689
34692
34708
34711
34713
34733
34743
34755
34766
34776
34805
34807
34808
34823
34830
34839
34848
34849
34850
34857
34863
34863
34879
34892
34893
34900
34906
34906
34965
34966
34975
34982
34982
34994
35005
35008
35010
35011
35016
35017
35033
35048
35053
35053
35057
35058
35069
35071
35085
35103
35104
35116
35119
35120
35136
35150
35155
35161
35171
35175
35195
35198
35203
35204
35215
35228
35229
35239
35246
35246
35246
35263
35270
35270
35274
35276
35278
35291
35297
35297
35304
35307
35316
35337
35345
35357
35367
35375
35379
35399
35407
35412
35416
35416
35418
35461
35468
35471
35512
35516
35540
35558
35560
35560
35567
35596
35614
35620
35634
35640
35641
35668
35679
35692
35692
35723
35730
35744
35749
35764
35776
35780
35781
35781
35787
35788
35789
35790
35799
35831
35834
35865
35868
35885
35898
35903
35914
35926
35943
35955
35960
35963
35980
35989
35998
36008
36042
36093
36110
36112
36132
36138
36151
36183
36191
36203
36205
36215
36216
36217
36218
36222
36236
36238
36248
36249
36250
36258
36288
36292
36300
36303
36313
36326
36329
36335
36337
36340
36341
36346
36356
36359
36362
36364
36390
36391
36392
36406
36418
36419
36427
36431
36433
36435
36453
36469
36474
36484
36491
36493
36494
36502
36511
36522
36532
36535
36543
36564
36569
36574
36586
36619
36622
36631
36632
36632
36634
36635
36638
36646
36677
36700
36700
36705
36710
36713
36714
36718
36730
36740
36741
36776
36776
36787
36793
36865
36879
36884
36906
36913
36924
36930
36948
36950
36951
36955
36958
36962
36985
36990
36995
37001
37003
37023
37027
37034
37039
37046
37053
37054
37059
37059
37059
37061
37080
37094
37105
37113
37114
37120
37121
37124
37127
37140
37141
37145
37148
37153
37164
37165
37181
37183
37223
37235
37246
37249
37255
37259
37273
37284
37296
37299
37303
37304
37307
37319
37329
37332
37334
37335
37339
37354
37358
37359
37367
37375
37377
37378
37382
37384
37391
37405
37407
37412
37427
37427
37429
37431
37441
37441
37467
37473
37475
37478
37492
37497
37501
37509
37514
37516
37529
37533
37548
37570
37571
37572
37572
37586
37603
37637
37647
37658
37664
37677
37685
37691
37696
37699
37701
37707
37711
37755
37769
37781
37783
37784
37789
37794
37797
37800
37807
37808
37822
37833
37844
37850
37870
37870
37873
37878
37882
37889
37898
37901
37907
37936
37942
37943
37944
37946
37948
37967
37994
37997
38013
38023
38025
38031
38040
38065
38082
38084
38090
38116
38126
38130
38130
38170
38173
38180
38181
38193
38195
38209
38217
38218
38234
38247
38254
38269
38274
38275
38284
38303
38307
38321
38326
38332
38335
38353
38371
38373
38436
38437
38439
38452
38455
38467
38484
38485
38494
38517
38532
38540
38547
38548
38549
38551
38555
38564
38566
38569
38572
38578
38587
38594
38606
38614
38619
38625
38627
38642
38668
38675
38681
38691
38696
38696
38700
38714
38720
38723
38734
38745
38747
38757
38786
38794
38809
38819
38827
38845
38877
38878
38897
38938
38952
38952
38955
38955
38965
38975
38977
38982
38984
38988
38993
38994
38998
39006
39011
39015
39024
39026
39068
39071
39073
39074
39112
39124
39126
39155
39170
39182
39190
39213
39214
39223
39224
39254
39267
39269
39270
39271
39271
39275
39283
39293
39296
39305
39318
39322
39326
39327
39336
39337
39339
39348
39351
39364
39365
39371
39381
39393
39397
39400
39401
39419
39450
39453
39467
39476
39492
39492
39497
39498
39502
39503
39518
39519
39522
39524
39526
39526
39526
39527
39532
39532
39538
39543
39555
39560
39573
39580
39581
39590
39601
39603
39605
39606
39610
39626
39629
39629
39638
39638
39646
39647
39660
39663
39679
39684
39685
39688
39694
39694
39698
39703
39708
39714
39721
39727
39732
39739
39754
39766
39779
39786
39797
39798
39802
39804
39833
39845
39852
39857
39860
39860
39875
39887
39891
39896
39901
39903
39914
39919
39922
39941
39947
39949
39955
39986
39988
39992
39993
39995
39997
40026
40041
40088
40088
40091
40091
40094
40097
40105
40106
40108
40114
40122
40127
40137
40138
40140
40146
40150
40161
40177
40193
40200
40203
40206
40209
40215
40242
40255
40261
40262
40300
40301
40317
40331
40347
40359
40366
40408
40421
40423
40429
40442
40463
40464
40469
40497
40511
40540
40541
40549
40549
40561
40573
40575
40578
40580
40594
40598
40611
40615
40631
40638
40645
40652
40663
40678
40687
40700
40703
40710
40710
40711
40719
40731
40752
40807
40825
40827
40828
40829
40831
40832
40835
40852
40858
40860
40861
40873
40892
40921
40921
40921
40932
40934
40934
40953
40961
40963
40997
41012
41019
41031
41031
41039
41044
41061
41086
41087
41090
41093
41117
41132
41143
41157
41160
41162
41163
41168
41194
41204
41215
41228
41245
41252
41254
41264
41276
41277
41284
41295
41301
41312
41316
41317
41321
41325
41326
41328
41339
41342
41360
41372
41382
41387
41423
41436
41438
41460
41463
41465
41469
41470
41475
41475
41499
41506
41517
41521
41538
41555
41567
41573
41585
41612
41620
41629
41631
41637
41669
41683
41685
41693
41695
41696
41705
41706
41707
41715
41715
41722
41742
41757
41761
41769
41773
41775
41784
41800
41810
41850
41852
41867
41873
41876
41883
41890
41893
41896
41919
41922
41929
41931
41931
41952
41960
41980
42006
42012
42018
42031
42035
42049
42059
42081
42089
42099
42103
42110
42112
42116
42118
42128
42139
42140
42140
42146
42149
42159
42190
42193
42197
42206
42210
42214
42215
42241
42241
42244
42247
42268
42304
42331
42331
42346
42352
42357
42363
42368
42374
42378
42389
42393
42403
42416
42423
42427
42433
42443
42443
42472
42478
42480
42507
42511
42518
42534
42536
42537
42537
42544
42549
42554
42557
42565
42573
42585
42622
42623
42624
42627
42628
42641
42649
42649
42666
42672
42675
42676
42678
42678
42679
42692
42713
42717
42717
42718
42720
42725
42737
42741
42749
42759
42768
42774
42788
42790
42808
42826
42830
42832
42833
42842
42843
42847
42855
42861
42863
42867
42872
42875
42883
42890
42917
42932
42933
42945
42948
42957
42971
42981
42985
42987
43007
43009
43009
43014
43021
43024
43039
43042
43055
43079
43096
43107
43127
43133
43144
43149
43156
43173
43174
43190
43197
43199
43199
43212
43219
43232
43235
43258
43270
43276
43291
43299
43303
43311
43323
43330
43335
43340
43359
43374
43390
43392
43439
43463
43476
43477
43477
43479
43484
43494
43496
43508
43508
43516
43517
43527
43529
43530
43532
43542
43551
43552
43556
43577
43581
43585
43590
43611
43628
43632
43649
43658
43658
43662
43663
43667
43682
43682
43705
43731
43743
43755
43761
43764
43771
43772
43774
43778
43783
43786
43801
43816
43817
43823
43823
43832
43860
43863
43877
43887
43887
43888
43892
43904
43906
43906
43908
43931
43934
43956
43965
43966
43969
43974
43987
44012
44017
44018
44027
44042
44042
44043
44048
44052
44053
44069
44098
44105
44111
44112
44113
44118
44144
44149
44158
44167
44174
44186
44187
44189
44224
44228
44228
44232
44240
44245
44254
44255
44255
44271
44288
44290
44292
44294
44294
44299
44310
44312
44314
44319
44324
44326
44338
44338
44339
44342
44352
44353
44356
44360
44371
44371
44374
44380
44385
44385
44390
44401
44413
44424
44431
44441
44448
44466
44469
44473
44473
44481
44482
44485
44488
44497
44500
44513
44524
44539
44541
44547
44567
44572
44578
44581
44584
44584
44602
44610
44619
44619
44635
44641
44644
44644
44649
44659
44663
44670
44676
44679
44682
44691
44702
44714
44719
44719
44724
44736
44739
44741
44742
44743
44746
44754
44755
44755
44761
44784
44790
44806
44813
44814
44832
44838
44850
44850
44860
44861
44865
44872
44873
44875
44893
44916
44921
44927
44957
44959
44975
44977
44988
44990
44990
44994
44998
45000
45010
45010
45015
45024
45043
45049
45050
45055
45056
45058
45065
45071
45072
45082
45085
45090
45104
45111
45112
45113
45132
45139
45154
45170
45174
45186
45191
45191
45197
45206
45207
45207
45223
45224
45224
45226
45227
45227
45236
45247
45249
45261
45277
45288
45301
45301
45307
45307
45310
45311
45329
45345
45352
45356
45360
45368
45373
45377
45393
45398
45401
45410
45419
45419
45423
45428
45460
45462
45470
45472
45477
45492
45495
45496
45506
45512
45513
45516
45553
45573
45581
45586
45592
45614
45620
45634
45639
45656
45670
45676
45687
45729
45766
45769
45776
45802
45803
45807
45811
45815
45820
45832
45834
45836
45837
45838
45852
45857
45881
45890
45891
45901
45906
45913
45923
45933
45949
45951
45970
45975
45984
45992
45996
46023
46036
46041
46051
46055
46071
46081
46103
46108
46121
46135
46140
46143
46152
46153
46166
46176
46186
46190
46198
46200
46208
46208
46210
46211
46217
46223
46224
46227
46231
46233
46233
46235
46258
46260
46268
46274
46278
46283
46298
46302
46302
46343
46345
46346
46352
46356
46358
46368
46374
46374
46390
46390
46397
46418
46424
46428
46432
46445
46449
46460
46479
46486
46492
46494
46497
46499
46500
46501
46504
46528
46533
46534
46542
46549
46553
46557
46560
46564
46574
46582
46597
46599
46600
46631
46634
46634
46647
46649
46650
46657
46669
46669
46684
46696
46705
46708
46709
46719
46792
46808
46816
46825
46826
46830
46837
46862
46877
46883
46906
46913
46915
46935
46935
46952
46966
46975
47000
47020
47028
47036
47040
47049
47052
47052
47054
47071
47086
47090
47097
47100
47104
47120
47123
47129
47141
47142
47159
47167
47174
47183
47193
47210
47214
47251
47259
47261
47266
47273
47275
47306
47320
47325
47328
47331
47339
47340
47349
47368
47371
47376
47379
47381
47392
47397
47401
47406
47410
47412
47425
47437
47444
47445
47472
47493
47507
47529
47530
47530
47539
47549
47552
47552
47553
47557
47567
47589
47590
47596
47612
47618
47628
47650
47652
47683
47685
47700
47702
47718
47725
47727
47734
47735
47745
47748
47751
47756
47765
47788
47796
47796
47804
47808
47808
47809
47810
47811
47812
47839
47843
47868
47899
47904
47915
47915
47917
47926
47951
47988
47994
47996
47998
48025
48029
48038
48054
48060
48094
48102
48130
48141
48163
48163
48169
48176
48177
48186
48190
48211
48237
48244
48251
48289
48289
48332
48332
48384
48387
48410
48417
48417
48433
48467
48467
48469
48477
48479
48485
48487
48495
48496
48498
48501
48516
48527
48531
48552
48553
48558
48579
48604
48604
48611
48620
48629
48658
48659
48668
48674
48677
48698
48703
48707
48719
48731
48733
48743
48749
48758
48759
48764
48765
48768
48782
48783
48789
48789
48790
48792
48797
48798
48803
48804
48806
48815
48830
48834
48841
48852
48887
48911
48922
48924
48929
48951
48952
48963
48977
48978
48982
48992
48993
49038
49044
49045
49046
49059
49068
49092
49104
49107
49113
49118
49120
49120
49121
49125
49128
49135
49136
49142
49148
49152
49156
49162
49179
49194
49197
49197
49206
49227
49231
49238
49239
49245
49248
49272
49328
49333
49350
49351
49371
49372
49373
49381
49407
49413
49420
49422
49429
49440
49441
49451
49453
49457
49460
49465
49470
49471
49489
49495
49509
49525
49527
49529
49544
49556
49557
49561
49566
49566
49592
49593
49615
49633
49651
49667
49678
49684
49695
49706
49720
49728
49730
49738
49748
49751
49757
49759
49769
49782
49787
49793
49795
49798
49833
49838
49844
49844
49850
49853
49858
49863
49865
49876
49877
49883
49887
49901
49907
49921
49928
49937
49942
49947
49966
49973
49974
49985
49986
49993
